coauthor;frequency
5;2
6;1
7;2
8;8
9;12
10;10
11;10
12;17
13;24
14;15
15;21
16;14
17;20
18;26
19;21
20;17
21;21
22;17
23;22
24;18
25;14
26;14
27;20
28;16
29;21
30;12
31;13
32;20
33;13
34;23
35;16
36;22
37;11
38;15
39;17
40;18
41;14
42;7
43;6
44;10
45;14
46;12
47;11
48;6
49;13
50;10
51;7
52;10
53;7
54;8
55;6
56;5
57;3
58;7
59;3
60;1
61;2
62;5
63;5
64;1
65;3
66;6
67;5
68;2
69;4
70;2
71;3
72;6
73;3
74;1
75;6
76;2
77;3
78;5
79;5
81;1
82;3
83;3
84;3
86;4
87;2
88;3
89;3
90;1
93;1
94;3
95;2
97;2
98;1
99;2
100;2
101;2
102;1
103;2
104;2
105;2
106;1
107;1
110;1
111;1
117;1
118;1
122;1
123;1
125;1
127;1
130;1
133;1
144;2
145;1
160;1
245;1
