*Vertices 6292
0.0177785
0.00811128
0.0065517
0.00609427
0.00546755
0.00524064
0.00515059
0.00471477
0.00464274
0.00460312
0.00452748
0.00430056
0.00412768
0.00401602
0.00400161
0.0039692
0.00389356
0.00386835
0.00381072
0.00364864
0.00362342
0.00361622
0.0035838
0.00332447
0.00328125
0.00327045
0.00325604
0.00320921
0.00319841
0.00316959
0.00314438
0.00312998
0.00312277
0.00311197
0.00301472
0.00299671
0.00299671
0.0029823
0.00296069
0.00293908
0.00292107
0.00287785
0.00287425
0.00286704
0.00281302
0.00280941
0.00275539
0.00275178
0.00274818
0.00271577
0.00270136
0.00266894
0.00260771
0.0025861
0.00248885
0.00244563
0.00240601
0.00239521
0.0023772
0.0023772
0.00237359
0.00236279
0.00234118
0.00234118
0.00233758
0.00232677
0.00228715
0.00226554
0.00226554
0.00226554
0.00224393
0.00224393
0.00222592
0.00222232
0.00220431
0.0021899
0.00217549
0.00217189
0.00216829
0.00214668
0.00214308
0.00208545
0.00208185
0.00205303
0.00205303
0.00201701
0.00200981
0.00200621
0.00200621
0.00199901
0.0019882
0.0019846
0.00193057
0.00192697
0.00190176
0.00189816
0.00188735
0.00187654
0.00186214
0.00185493
0.00184773
0.00184053
0.00182972
0.00182252
0.00180451
0.0017973
0.0017937
0.0017829
0.00176849
0.00176849
0.00176129
0.00176129
0.00176129
0.00175768
0.00175408
0.00172887
0.00171086
0.00170366
0.00168925
0.00168565
0.00168205
0.00168205
0.00165323
0.00164963
0.00164963
0.00162442
0.00162442
0.00160281
0.001592
0.00157399
0.00155958
0.00154878
0.00154518
0.00153797
0.00153077
0.00151276
0.00150196
0.00149475
0.00148395
0.00147674
0.00147674
0.00146594
0.00146234
0.00145873
0.00143712
0.00142632
0.00141911
0.00141551
0.00140111
0.0013867
0.0013867
0.00136149
0.00135788
0.00134348
0.00134348
0.00133627
0.00132907
0.00131466
0.00130025
0.00128945
0.00128945
0.00128225
0.00127864
0.00127864
0.00126784
0.00126063
0.00125343
0.00124623
0.00123542
0.00123182
0.00121021
0.00120301
0.00120301
0.0011886
0.0011886
0.001185
0.00118139
0.00116699
0.00116339
0.00115618
0.00115618
0.00115618
0.00115618
0.00114898
0.00114898
0.00114898
0.00114538
0.00113457
0.00113097
0.00112377
0.00112016
0.00112016
0.00111656
0.00110936
0.00110576
0.00110576
0.00110215
0.00109855
0.00109495
0.00109495
0.00109495
0.00109135
0.00108775
0.00108775
0.00108775
0.00108775
0.00108415
0.00108054
0.00107334
0.00107334
0.00106974
0.00106974
0.00106614
0.00106614
0.00106614
0.00106253
0.00105893
0.00105893
0.00105173
0.00105173
0.00104813
0.00104092
0.00103732
0.00103732
0.00103372
0.00103012
0.00103012
0.00103012
0.00102291
0.00101931
0.00101211
0.00100851
0.0010013
0.0010013
0.0010013
0.0009941
0.0009941
0.000990498
0.000990498
0.000986897
0.000968888
0.000961684
0.000950878
0.000950878
0.000947277
0.000947277
0.000943675
0.000940073
0.000925666
0.000925666
0.000925666
0.000922064
0.000922064
0.000918462
0.00091486
0.00091486
0.000911259
0.000907657
0.000907657
0.000907657
0.000904055
0.000900453
0.000900453
0.000900453
0.000896851
0.000893249
0.000889648
0.000889648
0.000886046
0.000882444
0.000882444
0.000878842
0.00087524
0.00087524
0.00087524
0.000871639
0.000871639
0.000868037
0.000868037
0.000868037
0.000864435
0.000860833
0.000860833
0.000857231
0.000857231
0.000857231
0.00085363
0.00085363
0.000850028
0.000846426
0.000842824
0.00083562
0.00083562
0.000828417
0.000828417
0.000821213
0.000810408
0.000806806
0.000806806
0.000806806
0.000806806
0.000803204
0.000799602
0.000792399
0.000792399
0.000792399
0.000788797
0.000785195
0.000781593
0.000781593
0.000781593
0.00077439
0.00077439
0.000770788
0.000770788
0.000763584
0.000763584
0.000763584
0.000756381
0.000756381
0.000749177
0.000745575
0.000745575
0.000741973
0.000741973
0.000741973
0.000741973
0.000738372
0.00073477
0.00073477
0.00073477
0.00073477
0.00073477
0.000731168
0.000731168
0.000727566
0.000727566
0.000727566
0.000727566
0.000723964
0.000720362
0.000720362
0.000720362
0.000716761
0.000716761
0.000716761
0.000713159
0.000713159
0.000713159
0.000713159
0.000709557
0.000709557
0.000709557
0.000709557
0.000705955
0.000705955
0.000705955
0.000702353
0.000702353
0.000698752
0.00069515
0.000691548
0.000691548
0.000691548
0.000687946
0.000687946
0.000680743
0.000680743
0.000677141
0.000677141
0.000677141
0.000673539
0.000673539
0.000669937
0.000666335
0.000662733
0.000662733
0.000662733
0.000662733
0.000662733
0.000659132
0.00065553
0.000648326
0.000648326
0.000644724
0.000644724
0.000644724
0.000641123
0.000641123
0.000641123
0.000637521
0.000637521
0.000633919
0.000633919
0.000630317
0.000626715
0.000623114
0.000623114
0.000619512
0.000619512
0.000619512
0.000619512
0.000619512
0.000612308
0.000612308
0.000612308
0.000608706
0.000608706
0.000608706
0.000605104
0.000601503
0.000601503
0.000597901
0.000590697
0.000590697
0.000590697
0.000587095
0.000587095
0.000579892
0.000569086
0.000569086
0.000569086
0.000569086
0.000569086
0.000569086
0.000561883
0.000561883
0.000561883
0.000554679
0.000554679
0.000551077
0.000551077
0.000547475
0.000547475
0.000547475
0.000543874
0.000543874
0.000540272
0.00053667
0.00053667
0.00053667
0.000533068
0.000533068
0.000529466
0.000529466
0.000529466
0.000529466
0.000525865
0.000522263
0.000518661
0.000518661
0.000515059
0.000515059
0.000515059
0.000515059
0.000511457
0.000511457
0.000507856
0.000507856
0.000507856
0.000507856
0.000504254
0.000504254
0.000504254
0.000500652
0.000500652
0.000500652
0.00049705
0.00049705
0.00049705
0.00049705
0.000493448
0.000493448
0.000493448
0.000489846
0.000489846
0.000486245
0.000482643
0.000479041
0.000479041
0.000479041
0.000479041
0.000479041
0.000479041
0.000475439
0.000475439
0.000475439
0.000475439
0.000471837
0.000471837
0.000471837
0.000471837
0.000468236
0.000468236
0.000464634
0.000461032
0.000461032
0.000461032
0.000461032
0.000461032
0.000453828
0.000453828
0.000453828
0.000453828
0.000453828
0.000453828
0.000453828
0.000453828
0.000453828
0.000450227
0.000450227
0.000450227
0.000450227
0.000446625
0.000446625
0.000443023
0.000443023
0.000443023
0.000439421
0.000439421
0.000439421
0.000439421
0.000439421
0.000439421
0.000439421
0.000439421
0.000439421
0.000435819
0.000435819
0.000435819
0.000435819
0.000435819
0.000435819
0.000435819
0.000432217
0.000432217
0.000432217
0.000432217
0.000432217
0.000428616
0.000428616
0.000425014
0.000425014
0.000425014
0.000425014
0.000425014
0.000421412
0.000421412
0.000421412
0.00041781
0.00041781
0.00041781
0.00041781
0.000414208
0.000414208
0.000414208
0.000410607
0.000410607
0.000410607
0.000410607
0.000410607
0.000410607
0.000407005
0.000407005
0.000407005
0.000407005
0.000403403
0.000399801
0.000399801
0.000399801
0.000399801
0.000399801
0.000399801
0.000399801
0.000399801
0.000399801
0.000396199
0.000396199
0.000396199
0.000396199
0.000392598
0.000392598
0.000392598
0.000388996
0.000388996
0.000388996
0.000388996
0.000388996
0.000388996
0.000385394
0.000385394
0.000385394
0.000385394
0.000385394
0.000381792
0.000381792
0.000381792
0.000381792
0.000381792
0.000381792
0.000381792
0.00037819
0.00037819
0.00037819
0.00037819
0.000374588
0.000374588
0.000374588
0.000374588
0.000374588
0.000374588
0.000374588
0.000374588
0.000367385
0.000367385
0.000367385
0.000367385
0.000367385
0.000367385
0.000367385
0.000363783
0.000363783
0.000363783
0.000363783
0.000360181
0.000360181
0.000356579
0.000356579
0.000356579
0.000356579
0.000356579
0.000352978
0.000352978
0.000352978
0.000352978
0.000352978
0.000352978
0.000352978
0.000352978
0.000352978
0.000352978
0.000352978
0.000349376
0.000349376
0.000349376
0.000345774
0.000345774
0.000345774
0.000345774
0.000345774
0.000342172
0.000342172
0.000342172
0.00033857
0.00033857
0.00033857
0.00033857
0.000334969
0.000334969
0.000334969
0.000334969
0.000334969
0.000331367
0.000331367
0.000331367
0.000331367
0.000331367
0.000331367
0.000331367
0.000331367
0.000331367
0.000327765
0.000327765
0.000324163
0.000324163
0.000324163
0.000324163
0.000324163
0.000324163
0.000324163
0.000324163
0.000324163
0.000324163
0.000320561
0.000320561
0.000320561
0.000320561
0.000316959
0.000316959
0.000316959
0.000316959
0.000316959
0.000316959
0.000313358
0.000313358
0.000313358
0.000309756
0.000309756
0.000309756
0.000309756
0.000309756
0.000309756
0.000309756
0.000306154
0.000306154
0.000306154
0.000302552
0.000302552
0.000302552
0.000302552
0.000302552
0.000302552
0.000302552
0.000302552
0.000302552
0.000302552
0.00029895
0.00029895
0.00029895
0.00029895
0.00029895
0.00029895
0.00029895
0.000295349
0.000295349
0.000295349
0.000295349
0.000295349
0.000295349
0.000295349
0.000295349
0.000291747
0.000291747
0.000291747
0.000291747
0.000291747
0.000291747
0.000288145
0.000288145
0.000288145
0.000288145
0.000288145
0.000288145
0.000288145
0.000288145
0.000288145
0.000288145
0.000288145
0.000284543
0.000284543
0.000284543
0.000284543
0.000284543
0.000280941
0.000280941
0.000280941
0.000280941
0.000280941
0.00027734
0.00027734
0.00027734
0.00027734
0.00027734
0.00027734
0.000273738
0.000273738
0.000273738
0.000273738
0.000273738
0.000273738
0.000273738
0.000270136
0.000270136
0.000270136
0.000270136
0.000270136
0.000270136
0.000266534
0.000266534
0.000266534
0.000266534
0.000266534
0.000266534
0.000266534
0.000266534
0.000266534
0.000266534
0.000266534
0.000266534
0.000262932
0.000262932
0.000262932
0.00025933
0.00025933
0.00025933
0.00025933
0.00025933
0.00025933
0.00025933
0.00025933
0.00025933
0.00025933
0.00025933
0.00025933
0.00025933
0.000255729
0.000255729
0.000255729
0.000255729
0.000255729
0.000255729
0.000252127
0.000252127
0.000252127
0.000252127
0.000252127
0.000252127
0.000252127
0.000252127
0.000252127
0.000252127
0.000248525
0.000248525
0.000248525
0.000248525
0.000244923
0.000244923
0.000244923
0.000244923
0.000244923
0.000244923
0.000244923
0.000244923
0.000244923
0.000244923
0.000244923
0.000244923
0.000244923
0.000241321
0.000241321
0.000241321
0.000241321
0.000241321
0.000241321
0.00023772
0.00023772
0.00023772
0.00023772
0.00023772
0.00023772
0.00023772
0.00023772
0.00023772
0.00023772
0.00023772
0.00023772
0.000234118
0.000234118
0.000234118
0.000234118
0.000230516
0.000230516
0.000230516
0.000230516
0.000230516
0.000230516
0.000230516
0.000230516
0.000230516
0.000230516
0.000226914
0.000226914
0.000226914
0.000226914
0.000226914
0.000223312
0.000223312
0.000223312
0.000223312
0.000223312
0.000223312
0.000223312
0.000223312
0.000223312
0.000223312
0.000223312
0.000223312
0.000223312
0.000223312
0.000223312
0.000223312
0.000223312
0.000219711
0.000219711
0.000219711
0.000219711
0.000219711
0.000219711
0.000219711
0.000219711
0.000216109
0.000216109
0.000216109
0.000216109
0.000216109
0.000216109
0.000216109
0.000216109
0.000216109
0.000216109
0.000216109
0.000216109
0.000216109
0.000216109
0.000216109
0.000216109
0.000216109
0.000216109
0.000216109
0.000212507
0.000212507
0.000212507
0.000212507
0.000212507
0.000212507
0.000212507
0.000208905
0.000208905
0.000208905
0.000208905
0.000208905
0.000208905
0.000208905
0.000208905
0.000208905
0.000208905
0.000208905
0.000208905
0.000208905
0.000208905
0.000208905
0.000208905
0.000208905
0.000208905
0.000205303
0.000205303
0.000205303
0.000205303
0.000205303
0.000205303
0.000201701
0.000201701
0.000201701
0.000201701
0.000201701
0.000201701
0.000201701
0.000201701
0.000201701
0.000201701
0.000201701
0.0001981
0.0001981
0.0001981
0.0001981
0.0001981
0.000194498
0.000194498
0.000194498
0.000194498
0.000194498
0.000194498
0.000194498
0.000194498
0.000194498
0.000194498
0.000194498
0.000194498
0.000194498
0.000194498
0.000194498
0.000194498
0.000194498
0.000194498
0.000194498
0.000194498
0.000194498
0.000194498
0.000194498
0.000194498
0.000194498
0.000194498
0.000194498
0.000194498
0.000190896
0.000190896
0.000190896
0.000190896
0.000190896
0.000190896
0.000190896
0.000187294
0.000187294
0.000187294
0.000187294
0.000187294
0.000187294
0.000187294
0.000187294
0.000187294
0.000187294
0.000187294
0.000187294
0.000187294
0.000187294
0.000183692
0.000180091
0.000180091
0.000180091
0.000180091
0.000180091
0.000180091
0.000180091
0.000180091
0.000180091
0.000180091
0.000180091
0.000180091
0.000180091
0.000180091
0.000180091
0.000180091
0.000180091
0.000180091
0.000180091
0.000180091
0.000180091
0.000180091
0.000180091
0.000180091
0.000180091
0.000180091
0.000176489
0.000176489
0.000176489
0.000176489
0.000176489
0.000176489
0.000176489
0.000172887
0.000172887
0.000172887
0.000172887
0.000172887
0.000172887
0.000172887
0.000172887
0.000172887
0.000172887
0.000172887
0.000172887
0.000172887
0.000172887
0.000172887
0.000172887
0.000172887
0.000172887
0.000172887
0.000172887
0.000172887
0.000172887
0.000172887
0.000172887
0.000172887
0.000172887
0.000172887
0.000172887
0.000172887
0.000172887
0.000172887
0.000172887
0.000169285
0.000169285
0.000169285
0.000169285
0.000169285
0.000165683
0.000165683
0.000165683
0.000165683
0.000165683
0.000165683
0.000165683
0.000165683
0.000165683
0.000165683
0.000165683
0.000165683
0.000165683
0.000165683
0.000165683
0.000165683
0.000162082
0.000162082
0.000162082
0.000162082
0.000162082
0.000162082
0.000162082
0.000162082
0.000162082
0.000162082
0.00015848
0.00015848
0.00015848
0.00015848
0.00015848
0.00015848
0.00015848
0.00015848
0.00015848
0.00015848
0.00015848
0.00015848
0.00015848
0.00015848
0.00015848
0.00015848
0.00015848
0.00015848
0.00015848
0.00015848
0.00015848
0.00015848
0.00015848
0.00015848
0.00015848
0.00015848
0.00015848
0.00015848
0.00015848
0.000154878
0.000154878
0.000154878
0.000154878
0.000151276
0.000151276
0.000151276
0.000151276
0.000151276
0.000151276
0.000151276
0.000151276
0.000151276
0.000151276
0.000151276
0.000151276
0.000151276
0.000151276
0.000151276
0.000151276
0.000151276
0.000151276
0.000151276
0.000151276
0.000151276
0.000151276
0.000151276
0.000151276
0.000151276
0.000151276
0.000151276
0.000151276
0.000151276
0.000151276
0.000151276
0.000151276
0.000151276
0.000151276
0.000151276
0.000151276
0.000151276
0.000151276
0.000147674
0.000147674
0.000147674
0.000147674
0.000144072
0.000144072
0.000144072
0.000144072
0.000144072
0.000144072
0.000144072
0.000144072
0.000144072
0.000144072
0.000144072
0.000144072
0.000144072
0.000144072
0.000144072
0.000144072
0.000144072
0.000144072
0.000144072
0.000144072
0.000144072
0.000144072
0.000144072
0.000144072
0.000144072
0.000144072
0.000144072
0.000144072
0.000144072
0.000144072
0.000144072
0.000144072
0.000144072
0.000144072
0.000144072
0.000144072
0.000144072
0.000140471
0.000140471
0.000140471
0.000140471
0.000140471
0.000140471
0.000136869
0.000136869
0.000136869
0.000136869
0.000136869
0.000136869
0.000136869
0.000136869
0.000136869
0.000136869
0.000136869
0.000136869
0.000136869
0.000136869
0.000136869
0.000136869
0.000136869
0.000136869
0.000136869
0.000136869
0.000136869
0.000136869
0.000136869
0.000136869
0.000133267
0.000133267
0.000133267
0.000133267
0.000133267
0.000129665
0.000129665
0.000129665
0.000129665
0.000129665
0.000129665
0.000129665
0.000129665
0.000129665
0.000129665
0.000129665
0.000129665
0.000129665
0.000129665
0.000129665
0.000129665
0.000129665
0.000129665
0.000129665
0.000129665
0.000129665
0.000129665
0.000129665
0.000129665
0.000129665
0.000129665
0.000129665
0.000129665
0.000129665
0.000129665
0.000129665
0.000129665
0.000129665
0.000129665
0.000129665
0.000126063
0.000126063
0.000126063
0.000126063
0.000126063
0.000126063
0.000126063
0.000126063
0.000122462
0.000122462
0.000122462
0.000122462
0.000122462
0.000122462
0.000122462
0.000122462
0.000122462
0.000122462
0.000122462
0.000122462
0.000122462
0.000122462
0.000122462
0.000122462
0.000122462
0.00011886
0.00011886
0.00011886
0.00011886
0.00011886
0.00011886
0.00011886
0.00011886
0.00011886
0.00011886
0.00011886
0.00011886
0.00011886
0.000115258
0.000115258
0.000115258
0.000115258
0.000115258
0.000115258
0.000115258
0.000115258
0.000115258
0.000115258
0.000115258
0.000115258
0.000115258
0.000115258
0.000115258
0.000115258
0.000115258
0.000115258
0.000115258
0.000115258
0.000115258
0.000115258
0.000115258
0.000115258
0.000115258
0.000115258
0.000115258
0.000115258
0.000115258
0.000115258
0.000115258
0.000115258
0.000115258
0.000115258
0.000115258
0.000115258
0.000115258
0.000115258
0.000115258
0.000115258
0.000115258
0.000115258
0.000115258
0.000115258
0.000115258
0.000115258
0.000115258
0.000115258
0.000115258
0.000115258
0.000115258
0.000115258
0.000115258
0.000115258
0.000115258
0.000115258
0.000115258
0.000115258
0.000115258
0.000115258
0.000115258
0.000115258
0.000115258
0.000115258
0.000111656
0.000111656
0.000111656
0.000111656
0.000108054
0.000108054
0.000108054
0.000108054
0.000108054
0.000108054
0.000108054
0.000108054
0.000108054
0.000108054
0.000108054
0.000108054
0.000108054
0.000108054
0.000108054
0.000108054
0.000108054
0.000108054
0.000108054
0.000108054
0.000108054
0.000108054
0.000108054
0.000108054
0.000108054
0.000108054
0.000108054
0.000108054
0.000108054
0.000108054
0.000108054
0.000108054
0.000108054
0.000108054
0.000108054
0.000108054
0.000108054
0.000108054
0.000108054
0.000108054
0.000108054
0.000108054
0.000108054
0.000108054
0.000108054
0.000108054
0.000108054
0.000108054
0.000108054
0.000108054
0.000108054
0.000108054
0.000108054
0.000104453
0.000104453
0.000104453
0.000100851
0.000100851
0.000100851
0.000100851
0.000100851
0.000100851
0.000100851
0.000100851
0.000100851
0.000100851
0.000100851
0.000100851
0.000100851
0.000100851
0.000100851
0.000100851
0.000100851
0.000100851
0.000100851
0.000100851
0.000100851
0.000100851
0.000100851
9.72489e-05
9.72489e-05
9.72489e-05
9.72489e-05
9.72489e-05
9.72489e-05
9.72489e-05
9.72489e-05
9.72489e-05
9.36471e-05
9.36471e-05
9.36471e-05
9.36471e-05
9.36471e-05
9.36471e-05
9.36471e-05
9.36471e-05
9.36471e-05
9.36471e-05
9.36471e-05
9.36471e-05
9.36471e-05
9.36471e-05
9.36471e-05
9.36471e-05
9.36471e-05
9.36471e-05
9.36471e-05
9.36471e-05
9.36471e-05
9.36471e-05
9.36471e-05
9.36471e-05
9.36471e-05
9.36471e-05
9.36471e-05
9.36471e-05
9.36471e-05
9.36471e-05
9.36471e-05
9.36471e-05
9.36471e-05
9.36471e-05
9.36471e-05
9.36471e-05
9.36471e-05
9.36471e-05
9.36471e-05
9.36471e-05
9.36471e-05
9.00453e-05
9.00453e-05
9.00453e-05
9.00453e-05
9.00453e-05
9.00453e-05
9.00453e-05
9.00453e-05
8.64435e-05
8.64435e-05
8.64435e-05
8.64435e-05
8.64435e-05
8.64435e-05
8.64435e-05
8.64435e-05
8.64435e-05
8.64435e-05
8.64435e-05
8.64435e-05
8.64435e-05
8.64435e-05
8.64435e-05
8.64435e-05
8.64435e-05
8.64435e-05
8.64435e-05
8.64435e-05
8.64435e-05
8.64435e-05
8.64435e-05
8.64435e-05
8.64435e-05
8.64435e-05
8.64435e-05
8.64435e-05
8.64435e-05
8.64435e-05
8.64435e-05
8.64435e-05
8.64435e-05
8.64435e-05
8.64435e-05
8.64435e-05
8.64435e-05
8.64435e-05
8.64435e-05
8.64435e-05
8.64435e-05
8.64435e-05
8.64435e-05
8.64435e-05
8.64435e-05
8.64435e-05
8.64435e-05
8.64435e-05
8.64435e-05
8.64435e-05
8.64435e-05
8.64435e-05
8.64435e-05
8.64435e-05
8.64435e-05
8.64435e-05
8.64435e-05
8.64435e-05
8.64435e-05
8.64435e-05
8.64435e-05
8.64435e-05
8.64435e-05
8.64435e-05
8.64435e-05
8.64435e-05
8.64435e-05
8.64435e-05
8.64435e-05
8.64435e-05
8.64435e-05
8.64435e-05
8.64435e-05
8.64435e-05
8.64435e-05
8.64435e-05
8.64435e-05
8.64435e-05
8.64435e-05
8.64435e-05
8.64435e-05
8.64435e-05
8.64435e-05
7.92399e-05
7.92399e-05
7.92399e-05
7.92399e-05
7.92399e-05
7.92399e-05
7.92399e-05
7.92399e-05
7.92399e-05
7.92399e-05
7.92399e-05
7.92399e-05
7.92399e-05
7.92399e-05
7.92399e-05
7.92399e-05
7.92399e-05
7.92399e-05
7.92399e-05
7.92399e-05
7.92399e-05
7.92399e-05
7.92399e-05
7.92399e-05
7.92399e-05
7.92399e-05
7.92399e-05
7.92399e-05
7.92399e-05
7.92399e-05
7.92399e-05
7.92399e-05
7.92399e-05
7.92399e-05
7.92399e-05
7.92399e-05
7.92399e-05
7.92399e-05
7.92399e-05
7.92399e-05
7.92399e-05
7.92399e-05
7.56381e-05
7.56381e-05
7.56381e-05
7.56381e-05
7.56381e-05
7.56381e-05
7.56381e-05
7.56381e-05
7.56381e-05
7.56381e-05
7.56381e-05
7.56381e-05
7.56381e-05
7.56381e-05
7.20362e-05
7.20362e-05
7.20362e-05
7.20362e-05
7.20362e-05
7.20362e-05
7.20362e-05
7.20362e-05
7.20362e-05
7.20362e-05
7.20362e-05
7.20362e-05
7.20362e-05
7.20362e-05
7.20362e-05
7.20362e-05
7.20362e-05
7.20362e-05
7.20362e-05
7.20362e-05
7.20362e-05
7.20362e-05
7.20362e-05
7.20362e-05
7.20362e-05
7.20362e-05
7.20362e-05
7.20362e-05
7.20362e-05
7.20362e-05
7.20362e-05
7.20362e-05
7.20362e-05
7.20362e-05
7.20362e-05
7.20362e-05
7.20362e-05
7.20362e-05
7.20362e-05
7.20362e-05
7.20362e-05
7.20362e-05
7.20362e-05
7.20362e-05
7.20362e-05
7.20362e-05
7.20362e-05
7.20362e-05
7.20362e-05
7.20362e-05
7.20362e-05
7.20362e-05
7.20362e-05
7.20362e-05
7.20362e-05
7.20362e-05
7.20362e-05
7.20362e-05
7.20362e-05
7.20362e-05
7.20362e-05
7.20362e-05
7.20362e-05
7.20362e-05
7.20362e-05
7.20362e-05
7.20362e-05
7.20362e-05
7.20362e-05
7.20362e-05
7.20362e-05
7.20362e-05
7.20362e-05
7.20362e-05
7.20362e-05
7.20362e-05
7.20362e-05
7.20362e-05
7.20362e-05
7.20362e-05
7.20362e-05
7.20362e-05
7.20362e-05
7.20362e-05
7.20362e-05
7.20362e-05
7.20362e-05
7.20362e-05
7.20362e-05
7.20362e-05
7.20362e-05
7.20362e-05
7.20362e-05
7.20362e-05
7.20362e-05
7.20362e-05
7.20362e-05
7.20362e-05
7.20362e-05
6.84344e-05
6.84344e-05
6.84344e-05
6.84344e-05
6.84344e-05
6.84344e-05
6.84344e-05
6.84344e-05
6.84344e-05
6.48326e-05
6.48326e-05
6.48326e-05
6.48326e-05
6.48326e-05
6.48326e-05
6.48326e-05
6.48326e-05
6.48326e-05
6.48326e-05
6.48326e-05
6.48326e-05
6.48326e-05
6.48326e-05
6.48326e-05
6.48326e-05
6.48326e-05
6.48326e-05
6.48326e-05
6.48326e-05
6.48326e-05
6.48326e-05
6.48326e-05
6.48326e-05
6.48326e-05
6.48326e-05
6.48326e-05
6.48326e-05
6.48326e-05
6.48326e-05
6.48326e-05
6.48326e-05
6.48326e-05
6.48326e-05
6.48326e-05
6.48326e-05
6.48326e-05
6.48326e-05
6.48326e-05
6.48326e-05
6.48326e-05
6.48326e-05
6.48326e-05
6.48326e-05
6.48326e-05
6.48326e-05
6.48326e-05
6.48326e-05
6.48326e-05
6.48326e-05
6.48326e-05
6.48326e-05
6.48326e-05
6.48326e-05
6.48326e-05
6.48326e-05
6.48326e-05
6.48326e-05
6.48326e-05
6.48326e-05
6.48326e-05
6.48326e-05
6.48326e-05
6.48326e-05
6.48326e-05
6.48326e-05
6.48326e-05
6.48326e-05
6.48326e-05
6.48326e-05
6.48326e-05
6.48326e-05
6.48326e-05
6.48326e-05
6.48326e-05
6.48326e-05
6.48326e-05
6.48326e-05
6.48326e-05
6.48326e-05
6.48326e-05
6.48326e-05
6.48326e-05
6.48326e-05
6.48326e-05
6.48326e-05
6.48326e-05
6.48326e-05
6.48326e-05
6.48326e-05
6.48326e-05
6.48326e-05
6.48326e-05
6.48326e-05
6.48326e-05
6.48326e-05
6.48326e-05
6.48326e-05
6.48326e-05
6.48326e-05
6.48326e-05
6.48326e-05
6.48326e-05
6.48326e-05
6.48326e-05
6.48326e-05
6.48326e-05
6.48326e-05
6.48326e-05
6.48326e-05
6.48326e-05
6.48326e-05
6.48326e-05
6.48326e-05
6.48326e-05
6.48326e-05
6.48326e-05
6.48326e-05
6.48326e-05
6.48326e-05
6.48326e-05
6.48326e-05
6.48326e-05
6.48326e-05
6.48326e-05
6.48326e-05
6.48326e-05
6.48326e-05
6.48326e-05
6.48326e-05
6.48326e-05
6.48326e-05
6.48326e-05
6.48326e-05
6.48326e-05
6.48326e-05
6.48326e-05
6.48326e-05
6.48326e-05
6.48326e-05
6.48326e-05
6.48326e-05
6.48326e-05
6.12308e-05
6.12308e-05
6.12308e-05
6.12308e-05
6.12308e-05
6.12308e-05
6.12308e-05
6.12308e-05
6.12308e-05
6.12308e-05
6.12308e-05
6.12308e-05
5.7629e-05
5.7629e-05
5.7629e-05
5.7629e-05
5.7629e-05
5.7629e-05
5.7629e-05
5.7629e-05
5.7629e-05
5.7629e-05
5.7629e-05
5.7629e-05
5.7629e-05
5.7629e-05
5.7629e-05
5.7629e-05
5.7629e-05
5.7629e-05
5.7629e-05
5.7629e-05
5.7629e-05
5.7629e-05
5.7629e-05
5.7629e-05
5.7629e-05
5.7629e-05
5.7629e-05
5.7629e-05
5.7629e-05
5.7629e-05
5.7629e-05
5.7629e-05
5.7629e-05
5.7629e-05
5.7629e-05
5.7629e-05
5.7629e-05
5.7629e-05
5.7629e-05
5.7629e-05
5.7629e-05
5.7629e-05
5.7629e-05
5.7629e-05
5.7629e-05
5.7629e-05
5.7629e-05
5.7629e-05
5.7629e-05
5.7629e-05
5.40272e-05
5.40272e-05
5.40272e-05
5.40272e-05
5.40272e-05
5.40272e-05
5.04254e-05
5.04254e-05
5.04254e-05
5.04254e-05
5.04254e-05
5.04254e-05
5.04254e-05
5.04254e-05
5.04254e-05
5.04254e-05
5.04254e-05
5.04254e-05
5.04254e-05
5.04254e-05
5.04254e-05
5.04254e-05
5.04254e-05
5.04254e-05
5.04254e-05
5.04254e-05
5.04254e-05
5.04254e-05
5.04254e-05
5.04254e-05
5.04254e-05
5.04254e-05
5.04254e-05
5.04254e-05
5.04254e-05
5.04254e-05
5.04254e-05
5.04254e-05
5.04254e-05
5.04254e-05
5.04254e-05
5.04254e-05
5.04254e-05
5.04254e-05
5.04254e-05
5.04254e-05
5.04254e-05
5.04254e-05
5.04254e-05
5.04254e-05
5.04254e-05
5.04254e-05
5.04254e-05
5.04254e-05
5.04254e-05
5.04254e-05
5.04254e-05
5.04254e-05
5.04254e-05
5.04254e-05
5.04254e-05
5.04254e-05
5.04254e-05
5.04254e-05
5.04254e-05
5.04254e-05
5.04254e-05
5.04254e-05
5.04254e-05
5.04254e-05
5.04254e-05
5.04254e-05
5.04254e-05
5.04254e-05
5.04254e-05
5.04254e-05
5.04254e-05
5.04254e-05
5.04254e-05
5.04254e-05
5.04254e-05
5.04254e-05
5.04254e-05
5.04254e-05
5.04254e-05
5.04254e-05
5.04254e-05
5.04254e-05
5.04254e-05
5.04254e-05
5.04254e-05
5.04254e-05
5.04254e-05
5.04254e-05
5.04254e-05
5.04254e-05
5.04254e-05
5.04254e-05
5.04254e-05
5.04254e-05
5.04254e-05
5.04254e-05
5.04254e-05
5.04254e-05
5.04254e-05
5.04254e-05
5.04254e-05
5.04254e-05
5.04254e-05
5.04254e-05
5.04254e-05
5.04254e-05
5.04254e-05
5.04254e-05
5.04254e-05
5.04254e-05
5.04254e-05
5.04254e-05
5.04254e-05
5.04254e-05
5.04254e-05
5.04254e-05
4.68236e-05
4.68236e-05
4.68236e-05
4.68236e-05
4.32217e-05
4.32217e-05
4.32217e-05
4.32217e-05
4.32217e-05
4.32217e-05
4.32217e-05
4.32217e-05
4.32217e-05
4.32217e-05
4.32217e-05
4.32217e-05
4.32217e-05
4.32217e-05
4.32217e-05
4.32217e-05
4.32217e-05
4.32217e-05
4.32217e-05
4.32217e-05
4.32217e-05
4.32217e-05
4.32217e-05
4.32217e-05
4.32217e-05
4.32217e-05
4.32217e-05
4.32217e-05
4.32217e-05
4.32217e-05
4.32217e-05
4.32217e-05
4.32217e-05
4.32217e-05
4.32217e-05
4.32217e-05
4.32217e-05
4.32217e-05
4.32217e-05
4.32217e-05
4.32217e-05
4.32217e-05
4.32217e-05
4.32217e-05
4.32217e-05
4.32217e-05
4.32217e-05
4.32217e-05
4.32217e-05
4.32217e-05
4.32217e-05
4.32217e-05
4.32217e-05
4.32217e-05
4.32217e-05
4.32217e-05
4.32217e-05
4.32217e-05
4.32217e-05
4.32217e-05
4.32217e-05
4.32217e-05
4.32217e-05
4.32217e-05
4.32217e-05
4.32217e-05
4.32217e-05
4.32217e-05
4.32217e-05
4.32217e-05
4.32217e-05
4.32217e-05
4.32217e-05
4.32217e-05
4.32217e-05
4.32217e-05
4.32217e-05
4.32217e-05
4.32217e-05
4.32217e-05
4.32217e-05
4.32217e-05
4.32217e-05
4.32217e-05
4.32217e-05
4.32217e-05
4.32217e-05
4.32217e-05
4.32217e-05
4.32217e-05
4.32217e-05
4.32217e-05
4.32217e-05
4.32217e-05
4.32217e-05
4.32217e-05
4.32217e-05
4.32217e-05
4.32217e-05
4.32217e-05
4.32217e-05
4.32217e-05
4.32217e-05
4.32217e-05
4.32217e-05
4.32217e-05
4.32217e-05
4.32217e-05
4.32217e-05
4.32217e-05
4.32217e-05
4.32217e-05
4.32217e-05
4.32217e-05
4.32217e-05
4.32217e-05
4.32217e-05
4.32217e-05
4.32217e-05
4.32217e-05
4.32217e-05
4.32217e-05
4.32217e-05
4.32217e-05
4.32217e-05
4.32217e-05
4.32217e-05
4.32217e-05
4.32217e-05
4.32217e-05
4.32217e-05
4.32217e-05
4.32217e-05
4.32217e-05
4.32217e-05
4.32217e-05
4.32217e-05
4.32217e-05
4.32217e-05
4.32217e-05
4.32217e-05
4.32217e-05
4.32217e-05
4.32217e-05
4.32217e-05
4.32217e-05
4.32217e-05
4.32217e-05
4.32217e-05
4.32217e-05
4.32217e-05
4.32217e-05
4.32217e-05
4.32217e-05
4.32217e-05
4.32217e-05
4.32217e-05
4.32217e-05
4.32217e-05
4.32217e-05
4.32217e-05
4.32217e-05
4.32217e-05
4.32217e-05
4.32217e-05
4.32217e-05
4.32217e-05
4.32217e-05
4.32217e-05
4.32217e-05
4.32217e-05
4.32217e-05
4.32217e-05
4.32217e-05
4.32217e-05
4.32217e-05
4.32217e-05
4.32217e-05
4.32217e-05
4.32217e-05
4.32217e-05
4.32217e-05
4.32217e-05
4.32217e-05
4.32217e-05
4.32217e-05
4.32217e-05
4.32217e-05
4.32217e-05
4.32217e-05
4.32217e-05
4.32217e-05
4.32217e-05
4.32217e-05
4.32217e-05
4.32217e-05
4.32217e-05
4.32217e-05
4.32217e-05
4.32217e-05
4.32217e-05
4.32217e-05
4.32217e-05
4.32217e-05
4.32217e-05
4.32217e-05
4.32217e-05
4.32217e-05
4.32217e-05
4.32217e-05
4.32217e-05
4.32217e-05
4.32217e-05
4.32217e-05
4.32217e-05
4.32217e-05
4.32217e-05
4.32217e-05
4.32217e-05
4.32217e-05
4.32217e-05
4.32217e-05
4.32217e-05
4.32217e-05
4.32217e-05
4.32217e-05
4.32217e-05
4.32217e-05
4.32217e-05
4.32217e-05
4.32217e-05
4.32217e-05
4.32217e-05
4.32217e-05
4.32217e-05
4.32217e-05
4.32217e-05
4.32217e-05
4.32217e-05
4.32217e-05
4.32217e-05
4.32217e-05
4.32217e-05
4.32217e-05
4.32217e-05
4.32217e-05
4.32217e-05
4.32217e-05
4.32217e-05
4.32217e-05
4.32217e-05
4.32217e-05
4.32217e-05
4.32217e-05
4.32217e-05
4.32217e-05
4.32217e-05
4.32217e-05
4.32217e-05
4.32217e-05
4.32217e-05
4.32217e-05
4.32217e-05
4.32217e-05
4.32217e-05
4.32217e-05
4.32217e-05
4.32217e-05
4.32217e-05
4.32217e-05
4.32217e-05
4.32217e-05
4.32217e-05
4.32217e-05
4.32217e-05
4.32217e-05
4.32217e-05
4.32217e-05
4.32217e-05
4.32217e-05
4.32217e-05
4.32217e-05
4.32217e-05
4.32217e-05
4.32217e-05
4.32217e-05
4.32217e-05
4.32217e-05
4.32217e-05
4.32217e-05
4.32217e-05
4.32217e-05
4.32217e-05
4.32217e-05
4.32217e-05
4.32217e-05
4.32217e-05
4.32217e-05
4.32217e-05
4.32217e-05
4.32217e-05
4.32217e-05
4.32217e-05
4.32217e-05
4.32217e-05
4.32217e-05
4.32217e-05
4.32217e-05
4.32217e-05
4.32217e-05
4.32217e-05
4.32217e-05
4.32217e-05
4.32217e-05
4.32217e-05
4.32217e-05
4.32217e-05
4.32217e-05
4.32217e-05
4.32217e-05
4.32217e-05
4.32217e-05
4.32217e-05
4.32217e-05
4.32217e-05
4.32217e-05
4.32217e-05
4.32217e-05
4.32217e-05
4.32217e-05
4.32217e-05
4.32217e-05
4.32217e-05
4.32217e-05
4.32217e-05
4.32217e-05
4.32217e-05
4.32217e-05
4.32217e-05
4.32217e-05
4.32217e-05
4.32217e-05
4.32217e-05
4.32217e-05
4.32217e-05
4.32217e-05
4.32217e-05
4.32217e-05
4.32217e-05
4.32217e-05
4.32217e-05
4.32217e-05
4.32217e-05
4.32217e-05
4.32217e-05
4.32217e-05
4.32217e-05
4.32217e-05
4.32217e-05
4.32217e-05
4.32217e-05
4.32217e-05
4.32217e-05
4.32217e-05
4.32217e-05
4.32217e-05
4.32217e-05
4.32217e-05
4.32217e-05
4.32217e-05
4.32217e-05
4.32217e-05
4.32217e-05
4.32217e-05
4.32217e-05
4.32217e-05
4.32217e-05
4.32217e-05
4.32217e-05
4.32217e-05
4.32217e-05
4.32217e-05
4.32217e-05
4.32217e-05
4.32217e-05
4.32217e-05
4.32217e-05
4.32217e-05
4.32217e-05
4.32217e-05
4.32217e-05
4.32217e-05
4.32217e-05
4.32217e-05
4.32217e-05
4.32217e-05
4.32217e-05
4.32217e-05
4.32217e-05
4.32217e-05
4.32217e-05
4.32217e-05
4.32217e-05
4.32217e-05
4.32217e-05
4.32217e-05
4.32217e-05
4.32217e-05
4.32217e-05
4.32217e-05
4.32217e-05
4.32217e-05
4.32217e-05
4.32217e-05
4.32217e-05
4.32217e-05
4.32217e-05
4.32217e-05
4.32217e-05
4.32217e-05
4.32217e-05
4.32217e-05
4.32217e-05
4.32217e-05
4.32217e-05
4.32217e-05
4.32217e-05
4.32217e-05
4.32217e-05
4.32217e-05
4.32217e-05
4.32217e-05
4.32217e-05
4.32217e-05
4.32217e-05
4.32217e-05
4.32217e-05
4.32217e-05
4.32217e-05
4.32217e-05
4.32217e-05
4.32217e-05
4.32217e-05
4.32217e-05
4.32217e-05
4.32217e-05
4.32217e-05
4.32217e-05
4.32217e-05
4.32217e-05
4.32217e-05
4.32217e-05
4.32217e-05
4.32217e-05
4.32217e-05
4.32217e-05
4.32217e-05
4.32217e-05
4.32217e-05
4.32217e-05
4.32217e-05
4.32217e-05
4.32217e-05
4.32217e-05
4.32217e-05
4.32217e-05
4.32217e-05
4.32217e-05
4.32217e-05
4.32217e-05
4.32217e-05
4.32217e-05
4.32217e-05
4.32217e-05
4.32217e-05
4.32217e-05
4.32217e-05
4.32217e-05
4.32217e-05
4.32217e-05
4.32217e-05
4.32217e-05
4.32217e-05
4.32217e-05
4.32217e-05
4.32217e-05
4.32217e-05
4.32217e-05
3.96199e-05
3.96199e-05
3.96199e-05
3.96199e-05
3.60181e-05
3.60181e-05
3.60181e-05
3.60181e-05
3.60181e-05
3.60181e-05
3.60181e-05
3.60181e-05
3.60181e-05
3.60181e-05
3.60181e-05
3.60181e-05
3.60181e-05
3.60181e-05
3.60181e-05
3.60181e-05
3.60181e-05
3.60181e-05
3.60181e-05
3.60181e-05
3.60181e-05
3.60181e-05
3.60181e-05
3.60181e-05
3.60181e-05
3.60181e-05
3.60181e-05
3.60181e-05
3.60181e-05
3.60181e-05
3.60181e-05
3.60181e-05
3.60181e-05
3.60181e-05
3.60181e-05
3.60181e-05
3.60181e-05
3.60181e-05
3.60181e-05
3.60181e-05
3.60181e-05
3.60181e-05
3.60181e-05
3.60181e-05
3.60181e-05
3.60181e-05
3.60181e-05
3.60181e-05
3.60181e-05
3.60181e-05
3.60181e-05
3.60181e-05
3.60181e-05
3.60181e-05
3.60181e-05
3.60181e-05
3.60181e-05
3.60181e-05
3.60181e-05
3.60181e-05
3.60181e-05
3.60181e-05
3.24163e-05
3.24163e-05
3.24163e-05
2.88145e-05
2.88145e-05
2.88145e-05
2.88145e-05
2.88145e-05
2.88145e-05
2.88145e-05
2.88145e-05
2.88145e-05
2.88145e-05
2.88145e-05
2.88145e-05
2.88145e-05
2.88145e-05
2.88145e-05
2.88145e-05
2.88145e-05
2.88145e-05
2.88145e-05
2.88145e-05
2.88145e-05
2.88145e-05
2.88145e-05
2.88145e-05
2.88145e-05
2.88145e-05
2.88145e-05
2.88145e-05
2.88145e-05
2.88145e-05
2.88145e-05
2.88145e-05
2.88145e-05
2.88145e-05
2.88145e-05
2.88145e-05
2.88145e-05
2.88145e-05
2.88145e-05
2.88145e-05
2.88145e-05
2.88145e-05
2.88145e-05
2.88145e-05
2.88145e-05
2.88145e-05
2.88145e-05
2.88145e-05
2.88145e-05
2.88145e-05
2.88145e-05
2.88145e-05
2.88145e-05
2.88145e-05
2.88145e-05
2.88145e-05
2.88145e-05
2.88145e-05
2.88145e-05
2.88145e-05
2.88145e-05
2.88145e-05
2.88145e-05
2.88145e-05
2.88145e-05
2.88145e-05
2.88145e-05
2.88145e-05
2.88145e-05
2.88145e-05
2.88145e-05
2.88145e-05
2.88145e-05
2.88145e-05
2.88145e-05
2.88145e-05
2.88145e-05
2.88145e-05
2.88145e-05
2.88145e-05
2.88145e-05
2.88145e-05
2.88145e-05
2.88145e-05
2.88145e-05
2.88145e-05
2.88145e-05
2.88145e-05
2.88145e-05
2.88145e-05
2.88145e-05
2.88145e-05
2.88145e-05
2.88145e-05
2.88145e-05
2.88145e-05
2.88145e-05
2.88145e-05
2.88145e-05
2.88145e-05
2.88145e-05
2.88145e-05
2.88145e-05
2.88145e-05
2.88145e-05
2.88145e-05
2.88145e-05
2.88145e-05
2.88145e-05
2.88145e-05
2.88145e-05
2.88145e-05
2.88145e-05
2.88145e-05
2.88145e-05
2.88145e-05
2.88145e-05
2.88145e-05
2.88145e-05
2.88145e-05
2.88145e-05
2.88145e-05
2.88145e-05
2.88145e-05
2.88145e-05
2.88145e-05
2.88145e-05
2.88145e-05
2.88145e-05
2.88145e-05
2.88145e-05
2.88145e-05
2.88145e-05
2.88145e-05
2.88145e-05
2.88145e-05
2.88145e-05
2.88145e-05
2.88145e-05
2.88145e-05
2.88145e-05
2.88145e-05
2.88145e-05
2.88145e-05
2.88145e-05
2.88145e-05
2.88145e-05
2.88145e-05
2.88145e-05
2.88145e-05
2.88145e-05
2.88145e-05
2.88145e-05
2.88145e-05
2.88145e-05
2.88145e-05
2.88145e-05
2.88145e-05
2.88145e-05
2.88145e-05
2.88145e-05
2.88145e-05
2.88145e-05
2.88145e-05
2.88145e-05
2.88145e-05
2.88145e-05
2.88145e-05
2.88145e-05
2.88145e-05
2.88145e-05
2.88145e-05
2.88145e-05
2.88145e-05
2.88145e-05
2.88145e-05
2.88145e-05
2.88145e-05
2.88145e-05
2.88145e-05
2.88145e-05
2.88145e-05
2.88145e-05
2.88145e-05
2.88145e-05
2.88145e-05
2.88145e-05
2.88145e-05
2.52127e-05
2.52127e-05
2.52127e-05
2.52127e-05
2.52127e-05
2.16109e-05
2.16109e-05
2.16109e-05
2.16109e-05
2.16109e-05
2.16109e-05
2.16109e-05
2.16109e-05
2.16109e-05
2.16109e-05
2.16109e-05
2.16109e-05
2.16109e-05
2.16109e-05
2.16109e-05
2.16109e-05
2.16109e-05
2.16109e-05
2.16109e-05
2.16109e-05
2.16109e-05
2.16109e-05
2.16109e-05
2.16109e-05
2.16109e-05
2.16109e-05
2.16109e-05
2.16109e-05
2.16109e-05
2.16109e-05
2.16109e-05
2.16109e-05
2.16109e-05
2.16109e-05
2.16109e-05
2.16109e-05
2.16109e-05
2.16109e-05
2.16109e-05
2.16109e-05
2.16109e-05
2.16109e-05
2.16109e-05
2.16109e-05
2.16109e-05
2.16109e-05
2.16109e-05
2.16109e-05
2.16109e-05
2.16109e-05
2.16109e-05
2.16109e-05
2.16109e-05
2.16109e-05
2.16109e-05
2.16109e-05
2.16109e-05
2.16109e-05
2.16109e-05
2.16109e-05
2.16109e-05
2.16109e-05
2.16109e-05
2.16109e-05
2.16109e-05
2.16109e-05
2.16109e-05
2.16109e-05
2.16109e-05
2.16109e-05
2.16109e-05
2.16109e-05
2.16109e-05
2.16109e-05
2.16109e-05
2.16109e-05
2.16109e-05
2.16109e-05
2.16109e-05
2.16109e-05
2.16109e-05
2.16109e-05
2.16109e-05
2.16109e-05
2.16109e-05
2.16109e-05
2.16109e-05
2.16109e-05
2.16109e-05
2.16109e-05
2.16109e-05
2.16109e-05
2.16109e-05
2.16109e-05
2.16109e-05
2.16109e-05
2.16109e-05
2.16109e-05
2.16109e-05
2.16109e-05
2.16109e-05
2.16109e-05
2.16109e-05
2.16109e-05
2.16109e-05
2.16109e-05
2.16109e-05
2.16109e-05
2.16109e-05
2.16109e-05
2.16109e-05
2.16109e-05
2.16109e-05
2.16109e-05
2.16109e-05
2.16109e-05
2.16109e-05
2.16109e-05
2.16109e-05
2.16109e-05
2.16109e-05
2.16109e-05
2.16109e-05
2.16109e-05
2.16109e-05
2.16109e-05
2.16109e-05
2.16109e-05
2.16109e-05
2.16109e-05
2.16109e-05
2.16109e-05
2.16109e-05
2.16109e-05
2.16109e-05
2.16109e-05
2.16109e-05
2.16109e-05
2.16109e-05
2.16109e-05
2.16109e-05
2.16109e-05
2.16109e-05
2.16109e-05
2.16109e-05
2.16109e-05
2.16109e-05
2.16109e-05
2.16109e-05
2.16109e-05
2.16109e-05
2.16109e-05
2.16109e-05
2.16109e-05
2.16109e-05
2.16109e-05
2.16109e-05
2.16109e-05
2.16109e-05
2.16109e-05
2.16109e-05
2.16109e-05
2.16109e-05
2.16109e-05
2.16109e-05
2.16109e-05
2.16109e-05
2.16109e-05
2.16109e-05
2.16109e-05
2.16109e-05
2.16109e-05
2.16109e-05
2.16109e-05
2.16109e-05
2.16109e-05
2.16109e-05
2.16109e-05
2.16109e-05
2.16109e-05
2.16109e-05
2.16109e-05
2.16109e-05
2.16109e-05
2.16109e-05
2.16109e-05
2.16109e-05
2.16109e-05
2.16109e-05
2.16109e-05
2.16109e-05
2.16109e-05
2.16109e-05
2.16109e-05
2.16109e-05
2.16109e-05
2.16109e-05
2.16109e-05
2.16109e-05
2.16109e-05
2.16109e-05
2.16109e-05
2.16109e-05
2.16109e-05
2.16109e-05
2.16109e-05
2.16109e-05
2.16109e-05
2.16109e-05
2.16109e-05
2.16109e-05
2.16109e-05
2.16109e-05
2.16109e-05
2.16109e-05
2.16109e-05
2.16109e-05
2.16109e-05
2.16109e-05
2.16109e-05
2.16109e-05
2.16109e-05
2.16109e-05
2.16109e-05
2.16109e-05
2.16109e-05
2.16109e-05
2.16109e-05
2.16109e-05
2.16109e-05
2.16109e-05
2.16109e-05
2.16109e-05
2.16109e-05
2.16109e-05
2.16109e-05
2.16109e-05
2.16109e-05
2.16109e-05
2.16109e-05
2.16109e-05
2.16109e-05
2.16109e-05
2.16109e-05
2.16109e-05
2.16109e-05
2.16109e-05
2.16109e-05
2.16109e-05
2.16109e-05
2.16109e-05
2.16109e-05
2.16109e-05
2.16109e-05
2.16109e-05
2.16109e-05
2.16109e-05
2.16109e-05
2.16109e-05
2.16109e-05
2.16109e-05
2.16109e-05
2.16109e-05
2.16109e-05
2.16109e-05
2.16109e-05
2.16109e-05
2.16109e-05
2.16109e-05
2.16109e-05
2.16109e-05
2.16109e-05
2.16109e-05
2.16109e-05
2.16109e-05
2.16109e-05
2.16109e-05
2.16109e-05
2.16109e-05
2.16109e-05
2.16109e-05
2.16109e-05
2.16109e-05
2.16109e-05
2.16109e-05
2.16109e-05
2.16109e-05
2.16109e-05
2.16109e-05
2.16109e-05
2.16109e-05
2.16109e-05
2.16109e-05
2.16109e-05
2.16109e-05
2.16109e-05
2.16109e-05
2.16109e-05
2.16109e-05
2.16109e-05
2.16109e-05
2.16109e-05
2.16109e-05
2.16109e-05
2.16109e-05
2.16109e-05
2.16109e-05
2.16109e-05
2.16109e-05
2.16109e-05
2.16109e-05
2.16109e-05
2.16109e-05
2.16109e-05
2.16109e-05
2.16109e-05
2.16109e-05
2.16109e-05
2.16109e-05
2.16109e-05
2.16109e-05
2.16109e-05
2.16109e-05
2.16109e-05
2.16109e-05
2.16109e-05
2.16109e-05
2.16109e-05
2.16109e-05
2.16109e-05
2.16109e-05
2.16109e-05
2.16109e-05
2.16109e-05
2.16109e-05
2.16109e-05
2.16109e-05
2.16109e-05
2.16109e-05
2.16109e-05
2.16109e-05
2.16109e-05
2.16109e-05
2.16109e-05
2.16109e-05
2.16109e-05
2.16109e-05
2.16109e-05
2.16109e-05
2.16109e-05
2.16109e-05
2.16109e-05
2.16109e-05
2.16109e-05
2.16109e-05
2.16109e-05
2.16109e-05
2.16109e-05
2.16109e-05
2.16109e-05
2.16109e-05
2.16109e-05
2.16109e-05
2.16109e-05
2.16109e-05
2.16109e-05
2.16109e-05
2.16109e-05
2.16109e-05
2.16109e-05
2.16109e-05
2.16109e-05
2.16109e-05
2.16109e-05
2.16109e-05
2.16109e-05
2.16109e-05
2.16109e-05
2.16109e-05
2.16109e-05
2.16109e-05
2.16109e-05
2.16109e-05
2.16109e-05
2.16109e-05
2.16109e-05
2.16109e-05
2.16109e-05
2.16109e-05
2.16109e-05
2.16109e-05
2.16109e-05
2.16109e-05
2.16109e-05
2.16109e-05
2.16109e-05
2.16109e-05
2.16109e-05
2.16109e-05
2.16109e-05
2.16109e-05
2.16109e-05
2.16109e-05
2.16109e-05
2.16109e-05
2.16109e-05
2.16109e-05
2.16109e-05
2.16109e-05
2.16109e-05
2.16109e-05
2.16109e-05
2.16109e-05
2.16109e-05
2.16109e-05
2.16109e-05
2.16109e-05
2.16109e-05
2.16109e-05
2.16109e-05
2.16109e-05
2.16109e-05
2.16109e-05
2.16109e-05
2.16109e-05
2.16109e-05
2.16109e-05
2.16109e-05
2.16109e-05
2.16109e-05
2.16109e-05
2.16109e-05
2.16109e-05
2.16109e-05
2.16109e-05
2.16109e-05
2.16109e-05
2.16109e-05
2.16109e-05
2.16109e-05
2.16109e-05
2.16109e-05
2.16109e-05
2.16109e-05
2.16109e-05
2.16109e-05
2.16109e-05
2.16109e-05
2.16109e-05
2.16109e-05
2.16109e-05
2.16109e-05
2.16109e-05
2.16109e-05
2.16109e-05
2.16109e-05
2.16109e-05
2.16109e-05
2.16109e-05
2.16109e-05
2.16109e-05
2.16109e-05
2.16109e-05
2.16109e-05
2.16109e-05
2.16109e-05
2.16109e-05
2.16109e-05
2.16109e-05
2.16109e-05
2.16109e-05
2.16109e-05
2.16109e-05
2.16109e-05
2.16109e-05
2.16109e-05
2.16109e-05
2.16109e-05
2.16109e-05
2.16109e-05
2.16109e-05
2.16109e-05
2.16109e-05
2.16109e-05
2.16109e-05
2.16109e-05
2.16109e-05
2.16109e-05
2.16109e-05
2.16109e-05
2.16109e-05
2.16109e-05
2.16109e-05
2.16109e-05
2.16109e-05
2.16109e-05
2.16109e-05
2.16109e-05
2.16109e-05
2.16109e-05
2.16109e-05
2.16109e-05
2.16109e-05
2.16109e-05
2.16109e-05
2.16109e-05
2.16109e-05
2.16109e-05
2.16109e-05
2.16109e-05
2.16109e-05
2.16109e-05
2.16109e-05
2.16109e-05
2.16109e-05
2.16109e-05
2.16109e-05
2.16109e-05
2.16109e-05
2.16109e-05
2.16109e-05
2.16109e-05
2.16109e-05
2.16109e-05
2.16109e-05
2.16109e-05
2.16109e-05
2.16109e-05
2.16109e-05
2.16109e-05
2.16109e-05
2.16109e-05
2.16109e-05
2.16109e-05
2.16109e-05
2.16109e-05
2.16109e-05
2.16109e-05
2.16109e-05
2.16109e-05
2.16109e-05
2.16109e-05
2.16109e-05
2.16109e-05
2.16109e-05
2.16109e-05
2.16109e-05
2.16109e-05
2.16109e-05
2.16109e-05
2.16109e-05
2.16109e-05
2.16109e-05
2.16109e-05
2.16109e-05
2.16109e-05
2.16109e-05
2.16109e-05
2.16109e-05
2.16109e-05
2.16109e-05
2.16109e-05
2.16109e-05
2.16109e-05
2.16109e-05
2.16109e-05
2.16109e-05
2.16109e-05
2.16109e-05
2.16109e-05
2.16109e-05
2.16109e-05
2.16109e-05
2.16109e-05
2.16109e-05
2.16109e-05
2.16109e-05
2.16109e-05
2.16109e-05
2.16109e-05
2.16109e-05
2.16109e-05
2.16109e-05
2.16109e-05
2.16109e-05
2.16109e-05
2.16109e-05
2.16109e-05
2.16109e-05
2.16109e-05
2.16109e-05
2.16109e-05
2.16109e-05
2.16109e-05
2.16109e-05
2.16109e-05
2.16109e-05
2.16109e-05
2.16109e-05
2.16109e-05
2.16109e-05
2.16109e-05
2.16109e-05
2.16109e-05
2.16109e-05
2.16109e-05
2.16109e-05
2.16109e-05
2.16109e-05
2.16109e-05
2.16109e-05
2.16109e-05
2.16109e-05
2.16109e-05
2.16109e-05
2.16109e-05
2.16109e-05
2.16109e-05
2.16109e-05
2.16109e-05
2.16109e-05
2.16109e-05
2.16109e-05
2.16109e-05
2.16109e-05
2.16109e-05
2.16109e-05
2.16109e-05
2.16109e-05
2.16109e-05
2.16109e-05
2.16109e-05
2.16109e-05
2.16109e-05
2.16109e-05
2.16109e-05
2.16109e-05
2.16109e-05
2.16109e-05
2.16109e-05
2.16109e-05
2.16109e-05
2.16109e-05
2.16109e-05
2.16109e-05
2.16109e-05
2.16109e-05
2.16109e-05
2.16109e-05
2.16109e-05
2.16109e-05
2.16109e-05
2.16109e-05
2.16109e-05
2.16109e-05
2.16109e-05
2.16109e-05
2.16109e-05
2.16109e-05
2.16109e-05
2.16109e-05
2.16109e-05
2.16109e-05
2.16109e-05
2.16109e-05
2.16109e-05
2.16109e-05
2.16109e-05
2.16109e-05
2.16109e-05
2.16109e-05
2.16109e-05
2.16109e-05
2.16109e-05
2.16109e-05
2.16109e-05
2.16109e-05
2.16109e-05
2.16109e-05
2.16109e-05
2.16109e-05
2.16109e-05
2.16109e-05
2.16109e-05
2.16109e-05
2.16109e-05
2.16109e-05
2.16109e-05
2.16109e-05
2.16109e-05
2.16109e-05
2.16109e-05
2.16109e-05
2.16109e-05
2.16109e-05
2.16109e-05
2.16109e-05
2.16109e-05
2.16109e-05
2.16109e-05
2.16109e-05
2.16109e-05
2.16109e-05
2.16109e-05
2.16109e-05
2.16109e-05
2.16109e-05
2.16109e-05
2.16109e-05
2.16109e-05
2.16109e-05
2.16109e-05
2.16109e-05
2.16109e-05
2.16109e-05
2.16109e-05
2.16109e-05
2.16109e-05
2.16109e-05
2.16109e-05
2.16109e-05
2.16109e-05
2.16109e-05
2.16109e-05
2.16109e-05
2.16109e-05
2.16109e-05
2.16109e-05
2.16109e-05
2.16109e-05
2.16109e-05
2.16109e-05
2.16109e-05
2.16109e-05
2.16109e-05
2.16109e-05
2.16109e-05
2.16109e-05
2.16109e-05
2.16109e-05
2.16109e-05
2.16109e-05
2.16109e-05
2.16109e-05
2.16109e-05
2.16109e-05
2.16109e-05
2.16109e-05
2.16109e-05
2.16109e-05
2.16109e-05
2.16109e-05
2.16109e-05
2.16109e-05
2.16109e-05
2.16109e-05
2.16109e-05
2.16109e-05
2.16109e-05
2.16109e-05
2.16109e-05
2.16109e-05
2.16109e-05
2.16109e-05
2.16109e-05
2.16109e-05
2.16109e-05
2.16109e-05
2.16109e-05
2.16109e-05
2.16109e-05
2.16109e-05
2.16109e-05
2.16109e-05
2.16109e-05
2.16109e-05
2.16109e-05
2.16109e-05
2.16109e-05
2.16109e-05
2.16109e-05
2.16109e-05
2.16109e-05
2.16109e-05
2.16109e-05
2.16109e-05
2.16109e-05
2.16109e-05
2.16109e-05
2.16109e-05
2.16109e-05
2.16109e-05
2.16109e-05
2.16109e-05
2.16109e-05
2.16109e-05
2.16109e-05
2.16109e-05
2.16109e-05
2.16109e-05
2.16109e-05
2.16109e-05
2.16109e-05
2.16109e-05
2.16109e-05
2.16109e-05
2.16109e-05
2.16109e-05
2.16109e-05
2.16109e-05
2.16109e-05
2.16109e-05
2.16109e-05
2.16109e-05
2.16109e-05
2.16109e-05
2.16109e-05
2.16109e-05
2.16109e-05
2.16109e-05
2.16109e-05
2.16109e-05
2.16109e-05
2.16109e-05
2.16109e-05
2.16109e-05
2.16109e-05
2.16109e-05
2.16109e-05
2.16109e-05
2.16109e-05
2.16109e-05
2.16109e-05
2.16109e-05
2.16109e-05
2.16109e-05
2.16109e-05
2.16109e-05
2.16109e-05
2.16109e-05
2.16109e-05
2.16109e-05
2.16109e-05
2.16109e-05
2.16109e-05
2.16109e-05
2.16109e-05
2.16109e-05
2.16109e-05
2.16109e-05
2.16109e-05
2.16109e-05
2.16109e-05
2.16109e-05
2.16109e-05
2.16109e-05
2.16109e-05
2.16109e-05
2.16109e-05
2.16109e-05
2.16109e-05
2.16109e-05
2.16109e-05
2.16109e-05
2.16109e-05
2.16109e-05
2.16109e-05
2.16109e-05
2.16109e-05
2.16109e-05
2.16109e-05
2.16109e-05
2.16109e-05
2.16109e-05
2.16109e-05
2.16109e-05
2.16109e-05
2.16109e-05
2.16109e-05
2.16109e-05
2.16109e-05
2.16109e-05
2.16109e-05
2.16109e-05
2.16109e-05
2.16109e-05
2.16109e-05
2.16109e-05
2.16109e-05
2.16109e-05
2.16109e-05
2.16109e-05
2.16109e-05
2.16109e-05
2.16109e-05
2.16109e-05
2.16109e-05
2.16109e-05
2.16109e-05
2.16109e-05
2.16109e-05
2.16109e-05
2.16109e-05
2.16109e-05
2.16109e-05
2.16109e-05
2.16109e-05
2.16109e-05
2.16109e-05
2.16109e-05
2.16109e-05
2.16109e-05
2.16109e-05
2.16109e-05
2.16109e-05
2.16109e-05
2.16109e-05
2.16109e-05
2.16109e-05
2.16109e-05
2.16109e-05
2.16109e-05
2.16109e-05
2.16109e-05
2.16109e-05
2.16109e-05
2.16109e-05
2.16109e-05
2.16109e-05
2.16109e-05
2.16109e-05
2.16109e-05
2.16109e-05
2.16109e-05
2.16109e-05
2.16109e-05
2.16109e-05
2.16109e-05
2.16109e-05
2.16109e-05
2.16109e-05
2.16109e-05
2.16109e-05
2.16109e-05
2.16109e-05
2.16109e-05
2.16109e-05
2.16109e-05
2.16109e-05
2.16109e-05
2.16109e-05
2.16109e-05
2.16109e-05
2.16109e-05
2.16109e-05
2.16109e-05
2.16109e-05
1.80091e-05
1.80091e-05
1.44072e-05
1.44072e-05
1.44072e-05
1.44072e-05
1.44072e-05
1.44072e-05
1.44072e-05
1.44072e-05
1.44072e-05
1.44072e-05
1.44072e-05
1.44072e-05
1.44072e-05
1.44072e-05
1.44072e-05
1.44072e-05
1.44072e-05
1.44072e-05
1.44072e-05
1.44072e-05
1.44072e-05
1.44072e-05
1.44072e-05
1.44072e-05
1.44072e-05
1.44072e-05
1.44072e-05
1.44072e-05
1.44072e-05
1.44072e-05
1.44072e-05
1.44072e-05
1.44072e-05
1.44072e-05
1.44072e-05
1.44072e-05
1.44072e-05
1.44072e-05
1.44072e-05
1.44072e-05
1.44072e-05
1.44072e-05
1.44072e-05
1.44072e-05
1.44072e-05
1.44072e-05
1.44072e-05
1.44072e-05
1.44072e-05
1.44072e-05
1.44072e-05
1.44072e-05
1.44072e-05
1.44072e-05
1.44072e-05
1.44072e-05
1.44072e-05
1.44072e-05
1.44072e-05
1.44072e-05
1.44072e-05
1.44072e-05
1.44072e-05
1.44072e-05
1.44072e-05
1.44072e-05
1.44072e-05
1.44072e-05
1.44072e-05
1.44072e-05
1.44072e-05
1.44072e-05
1.44072e-05
1.44072e-05
1.44072e-05
1.44072e-05
1.44072e-05
1.44072e-05
1.44072e-05
1.44072e-05
1.44072e-05
1.44072e-05
1.44072e-05
1.44072e-05
1.44072e-05
1.44072e-05
1.44072e-05
1.44072e-05
1.44072e-05
1.44072e-05
1.44072e-05
1.44072e-05
1.44072e-05
1.44072e-05
1.44072e-05
1.44072e-05
1.44072e-05
1.44072e-05
1.44072e-05
1.44072e-05
1.44072e-05
1.44072e-05
1.44072e-05
1.44072e-05
1.44072e-05
1.44072e-05
1.44072e-05
1.44072e-05
1.44072e-05
1.44072e-05
1.44072e-05
1.44072e-05
1.44072e-05
1.44072e-05
1.44072e-05
1.44072e-05
1.44072e-05
1.44072e-05
1.44072e-05
1.44072e-05
1.44072e-05
1.44072e-05
1.44072e-05
1.44072e-05
1.44072e-05
1.44072e-05
1.44072e-05
1.44072e-05
1.44072e-05
1.44072e-05
1.44072e-05
1.44072e-05
1.44072e-05
1.44072e-05
1.44072e-05
1.44072e-05
1.44072e-05
1.44072e-05
1.44072e-05
1.44072e-05
1.44072e-05
1.44072e-05
1.44072e-05
1.44072e-05
1.44072e-05
1.44072e-05
1.44072e-05
1.44072e-05
1.44072e-05
1.44072e-05
1.44072e-05
1.44072e-05
1.44072e-05
1.44072e-05
1.44072e-05
1.44072e-05
1.44072e-05
1.44072e-05
1.44072e-05
1.44072e-05
1.44072e-05
1.44072e-05
1.44072e-05
1.44072e-05
1.44072e-05
1.44072e-05
1.44072e-05
1.44072e-05
1.44072e-05
1.44072e-05
1.44072e-05
1.44072e-05
1.44072e-05
1.44072e-05
1.44072e-05
1.44072e-05
1.44072e-05
1.44072e-05
1.44072e-05
1.44072e-05
1.44072e-05
1.44072e-05
1.44072e-05
1.44072e-05
1.44072e-05
1.44072e-05
1.44072e-05
1.44072e-05
1.44072e-05
1.44072e-05
1.44072e-05
1.44072e-05
1.44072e-05
1.44072e-05
1.44072e-05
1.44072e-05
1.44072e-05
1.44072e-05
1.44072e-05
1.44072e-05
1.44072e-05
1.44072e-05
1.44072e-05
1.44072e-05
1.44072e-05
1.44072e-05
1.44072e-05
1.44072e-05
1.44072e-05
1.44072e-05
1.44072e-05
1.44072e-05
1.44072e-05
1.44072e-05
1.44072e-05
1.44072e-05
1.44072e-05
1.44072e-05
1.44072e-05
1.44072e-05
1.44072e-05
1.44072e-05
1.44072e-05
1.44072e-05
1.44072e-05
1.44072e-05
1.44072e-05
1.44072e-05
1.44072e-05
1.44072e-05
1.44072e-05
1.44072e-05
1.44072e-05
1.44072e-05
1.44072e-05
1.44072e-05
1.44072e-05
1.44072e-05
1.44072e-05
1.44072e-05
1.44072e-05
1.44072e-05
1.44072e-05
1.44072e-05
1.44072e-05
1.44072e-05
1.44072e-05
1.44072e-05
1.44072e-05
1.44072e-05
1.44072e-05
1.44072e-05
1.44072e-05
1.44072e-05
1.44072e-05
1.44072e-05
1.44072e-05
1.44072e-05
1.44072e-05
1.44072e-05
1.44072e-05
1.44072e-05
1.44072e-05
1.44072e-05
1.44072e-05
1.44072e-05
1.44072e-05
1.44072e-05
1.44072e-05
1.44072e-05
1.44072e-05
1.44072e-05
1.44072e-05
1.44072e-05
1.44072e-05
1.44072e-05
1.44072e-05
1.44072e-05
1.44072e-05
1.44072e-05
1.44072e-05
1.44072e-05
1.44072e-05
1.44072e-05
1.44072e-05
1.44072e-05
1.44072e-05
1.44072e-05
1.44072e-05
1.44072e-05
1.44072e-05
1.44072e-05
1.44072e-05
1.44072e-05
1.44072e-05
1.44072e-05
1.44072e-05
1.44072e-05
1.44072e-05
1.44072e-05
1.44072e-05
1.44072e-05
1.44072e-05
1.44072e-05
1.44072e-05
1.44072e-05
1.44072e-05
1.44072e-05
1.44072e-05
1.44072e-05
1.44072e-05
1.44072e-05
1.44072e-05
1.44072e-05
1.44072e-05
1.44072e-05
1.44072e-05
1.44072e-05
1.44072e-05
1.44072e-05
1.44072e-05
1.44072e-05
1.44072e-05
1.44072e-05
1.44072e-05
1.44072e-05
1.44072e-05
1.44072e-05
1.44072e-05
1.44072e-05
1.44072e-05
1.44072e-05
1.44072e-05
1.44072e-05
1.44072e-05
1.44072e-05
1.44072e-05
1.44072e-05
1.44072e-05
1.44072e-05
1.44072e-05
1.44072e-05
1.44072e-05
1.44072e-05
1.44072e-05
1.44072e-05
1.44072e-05
1.44072e-05
1.44072e-05
1.44072e-05
1.44072e-05
1.44072e-05
1.44072e-05
1.44072e-05
1.44072e-05
1.44072e-05
1.44072e-05
1.44072e-05
1.44072e-05
1.44072e-05
1.44072e-05
1.44072e-05
1.44072e-05
1.08054e-05
7.20362e-06
7.20362e-06
7.20362e-06
7.20362e-06
7.20362e-06
7.20362e-06
7.20362e-06
7.20362e-06
7.20362e-06
7.20362e-06
7.20362e-06
7.20362e-06
7.20362e-06
7.20362e-06
7.20362e-06
7.20362e-06
7.20362e-06
7.20362e-06
7.20362e-06
7.20362e-06
7.20362e-06
7.20362e-06
7.20362e-06
7.20362e-06
7.20362e-06
7.20362e-06
7.20362e-06
7.20362e-06
7.20362e-06
7.20362e-06
7.20362e-06
7.20362e-06
7.20362e-06
7.20362e-06
7.20362e-06
7.20362e-06
7.20362e-06
7.20362e-06
7.20362e-06
7.20362e-06
7.20362e-06
7.20362e-06
7.20362e-06
7.20362e-06
7.20362e-06
7.20362e-06
7.20362e-06
7.20362e-06
7.20362e-06
7.20362e-06
7.20362e-06
7.20362e-06
7.20362e-06
7.20362e-06
7.20362e-06
7.20362e-06
7.20362e-06
7.20362e-06
7.20362e-06
7.20362e-06
7.20362e-06
7.20362e-06
7.20362e-06
7.20362e-06
7.20362e-06
7.20362e-06
7.20362e-06
7.20362e-06
7.20362e-06
7.20362e-06
7.20362e-06
7.20362e-06
7.20362e-06
7.20362e-06
7.20362e-06
7.20362e-06
7.20362e-06
7.20362e-06
7.20362e-06
7.20362e-06
7.20362e-06
7.20362e-06
7.20362e-06
7.20362e-06
7.20362e-06
7.20362e-06
7.20362e-06
7.20362e-06
7.20362e-06
7.20362e-06
7.20362e-06
7.20362e-06
7.20362e-06
7.20362e-06
7.20362e-06
7.20362e-06
7.20362e-06
7.20362e-06
7.20362e-06
7.20362e-06
7.20362e-06
7.20362e-06
7.20362e-06
7.20362e-06
7.20362e-06
7.20362e-06
7.20362e-06
7.20362e-06
7.20362e-06
7.20362e-06
7.20362e-06
7.20362e-06
7.20362e-06
7.20362e-06
7.20362e-06
7.20362e-06
7.20362e-06
7.20362e-06
7.20362e-06
7.20362e-06
7.20362e-06
7.20362e-06
7.20362e-06
7.20362e-06
7.20362e-06
7.20362e-06
7.20362e-06
7.20362e-06
7.20362e-06
7.20362e-06
7.20362e-06
7.20362e-06
7.20362e-06
7.20362e-06
7.20362e-06
7.20362e-06
7.20362e-06
7.20362e-06
7.20362e-06
7.20362e-06
7.20362e-06
7.20362e-06
7.20362e-06
7.20362e-06
7.20362e-06
7.20362e-06
7.20362e-06
7.20362e-06
7.20362e-06
7.20362e-06
7.20362e-06
7.20362e-06
7.20362e-06
7.20362e-06
7.20362e-06
7.20362e-06
7.20362e-06
7.20362e-06
7.20362e-06
7.20362e-06
7.20362e-06
7.20362e-06
7.20362e-06
7.20362e-06
7.20362e-06
7.20362e-06
7.20362e-06
7.20362e-06
7.20362e-06
7.20362e-06
7.20362e-06
7.20362e-06
7.20362e-06
7.20362e-06
7.20362e-06
7.20362e-06
7.20362e-06
7.20362e-06
7.20362e-06
7.20362e-06
7.20362e-06
7.20362e-06
7.20362e-06
7.20362e-06
7.20362e-06
7.20362e-06
7.20362e-06
7.20362e-06
7.20362e-06
7.20362e-06
7.20362e-06
7.20362e-06
7.20362e-06
7.20362e-06
7.20362e-06
7.20362e-06
7.20362e-06
7.20362e-06
7.20362e-06
7.20362e-06
7.20362e-06
7.20362e-06
7.20362e-06
7.20362e-06
7.20362e-06
7.20362e-06
7.20362e-06
7.20362e-06
7.20362e-06
7.20362e-06
7.20362e-06
7.20362e-06
7.20362e-06
7.20362e-06
7.20362e-06
7.20362e-06
7.20362e-06
7.20362e-06
7.20362e-06
7.20362e-06
7.20362e-06
7.20362e-06
7.20362e-06
7.20362e-06
7.20362e-06
7.20362e-06
7.20362e-06
7.20362e-06
7.20362e-06
7.20362e-06
7.20362e-06
7.20362e-06
7.20362e-06
7.20362e-06
7.20362e-06
7.20362e-06
7.20362e-06
7.20362e-06
7.20362e-06
7.20362e-06
7.20362e-06
7.20362e-06
7.20362e-06
7.20362e-06
7.20362e-06
7.20362e-06
7.20362e-06
7.20362e-06
7.20362e-06
7.20362e-06
7.20362e-06
7.20362e-06
7.20362e-06
7.20362e-06
7.20362e-06
7.20362e-06
7.20362e-06
7.20362e-06
7.20362e-06
7.20362e-06
7.20362e-06
7.20362e-06
7.20362e-06
7.20362e-06
7.20362e-06
7.20362e-06
7.20362e-06
7.20362e-06
7.20362e-06
7.20362e-06
7.20362e-06
7.20362e-06
7.20362e-06
7.20362e-06
7.20362e-06
7.20362e-06
7.20362e-06
7.20362e-06
7.20362e-06
7.20362e-06
7.20362e-06
7.20362e-06
7.20362e-06
7.20362e-06
7.20362e-06
7.20362e-06
7.20362e-06
7.20362e-06
7.20362e-06
7.20362e-06
7.20362e-06
7.20362e-06
7.20362e-06
7.20362e-06
7.20362e-06
7.20362e-06
7.20362e-06
7.20362e-06
7.20362e-06
7.20362e-06
7.20362e-06
7.20362e-06
7.20362e-06
7.20362e-06
7.20362e-06
7.20362e-06
7.20362e-06
7.20362e-06
7.20362e-06
7.20362e-06
7.20362e-06
7.20362e-06
7.20362e-06
7.20362e-06
7.20362e-06
7.20362e-06
7.20362e-06
7.20362e-06
7.20362e-06
7.20362e-06
7.20362e-06
7.20362e-06
7.20362e-06
7.20362e-06
7.20362e-06
7.20362e-06
7.20362e-06
7.20362e-06
7.20362e-06
7.20362e-06
7.20362e-06
7.20362e-06
7.20362e-06
7.20362e-06
7.20362e-06
7.20362e-06
7.20362e-06
7.20362e-06
7.20362e-06
7.20362e-06
7.20362e-06
7.20362e-06
7.20362e-06
7.20362e-06
7.20362e-06
7.20362e-06
7.20362e-06
7.20362e-06
7.20362e-06
7.20362e-06
7.20362e-06
7.20362e-06
7.20362e-06
7.20362e-06
7.20362e-06
7.20362e-06
7.20362e-06
7.20362e-06
7.20362e-06
7.20362e-06
7.20362e-06
7.20362e-06
7.20362e-06
7.20362e-06
7.20362e-06
7.20362e-06
7.20362e-06
7.20362e-06
7.20362e-06
7.20362e-06
7.20362e-06
7.20362e-06
7.20362e-06
7.20362e-06
7.20362e-06
7.20362e-06
7.20362e-06
7.20362e-06
7.20362e-06
7.20362e-06
7.20362e-06
7.20362e-06
7.20362e-06
7.20362e-06
7.20362e-06
7.20362e-06
7.20362e-06
7.20362e-06
7.20362e-06
7.20362e-06
7.20362e-06
7.20362e-06
7.20362e-06
7.20362e-06
7.20362e-06
7.20362e-06
7.20362e-06
7.20362e-06
7.20362e-06
7.20362e-06
7.20362e-06
7.20362e-06
7.20362e-06
7.20362e-06
7.20362e-06
7.20362e-06
7.20362e-06
7.20362e-06
7.20362e-06
7.20362e-06
7.20362e-06
7.20362e-06
7.20362e-06
7.20362e-06
7.20362e-06
7.20362e-06
7.20362e-06
7.20362e-06
7.20362e-06
7.20362e-06
7.20362e-06
7.20362e-06
7.20362e-06
7.20362e-06
7.20362e-06
7.20362e-06
7.20362e-06
7.20362e-06
7.20362e-06
7.20362e-06
7.20362e-06
7.20362e-06
7.20362e-06
7.20362e-06
7.20362e-06
7.20362e-06
7.20362e-06
7.20362e-06
7.20362e-06
7.20362e-06
7.20362e-06
7.20362e-06
7.20362e-06
7.20362e-06
7.20362e-06
7.20362e-06
7.20362e-06
7.20362e-06
7.20362e-06
7.20362e-06
7.20362e-06
7.20362e-06
7.20362e-06
7.20362e-06
7.20362e-06
7.20362e-06
7.20362e-06
7.20362e-06
7.20362e-06
7.20362e-06
7.20362e-06
7.20362e-06
7.20362e-06
7.20362e-06
7.20362e-06
7.20362e-06
7.20362e-06
7.20362e-06
7.20362e-06
7.20362e-06
7.20362e-06
7.20362e-06
7.20362e-06
7.20362e-06
7.20362e-06
7.20362e-06
7.20362e-06
7.20362e-06
7.20362e-06
7.20362e-06
7.20362e-06
7.20362e-06
7.20362e-06
7.20362e-06
7.20362e-06
7.20362e-06
7.20362e-06
7.20362e-06
7.20362e-06
7.20362e-06
7.20362e-06
7.20362e-06
7.20362e-06
7.20362e-06
7.20362e-06
7.20362e-06
7.20362e-06
7.20362e-06
7.20362e-06
7.20362e-06
7.20362e-06
7.20362e-06
7.20362e-06
7.20362e-06
7.20362e-06
7.20362e-06
7.20362e-06
7.20362e-06
7.20362e-06
7.20362e-06
7.20362e-06
7.20362e-06
7.20362e-06
7.20362e-06
7.20362e-06
7.20362e-06
7.20362e-06
7.20362e-06
7.20362e-06
7.20362e-06
7.20362e-06
7.20362e-06
7.20362e-06
7.20362e-06
7.20362e-06
7.20362e-06
7.20362e-06
7.20362e-06
7.20362e-06
7.20362e-06
7.20362e-06
7.20362e-06
7.20362e-06
7.20362e-06
7.20362e-06
7.20362e-06
7.20362e-06
7.20362e-06
7.20362e-06
7.20362e-06
7.20362e-06
7.20362e-06
7.20362e-06
7.20362e-06
7.20362e-06
7.20362e-06
7.20362e-06
7.20362e-06
7.20362e-06
7.20362e-06
7.20362e-06
7.20362e-06
7.20362e-06
7.20362e-06
7.20362e-06
7.20362e-06
7.20362e-06
7.20362e-06
7.20362e-06
7.20362e-06
7.20362e-06
7.20362e-06
7.20362e-06
7.20362e-06
7.20362e-06
7.20362e-06
7.20362e-06
7.20362e-06
7.20362e-06
7.20362e-06
7.20362e-06
7.20362e-06
7.20362e-06
7.20362e-06
7.20362e-06
7.20362e-06
7.20362e-06
7.20362e-06
7.20362e-06
7.20362e-06
7.20362e-06
7.20362e-06
7.20362e-06
7.20362e-06
7.20362e-06
7.20362e-06
7.20362e-06
7.20362e-06
7.20362e-06
7.20362e-06
7.20362e-06
7.20362e-06
7.20362e-06
7.20362e-06
7.20362e-06
7.20362e-06
7.20362e-06
7.20362e-06
7.20362e-06
7.20362e-06
7.20362e-06
7.20362e-06
7.20362e-06
7.20362e-06
7.20362e-06
7.20362e-06
7.20362e-06
7.20362e-06
7.20362e-06
7.20362e-06
7.20362e-06
7.20362e-06
7.20362e-06
7.20362e-06
7.20362e-06
7.20362e-06
7.20362e-06
7.20362e-06
7.20362e-06
7.20362e-06
7.20362e-06
7.20362e-06
7.20362e-06
7.20362e-06
7.20362e-06
7.20362e-06
7.20362e-06
7.20362e-06
7.20362e-06
7.20362e-06
7.20362e-06
7.20362e-06
7.20362e-06
7.20362e-06
7.20362e-06
7.20362e-06
7.20362e-06
7.20362e-06
7.20362e-06
7.20362e-06
7.20362e-06
7.20362e-06
7.20362e-06
7.20362e-06
7.20362e-06
7.20362e-06
7.20362e-06
7.20362e-06
7.20362e-06
7.20362e-06
7.20362e-06
7.20362e-06
7.20362e-06
7.20362e-06
7.20362e-06
7.20362e-06
7.20362e-06
7.20362e-06
7.20362e-06
7.20362e-06
7.20362e-06
7.20362e-06
7.20362e-06
7.20362e-06
7.20362e-06
7.20362e-06
7.20362e-06
7.20362e-06
7.20362e-06
7.20362e-06
7.20362e-06
7.20362e-06
7.20362e-06
7.20362e-06
7.20362e-06
7.20362e-06
7.20362e-06
7.20362e-06
7.20362e-06
7.20362e-06
7.20362e-06
7.20362e-06
7.20362e-06
7.20362e-06
7.20362e-06
7.20362e-06
7.20362e-06
7.20362e-06
7.20362e-06
7.20362e-06
7.20362e-06
7.20362e-06
7.20362e-06
7.20362e-06
7.20362e-06
7.20362e-06
7.20362e-06
7.20362e-06
7.20362e-06
7.20362e-06
7.20362e-06
7.20362e-06
7.20362e-06
7.20362e-06
7.20362e-06
7.20362e-06
7.20362e-06
7.20362e-06
7.20362e-06
7.20362e-06
7.20362e-06
7.20362e-06
7.20362e-06
7.20362e-06
7.20362e-06
7.20362e-06
7.20362e-06
7.20362e-06
7.20362e-06
7.20362e-06
7.20362e-06
7.20362e-06
7.20362e-06
7.20362e-06
7.20362e-06
7.20362e-06
7.20362e-06
7.20362e-06
7.20362e-06
7.20362e-06
7.20362e-06
7.20362e-06
7.20362e-06
7.20362e-06
7.20362e-06
7.20362e-06
7.20362e-06
7.20362e-06
7.20362e-06
7.20362e-06
7.20362e-06
7.20362e-06
7.20362e-06
7.20362e-06
7.20362e-06
7.20362e-06
7.20362e-06
7.20362e-06
7.20362e-06
7.20362e-06
7.20362e-06
7.20362e-06
7.20362e-06
7.20362e-06
7.20362e-06
7.20362e-06
7.20362e-06
7.20362e-06
7.20362e-06
7.20362e-06
7.20362e-06
7.20362e-06
7.20362e-06
7.20362e-06
7.20362e-06
7.20362e-06
7.20362e-06
7.20362e-06
7.20362e-06
7.20362e-06
7.20362e-06
7.20362e-06
7.20362e-06
7.20362e-06
7.20362e-06
7.20362e-06
7.20362e-06
7.20362e-06
7.20362e-06
7.20362e-06
7.20362e-06
7.20362e-06
7.20362e-06
7.20362e-06
7.20362e-06
7.20362e-06
7.20362e-06
7.20362e-06
7.20362e-06
7.20362e-06
7.20362e-06
7.20362e-06
7.20362e-06
7.20362e-06
7.20362e-06
7.20362e-06
7.20362e-06
7.20362e-06
7.20362e-06
7.20362e-06
7.20362e-06
7.20362e-06
7.20362e-06
7.20362e-06
7.20362e-06
7.20362e-06
7.20362e-06
7.20362e-06
7.20362e-06
7.20362e-06
7.20362e-06
7.20362e-06
7.20362e-06
7.20362e-06
7.20362e-06
7.20362e-06
7.20362e-06
7.20362e-06
7.20362e-06
7.20362e-06
7.20362e-06
7.20362e-06
7.20362e-06
7.20362e-06
7.20362e-06
7.20362e-06
7.20362e-06
7.20362e-06
7.20362e-06
7.20362e-06
7.20362e-06
7.20362e-06
7.20362e-06
7.20362e-06
7.20362e-06
7.20362e-06
7.20362e-06
7.20362e-06
7.20362e-06
7.20362e-06
7.20362e-06
7.20362e-06
7.20362e-06
7.20362e-06
7.20362e-06
7.20362e-06
7.20362e-06
7.20362e-06
7.20362e-06
7.20362e-06
7.20362e-06
7.20362e-06
7.20362e-06
7.20362e-06
7.20362e-06
7.20362e-06
7.20362e-06
7.20362e-06
7.20362e-06
7.20362e-06
7.20362e-06
7.20362e-06
7.20362e-06
7.20362e-06
7.20362e-06
7.20362e-06
7.20362e-06
7.20362e-06
7.20362e-06
7.20362e-06
7.20362e-06
7.20362e-06
7.20362e-06
7.20362e-06
7.20362e-06
7.20362e-06
7.20362e-06
7.20362e-06
7.20362e-06
7.20362e-06
7.20362e-06
7.20362e-06
7.20362e-06
7.20362e-06
7.20362e-06
7.20362e-06
7.20362e-06
7.20362e-06
7.20362e-06
7.20362e-06
7.20362e-06
7.20362e-06
7.20362e-06
7.20362e-06
7.20362e-06
7.20362e-06
7.20362e-06
7.20362e-06
7.20362e-06
7.20362e-06
7.20362e-06
7.20362e-06
7.20362e-06
7.20362e-06
7.20362e-06
7.20362e-06
7.20362e-06
7.20362e-06
7.20362e-06
7.20362e-06
7.20362e-06
7.20362e-06
7.20362e-06
7.20362e-06
7.20362e-06
7.20362e-06
7.20362e-06
7.20362e-06
7.20362e-06
7.20362e-06
7.20362e-06
7.20362e-06
7.20362e-06
7.20362e-06
7.20362e-06
7.20362e-06
7.20362e-06
7.20362e-06
7.20362e-06
7.20362e-06
7.20362e-06
7.20362e-06
7.20362e-06
7.20362e-06
7.20362e-06
7.20362e-06
7.20362e-06
7.20362e-06
7.20362e-06
7.20362e-06
7.20362e-06
7.20362e-06
7.20362e-06
7.20362e-06
7.20362e-06
7.20362e-06
7.20362e-06
7.20362e-06
7.20362e-06
7.20362e-06
7.20362e-06
7.20362e-06
7.20362e-06
7.20362e-06
7.20362e-06
7.20362e-06
7.20362e-06
7.20362e-06
7.20362e-06
7.20362e-06
7.20362e-06
7.20362e-06
7.20362e-06
7.20362e-06
7.20362e-06
7.20362e-06
7.20362e-06
7.20362e-06
7.20362e-06
7.20362e-06
7.20362e-06
7.20362e-06
7.20362e-06
7.20362e-06
7.20362e-06
7.20362e-06
7.20362e-06
7.20362e-06
7.20362e-06
7.20362e-06
7.20362e-06
7.20362e-06
7.20362e-06
7.20362e-06
7.20362e-06
7.20362e-06
7.20362e-06
7.20362e-06
7.20362e-06
7.20362e-06
7.20362e-06
7.20362e-06
7.20362e-06
7.20362e-06
7.20362e-06
7.20362e-06
7.20362e-06
7.20362e-06
7.20362e-06
7.20362e-06
7.20362e-06
7.20362e-06
7.20362e-06
7.20362e-06
7.20362e-06
7.20362e-06
7.20362e-06
7.20362e-06
7.20362e-06
7.20362e-06
7.20362e-06
7.20362e-06
7.20362e-06
7.20362e-06
7.20362e-06
7.20362e-06
7.20362e-06
7.20362e-06
7.20362e-06
7.20362e-06
7.20362e-06
7.20362e-06
7.20362e-06
7.20362e-06
7.20362e-06
7.20362e-06
7.20362e-06
7.20362e-06
7.20362e-06
7.20362e-06
7.20362e-06
7.20362e-06
7.20362e-06
7.20362e-06
7.20362e-06
7.20362e-06
7.20362e-06
7.20362e-06
7.20362e-06
7.20362e-06
7.20362e-06
7.20362e-06
7.20362e-06
7.20362e-06
7.20362e-06
7.20362e-06
7.20362e-06
7.20362e-06
7.20362e-06
7.20362e-06
7.20362e-06
7.20362e-06
7.20362e-06
7.20362e-06
7.20362e-06
7.20362e-06
7.20362e-06
7.20362e-06
7.20362e-06
7.20362e-06
7.20362e-06
7.20362e-06
7.20362e-06
7.20362e-06
7.20362e-06
7.20362e-06
7.20362e-06
7.20362e-06
7.20362e-06
7.20362e-06
7.20362e-06
7.20362e-06
7.20362e-06
7.20362e-06
7.20362e-06
7.20362e-06
7.20362e-06
7.20362e-06
7.20362e-06
7.20362e-06
7.20362e-06
7.20362e-06
7.20362e-06
7.20362e-06
7.20362e-06
7.20362e-06
7.20362e-06
7.20362e-06
7.20362e-06
7.20362e-06
7.20362e-06
7.20362e-06
7.20362e-06
7.20362e-06
7.20362e-06
7.20362e-06
7.20362e-06
7.20362e-06
7.20362e-06
7.20362e-06
7.20362e-06
7.20362e-06
7.20362e-06
7.20362e-06
7.20362e-06
7.20362e-06
7.20362e-06
7.20362e-06
7.20362e-06
7.20362e-06
7.20362e-06
7.20362e-06
7.20362e-06
7.20362e-06
7.20362e-06
7.20362e-06
7.20362e-06
7.20362e-06
7.20362e-06
7.20362e-06
7.20362e-06
7.20362e-06
7.20362e-06
7.20362e-06
7.20362e-06
7.20362e-06
7.20362e-06
7.20362e-06
7.20362e-06
7.20362e-06
7.20362e-06
7.20362e-06
7.20362e-06
7.20362e-06
7.20362e-06
7.20362e-06
7.20362e-06
7.20362e-06
7.20362e-06
7.20362e-06
7.20362e-06
7.20362e-06
7.20362e-06
7.20362e-06
7.20362e-06
7.20362e-06
7.20362e-06
7.20362e-06
7.20362e-06
7.20362e-06
7.20362e-06
7.20362e-06
7.20362e-06
7.20362e-06
7.20362e-06
7.20362e-06
7.20362e-06
7.20362e-06
7.20362e-06
7.20362e-06
7.20362e-06
7.20362e-06
7.20362e-06
7.20362e-06
7.20362e-06
7.20362e-06
7.20362e-06
7.20362e-06
7.20362e-06
7.20362e-06
7.20362e-06
7.20362e-06
7.20362e-06
7.20362e-06
7.20362e-06
7.20362e-06
7.20362e-06
7.20362e-06
7.20362e-06
7.20362e-06
7.20362e-06
7.20362e-06
7.20362e-06
7.20362e-06
7.20362e-06
7.20362e-06
7.20362e-06
7.20362e-06
7.20362e-06
7.20362e-06
7.20362e-06
7.20362e-06
7.20362e-06
7.20362e-06
7.20362e-06
7.20362e-06
7.20362e-06
7.20362e-06
7.20362e-06
7.20362e-06
7.20362e-06
7.20362e-06
7.20362e-06
7.20362e-06
7.20362e-06
7.20362e-06
7.20362e-06
7.20362e-06
7.20362e-06
7.20362e-06
7.20362e-06
7.20362e-06
7.20362e-06
7.20362e-06
7.20362e-06
7.20362e-06
7.20362e-06
7.20362e-06
7.20362e-06
7.20362e-06
7.20362e-06
7.20362e-06
7.20362e-06
7.20362e-06
7.20362e-06
7.20362e-06
7.20362e-06
7.20362e-06
7.20362e-06
7.20362e-06
7.20362e-06
7.20362e-06
7.20362e-06
7.20362e-06
7.20362e-06
7.20362e-06
7.20362e-06
7.20362e-06
7.20362e-06
7.20362e-06
7.20362e-06
7.20362e-06
7.20362e-06
7.20362e-06
7.20362e-06
7.20362e-06
7.20362e-06
7.20362e-06
7.20362e-06
7.20362e-06
7.20362e-06
7.20362e-06
7.20362e-06
7.20362e-06
7.20362e-06
7.20362e-06
7.20362e-06
7.20362e-06
7.20362e-06
7.20362e-06
7.20362e-06
7.20362e-06
7.20362e-06
7.20362e-06
7.20362e-06
7.20362e-06
7.20362e-06
7.20362e-06
7.20362e-06
7.20362e-06
7.20362e-06
7.20362e-06
7.20362e-06
7.20362e-06
7.20362e-06
7.20362e-06
7.20362e-06
7.20362e-06
7.20362e-06
7.20362e-06
7.20362e-06
7.20362e-06
7.20362e-06
7.20362e-06
7.20362e-06
7.20362e-06
7.20362e-06
7.20362e-06
7.20362e-06
7.20362e-06
7.20362e-06
7.20362e-06
7.20362e-06
7.20362e-06
7.20362e-06
7.20362e-06
7.20362e-06
7.20362e-06
7.20362e-06
7.20362e-06
7.20362e-06
7.20362e-06
7.20362e-06
7.20362e-06
7.20362e-06
7.20362e-06
7.20362e-06
7.20362e-06
7.20362e-06
7.20362e-06
7.20362e-06
7.20362e-06
7.20362e-06
7.20362e-06
7.20362e-06
7.20362e-06
7.20362e-06
7.20362e-06
7.20362e-06
7.20362e-06
7.20362e-06
7.20362e-06
7.20362e-06
7.20362e-06
7.20362e-06
7.20362e-06
7.20362e-06
7.20362e-06
7.20362e-06
7.20362e-06
7.20362e-06
7.20362e-06
7.20362e-06
7.20362e-06
7.20362e-06
7.20362e-06
7.20362e-06
7.20362e-06
7.20362e-06
7.20362e-06
7.20362e-06
7.20362e-06
7.20362e-06
7.20362e-06
7.20362e-06
7.20362e-06
7.20362e-06
7.20362e-06
7.20362e-06
7.20362e-06
7.20362e-06
7.20362e-06
7.20362e-06
7.20362e-06
7.20362e-06
7.20362e-06
7.20362e-06
7.20362e-06
7.20362e-06
7.20362e-06
7.20362e-06
7.20362e-06
7.20362e-06
7.20362e-06
7.20362e-06
7.20362e-06
7.20362e-06
7.20362e-06
7.20362e-06
7.20362e-06
7.20362e-06
7.20362e-06
7.20362e-06
7.20362e-06
7.20362e-06
7.20362e-06
7.20362e-06
7.20362e-06
7.20362e-06
7.20362e-06
7.20362e-06
7.20362e-06
7.20362e-06
7.20362e-06
7.20362e-06
7.20362e-06
7.20362e-06
7.20362e-06
7.20362e-06
7.20362e-06
7.20362e-06
7.20362e-06
7.20362e-06
7.20362e-06
7.20362e-06
7.20362e-06
7.20362e-06
7.20362e-06
7.20362e-06
7.20362e-06
7.20362e-06
7.20362e-06
7.20362e-06
7.20362e-06
7.20362e-06
7.20362e-06
7.20362e-06
7.20362e-06
7.20362e-06
7.20362e-06
7.20362e-06
7.20362e-06
7.20362e-06
7.20362e-06
7.20362e-06
7.20362e-06
7.20362e-06
7.20362e-06
7.20362e-06
7.20362e-06
7.20362e-06
7.20362e-06
7.20362e-06
7.20362e-06
7.20362e-06
7.20362e-06
7.20362e-06
7.20362e-06
7.20362e-06
7.20362e-06
7.20362e-06
7.20362e-06
7.20362e-06
7.20362e-06
7.20362e-06
7.20362e-06
7.20362e-06
7.20362e-06
7.20362e-06
7.20362e-06
7.20362e-06
7.20362e-06
7.20362e-06
7.20362e-06
7.20362e-06
7.20362e-06
7.20362e-06
7.20362e-06
7.20362e-06
7.20362e-06
7.20362e-06
7.20362e-06
7.20362e-06
7.20362e-06
7.20362e-06
7.20362e-06
7.20362e-06
7.20362e-06
7.20362e-06
7.20362e-06
7.20362e-06
7.20362e-06
7.20362e-06
7.20362e-06
7.20362e-06
7.20362e-06
7.20362e-06
7.20362e-06
7.20362e-06
7.20362e-06
7.20362e-06
7.20362e-06
7.20362e-06
7.20362e-06
7.20362e-06
7.20362e-06
7.20362e-06
7.20362e-06
7.20362e-06
7.20362e-06
7.20362e-06
7.20362e-06
7.20362e-06
7.20362e-06
7.20362e-06
7.20362e-06
7.20362e-06
7.20362e-06
7.20362e-06
7.20362e-06
7.20362e-06
7.20362e-06
7.20362e-06
7.20362e-06
7.20362e-06
7.20362e-06
7.20362e-06
7.20362e-06
7.20362e-06
7.20362e-06
7.20362e-06
7.20362e-06
7.20362e-06
7.20362e-06
7.20362e-06
7.20362e-06
7.20362e-06
7.20362e-06
7.20362e-06
7.20362e-06
7.20362e-06
7.20362e-06
7.20362e-06
7.20362e-06
7.20362e-06
7.20362e-06
7.20362e-06
7.20362e-06
7.20362e-06
7.20362e-06
7.20362e-06
7.20362e-06
7.20362e-06
7.20362e-06
7.20362e-06
7.20362e-06
7.20362e-06
7.20362e-06
7.20362e-06
7.20362e-06
7.20362e-06
7.20362e-06
7.20362e-06
7.20362e-06
7.20362e-06
7.20362e-06
7.20362e-06
7.20362e-06
7.20362e-06
7.20362e-06
7.20362e-06
7.20362e-06
7.20362e-06
7.20362e-06
7.20362e-06
7.20362e-06
7.20362e-06
7.20362e-06
7.20362e-06
7.20362e-06
7.20362e-06
7.20362e-06
7.20362e-06
7.20362e-06
7.20362e-06
7.20362e-06
7.20362e-06
7.20362e-06
7.20362e-06
7.20362e-06
7.20362e-06
7.20362e-06
7.20362e-06
7.20362e-06
7.20362e-06
7.20362e-06
7.20362e-06
7.20362e-06
7.20362e-06
7.20362e-06
7.20362e-06
7.20362e-06
7.20362e-06
7.20362e-06
7.20362e-06
7.20362e-06
7.20362e-06
7.20362e-06
7.20362e-06
7.20362e-06
7.20362e-06
7.20362e-06
7.20362e-06
7.20362e-06
7.20362e-06
7.20362e-06
7.20362e-06
7.20362e-06
7.20362e-06
7.20362e-06
7.20362e-06
7.20362e-06
7.20362e-06
7.20362e-06
7.20362e-06
7.20362e-06
7.20362e-06
7.20362e-06
7.20362e-06
7.20362e-06
7.20362e-06
7.20362e-06
7.20362e-06
7.20362e-06
7.20362e-06
7.20362e-06
7.20362e-06
7.20362e-06
7.20362e-06
7.20362e-06
7.20362e-06
7.20362e-06
7.20362e-06
7.20362e-06
7.20362e-06
7.20362e-06
7.20362e-06
7.20362e-06
7.20362e-06
7.20362e-06
7.20362e-06
7.20362e-06
7.20362e-06
7.20362e-06
7.20362e-06
7.20362e-06
7.20362e-06
7.20362e-06
7.20362e-06
7.20362e-06
7.20362e-06
7.20362e-06
7.20362e-06
7.20362e-06
7.20362e-06
7.20362e-06
7.20362e-06
7.20362e-06
7.20362e-06
7.20362e-06
7.20362e-06
7.20362e-06
7.20362e-06
7.20362e-06
7.20362e-06
7.20362e-06
7.20362e-06
7.20362e-06
7.20362e-06
7.20362e-06
7.20362e-06
7.20362e-06
7.20362e-06
7.20362e-06
7.20362e-06
7.20362e-06
7.20362e-06
7.20362e-06
7.20362e-06
7.20362e-06
7.20362e-06
7.20362e-06
7.20362e-06
7.20362e-06
7.20362e-06
7.20362e-06
7.20362e-06
7.20362e-06
7.20362e-06
7.20362e-06
7.20362e-06
7.20362e-06
7.20362e-06
7.20362e-06
7.20362e-06
7.20362e-06
7.20362e-06
7.20362e-06
7.20362e-06
7.20362e-06
7.20362e-06
7.20362e-06
7.20362e-06
7.20362e-06
7.20362e-06
7.20362e-06
7.20362e-06
7.20362e-06
7.20362e-06
7.20362e-06
7.20362e-06
7.20362e-06
7.20362e-06
7.20362e-06
7.20362e-06
7.20362e-06
7.20362e-06
7.20362e-06
7.20362e-06
7.20362e-06
7.20362e-06
7.20362e-06
7.20362e-06
7.20362e-06
7.20362e-06
7.20362e-06
7.20362e-06
7.20362e-06
7.20362e-06
7.20362e-06
7.20362e-06
7.20362e-06
7.20362e-06
7.20362e-06
7.20362e-06
7.20362e-06
7.20362e-06
7.20362e-06
7.20362e-06
7.20362e-06
7.20362e-06
7.20362e-06
7.20362e-06
7.20362e-06
7.20362e-06
7.20362e-06
7.20362e-06
7.20362e-06
7.20362e-06
7.20362e-06
7.20362e-06
7.20362e-06
7.20362e-06
7.20362e-06
7.20362e-06
7.20362e-06
7.20362e-06
7.20362e-06
7.20362e-06
7.20362e-06
7.20362e-06
7.20362e-06
7.20362e-06
7.20362e-06
7.20362e-06
7.20362e-06
7.20362e-06
7.20362e-06
7.20362e-06
7.20362e-06
7.20362e-06
7.20362e-06
7.20362e-06
7.20362e-06
7.20362e-06
7.20362e-06
7.20362e-06
7.20362e-06
7.20362e-06
7.20362e-06
7.20362e-06
7.20362e-06
7.20362e-06
7.20362e-06
7.20362e-06
7.20362e-06
7.20362e-06
7.20362e-06
7.20362e-06
7.20362e-06
7.20362e-06
7.20362e-06
7.20362e-06
7.20362e-06
7.20362e-06
7.20362e-06
7.20362e-06
7.20362e-06
7.20362e-06
7.20362e-06
7.20362e-06
7.20362e-06
7.20362e-06
7.20362e-06
7.20362e-06
7.20362e-06
7.20362e-06
7.20362e-06
7.20362e-06
7.20362e-06
7.20362e-06
7.20362e-06
7.20362e-06
7.20362e-06
7.20362e-06
7.20362e-06
7.20362e-06
7.20362e-06
7.20362e-06
7.20362e-06
7.20362e-06
7.20362e-06
7.20362e-06
7.20362e-06
7.20362e-06
7.20362e-06
7.20362e-06
7.20362e-06
7.20362e-06
7.20362e-06
7.20362e-06
7.20362e-06
7.20362e-06
7.20362e-06
7.20362e-06
7.20362e-06
7.20362e-06
7.20362e-06
7.20362e-06
7.20362e-06
7.20362e-06
7.20362e-06
7.20362e-06
7.20362e-06
7.20362e-06
7.20362e-06
7.20362e-06
7.20362e-06
7.20362e-06
7.20362e-06
7.20362e-06
7.20362e-06
7.20362e-06
7.20362e-06
7.20362e-06
7.20362e-06
7.20362e-06
7.20362e-06
7.20362e-06
7.20362e-06
7.20362e-06
7.20362e-06
7.20362e-06
7.20362e-06
7.20362e-06
7.20362e-06
7.20362e-06
7.20362e-06
7.20362e-06
7.20362e-06
7.20362e-06
7.20362e-06
7.20362e-06
7.20362e-06
7.20362e-06
7.20362e-06
7.20362e-06
7.20362e-06
7.20362e-06
7.20362e-06
7.20362e-06
7.20362e-06
7.20362e-06
7.20362e-06
7.20362e-06
7.20362e-06
7.20362e-06
7.20362e-06
7.20362e-06
7.20362e-06
7.20362e-06
7.20362e-06
7.20362e-06
7.20362e-06
7.20362e-06
7.20362e-06
7.20362e-06
7.20362e-06
7.20362e-06
7.20362e-06
7.20362e-06
7.20362e-06
7.20362e-06
7.20362e-06
7.20362e-06
7.20362e-06
7.20362e-06
7.20362e-06
7.20362e-06
7.20362e-06
7.20362e-06
7.20362e-06
7.20362e-06
7.20362e-06
7.20362e-06
7.20362e-06
7.20362e-06
7.20362e-06
7.20362e-06
7.20362e-06
7.20362e-06
7.20362e-06
7.20362e-06
7.20362e-06
7.20362e-06
7.20362e-06
7.20362e-06
7.20362e-06
7.20362e-06
7.20362e-06
7.20362e-06
7.20362e-06
7.20362e-06
7.20362e-06
7.20362e-06
7.20362e-06
7.20362e-06
7.20362e-06
7.20362e-06
7.20362e-06
7.20362e-06
7.20362e-06
7.20362e-06
7.20362e-06
7.20362e-06
7.20362e-06
7.20362e-06
7.20362e-06
7.20362e-06
7.20362e-06
7.20362e-06
7.20362e-06
7.20362e-06
7.20362e-06
7.20362e-06
7.20362e-06
7.20362e-06
7.20362e-06
7.20362e-06
7.20362e-06
7.20362e-06
7.20362e-06
7.20362e-06
7.20362e-06
7.20362e-06
7.20362e-06
7.20362e-06
7.20362e-06
7.20362e-06
7.20362e-06
7.20362e-06
7.20362e-06
7.20362e-06
7.20362e-06
7.20362e-06
7.20362e-06
7.20362e-06
7.20362e-06
7.20362e-06
7.20362e-06
7.20362e-06
7.20362e-06
7.20362e-06
7.20362e-06
7.20362e-06
7.20362e-06
7.20362e-06
7.20362e-06
7.20362e-06
7.20362e-06
7.20362e-06
7.20362e-06
7.20362e-06
7.20362e-06
7.20362e-06
7.20362e-06
7.20362e-06
7.20362e-06
7.20362e-06
7.20362e-06
7.20362e-06
7.20362e-06
7.20362e-06
7.20362e-06
7.20362e-06
7.20362e-06
7.20362e-06
7.20362e-06
7.20362e-06
7.20362e-06
7.20362e-06
7.20362e-06
7.20362e-06
7.20362e-06
7.20362e-06
7.20362e-06
7.20362e-06
7.20362e-06
7.20362e-06
7.20362e-06
7.20362e-06
7.20362e-06
7.20362e-06
7.20362e-06
7.20362e-06
7.20362e-06
7.20362e-06
7.20362e-06
7.20362e-06
7.20362e-06
7.20362e-06
7.20362e-06
7.20362e-06
7.20362e-06
7.20362e-06
7.20362e-06
7.20362e-06
7.20362e-06
7.20362e-06
7.20362e-06
7.20362e-06
7.20362e-06
7.20362e-06
7.20362e-06
7.20362e-06
7.20362e-06
7.20362e-06
7.20362e-06
7.20362e-06
7.20362e-06
7.20362e-06
7.20362e-06
7.20362e-06
7.20362e-06
7.20362e-06
7.20362e-06
7.20362e-06
7.20362e-06
7.20362e-06
7.20362e-06
7.20362e-06
7.20362e-06
7.20362e-06
7.20362e-06
7.20362e-06
7.20362e-06
7.20362e-06
7.20362e-06
7.20362e-06
7.20362e-06
7.20362e-06
7.20362e-06
7.20362e-06
7.20362e-06
7.20362e-06
7.20362e-06
7.20362e-06
7.20362e-06
7.20362e-06
7.20362e-06
7.20362e-06
7.20362e-06
7.20362e-06
7.20362e-06
7.20362e-06
7.20362e-06
7.20362e-06
7.20362e-06
7.20362e-06
7.20362e-06
7.20362e-06
7.20362e-06
7.20362e-06
7.20362e-06
7.20362e-06
7.20362e-06
7.20362e-06
7.20362e-06
7.20362e-06
7.20362e-06
7.20362e-06
7.20362e-06
7.20362e-06
7.20362e-06
7.20362e-06
7.20362e-06
7.20362e-06
7.20362e-06
7.20362e-06
7.20362e-06
7.20362e-06
7.20362e-06
7.20362e-06
7.20362e-06
7.20362e-06
7.20362e-06
7.20362e-06
7.20362e-06
7.20362e-06
7.20362e-06
7.20362e-06
0
0
0
