127 0
71 1
2898 0
1481 0
882 0
560 1
2830 0
898 0
798 0
1387 0
1031 0
512 1
1932 0
1273 0
463 1
517 0
458 0
451 0
454 0
1364 0
1408 0
1250 0
722 0
1363 0
634 0
1109 0
578 0
695 0
978 0
728 0
742 0
325 0
378 0
29 0
889 0
350 1
1969 0
1810 0
540 0
58 1
2831 0
684 0
211 1
153 1
861 0
337 0
101 1
340 0
76 1
1924 0
311 1
982 0
571 0
1214 0
825 1
389 1
917 0
495 0
1345 0
966 0
1123 0
1322 0
992 0
1954 0
236 0
758 0
2843 0
706 0
218 1
14 1
1259 0
834 0
285 1
234 0
594 1
1438 0
2924 0
1135 0
2002 0
1203 0
2864 0
96 0
1778 0
486 1
1354 0
160 0
569 0
8 2
98 1
1278 0
2045 0
1000 0
1381 0
43 1
1396 0
686 0
2033 0
391 1
943 0
193 1
288 1
1887 0
119 0
586 0
180 0
1375 0
2870 0
2859 0
1877 0
246 0
999 0
61 1
430 0
447 0
1446 0
536 0
1315 0
1130 0
415 0
1688 0
1266 0
189 1
1292 0
2849 0
480 0
1153 0
438 0
107 1
87 0
1022 0
1458 0
444 0
508 1
953 0
1336 0
221 0
39 1
1424 0
558 0
1089 0
12 1
417 1
784 0
260 0
573 0
1084 0
1144 0
762 0
638 0
734 0
1723 0
875 0
1 3
136 0
506 0
116 1
144 0
1440 0
661 0
381 0
1471 0
581 0
308 0
906 0
1349 0
177 0
678 0
373 0
1975 0
773 0
205 0
22 1
1973 0
1991 0
927 0
1309 0
1752 0
301 0
2874 0
51 2
1260 0
456 0
874 0
652 0
975 0
493 0
1911 0
1436 0
1033 0
2034 0
1320 0
2029 0
1026 0
366 0
844 0
1541 0
1390 0
1993 0
272 1
1893 0
775 0
1469 0
3010 0
746 0
919 0
534 1
400 1
744 0
1268 0
20 2
633 0
1983 0
1372 0
1011 0
2023 0
1977 0
151 0
1754 0
468 0
1285 0
1952 0
1019 0
700 0
287 1
1927 0
475 0
78 2
1380 0
990 0
294 0
413 0
932 0
1442 0
764 0
349 1
1959 0
515 0
1981 0
2545 0
1242 0
2761 0
2996 0
1107 0
138 0
1874 0
1383 0
606 0
137 1
1414 0
1855 0
724 0
432 0
666 0
519 0
860 0
17 2
1327 0
1274 0
708 0
110 0
1995 0
333 0
710 0
1656 0
323 1
856 0
112 0
545 0
2658 0
191 0
187 0
588 1
646 0
756 0
446 0
262 0
1944 0
212 0
2842 0
1331 0
1149 0
2900 0
542 0
1305 0
961 0
1087 0
1288 0
2099 0
810 0
574 0
170 1
33 2
660 0
7 2
227 0
26 2
977 0
566 0
526 0
1901 0
1937 0
2013 0
264 0
255 1
1885 0
359 1
182 1
108 1
604 0
1001 0
556 0
717 0
232 1
477 0
815 0
671 0
1338 0
1182 0
225 1
1447 0
330 0
142 0
207 1
167 1
48 2
360 0
692 0
663 0
1907 0
854 0
1945 0
969 0
1988 0
1946 0
766 0
510 0
393 0
3020 0
449 0
658 0
274 0
549 0
659 0
877 0
1128 0
1141 0
682 0
353 1
375 0
984 0
1155 0
2833 0
946 0
128 0
303 0
250 1
1361 0
614 0
2963 0
501 0
2959 0
278 1
490 0
130 0
155 1
1373 0
53 2
1465 0
1302 0
1913 0
626 0
1112 0
1397 0
941 0
461 0
583 0
2712 0
1426 0
257 0
1358 0
1879 0
951 0
782 0
85 0
809 0
1156 0
425 0
1869 0
591 0
832 0
736 0
539 0
2876 0
781 0
828 0
276 1
1920 0
102 1
1950 0
520 0
2037 0
532 1
1404 0
55 1
1890 0
259 0
57 0
424 0
872 0
163 0
1402 0
1106 0
1836 0
1146 0
395 0
89 0
175 1
584 0
988 0
35 1
1882 0
1421 0
347 0
1333 0
2827 0
665 0
434 1
1476 0
865 0
2758 0
1207 0
904 0
442 0
930 0
649 0
2851 0
689 0
886 0
648 0
642 0
2006 0
1116 0
1764 0
1329 0
2835 0
1028 0
1908 0
198 0
1098 0
1059 0
727 0
939 0
320 0
913 0
811 0
2019 0
2010 0
249 0
361 0
202 0
465 0
184 0
819 0
1127 0
776 0
894 0
1298 0
1819 0
858 0
1459 0
140 1
1984 0
1900 0
1269 0
181 0
412 1
385 0
954 0
1359 0
1479 0
307 0
985 0
1463 0
1467 0
2041 0
830 0
971 0
154 1
754 0
847 0
479 1
1101 0
704 0
326 1
1003 0
1378 0
1462 0
1054 0
681 0
619 0
335 0
1029 0
5 3
698 1
621 0
524 1
1957 0
554 0
552 0
598 0
780 0
1433 0
74 1
240 1
890 0
440 0
1926 0
230 1
1289 0
115 1
299 0
377 0
2024 0
1282 0
602 0
922 0
841 0
1072 0
1394 0
1350 0
612 0
936 0
1391 0
91 1
1277 0
1086 0
701 0
481 0
474 0
867 0
214 1
1976 0
564 0
817 0
563 0
1967 0
731 0
657 0
229 1
768 0
1928 0
503 0
673 0
68 0
315 0
338 1
1947 0
1347 0
1996 0
761 0
576 0
222 0
2911 0
25 2
738 0
484 1
1243 0
1078 0
305 0
928 0
1265 0
623 0
544 0
1114 0
217 1
328 0
239 0
122 1
1223 0
628 0
269 0
878 0
281 1
158 0
363 0
46 1
1316 0
733 0
1418 0
630 0
997 0
36 1
472 0
748 0
1368 0
1449 0
1943 0
317 0
711 0
132 0
1791 0
1254 0
892 0
1314 0
1428 0
546 0
537 0
1474 0
522 0
125 0
1018 0
1423 0
44 1
1125 0
1007 0
667 0
1443 0
741 0
998 0
714 0
313 0
2017 0
529 1
987 0
1324 0
397 0
1150 0
1335 0
908 0
459 1
284 1
823 0
1340 0
903 0
247 0
289 0
165 1
729 0
1753 0
771 0
2 3
401 0
808 0
845 0
186 0
1847 0
1231 0
147 1
973 0
1919 0
2756 0
1938 0
1142 0
1291 0
319 0
915 0
1586 0
1986 0
1456 0
1922 0
404 0
735 0
2004 0
1813 0
974 0
702 0
1271 0
1715 0
344 1
636 0
1406 0
1104 0
561 0
1133 0
209 0
1905 0
1118 0
357 0
1307 0
117 1
1941 0
455 0
600 0
80 0
1875 0
336 0
457 0
1301 0
821 0
696 0
383 0
963 0
297 1
1873 0
1431 0
92 1
2031 0
1889 0
1805 0
980 0
10 2
550 0
1477 0
2922 0
505 0
670 0
958 0
419 0
995 0
837 0
2015 0
290 1
592 0
625 0
149 0
712 0
210 0
1978 0
406 0
173 1
530 0
66 0
19 1
365 0
1030 0
763 0
2026 0
470 0
2021 0
1287 0
1895 0
2038 0
570 0
654 0
1880 0
252 0
883 0
1159 0
283 1
156 0
655 1
421 0
59 1
1998 0
1971 0
1367 0
271 0
1949 0
1256 0
1024 0
1070 0
491 0
864 0
1016 0
219 1
13 2
105 2
925 0
840 0
1896 0
390 0
597 1
111 1
1042 0
1411 0
1955 0
38 2
408 0
1480 0
196 1
945 0
242 1
559 0
32 1
443 0
118 2
206 0
959 0
331 1
358 0
1065 0
737 1
580 0
767 0
805 0
84 1
1020 0
437 0
194 1
220 1
1312 0
1257 0
846 0
1021 0
31 0
1263 0
934 0
1989 0
1861 0
1296 0
948 0
2897 0
1303 0
572 1
968 0
675 0
1398 0
226 0
15 2
1430 0
527 1
431 1
1145 0
382 0
1448 0
62 0
833 0
139 1
1472 0
129 1
926 0
548 0
859 0
1083 0
739 0
1293 0
1110 0
1999 0
876 1
662 1
418 0
933 0
783 0
168 0
135 1
348 0
1152 0
145 1
49 1
178 0
2046 0
1131 0
772 0
124 0
1876 0
627 0
993 0
2868 0
1090 0
1308 0
1429 0
1974 0
1934 0
715 0
1916 0
1374 0
23 1
388 0
364 1
653 1
1425 0
950 0
2957 0
1445 0
509 0
1025 0
1015 0
367 0
976 0
716 0
1886 0
1992 0
940 0
1466 0
485 0
685 0
743 0
778 0
21 1
523 0
720 0
1270 0
460 1
1389 0
1460 0
324 1
723 0
453 0
244 1
1202 0
637 0
351 0
595 0
2838 0
1755 0
1138 0
488 0
752 0
1012 0
835 0
2899 0
1267 0
379 0
1032 0
1386 0
113 1
901 0
152 2
1035 0
452 1
2931 0
1419 0
862 0
295 1
579 1
341 0
1894 0
535 1
77 1
683 0
541 1
64 1
1473 0
765 0
881 0
897 0
312 0
45 0
507 0
405 0
1002 0
237 0
370 0
1963 0
309 1
567 0
416 0
100 1
380 0
914 0
1279 0
300 1
965 0
1439 0
824 1
2974 0
1395 0
120 1
286 1
1148 0
392 1
254 0
1365 0
1407 0
496 1
2829 0
605 0
1987 0
607 0
813 0
2014 0
42 1
759 0
644 0
851 0
399 1
1073 0
235 0
1931 0
694 0
436 0
1342 0
1802 0
94 0
213 0
1968 0
816 0
1103 0
1450 0
3011 0
568 0
265 1
296 0
1129 0
791 0
171 1
1143 0
1355 0
1961 0
916 0
386 0
2043 0
1457 0
445 0
200 1
1339 0
1261 0
1352 0
329 0
525 0
2012 0
787 0
27 1
161 1
1902 0
582 0
1884 0
2001 0
1310 0
109 1
1858 0
557 0
718 0
441 0
868 0
672 0
769 0
1140 0
983 0
275 0
1809 0
2035 0
197 2
853 0
751 0
60 1
1067 0
691 0
1400 0
1980 0
1388 0
346 1
911 0
1295 0
427 0
1111 0
677 0
907 0
82 2
650 0
590 0
895 0
69 1
664 1
1157 0
1910 0
1470 0
1878 0
1790 0
224 0
617 0
79 1
1420 0
352 1
1982 0
1006 0
126 0
426 1
1034 0
251 0
369 0
996 0
3005 0
1435 0
651 0
279 0
176 1
956 0
498 0
629 0
483 0
947 0
256 1
1823 0
372 1
1487 0
2028 0
920 0
1284 0
1330 0
428 0
887 0
99 1
72 2
500 1
869 0
1221 0
1933 0
790 0
2022 0
533 0
918 0
1413 0
1122 0
1275 0
1108 0
1598 0
462 0
414 0
1014 0
1209 0
1362 0
263 1
632 0
1371 0
394 0
991 0
514 0
610 0
931 0
725 0
513 0
615 0
50 2
476 0
1994 0
1409 0
1077 0
1136 0
293 0
1272 0
1299 0
1236 0
967 0
2888 0
1326 0
645 0
322 0
469 1
635 0
575 0
1088 0
1452 0
1815 0
1039 0
979 0
709 0
1005 0
28 2
310 1
40 1
192 1
589 0
1337 0
699 0
215 0
687 0
1115 0
960 0
818 0
150 0
1038 0
1707 0
245 1
2908 0
543 1
267 0
1892 0
2044 0
826 0
354 0
1344 0
757 0
332 1
9 0
1099 0
1965 0
745 0
34 2
603 0
90 1
565 0
1410 0
620 1
1346 0
1964 0
1434 0
850 0
937 0
1004 0
891 0
1045 0
16 0
730 0
921 0
1360 0
1069 0
1013 0
233 1
368 0
316 0
994 0
2025 0
611 0
1370 0
849 0
11 1
492 0
208 0
511 0
842 0
93 1
899 0
292 2
2000 0
291 0
374 1
2429 0
199 1
114 1
1306 0
429 0
1939 0
1979 0
1328 0
1899 0
1091 0
73 2
409 0
1929 0
1737 0
1948 0
67 1
241 0
812 0
1962 0
1958 0
489 0
327 1
1970 0
1392 0
944 0
1080 0
1281 0
1113 0
674 0
732 0
1864 0
1317 0
957 0
280 1
273 0
1603 0
471 0
1881 0
622 0
970 0
1416 0
24 2
1936 0
1325 0
104 1
131 1
502 0
1286 0
314 0
1237 0
1264 0
355 1
747 0
553 0
159 0
2563 0
555 0
1037 0
47 1
1427 0
1942 0
1017 0
37 2
855 0
270 0
195 0
2005 0
2042 0
538 0
2828 0
680 0
679 0
831 0
1147 0
521 1
2007 0
1960 0
1332 0
162 0
1923 0
433 0
880 0
1441 0
647 0
1912 0
1399 0
334 0
1206 0
986 0
786 1
740 0
1117 0
1008 0
1997 0
1027 0
103 2
3022 0
201 1
871 0
1401 0
423 0
1953 0
719 0
1139 0
1319 0
2757 0
902 0
827 0
2036 0
2039 0
266 0
1353 0
820 0
174 1
422 0
905 0
97 2
41 2
668 0
52 1
750 0
688 0
1451 0
302 0
774 0
1126 0
1453 0
866 0
910 0
1341 0
693 0
770 0
593 0
188 0
402 0
1940 0
641 0
893 0
1915 0
838 0
616 0
640 0
83 1
804 0
870 0
1121 0
1384 0
896 0
1468 0
1385 0
1464 0
962 0
755 0
1085 0
777 0
2018 0
1906 0
143 0
464 0
1403 0
1891 0
6 1
562 1
1304 0
518 0
1102 0
183 1
497 0
1478 0
439 0
362 0
2852 0
1379 0
169 0
411 0
705 0
478 0
384 0
398 1
836 0
2016 0
955 0
942 0
1376 0
1888 0
407 1
18 3
2030 0
912 0
376 0
785 0
1432 0
599 0
1930 0
587 0
609 0
1393 0
1235 0
190 0
95 1
298 1
923 0
1739 0
601 0
822 0
243 0
231 1
779 0
551 1
148 0
753 0
343 0
504 0
1343 0
981 0
697 0
2404 0
726 0
857 0
707 0
1010 0
106 2
1966 0
964 0
157 0
65 2
2009 0
1909 0
935 0
203 0
261 0
1782 0
1023 0
81 1
321 0
1300 0
86 1
624 0
1158 0
371 1
656 0
1079 0
204 0
2921 0
1990 0
435 0
814 0
1652 0
1482 0
924 0
885 0
884 0
1709 0
339 0
760 0
228 0
863 0
749 0
2027 0
268 1
531 0
829 0
345 0
172 1
596 0
1297 0
1366 0
223 0
721 0
613 0
1897 0
669 0
282 0
420 0
121 0
1066 0
952 0
639 0
989 0
1071 0
494 1
487 0
1348 0
1956 0
238 2
873 0
1137 0
577 0
253 1
448 0
1227 0
1417 0
216 0
852 0
643 0
63 1
1951 0
179 0
1475 0
1105 0
713 0
676 0
1334 0
277 0
938 0
879 0
2839 0
1679 0
1830 0
1262 0
1290 0
1444 0
1883 0
1132 0
929 0
133 0
123 1
1925 0
304 0
631 0
547 0
396 0
258 0
1422 0
1828 0
482 0
949 0
56 1
499 0
1369 0
1151 0
54 0
306 0
70 1
1055 0
166 0
1276 0
88 0
1009 0
141 1
30 1
909 0
403 0
466 0
1124 0
75 1
134 0
618 1
848 0
1829 0
1917 0
450 0
1904 0
1918 0
1323 0
1455 0
1405 0
1060 0
703 0
900 0
1134 0
318 1
972 0
1100 0
473 0
1377 0
2885 0
1461 0
3 2
185 1
248 1
146 1
356 0
4 0
1985 0
528 0
164 0
807 0
2003 0
2040 0
