127 17
71 32
2898 3
1481 6
882 7
560 10
2830 3
898 5
798 7
1387 4
1031 7
512 15
1932 4
1273 7
463 13
517 6
458 13
451 9
454 13
1364 6
1408 6
1250 5
722 7
1363 6
634 9
1109 7
578 8
695 10
978 6
728 8
742 7
325 13
378 12
29 24
889 5
350 10
1969 3
1810 4
540 12
58 34
2831 3
684 8
211 13
153 16
861 6
337 12
101 25
340 15
76 18
1924 3
311 18
982 7
571 10
1214 5
825 9
389 16
917 8
495 11
1345 4
966 7
1123 6
1322 4
992 8
1954 4
236 17
758 6
2843 3
706 7
218 23
14 43
1259 7
834 6
285 23
234 9
594 11
1438 4
2924 3
1135 6
2002 3
1203 6
2864 3
96 25
1778 4
486 19
1354 5
160 19
569 6
8 30
98 28
1278 6
2045 3
1000 7
1381 6
43 24
1396 4
686 7
2033 4
391 15
943 6
193 18
288 14
1887 5
119 8
586 7
180 15
1375 6
2870 3
2859 3
1877 5
246 17
999 5
61 30
430 12
447 13
1446 4
536 8
1315 4
1130 6
415 13
1688 4
1266 6
189 18
1292 4
2849 3
480 9
1153 4
438 10
107 25
87 17
1022 4
1458 4
444 7
508 14
953 6
1336 4
221 11
39 36
1424 4
558 7
1089 6
12 36
417 15
784 10
260 9
573 11
1084 6
1144 3
762 7
638 6
734 9
1723 3
875 8
1 77
136 22
506 13
116 20
144 21
1440 5
661 9
381 12
1471 4
581 8
308 16
906 5
1349 5
177 20
678 11
373 10
1975 3
773 6
205 17
22 36
1973 3
1991 3
927 6
1309 5
1752 4
301 8
2874 3
51 25
1260 6
456 10
874 7
652 6
975 6
493 10
1911 3
1436 4
1033 7
2034 3
1320 4
2029 3
1026 7
366 10
844 5
1541 4
1390 4
1993 3
272 19
1893 3
775 6
1469 4
3010 3
746 8
919 7
534 13
400 16
744 5
1268 5
20 53
633 10
1983 3
1372 6
1011 9
2023 3
1977 3
151 17
1754 4
468 13
1285 5
1952 4
1019 6
700 10
287 13
1927 4
475 10
78 30
1380 5
990 8
294 19
413 10
932 6
1442 3
764 7
349 11
1959 4
515 7
1981 3
2545 3
1242 4
2761 3
2996 3
1107 6
138 20
1874 5
1383 3
606 4
137 23
1414 4
1855 4
724 10
432 14
666 9
519 7
860 5
17 32
1327 5
1274 4
708 5
110 22
1995 3
333 15
710 6
1656 3
323 14
856 6
112 14
545 7
2658 3
191 13
187 15
588 11
646 5
756 7
446 13
262 14
1944 3
212 8
2842 3
1331 4
1149 8
2900 3
542 12
1305 4
961 6
1087 6
1288 5
2099 3
810 7
574 16
170 18
33 30
660 6
7 58
227 12
26 52
977 7
566 7
526 6
1901 4
1937 4
2013 4
264 12
255 11
1885 5
359 14
182 16
108 28
604 6
1001 5
556 8
717 6
232 15
477 6
815 7
671 6
1338 5
1182 4
225 17
1447 4
330 10
142 14
207 18
167 20
48 33
360 9
692 9
663 10
1907 3
854 7
1945 4
969 8
1988 3
1946 3
766 7
510 13
393 8
3020 3
449 9
658 9
274 12
549 9
659 10
877 8
1128 6
1141 5
682 5
353 18
375 14
984 7
1155 4
2833 3
946 5
128 18
303 9
250 18
1361 6
614 9
2963 3
501 7
2959 3
278 21
490 10
130 23
155 31
1373 6
53 35
1465 3
1302 4
1913 4
626 6
1112 6
1397 5
941 4
461 11
583 7
2712 3
1426 5
257 18
1358 4
1879 5
951 6
782 9
85 27
809 7
1156 4
425 9
1869 3
591 10
832 8
736 7
539 6
2876 3
781 9
828 9
276 18
1920 4
102 26
1950 3
520 14
2037 3
532 13
1404 5
55 35
1890 3
259 11
57 27
424 5
872 6
163 13
1402 3
1106 7
1836 4
1146 4
395 18
89 18
175 18
584 6
988 5
35 26
1882 5
1421 5
347 9
1333 4
2827 3
665 10
434 15
1476 3
865 6
2758 3
1207 4
904 5
442 7
930 5
649 7
2851 3
689 6
886 5
648 6
642 11
2006 4
1116 7
1764 4
1329 5
2835 3
1028 7
1908 3
198 15
1098 6
1059 6
727 7
939 4
320 11
913 5
811 7
2019 3
2010 3
249 15
361 17
202 13
465 12
184 12
819 6
1127 4
776 9
894 5
1298 4
1819 4
858 6
1459 5
140 20
1984 3
1900 4
1269 7
181 11
412 13
385 7
954 6
1359 5
1479 5
307 15
985 5
1463 4
1467 5
2041 4
830 9
971 7
154 17
754 7
847 9
479 11
1101 8
704 7
326 16
1003 5
1378 4
1462 5
1054 4
681 6
619 8
335 13
1029 5
5 52
698 11
621 10
524 15
1957 3
554 11
552 11
598 6
780 7
1433 5
74 24
240 22
890 5
440 6
1926 5
230 17
1289 4
115 19
299 13
377 9
2024 3
1282 6
602 7
922 7
841 6
1072 5
1394 3
1350 4
612 6
936 6
1391 4
91 27
1277 6
1086 4
701 5
481 11
474 9
867 6
214 17
1976 4
564 8
817 7
563 6
1967 3
731 6
657 8
229 24
768 6
1928 4
503 6
673 5
68 17
315 16
338 16
1947 3
1347 4
1996 3
761 5
576 8
222 9
2911 3
25 33
738 10
484 15
1243 5
1078 6
305 9
928 6
1265 7
623 7
544 9
1114 7
217 15
328 11
239 13
122 25
1223 3
628 7
269 10
878 8
281 21
158 13
363 13
46 44
1316 5
733 5
1418 5
630 10
997 6
36 24
472 9
748 8
1368 7
1449 3
1943 4
317 11
711 7
132 12
1791 3
1254 6
892 5
1314 4
1428 5
546 7
537 12
1474 4
522 10
125 17
1018 5
1423 5
44 26
1125 7
1007 4
667 8
1443 3
741 7
998 6
714 6
313 10
2017 3
529 13
987 4
1324 5
397 6
1150 7
1335 5
908 6
459 13
284 17
823 8
1340 5
903 6
247 15
289 12
165 17
729 8
1753 4
771 6
2 64
401 8
808 8
845 9
186 13
1847 4
1231 5
147 19
973 6
1919 3
2756 3
1938 4
1142 4
1291 5
319 8
915 8
1586 4
1986 3
1456 5
1922 3
404 8
735 9
2004 3
1813 4
974 8
702 7
1271 6
1715 4
344 16
636 13
1406 4
1104 7
561 11
1133 4
209 9
1905 3
1118 8
357 15
1307 4
117 31
1941 4
455 9
600 7
80 25
1875 5
336 15
457 6
1301 4
821 6
696 10
383 12
963 6
297 12
1873 5
1431 4
92 31
2031 3
1889 3
1805 3
980 5
10 50
550 10
1477 6
2922 3
505 9
670 6
958 6
419 15
995 6
837 6
2015 4
290 25
592 6
625 4
149 17
712 6
210 13
1978 3
406 10
173 18
530 13
66 20
19 38
365 7
1030 7
763 7
2026 3
470 14
2021 3
1287 5
1895 3
2038 3
570 9
654 10
1880 5
252 9
883 6
1159 6
283 13
156 21
655 12
421 6
59 40
1998 4
1971 4
1367 7
271 14
1949 3
1256 6
1024 6
1070 6
491 8
864 5
1016 5
219 22
13 38
105 31
925 6
840 6
1896 3
390 11
597 15
111 16
1042 4
1411 4
1955 4
38 29
408 10
1480 6
196 21
945 5
242 16
559 6
32 36
443 8
118 21
206 15
959 8
331 17
358 14
1065 6
737 10
580 6
767 6
805 5
84 25
1020 7
437 9
194 22
220 25
1312 4
1257 3
846 7
1021 6
31 18
1263 6
934 5
1989 3
1861 4
1296 5
948 6
2897 3
1303 4
572 13
968 7
675 7
1398 6
226 20
15 47
1430 3
527 13
431 12
1145 4
382 14
1448 4
62 20
833 7
139 22
1472 4
129 20
926 6
548 5
859 7
1083 5
739 10
1293 4
1110 7
1999 3
876 10
662 10
418 10
933 6
783 8
168 24
135 17
348 9
1152 5
145 25
49 35
178 20
2046 3
1131 4
772 7
124 14
1876 4
627 4
993 8
2868 3
1090 6
1308 5
1429 5
1974 4
1934 3
715 6
1916 4
1374 7
23 35
388 9
364 16
653 10
1425 5
950 5
2957 3
1445 4
509 9
1025 7
1015 5
367 12
976 5
716 8
1886 4
1992 4
940 4
1466 3
485 12
685 7
743 6
778 9
21 41
523 5
720 4
1270 6
460 15
1389 4
1460 4
324 16
723 8
453 13
244 24
1202 4
637 8
351 12
595 11
2838 3
1755 3
1138 6
488 6
752 6
1012 5
835 5
2899 3
1267 7
379 11
1032 7
1386 4
113 23
901 7
152 26
1035 7
452 15
2931 3
1419 5
862 5
295 19
579 11
341 9
1894 4
535 12
77 20
683 11
541 10
64 32
1473 5
765 6
881 5
897 6
312 15
45 27
507 13
405 8
1002 5
237 12
370 11
1963 3
309 14
567 8
416 13
100 23
380 12
914 8
1279 4
300 16
965 6
1439 4
824 11
2974 3
1395 3
120 21
286 12
1148 6
392 11
254 14
1365 5
1407 4
496 12
2829 3
605 5
1987 4
607 8
813 9
2014 3
42 19
759 4
644 6
851 9
399 14
1073 4
235 7
1931 4
694 7
436 10
1342 4
1802 4
94 18
213 11
1968 4
816 6
1103 7
1450 4
3011 3
568 7
265 16
296 15
1129 5
791 6
171 25
1143 3
1355 4
1961 3
916 7
386 9
2043 3
1457 3
445 10
200 26
1339 5
1261 7
1352 4
329 15
525 10
2012 3
787 6
27 27
161 25
1902 3
582 7
1884 5
2001 3
1310 4
109 24
1858 4
557 8
718 8
441 12
868 6
672 6
769 6
1140 6
983 5
275 10
1809 4
2035 4
197 21
853 7
751 6
60 30
1067 5
691 7
1400 5
1980 3
1388 4
346 12
911 6
1295 5
427 11
1111 7
677 8
907 7
82 33
650 7
590 10
895 6
69 27
664 11
1157 6
1910 3
1470 4
1878 5
1790 3
224 12
617 7
79 37
1420 5
352 17
1982 4
1006 6
126 28
426 11
1034 7
251 14
369 15
996 7
3005 3
1435 4
651 6
279 14
176 17
956 7
498 7
629 7
483 12
947 6
256 15
1823 3
372 15
1487 4
2028 3
920 6
1284 4
1330 4
428 11
887 5
99 27
72 32
500 12
869 7
1221 6
1933 3
790 6
2022 3
533 9
918 8
1413 5
1122 6
1275 5
1108 5
1598 4
462 11
414 13
1014 5
1209 3
1362 6
263 20
632 9
1371 5
394 18
991 7
514 9
610 10
931 6
725 6
513 11
615 10
50 38
476 10
1994 3
1409 6
1077 5
1136 4
293 11
1272 4
1299 4
1236 3
967 7
2888 3
1326 4
645 7
322 12
469 17
635 10
575 9
1088 6
1452 4
1815 4
1039 7
979 6
709 7
1005 5
28 36
310 18
40 37
192 15
589 9
1337 4
699 10
215 11
687 6
1115 5
960 3
818 6
150 14
1038 6
1707 4
245 17
2908 3
543 10
267 14
1892 3
2044 3
826 8
354 13
1344 4
757 6
332 18
9 33
1099 5
1965 4
745 5
34 37
603 12
90 23
565 7
1410 6
620 10
1346 4
1964 3
1434 4
850 9
937 6
1004 6
891 6
1045 6
16 24
730 7
921 7
1360 5
1069 5
1013 5
233 15
368 11
316 7
994 7
2025 3
611 10
1370 6
849 6
11 51
492 7
208 15
511 7
842 6
93 26
899 5
292 24
2000 3
291 15
374 16
2429 3
199 16
114 22
1306 4
429 12
1939 4
1979 3
1328 4
1899 3
1091 5
73 28
409 16
1929 4
1737 4
1948 4
67 40
241 13
812 8
1962 4
1958 4
489 8
327 18
1970 3
1392 4
944 5
1080 3
1281 6
1113 7
674 6
732 6
1864 3
1317 4
957 5
280 22
273 18
1603 4
471 14
1881 5
622 7
970 7
1416 5
24 30
1936 4
1325 4
104 22
131 26
502 7
1286 4
314 18
1237 3
1264 5
355 15
747 9
553 11
159 13
2563 3
555 11
1037 4
47 21
1427 4
1942 4
1017 5
37 41
855 7
270 9
195 17
2005 3
2042 3
538 9
2828 3
680 8
679 10
831 7
1147 6
521 12
2007 4
1960 3
1332 4
162 18
1923 3
433 8
880 6
1441 3
647 7
1912 3
1399 4
334 8
1206 5
986 6
786 12
740 8
1117 7
1008 6
1997 3
1027 8
103 30
3022 3
201 20
871 8
1401 4
423 9
1953 3
719 5
1139 5
1319 4
2757 3
902 7
827 7
2036 3
2039 3
266 21
1353 4
820 6
174 25
422 11
905 5
97 35
41 47
668 6
52 31
750 7
688 8
1451 4
302 13
774 4
1126 7
1453 3
866 7
910 6
1341 3
693 9
770 7
593 10
188 10
402 11
1940 4
641 11
893 5
1915 3
838 6
616 9
640 8
83 27
804 8
870 4
1121 4
1384 4
896 6
1468 4
1385 4
1464 4
962 5
755 7
1085 5
777 9
2018 3
1906 3
143 10
464 13
1403 5
1891 3
6 41
562 14
1304 5
518 7
1102 7
183 23
497 10
1478 6
439 13
362 14
2852 3
1379 5
169 20
411 13
705 5
478 7
384 14
398 14
836 6
2016 3
955 6
942 4
1376 3
1888 3
407 17
18 39
2030 4
912 5
376 10
785 9
1432 5
599 5
1930 4
587 6
609 7
1393 6
1235 4
190 7
95 24
298 15
923 8
1739 4
601 9
822 8
243 16
231 20
779 11
551 10
148 12
753 6
343 10
504 7
1343 4
981 7
697 12
2404 3
726 5
857 5
707 6
1010 7
106 26
1966 3
964 7
157 14
65 35
2009 4
1909 3
935 6
203 10
261 24
1782 4
1023 4
81 20
321 10
1300 4
86 28
624 9
1158 6
371 17
656 11
1079 4
204 10
2921 3
1990 3
435 11
814 6
1652 4
1482 5
924 6
885 5
884 5
1709 4
339 11
760 7
228 14
863 6
749 7
2027 3
268 23
531 7
829 8
345 6
172 28
596 14
1297 4
1366 5
223 10
721 7
613 7
1897 4
669 6
282 12
420 10
121 27
1066 6
952 4
639 7
989 6
1071 5
494 12
487 10
1348 4
1956 4
238 21
873 6
1137 5
577 10
253 20
448 7
1227 3
1417 5
216 16
852 10
643 9
63 37
1951 4
179 14
1475 3
1105 7
713 7
676 8
1334 5
277 14
938 6
879 9
2839 3
1679 3
1830 4
1262 5
1290 4
1444 3
1883 5
1132 4
929 4
133 17
123 17
1925 4
304 8
631 11
547 8
396 12
258 9
1422 5
1828 4
482 12
949 5
56 30
499 9
1369 7
1151 5
54 20
306 12
70 30
1055 5
166 23
1276 4
88 26
1009 5
141 22
30 20
909 6
403 10
466 8
1124 6
75 20
134 14
618 10
848 6
1829 4
1917 3
450 10
1904 4
1918 3
1323 4
1455 4
1405 3
1060 5
703 5
900 6
1134 4
318 22
972 7
1100 4
473 7
1377 6
2885 3
1461 4
3 31
185 18
248 13
146 22
356 9
4 22
1985 4
528 10
164 17
807 9
2003 3
2040 3
