*Vertices 5998
0.00880717
0.00748394
0.00699012
0.00671205
0.00511075
0.00482788
0.00462173
0.00435325
0.00383546
0.0037971
0.00350944
0.00343753
0.00340876
0.00331767
0.00325055
0.00313069
0.00308275
0.00307796
0.0030396
0.0030396
0.00299166
0.00298686
0.00297727
0.00291495
0.00289577
0.00289098
0.00277591
0.00277591
0.00277112
0.00267044
0.00267044
0.00264167
0.00263688
0.00260332
0.00252181
0.00250743
0.00250264
0.00247387
0.00247387
0.00245469
0.0024499
0.0024451
0.00240675
0.0023684
0.00230607
0.0022821
0.00225813
0.00224854
0.00224374
0.00223895
0.00222457
0.00221498
0.0021958
0.00217183
0.00217183
0.00215265
0.00214786
0.00212868
0.0021143
0.0021095
0.00209512
0.00208074
0.00207115
0.00205676
0.00205197
0.00204238
0.0020232
0.0020232
0.00200882
0.00196567
0.00196088
0.0019465
0.0019417
0.0019417
0.00193211
0.00193211
0.00192732
0.00192252
0.00192252
0.00189376
0.00188417
0.0018602
0.0018602
0.0018554
0.00184102
0.00184102
0.00183623
0.00178349
0.00178349
0.00177869
0.00176431
0.00175952
0.00174993
0.00174513
0.00172116
0.00170678
0.0016876
0.00168281
0.00167322
0.00166842
0.00166842
0.00166842
0.00165884
0.00164925
0.00163007
0.00161569
0.0016013
0.00159172
0.00158692
0.00158213
0.00158213
0.00156774
0.00156295
0.00155336
0.00155336
0.00153898
0.00153418
0.00152939
0.00152939
0.00151501
0.00151021
0.00151021
0.00151021
0.00151021
0.00151021
0.00150542
0.00148145
0.00148145
0.00147186
0.00146227
0.00146227
0.00145268
0.00145268
0.00142391
0.00141912
0.00141912
0.00140953
0.00138077
0.00138077
0.00137597
0.00137597
0.00137597
0.00136159
0.00134241
0.00134241
0.00134241
0.00132803
0.00132803
0.00132323
0.00131844
0.00131364
0.00130885
0.00130885
0.00130885
0.00129926
0.00129447
0.00129447
0.00128967
0.00128967
0.00128488
0.00128488
0.00127529
0.0012657
0.0012657
0.00126091
0.00125611
0.00125611
0.00124652
0.00124173
0.00123694
0.00123214
0.00121776
0.00121776
0.00121296
0.00121296
0.00119858
0.00119858
0.00119858
0.00119379
0.00119379
0.00118899
0.0011842
0.0011842
0.0011842
0.00116502
0.00116023
0.00115543
0.00115064
0.00115064
0.00115064
0.00115064
0.00115064
0.00114584
0.00114105
0.00113625
0.00113146
0.00113146
0.00112187
0.00112187
0.00111228
0.00111228
0.00111228
0.00110749
0.00110269
0.00109311
0.00109311
0.00108352
0.00108352
0.00107872
0.00107393
0.00107393
0.00107393
0.00107393
0.00105955
0.00105955
0.00105475
0.00104516
0.00104037
0.00103557
0.00102119
0.0010164
0.00100681
0.00100681
0.00100681
0.00100201
0.00100201
0.00100201
0.000992425
0.000987631
0.000982836
0.000978042
0.000973248
0.000973248
0.000968453
0.000968453
0.000963659
0.000963659
0.000958865
0.000958865
0.00095407
0.00095407
0.000949276
0.000944482
0.000934893
0.000930099
0.000930099
0.000925304
0.00092051
0.000915716
0.000910921
0.000910921
0.000906127
0.000906127
0.000906127
0.000901333
0.00088695
0.000882156
0.000882156
0.000882156
0.000877361
0.000877361
0.000877361
0.000872567
0.000867773
0.000867773
0.000867773
0.000862978
0.000862978
0.00085339
0.00085339
0.000839007
0.000839007
0.000834212
0.000834212
0.000834212
0.000834212
0.000834212
0.000829418
0.000829418
0.000824624
0.000824624
0.000819829
0.000819829
0.000819829
0.000819829
0.000815035
0.000815035
0.000805446
0.000800652
0.000795858
0.000795858
0.000795858
0.000791063
0.000786269
0.000781475
0.000781475
0.00077668
0.00077668
0.00077668
0.00077668
0.000771886
0.000771886
0.000767092
0.000767092
0.000762297
0.000762297
0.000762297
0.000757503
0.000757503
0.000757503
0.000757503
0.000752709
0.000747914
0.000747914
0.000747914
0.00074312
0.000738326
0.000738326
0.000733531
0.000728737
0.000728737
0.000723943
0.000719149
0.000714354
0.000714354
0.00070956
0.00070956
0.00070956
0.00070956
0.000704766
0.000704766
0.000704766
0.000704766
0.000699971
0.000699971
0.000695177
0.000690383
0.000690383
0.000690383
0.000690383
0.000690383
0.000690383
0.000685588
0.000685588
0.000685588
0.000685588
0.000680794
0.000676
0.000676
0.000676
0.000671205
0.000671205
0.000671205
0.000671205
0.000666411
0.000666411
0.000661617
0.000661617
0.000661617
0.000656822
0.000656822
0.000656822
0.000656822
0.000656822
0.000656822
0.000656822
0.000656822
0.000656822
0.000652028
0.000647234
0.000647234
0.000647234
0.000642439
0.000642439
0.000642439
0.000642439
0.000637645
0.000632851
0.000628056
0.000628056
0.000623262
0.000623262
0.000623262
0.000623262
0.000618468
0.000618468
0.000618468
0.000613673
0.000613673
0.000613673
0.000613673
0.000613673
0.000613673
0.000613673
0.000613673
0.000613673
0.000613673
0.000613673
0.000613673
0.000613673
0.000613673
0.000608879
0.000608879
0.000608879
0.000608879
0.000604085
0.000604085
0.000604085
0.000604085
0.000604085
0.00059929
0.00059929
0.00059929
0.00059929
0.000594496
0.000594496
0.000594496
0.000594496
0.000594496
0.000584907
0.000584907
0.000584907
0.000584907
0.000584907
0.000580113
0.000575319
0.000575319
0.000575319
0.000575319
0.000570524
0.000570524
0.000570524
0.00056573
0.00056573
0.00056573
0.00056573
0.00056573
0.00056573
0.000560936
0.000560936
0.000560936
0.000556142
0.000556142
0.000556142
0.000556142
0.000556142
0.000556142
0.000556142
0.000551347
0.000551347
0.000551347
0.000551347
0.000551347
0.000551347
0.000551347
0.000546553
0.000546553
0.000546553
0.000546553
0.000546553
0.000546553
0.000546553
0.000541759
0.000536964
0.000536964
0.000536964
0.000536964
0.000536964
0.000536964
0.000536964
0.00053217
0.00053217
0.000527376
0.000527376
0.000527376
0.000527376
0.000527376
0.000522581
0.000522581
0.000522581
0.000522581
0.000517787
0.000517787
0.000517787
0.000517787
0.000517787
0.000517787
0.000517787
0.000517787
0.000517787
0.000512993
0.000512993
0.000508198
0.000508198
0.000508198
0.000508198
0.000503404
0.00049861
0.00049861
0.00049861
0.00049861
0.000493815
0.000493815
0.000489021
0.000489021
0.000489021
0.000489021
0.000489021
0.000489021
0.000489021
0.000484227
0.000484227
0.000484227
0.000484227
0.000479432
0.000479432
0.000479432
0.000479432
0.000479432
0.000479432
0.000479432
0.000474638
0.000474638
0.000469844
0.000469844
0.000469844
0.000469844
0.000469844
0.000469844
0.000469844
0.000469844
0.000469844
0.000469844
0.000469844
0.000465049
0.000465049
0.000465049
0.000465049
0.000460255
0.000460255
0.000460255
0.000460255
0.000460255
0.000455461
0.000450666
0.000450666
0.000450666
0.000450666
0.000450666
0.000450666
0.000450666
0.000445872
0.000445872
0.000441078
0.000441078
0.000441078
0.000441078
0.000441078
0.000441078
0.000441078
0.000441078
0.000441078
0.000441078
0.000436283
0.000436283
0.000436283
0.000436283
0.000431489
0.000431489
0.000431489
0.000431489
0.000431489
0.000431489
0.000431489
0.000431489
0.000431489
0.000426695
0.000426695
0.000426695
0.000426695
0.000426695
0.0004219
0.0004219
0.0004219
0.0004219
0.0004219
0.000417106
0.000417106
0.000417106
0.000417106
0.000417106
0.000417106
0.000417106
0.000412312
0.000412312
0.000412312
0.000412312
0.000412312
0.000412312
0.000412312
0.000412312
0.000412312
0.000412312
0.000412312
0.000412312
0.000407517
0.000407517
0.000407517
0.000407517
0.000402723
0.000402723
0.000402723
0.000402723
0.000402723
0.000402723
0.000402723
0.000402723
0.000402723
0.000402723
0.000402723
0.000402723
0.000402723
0.000402723
0.000402723
0.000397929
0.000397929
0.000397929
0.000393135
0.000393135
0.000393135
0.000393135
0.000393135
0.000393135
0.000393135
0.000393135
0.000393135
0.000393135
0.00038834
0.00038834
0.00038834
0.00038834
0.00038834
0.00038834
0.00038834
0.000383546
0.000383546
0.000383546
0.000383546
0.000383546
0.000383546
0.000383546
0.000383546
0.000383546
0.000383546
0.000378752
0.000378752
0.000378752
0.000378752
0.000373957
0.000373957
0.000373957
0.000373957
0.000373957
0.000373957
0.000373957
0.000373957
0.000373957
0.000373957
0.000373957
0.000373957
0.000373957
0.000373957
0.000369163
0.000369163
0.000369163
0.000369163
0.000369163
0.000369163
0.000364369
0.000364369
0.000364369
0.000364369
0.000364369
0.000364369
0.000364369
0.000364369
0.000364369
0.000364369
0.000364369
0.000364369
0.000364369
0.000364369
0.000359574
0.000359574
0.000359574
0.000359574
0.00035478
0.00035478
0.00035478
0.00035478
0.00035478
0.00035478
0.00035478
0.00035478
0.00035478
0.00035478
0.00035478
0.00035478
0.00035478
0.00035478
0.00035478
0.00035478
0.00035478
0.000349986
0.000349986
0.000349986
0.000349986
0.000345191
0.000345191
0.000345191
0.000345191
0.000345191
0.000345191
0.000345191
0.000345191
0.000345191
0.000345191
0.000345191
0.000345191
0.000345191
0.000340397
0.000335603
0.000335603
0.000335603
0.000335603
0.000335603
0.000335603
0.000330808
0.000330808
0.000330808
0.000326014
0.000326014
0.000326014
0.000326014
0.000326014
0.000326014
0.000326014
0.000326014
0.000326014
0.000326014
0.000326014
0.000326014
0.000326014
0.00032122
0.00032122
0.00032122
0.00032122
0.00032122
0.00032122
0.000316425
0.000316425
0.000316425
0.000316425
0.000316425
0.000316425
0.000316425
0.000316425
0.000316425
0.000311631
0.000311631
0.000311631
0.000306837
0.000306837
0.000306837
0.000306837
0.000306837
0.000306837
0.000306837
0.000306837
0.000306837
0.000306837
0.000306837
0.000306837
0.000306837
0.000306837
0.000302042
0.000302042
0.000302042
0.000302042
0.000302042
0.000302042
0.000302042
0.000302042
0.000297248
0.000297248
0.000297248
0.000297248
0.000297248
0.000297248
0.000297248
0.000297248
0.000297248
0.000297248
0.000297248
0.000297248
0.000297248
0.000297248
0.000292454
0.000292454
0.000292454
0.000292454
0.000292454
0.000292454
0.000292454
0.000292454
0.000292454
0.000292454
0.000287659
0.000287659
0.000287659
0.000287659
0.000287659
0.000287659
0.000287659
0.000287659
0.000287659
0.000287659
0.000287659
0.000287659
0.000287659
0.000287659
0.000287659
0.000287659
0.000287659
0.000287659
0.000287659
0.000287659
0.000287659
0.000287659
0.000287659
0.000287659
0.000287659
0.000287659
0.000287659
0.000287659
0.000287659
0.000287659
0.000287659
0.000282865
0.000282865
0.000282865
0.000278071
0.000278071
0.000278071
0.000278071
0.000278071
0.000278071
0.000278071
0.000278071
0.000278071
0.000278071
0.000278071
0.000278071
0.000278071
0.000278071
0.000273276
0.000273276
0.000273276
0.000273276
0.000273276
0.000268482
0.000268482
0.000268482
0.000268482
0.000268482
0.000268482
0.000268482
0.000268482
0.000268482
0.000268482
0.000268482
0.000268482
0.000268482
0.000268482
0.000268482
0.000263688
0.000263688
0.000263688
0.000258893
0.000258893
0.000258893
0.000258893
0.000258893
0.000258893
0.000258893
0.000258893
0.000258893
0.000258893
0.000258893
0.000258893
0.000258893
0.000258893
0.000258893
0.000258893
0.000258893
0.000258893
0.000258893
0.000258893
0.000258893
0.000258893
0.000254099
0.000254099
0.000254099
0.000249305
0.000249305
0.000249305
0.000249305
0.000249305
0.000249305
0.000249305
0.000249305
0.000249305
0.000249305
0.000249305
0.000249305
0.00024451
0.00024451
0.00024451
0.00024451
0.00024451
0.00024451
0.00024451
0.000239716
0.000239716
0.000239716
0.000239716
0.000239716
0.000239716
0.000239716
0.000239716
0.000239716
0.000239716
0.000239716
0.000239716
0.000239716
0.000239716
0.000239716
0.000239716
0.000239716
0.000239716
0.000239716
0.000239716
0.000239716
0.000239716
0.000239716
0.000239716
0.000239716
0.000239716
0.000239716
0.000239716
0.000239716
0.000234922
0.000234922
0.000234922
0.000234922
0.000234922
0.000230128
0.000230128
0.000230128
0.000230128
0.000230128
0.000230128
0.000230128
0.000230128
0.000230128
0.000230128
0.000230128
0.000230128
0.000230128
0.000230128
0.000230128
0.000230128
0.000230128
0.000230128
0.000230128
0.000230128
0.000225333
0.000225333
0.000220539
0.000220539
0.000220539
0.000220539
0.000220539
0.000220539
0.000220539
0.000220539
0.000220539
0.000220539
0.000220539
0.000220539
0.000215745
0.000215745
0.000215745
0.000215745
0.00021095
0.00021095
0.00021095
0.00021095
0.00021095
0.00021095
0.00021095
0.00021095
0.00021095
0.00021095
0.00021095
0.00021095
0.00021095
0.00021095
0.00021095
0.00021095
0.00021095
0.00021095
0.00021095
0.00021095
0.00021095
0.00021095
0.00021095
0.00021095
0.00021095
0.00021095
0.00021095
0.00021095
0.00021095
0.00021095
0.00021095
0.000206156
0.000206156
0.000206156
0.000206156
0.000206156
0.000206156
0.000201362
0.000201362
0.000201362
0.000201362
0.000201362
0.000201362
0.000201362
0.000201362
0.000201362
0.000201362
0.000201362
0.000201362
0.000201362
0.000201362
0.000201362
0.000201362
0.000201362
0.000201362
0.000201362
0.000201362
0.000201362
0.000201362
0.000201362
0.000196567
0.000196567
0.000196567
0.000196567
0.000196567
0.000191773
0.000191773
0.000191773
0.000191773
0.000191773
0.000191773
0.000191773
0.000191773
0.000191773
0.000191773
0.000191773
0.000191773
0.000191773
0.000191773
0.000191773
0.000191773
0.000191773
0.000191773
0.000191773
0.000191773
0.000191773
0.000191773
0.000191773
0.000191773
0.000191773
0.000191773
0.000191773
0.000191773
0.000191773
0.000191773
0.000191773
0.000191773
0.000191773
0.000191773
0.000191773
0.000191773
0.000191773
0.000186979
0.000186979
0.000186979
0.000186979
0.000186979
0.000186979
0.000182184
0.000182184
0.000182184
0.000182184
0.000182184
0.000182184
0.000182184
0.000182184
0.000182184
0.000182184
0.000182184
0.000182184
0.000182184
0.000182184
0.000182184
0.000182184
0.000182184
0.000182184
0.000182184
0.000182184
0.00017739
0.00017739
0.00017739
0.00017739
0.00017739
0.00017739
0.00017739
0.00017739
0.00017739
0.00017739
0.000172596
0.000172596
0.000172596
0.000172596
0.000172596
0.000172596
0.000172596
0.000172596
0.000172596
0.000172596
0.000172596
0.000172596
0.000172596
0.000172596
0.000172596
0.000172596
0.000172596
0.000172596
0.000172596
0.000172596
0.000172596
0.000172596
0.000172596
0.000172596
0.000172596
0.000172596
0.000172596
0.000172596
0.000172596
0.000172596
0.000172596
0.000172596
0.000172596
0.000172596
0.000167801
0.000167801
0.000167801
0.000167801
0.000163007
0.000163007
0.000163007
0.000163007
0.000163007
0.000163007
0.000163007
0.000163007
0.000163007
0.000163007
0.000163007
0.000163007
0.000163007
0.000163007
0.000163007
0.000163007
0.000163007
0.000163007
0.000163007
0.000163007
0.000163007
0.000163007
0.000163007
0.000163007
0.000163007
0.000163007
0.000158213
0.000158213
0.000158213
0.000158213
0.000158213
0.000158213
0.000158213
0.000158213
0.000158213
0.000158213
0.000158213
0.000153418
0.000153418
0.000153418
0.000153418
0.000153418
0.000153418
0.000153418
0.000153418
0.000153418
0.000153418
0.000153418
0.000153418
0.000153418
0.000153418
0.000153418
0.000153418
0.000153418
0.000153418
0.000153418
0.000153418
0.000153418
0.000153418
0.000153418
0.000153418
0.000153418
0.000153418
0.000153418
0.000153418
0.000153418
0.000153418
0.000153418
0.000153418
0.000153418
0.000153418
0.000153418
0.000153418
0.000153418
0.000153418
0.000153418
0.000153418
0.000153418
0.000153418
0.000153418
0.000153418
0.000153418
0.000153418
0.000153418
0.000153418
0.000153418
0.000153418
0.000153418
0.000153418
0.000153418
0.000153418
0.000153418
0.000153418
0.000148624
0.000148624
0.000148624
0.000148624
0.000148624
0.00014383
0.00014383
0.00014383
0.00014383
0.00014383
0.00014383
0.00014383
0.00014383
0.00014383
0.00014383
0.00014383
0.00014383
0.00014383
0.00014383
0.00014383
0.00014383
0.00014383
0.00014383
0.00014383
0.00014383
0.00014383
0.00014383
0.00014383
0.00014383
0.00014383
0.00014383
0.00014383
0.00014383
0.00014383
0.00014383
0.00014383
0.00014383
0.00014383
0.00014383
0.00014383
0.00014383
0.00014383
0.00014383
0.00014383
0.00014383
0.00014383
0.00014383
0.00014383
0.00014383
0.00014383
0.00014383
0.00014383
0.00014383
0.00014383
0.00014383
0.00014383
0.00014383
0.00014383
0.00014383
0.00014383
0.00014383
0.00014383
0.00014383
0.00014383
0.00014383
0.00014383
0.00014383
0.000139035
0.000139035
0.000139035
0.000139035
0.000139035
0.000134241
0.000134241
0.000134241
0.000134241
0.000134241
0.000134241
0.000134241
0.000134241
0.000134241
0.000134241
0.000134241
0.000134241
0.000134241
0.000134241
0.000134241
0.000134241
0.000134241
0.000134241
0.000134241
0.000134241
0.000134241
0.000134241
0.000134241
0.000129447
0.000129447
0.000129447
0.000129447
0.000129447
0.000124652
0.000124652
0.000124652
0.000124652
0.000124652
0.000124652
0.000124652
0.000124652
0.000124652
0.000124652
0.000124652
0.000124652
0.000124652
0.000124652
0.000124652
0.000124652
0.000124652
0.000124652
0.000124652
0.000124652
0.000124652
0.000124652
0.000124652
0.000124652
0.000124652
0.000124652
0.000124652
0.000124652
0.000124652
0.000124652
0.000124652
0.000124652
0.000124652
0.000124652
0.000124652
0.000124652
0.000124652
0.000124652
0.000124652
0.000124652
0.000124652
0.000124652
0.000124652
0.000124652
0.000124652
0.000124652
0.000124652
0.000124652
0.000124652
0.000124652
0.000124652
0.000124652
0.000124652
0.000124652
0.000124652
0.000124652
0.000124652
0.000124652
0.000119858
0.000119858
0.000119858
0.000119858
0.000119858
0.000119858
0.000119858
0.000119858
0.000119858
0.000115064
0.000115064
0.000115064
0.000115064
0.000115064
0.000115064
0.000115064
0.000115064
0.000115064
0.000115064
0.000115064
0.000115064
0.000115064
0.000115064
0.000115064
0.000115064
0.000115064
0.000115064
0.000115064
0.000115064
0.000115064
0.000115064
0.000115064
0.000115064
0.000115064
0.000115064
0.000115064
0.000115064
0.000115064
0.000115064
0.000115064
0.000115064
0.000115064
0.000115064
0.000115064
0.000115064
0.000115064
0.000115064
0.000115064
0.000115064
0.000115064
0.000115064
0.000115064
0.000115064
0.000115064
0.000115064
0.000115064
0.000115064
0.000115064
0.000115064
0.000115064
0.000115064
0.000115064
0.000115064
0.000115064
0.000115064
0.000115064
0.000115064
0.000115064
0.000115064
0.000115064
0.000115064
0.000115064
0.000115064
0.000115064
0.000115064
0.000115064
0.000115064
0.000115064
0.000115064
0.000115064
0.000115064
0.000115064
0.000115064
0.000115064
0.000115064
0.000115064
0.000115064
0.000115064
0.000115064
0.000115064
0.000115064
0.000115064
0.000115064
0.000115064
0.000115064
0.000115064
0.000115064
0.000115064
0.000115064
0.000115064
0.000115064
0.000115064
0.000115064
0.000115064
0.000115064
0.000115064
0.000115064
0.000115064
0.000115064
0.000115064
0.000115064
0.000115064
0.000115064
0.000110269
0.000110269
0.000110269
0.000110269
0.000105475
0.000105475
0.000105475
0.000105475
0.000105475
0.000105475
0.000105475
0.000105475
0.000105475
0.000105475
0.000105475
0.000105475
0.000105475
0.000105475
0.000105475
0.000105475
0.000105475
0.000105475
0.000105475
0.000105475
0.000105475
0.000105475
0.000105475
0.000105475
0.000105475
0.000105475
0.000105475
0.000105475
0.000105475
0.000105475
0.000105475
0.000105475
0.000105475
0.000105475
0.000105475
0.000105475
0.000105475
0.000105475
0.000105475
0.000105475
0.000105475
0.000100681
0.000100681
0.000100681
0.000100681
0.000100681
0.000100681
0.000100681
9.58865e-05
9.58865e-05
9.58865e-05
9.58865e-05
9.58865e-05
9.58865e-05
9.58865e-05
9.58865e-05
9.58865e-05
9.58865e-05
9.58865e-05
9.58865e-05
9.58865e-05
9.58865e-05
9.58865e-05
9.58865e-05
9.58865e-05
9.58865e-05
9.58865e-05
9.58865e-05
9.58865e-05
9.58865e-05
9.58865e-05
9.58865e-05
9.58865e-05
9.58865e-05
9.58865e-05
9.58865e-05
9.58865e-05
9.58865e-05
9.58865e-05
9.58865e-05
9.58865e-05
9.58865e-05
9.58865e-05
9.58865e-05
9.58865e-05
9.58865e-05
9.58865e-05
9.58865e-05
9.58865e-05
9.58865e-05
9.58865e-05
9.58865e-05
9.58865e-05
9.58865e-05
9.58865e-05
9.58865e-05
9.58865e-05
9.58865e-05
9.58865e-05
9.58865e-05
9.58865e-05
9.58865e-05
9.58865e-05
9.58865e-05
9.58865e-05
9.58865e-05
9.58865e-05
9.58865e-05
9.58865e-05
9.58865e-05
9.58865e-05
9.58865e-05
9.58865e-05
9.58865e-05
9.58865e-05
9.58865e-05
9.58865e-05
9.58865e-05
9.58865e-05
9.58865e-05
9.58865e-05
9.58865e-05
9.58865e-05
9.58865e-05
9.58865e-05
9.58865e-05
9.58865e-05
9.58865e-05
9.58865e-05
9.58865e-05
9.58865e-05
9.58865e-05
9.58865e-05
9.58865e-05
9.58865e-05
9.58865e-05
9.58865e-05
9.58865e-05
9.58865e-05
9.58865e-05
9.58865e-05
9.58865e-05
9.58865e-05
9.58865e-05
9.58865e-05
9.58865e-05
9.58865e-05
9.58865e-05
9.58865e-05
9.58865e-05
9.58865e-05
9.58865e-05
9.58865e-05
9.58865e-05
9.58865e-05
9.58865e-05
9.58865e-05
9.58865e-05
9.58865e-05
9.58865e-05
9.58865e-05
9.58865e-05
9.58865e-05
9.58865e-05
9.58865e-05
9.58865e-05
9.58865e-05
9.58865e-05
9.58865e-05
9.58865e-05
9.58865e-05
9.58865e-05
9.58865e-05
9.58865e-05
9.58865e-05
9.58865e-05
9.58865e-05
9.58865e-05
9.58865e-05
9.58865e-05
9.58865e-05
9.58865e-05
9.58865e-05
9.58865e-05
9.58865e-05
9.58865e-05
9.58865e-05
9.58865e-05
9.58865e-05
9.58865e-05
9.58865e-05
9.58865e-05
9.58865e-05
9.58865e-05
9.58865e-05
9.58865e-05
9.58865e-05
9.58865e-05
9.58865e-05
9.58865e-05
9.58865e-05
9.58865e-05
9.58865e-05
9.58865e-05
9.58865e-05
9.10921e-05
9.10921e-05
8.62978e-05
8.62978e-05
8.62978e-05
8.62978e-05
8.62978e-05
8.62978e-05
8.62978e-05
8.62978e-05
8.62978e-05
8.62978e-05
8.62978e-05
8.62978e-05
8.62978e-05
8.62978e-05
8.62978e-05
8.62978e-05
8.62978e-05
8.62978e-05
8.62978e-05
8.62978e-05
8.62978e-05
8.62978e-05
8.62978e-05
8.62978e-05
8.62978e-05
8.62978e-05
8.62978e-05
8.62978e-05
8.62978e-05
8.62978e-05
8.62978e-05
8.62978e-05
8.62978e-05
8.62978e-05
8.62978e-05
8.62978e-05
8.62978e-05
8.62978e-05
8.62978e-05
8.62978e-05
8.62978e-05
8.62978e-05
8.62978e-05
8.62978e-05
8.62978e-05
8.62978e-05
8.62978e-05
8.62978e-05
8.62978e-05
8.62978e-05
8.62978e-05
8.62978e-05
8.62978e-05
8.62978e-05
8.62978e-05
8.62978e-05
8.62978e-05
8.62978e-05
8.62978e-05
8.62978e-05
8.62978e-05
8.62978e-05
8.62978e-05
8.62978e-05
8.62978e-05
8.62978e-05
8.62978e-05
8.62978e-05
8.62978e-05
8.62978e-05
8.62978e-05
8.62978e-05
8.62978e-05
8.62978e-05
8.62978e-05
8.62978e-05
8.62978e-05
8.62978e-05
8.62978e-05
8.62978e-05
8.62978e-05
8.62978e-05
8.62978e-05
8.62978e-05
8.62978e-05
8.62978e-05
8.62978e-05
8.62978e-05
8.62978e-05
8.62978e-05
8.62978e-05
8.62978e-05
8.62978e-05
8.62978e-05
8.62978e-05
8.62978e-05
8.62978e-05
8.62978e-05
8.62978e-05
8.62978e-05
8.62978e-05
8.62978e-05
8.62978e-05
8.62978e-05
8.62978e-05
8.62978e-05
8.62978e-05
8.62978e-05
8.62978e-05
8.62978e-05
8.62978e-05
8.62978e-05
8.62978e-05
8.62978e-05
8.62978e-05
8.62978e-05
8.62978e-05
8.62978e-05
8.62978e-05
8.15035e-05
8.15035e-05
8.15035e-05
8.15035e-05
7.67092e-05
7.67092e-05
7.67092e-05
7.67092e-05
7.67092e-05
7.67092e-05
7.67092e-05
7.67092e-05
7.67092e-05
7.67092e-05
7.67092e-05
7.67092e-05
7.67092e-05
7.67092e-05
7.67092e-05
7.67092e-05
7.67092e-05
7.67092e-05
7.67092e-05
7.67092e-05
7.67092e-05
7.67092e-05
7.67092e-05
7.67092e-05
7.67092e-05
7.67092e-05
7.67092e-05
7.67092e-05
7.67092e-05
7.67092e-05
7.19149e-05
7.19149e-05
7.19149e-05
7.19149e-05
7.19149e-05
7.19149e-05
6.71205e-05
6.71205e-05
6.71205e-05
6.71205e-05
6.71205e-05
6.71205e-05
6.71205e-05
6.71205e-05
6.71205e-05
6.71205e-05
6.71205e-05
6.71205e-05
6.71205e-05
6.71205e-05
6.71205e-05
6.71205e-05
6.71205e-05
6.71205e-05
6.71205e-05
6.71205e-05
6.71205e-05
6.71205e-05
6.71205e-05
6.71205e-05
6.71205e-05
6.71205e-05
6.71205e-05
6.71205e-05
6.71205e-05
6.71205e-05
6.71205e-05
6.71205e-05
6.71205e-05
6.71205e-05
6.71205e-05
6.71205e-05
6.71205e-05
6.71205e-05
6.71205e-05
6.71205e-05
6.71205e-05
6.71205e-05
6.71205e-05
6.71205e-05
6.71205e-05
6.71205e-05
6.71205e-05
6.71205e-05
6.71205e-05
6.71205e-05
6.71205e-05
6.71205e-05
6.71205e-05
6.71205e-05
6.71205e-05
6.71205e-05
6.71205e-05
6.71205e-05
6.71205e-05
6.71205e-05
6.71205e-05
6.71205e-05
6.71205e-05
6.71205e-05
6.71205e-05
6.71205e-05
6.71205e-05
6.71205e-05
6.71205e-05
6.71205e-05
6.71205e-05
6.71205e-05
6.71205e-05
6.71205e-05
6.71205e-05
6.71205e-05
6.71205e-05
6.71205e-05
6.71205e-05
6.71205e-05
6.71205e-05
6.71205e-05
6.71205e-05
6.71205e-05
6.71205e-05
6.71205e-05
6.71205e-05
6.71205e-05
6.71205e-05
6.71205e-05
6.71205e-05
6.71205e-05
6.71205e-05
6.71205e-05
6.23262e-05
6.23262e-05
6.23262e-05
6.23262e-05
6.23262e-05
6.23262e-05
6.23262e-05
6.23262e-05
5.75319e-05
5.75319e-05
5.75319e-05
5.75319e-05
5.75319e-05
5.75319e-05
5.75319e-05
5.75319e-05
5.75319e-05
5.75319e-05
5.75319e-05
5.75319e-05
5.75319e-05
5.75319e-05
5.75319e-05
5.75319e-05
5.75319e-05
5.75319e-05
5.75319e-05
5.75319e-05
5.75319e-05
5.75319e-05
5.75319e-05
5.75319e-05
5.75319e-05
5.75319e-05
5.75319e-05
5.75319e-05
5.75319e-05
5.75319e-05
5.75319e-05
5.75319e-05
5.75319e-05
5.75319e-05
5.75319e-05
5.75319e-05
5.75319e-05
5.75319e-05
5.75319e-05
5.75319e-05
5.75319e-05
5.75319e-05
5.75319e-05
5.75319e-05
5.75319e-05
5.75319e-05
5.75319e-05
5.75319e-05
5.75319e-05
5.75319e-05
5.75319e-05
5.75319e-05
5.75319e-05
5.75319e-05
5.75319e-05
5.75319e-05
5.75319e-05
5.75319e-05
5.75319e-05
5.75319e-05
5.75319e-05
5.75319e-05
5.75319e-05
5.75319e-05
5.75319e-05
5.75319e-05
5.75319e-05
5.75319e-05
5.75319e-05
5.75319e-05
5.75319e-05
5.75319e-05
5.75319e-05
5.75319e-05
5.75319e-05
5.75319e-05
5.75319e-05
5.75319e-05
5.75319e-05
5.75319e-05
5.75319e-05
5.75319e-05
5.75319e-05
5.75319e-05
5.75319e-05
5.75319e-05
5.75319e-05
5.75319e-05
5.75319e-05
5.75319e-05
5.75319e-05
5.75319e-05
5.75319e-05
5.75319e-05
5.75319e-05
5.75319e-05
5.75319e-05
5.75319e-05
5.75319e-05
5.75319e-05
5.75319e-05
5.75319e-05
5.75319e-05
5.75319e-05
5.75319e-05
5.75319e-05
5.75319e-05
5.75319e-05
5.75319e-05
5.75319e-05
5.75319e-05
5.75319e-05
5.75319e-05
5.75319e-05
5.75319e-05
5.75319e-05
5.75319e-05
5.75319e-05
5.75319e-05
5.75319e-05
5.75319e-05
5.75319e-05
5.75319e-05
5.75319e-05
5.75319e-05
5.75319e-05
5.75319e-05
5.75319e-05
5.75319e-05
5.75319e-05
5.75319e-05
5.75319e-05
5.75319e-05
5.75319e-05
5.75319e-05
5.75319e-05
5.75319e-05
5.75319e-05
5.75319e-05
5.75319e-05
5.75319e-05
5.75319e-05
5.75319e-05
5.75319e-05
5.75319e-05
5.75319e-05
5.75319e-05
5.75319e-05
5.75319e-05
5.75319e-05
5.75319e-05
5.75319e-05
5.75319e-05
5.75319e-05
5.75319e-05
5.75319e-05
5.75319e-05
5.75319e-05
5.75319e-05
5.75319e-05
5.75319e-05
5.75319e-05
5.75319e-05
5.75319e-05
5.75319e-05
5.75319e-05
5.75319e-05
5.75319e-05
5.75319e-05
5.75319e-05
5.75319e-05
5.75319e-05
5.75319e-05
5.75319e-05
5.75319e-05
5.75319e-05
5.75319e-05
5.75319e-05
5.75319e-05
5.75319e-05
5.75319e-05
5.75319e-05
5.75319e-05
5.75319e-05
5.75319e-05
5.75319e-05
5.75319e-05
5.75319e-05
5.75319e-05
5.75319e-05
5.75319e-05
5.75319e-05
5.75319e-05
5.75319e-05
5.75319e-05
5.75319e-05
5.75319e-05
5.75319e-05
5.75319e-05
5.75319e-05
5.75319e-05
5.75319e-05
5.75319e-05
5.75319e-05
5.75319e-05
5.75319e-05
5.75319e-05
5.75319e-05
5.75319e-05
5.75319e-05
5.75319e-05
5.75319e-05
5.75319e-05
5.75319e-05
5.75319e-05
5.75319e-05
5.75319e-05
5.75319e-05
5.75319e-05
5.75319e-05
5.75319e-05
5.75319e-05
5.75319e-05
5.75319e-05
5.75319e-05
5.75319e-05
5.75319e-05
5.75319e-05
5.75319e-05
5.75319e-05
5.75319e-05
5.75319e-05
5.75319e-05
5.75319e-05
5.75319e-05
5.75319e-05
5.75319e-05
5.75319e-05
5.75319e-05
5.75319e-05
5.75319e-05
5.75319e-05
5.75319e-05
5.75319e-05
5.75319e-05
5.75319e-05
5.75319e-05
5.75319e-05
5.75319e-05
5.75319e-05
5.75319e-05
5.75319e-05
5.75319e-05
5.75319e-05
5.75319e-05
5.75319e-05
5.75319e-05
5.75319e-05
5.75319e-05
5.75319e-05
5.75319e-05
5.75319e-05
5.75319e-05
5.75319e-05
5.75319e-05
5.75319e-05
5.75319e-05
5.75319e-05
5.75319e-05
5.75319e-05
5.75319e-05
5.75319e-05
5.75319e-05
5.75319e-05
5.75319e-05
5.75319e-05
5.75319e-05
5.75319e-05
5.75319e-05
5.75319e-05
5.75319e-05
5.75319e-05
5.75319e-05
5.75319e-05
5.75319e-05
5.75319e-05
5.75319e-05
5.75319e-05
5.75319e-05
5.75319e-05
5.75319e-05
5.75319e-05
5.75319e-05
5.75319e-05
5.75319e-05
5.75319e-05
5.75319e-05
5.75319e-05
5.75319e-05
5.75319e-05
5.75319e-05
5.75319e-05
5.75319e-05
5.75319e-05
5.75319e-05
5.75319e-05
5.75319e-05
5.75319e-05
5.75319e-05
5.75319e-05
5.75319e-05
5.75319e-05
5.75319e-05
5.75319e-05
5.75319e-05
5.75319e-05
5.75319e-05
5.75319e-05
5.75319e-05
5.75319e-05
5.75319e-05
5.75319e-05
5.75319e-05
5.75319e-05
5.75319e-05
5.75319e-05
5.75319e-05
5.75319e-05
5.75319e-05
5.75319e-05
5.75319e-05
5.75319e-05
5.75319e-05
5.75319e-05
5.75319e-05
5.75319e-05
5.75319e-05
5.75319e-05
5.75319e-05
5.75319e-05
5.75319e-05
5.75319e-05
5.75319e-05
5.75319e-05
5.75319e-05
5.75319e-05
5.75319e-05
5.75319e-05
5.75319e-05
5.75319e-05
5.75319e-05
5.75319e-05
5.75319e-05
5.75319e-05
5.75319e-05
5.75319e-05
5.75319e-05
5.75319e-05
5.75319e-05
5.75319e-05
5.75319e-05
5.75319e-05
5.75319e-05
5.75319e-05
5.75319e-05
5.75319e-05
5.75319e-05
5.75319e-05
5.75319e-05
5.75319e-05
5.75319e-05
5.75319e-05
5.75319e-05
5.75319e-05
5.75319e-05
5.75319e-05
5.75319e-05
5.75319e-05
5.75319e-05
5.75319e-05
5.75319e-05
5.75319e-05
5.75319e-05
5.75319e-05
5.75319e-05
5.75319e-05
5.75319e-05
5.75319e-05
5.75319e-05
5.75319e-05
5.75319e-05
5.75319e-05
5.75319e-05
5.75319e-05
5.75319e-05
5.75319e-05
5.75319e-05
5.75319e-05
5.75319e-05
5.75319e-05
5.75319e-05
5.75319e-05
5.75319e-05
5.75319e-05
5.75319e-05
5.75319e-05
5.75319e-05
5.75319e-05
5.75319e-05
5.75319e-05
5.75319e-05
5.75319e-05
5.75319e-05
5.75319e-05
5.75319e-05
5.75319e-05
5.75319e-05
5.75319e-05
5.75319e-05
5.75319e-05
5.75319e-05
5.75319e-05
5.75319e-05
5.75319e-05
5.75319e-05
5.75319e-05
5.75319e-05
5.75319e-05
5.75319e-05
5.75319e-05
5.75319e-05
5.75319e-05
5.75319e-05
5.75319e-05
5.75319e-05
5.75319e-05
5.75319e-05
5.75319e-05
5.75319e-05
5.75319e-05
5.75319e-05
5.75319e-05
5.75319e-05
5.75319e-05
5.75319e-05
5.75319e-05
5.75319e-05
5.75319e-05
5.75319e-05
5.75319e-05
5.75319e-05
5.75319e-05
5.75319e-05
5.75319e-05
5.75319e-05
5.75319e-05
5.75319e-05
5.75319e-05
5.75319e-05
5.75319e-05
5.75319e-05
5.75319e-05
5.75319e-05
5.75319e-05
5.75319e-05
5.75319e-05
5.75319e-05
5.75319e-05
5.75319e-05
5.75319e-05
5.75319e-05
5.75319e-05
5.75319e-05
5.75319e-05
5.75319e-05
5.75319e-05
5.75319e-05
5.75319e-05
5.75319e-05
5.75319e-05
5.75319e-05
5.75319e-05
5.75319e-05
5.75319e-05
5.75319e-05
5.75319e-05
5.75319e-05
5.75319e-05
5.75319e-05
5.75319e-05
5.75319e-05
5.75319e-05
5.75319e-05
5.75319e-05
5.75319e-05
5.75319e-05
5.75319e-05
5.75319e-05
5.75319e-05
5.75319e-05
5.75319e-05
5.75319e-05
5.75319e-05
5.75319e-05
5.75319e-05
5.75319e-05
5.75319e-05
5.75319e-05
5.75319e-05
5.75319e-05
5.75319e-05
5.75319e-05
5.75319e-05
5.75319e-05
5.75319e-05
5.75319e-05
5.75319e-05
5.75319e-05
5.75319e-05
5.75319e-05
5.75319e-05
5.75319e-05
5.75319e-05
5.75319e-05
5.75319e-05
5.75319e-05
5.75319e-05
5.75319e-05
5.75319e-05
5.75319e-05
5.75319e-05
5.75319e-05
5.75319e-05
5.75319e-05
5.75319e-05
5.75319e-05
5.75319e-05
5.75319e-05
5.75319e-05
5.75319e-05
5.75319e-05
5.75319e-05
5.75319e-05
5.75319e-05
5.75319e-05
5.75319e-05
5.75319e-05
5.75319e-05
5.75319e-05
5.75319e-05
5.75319e-05
5.75319e-05
5.75319e-05
5.75319e-05
5.75319e-05
5.75319e-05
5.75319e-05
5.75319e-05
5.75319e-05
5.75319e-05
5.75319e-05
5.75319e-05
5.75319e-05
5.75319e-05
5.75319e-05
5.75319e-05
5.75319e-05
5.75319e-05
5.75319e-05
5.75319e-05
5.75319e-05
5.27376e-05
5.27376e-05
4.79432e-05
4.79432e-05
4.79432e-05
4.79432e-05
4.79432e-05
4.79432e-05
4.79432e-05
4.79432e-05
4.79432e-05
4.79432e-05
4.79432e-05
4.79432e-05
4.79432e-05
4.79432e-05
4.79432e-05
4.79432e-05
4.79432e-05
4.79432e-05
4.79432e-05
4.79432e-05
4.79432e-05
4.79432e-05
4.79432e-05
4.79432e-05
4.79432e-05
4.79432e-05
4.79432e-05
4.79432e-05
4.79432e-05
4.79432e-05
4.79432e-05
4.79432e-05
4.79432e-05
4.79432e-05
4.79432e-05
4.79432e-05
4.79432e-05
4.79432e-05
4.31489e-05
4.31489e-05
3.83546e-05
3.83546e-05
3.83546e-05
3.83546e-05
3.83546e-05
3.83546e-05
3.83546e-05
3.83546e-05
3.83546e-05
3.83546e-05
3.83546e-05
3.83546e-05
3.83546e-05
3.83546e-05
3.83546e-05
3.83546e-05
3.83546e-05
3.83546e-05
3.83546e-05
3.83546e-05
3.83546e-05
3.83546e-05
3.83546e-05
3.83546e-05
3.83546e-05
3.83546e-05
3.83546e-05
3.83546e-05
3.83546e-05
3.83546e-05
3.83546e-05
3.83546e-05
3.83546e-05
3.83546e-05
3.83546e-05
3.83546e-05
3.83546e-05
3.83546e-05
3.83546e-05
3.83546e-05
3.83546e-05
3.83546e-05
3.83546e-05
3.83546e-05
3.83546e-05
3.83546e-05
3.83546e-05
3.83546e-05
3.83546e-05
3.83546e-05
3.83546e-05
3.83546e-05
3.83546e-05
3.83546e-05
3.83546e-05
3.83546e-05
3.83546e-05
3.83546e-05
3.83546e-05
3.83546e-05
3.83546e-05
3.83546e-05
3.83546e-05
3.83546e-05
3.83546e-05
3.83546e-05
3.83546e-05
3.83546e-05
3.83546e-05
3.83546e-05
3.83546e-05
3.83546e-05
3.83546e-05
3.83546e-05
3.83546e-05
3.83546e-05
3.83546e-05
3.83546e-05
3.83546e-05
3.83546e-05
3.83546e-05
3.83546e-05
3.83546e-05
3.83546e-05
3.83546e-05
3.83546e-05
3.83546e-05
3.83546e-05
3.83546e-05
3.83546e-05
3.83546e-05
3.83546e-05
3.83546e-05
3.83546e-05
3.83546e-05
3.83546e-05
3.83546e-05
3.83546e-05
3.83546e-05
3.83546e-05
3.83546e-05
3.83546e-05
3.83546e-05
3.83546e-05
3.83546e-05
3.83546e-05
3.83546e-05
3.83546e-05
3.83546e-05
3.83546e-05
3.83546e-05
3.83546e-05
3.83546e-05
3.83546e-05
3.83546e-05
3.83546e-05
3.83546e-05
3.83546e-05
3.83546e-05
3.83546e-05
3.83546e-05
3.83546e-05
3.83546e-05
3.83546e-05
3.83546e-05
3.83546e-05
3.83546e-05
3.83546e-05
3.83546e-05
3.83546e-05
3.83546e-05
3.83546e-05
3.83546e-05
3.83546e-05
3.83546e-05
3.83546e-05
3.83546e-05
3.83546e-05
3.83546e-05
3.83546e-05
3.83546e-05
3.83546e-05
3.83546e-05
3.83546e-05
3.83546e-05
3.83546e-05
3.83546e-05
3.83546e-05
3.83546e-05
3.83546e-05
3.83546e-05
3.83546e-05
3.83546e-05
3.83546e-05
3.83546e-05
3.35603e-05
3.35603e-05
3.35603e-05
2.87659e-05
2.87659e-05
2.87659e-05
2.87659e-05
2.87659e-05
2.87659e-05
2.87659e-05
2.87659e-05
2.87659e-05
2.87659e-05
2.87659e-05
2.87659e-05
2.87659e-05
2.87659e-05
2.87659e-05
2.87659e-05
2.87659e-05
2.87659e-05
2.87659e-05
2.87659e-05
2.87659e-05
2.87659e-05
2.87659e-05
2.87659e-05
2.87659e-05
2.87659e-05
2.87659e-05
2.87659e-05
2.87659e-05
2.87659e-05
2.87659e-05
2.87659e-05
2.87659e-05
2.87659e-05
2.87659e-05
2.87659e-05
2.87659e-05
2.87659e-05
2.87659e-05
2.87659e-05
2.87659e-05
2.87659e-05
2.87659e-05
2.87659e-05
2.87659e-05
2.87659e-05
2.87659e-05
2.87659e-05
2.87659e-05
2.87659e-05
2.87659e-05
2.87659e-05
2.87659e-05
2.87659e-05
2.87659e-05
2.87659e-05
2.87659e-05
2.87659e-05
2.87659e-05
2.87659e-05
2.87659e-05
2.87659e-05
2.87659e-05
2.87659e-05
2.87659e-05
2.87659e-05
2.87659e-05
2.87659e-05
2.87659e-05
2.87659e-05
2.87659e-05
2.87659e-05
2.87659e-05
2.87659e-05
2.87659e-05
2.87659e-05
2.87659e-05
2.87659e-05
2.87659e-05
2.87659e-05
2.87659e-05
2.87659e-05
2.87659e-05
2.87659e-05
2.87659e-05
2.87659e-05
2.87659e-05
2.87659e-05
2.87659e-05
2.87659e-05
2.87659e-05
2.87659e-05
2.87659e-05
2.87659e-05
2.87659e-05
2.87659e-05
2.87659e-05
2.87659e-05
2.87659e-05
2.87659e-05
2.87659e-05
2.87659e-05
2.87659e-05
2.87659e-05
2.87659e-05
2.87659e-05
2.87659e-05
2.87659e-05
2.87659e-05
2.87659e-05
2.87659e-05
2.87659e-05
2.87659e-05
2.87659e-05
2.87659e-05
2.87659e-05
2.87659e-05
2.87659e-05
2.87659e-05
2.87659e-05
2.87659e-05
2.87659e-05
2.87659e-05
2.87659e-05
2.87659e-05
2.87659e-05
2.87659e-05
2.87659e-05
2.87659e-05
2.87659e-05
2.87659e-05
2.87659e-05
2.87659e-05
2.87659e-05
2.87659e-05
2.87659e-05
2.87659e-05
2.87659e-05
2.87659e-05
2.87659e-05
2.87659e-05
2.87659e-05
2.87659e-05
2.87659e-05
2.87659e-05
2.87659e-05
2.87659e-05
2.87659e-05
2.87659e-05
2.87659e-05
2.87659e-05
2.87659e-05
2.87659e-05
2.87659e-05
2.87659e-05
2.87659e-05
2.87659e-05
2.87659e-05
2.87659e-05
2.87659e-05
2.87659e-05
2.87659e-05
2.87659e-05
2.87659e-05
2.87659e-05
2.87659e-05
2.87659e-05
2.87659e-05
2.87659e-05
2.87659e-05
2.87659e-05
2.87659e-05
2.87659e-05
2.87659e-05
2.87659e-05
2.87659e-05
2.87659e-05
2.87659e-05
2.87659e-05
2.87659e-05
2.87659e-05
2.87659e-05
2.87659e-05
2.87659e-05
2.87659e-05
2.87659e-05
2.87659e-05
2.87659e-05
2.87659e-05
2.87659e-05
2.87659e-05
2.87659e-05
2.87659e-05
2.87659e-05
2.87659e-05
2.87659e-05
2.87659e-05
2.87659e-05
2.87659e-05
2.87659e-05
2.87659e-05
2.87659e-05
2.87659e-05
2.87659e-05
2.87659e-05
2.87659e-05
2.87659e-05
2.87659e-05
2.87659e-05
2.87659e-05
2.87659e-05
2.87659e-05
2.87659e-05
2.87659e-05
2.87659e-05
2.87659e-05
2.87659e-05
2.87659e-05
2.87659e-05
2.87659e-05
2.87659e-05
2.87659e-05
2.87659e-05
2.87659e-05
2.87659e-05
2.87659e-05
2.87659e-05
2.87659e-05
2.87659e-05
2.87659e-05
2.87659e-05
2.87659e-05
2.87659e-05
2.87659e-05
2.87659e-05
2.87659e-05
2.87659e-05
2.87659e-05
2.87659e-05
2.87659e-05
2.87659e-05
2.87659e-05
2.87659e-05
2.87659e-05
2.87659e-05
2.87659e-05
2.87659e-05
2.87659e-05
2.87659e-05
2.87659e-05
2.87659e-05
2.87659e-05
2.87659e-05
2.87659e-05
2.87659e-05
2.87659e-05
2.87659e-05
2.87659e-05
2.87659e-05
2.87659e-05
2.87659e-05
2.87659e-05
2.87659e-05
2.87659e-05
2.87659e-05
2.87659e-05
2.87659e-05
2.87659e-05
2.87659e-05
2.87659e-05
2.87659e-05
2.87659e-05
2.87659e-05
2.87659e-05
2.87659e-05
2.87659e-05
2.87659e-05
2.87659e-05
2.87659e-05
2.87659e-05
2.87659e-05
2.87659e-05
2.87659e-05
2.87659e-05
2.87659e-05
2.87659e-05
2.87659e-05
2.87659e-05
2.87659e-05
2.87659e-05
2.87659e-05
2.87659e-05
2.87659e-05
2.87659e-05
2.87659e-05
2.87659e-05
2.87659e-05
2.87659e-05
2.87659e-05
2.87659e-05
2.87659e-05
2.87659e-05
2.87659e-05
2.87659e-05
2.87659e-05
2.87659e-05
2.87659e-05
2.87659e-05
2.87659e-05
2.87659e-05
2.87659e-05
2.87659e-05
2.87659e-05
2.87659e-05
2.87659e-05
2.87659e-05
2.87659e-05
2.87659e-05
2.87659e-05
2.87659e-05
2.87659e-05
2.87659e-05
2.87659e-05
2.87659e-05
2.87659e-05
2.87659e-05
2.87659e-05
2.87659e-05
2.87659e-05
2.87659e-05
2.87659e-05
2.87659e-05
2.87659e-05
2.87659e-05
2.87659e-05
2.87659e-05
2.87659e-05
2.87659e-05
2.87659e-05
2.87659e-05
2.87659e-05
2.87659e-05
2.87659e-05
2.87659e-05
2.87659e-05
2.87659e-05
2.87659e-05
2.87659e-05
2.87659e-05
2.87659e-05
2.87659e-05
2.87659e-05
2.87659e-05
2.87659e-05
2.87659e-05
2.87659e-05
2.87659e-05
2.87659e-05
2.87659e-05
2.87659e-05
2.87659e-05
2.87659e-05
2.87659e-05
2.87659e-05
2.87659e-05
2.87659e-05
2.87659e-05
2.87659e-05
2.87659e-05
2.87659e-05
2.87659e-05
2.87659e-05
2.87659e-05
2.87659e-05
2.87659e-05
2.87659e-05
2.87659e-05
2.87659e-05
2.87659e-05
2.87659e-05
2.87659e-05
2.87659e-05
2.87659e-05
2.87659e-05
2.87659e-05
2.87659e-05
2.87659e-05
2.87659e-05
2.87659e-05
2.87659e-05
2.87659e-05
2.87659e-05
2.87659e-05
2.87659e-05
2.87659e-05
2.87659e-05
2.87659e-05
2.87659e-05
2.87659e-05
2.87659e-05
2.87659e-05
2.87659e-05
2.87659e-05
2.87659e-05
2.87659e-05
2.87659e-05
2.87659e-05
2.87659e-05
2.87659e-05
2.87659e-05
2.87659e-05
2.87659e-05
2.87659e-05
2.87659e-05
2.87659e-05
2.87659e-05
2.87659e-05
2.87659e-05
2.87659e-05
2.87659e-05
2.87659e-05
2.87659e-05
2.87659e-05
2.87659e-05
2.87659e-05
2.87659e-05
2.87659e-05
2.87659e-05
2.87659e-05
2.87659e-05
2.87659e-05
2.87659e-05
2.87659e-05
2.87659e-05
2.87659e-05
2.87659e-05
2.87659e-05
2.87659e-05
2.87659e-05
2.87659e-05
2.87659e-05
2.87659e-05
2.87659e-05
2.87659e-05
2.87659e-05
2.87659e-05
2.87659e-05
2.87659e-05
2.87659e-05
2.87659e-05
2.87659e-05
2.87659e-05
2.87659e-05
2.87659e-05
2.87659e-05
2.87659e-05
2.87659e-05
2.87659e-05
2.87659e-05
2.87659e-05
2.87659e-05
2.87659e-05
2.87659e-05
2.87659e-05
2.87659e-05
2.87659e-05
2.87659e-05
2.87659e-05
2.87659e-05
2.87659e-05
2.87659e-05
2.87659e-05
2.87659e-05
2.87659e-05
2.87659e-05
2.87659e-05
2.87659e-05
2.87659e-05
2.87659e-05
2.87659e-05
2.87659e-05
2.87659e-05
2.87659e-05
2.87659e-05
2.87659e-05
2.87659e-05
2.87659e-05
2.87659e-05
2.87659e-05
2.87659e-05
2.87659e-05
2.87659e-05
2.87659e-05
2.87659e-05
2.87659e-05
2.87659e-05
2.87659e-05
2.87659e-05
2.87659e-05
2.87659e-05
2.87659e-05
2.87659e-05
2.87659e-05
2.87659e-05
2.87659e-05
2.87659e-05
2.87659e-05
2.87659e-05
2.87659e-05
2.87659e-05
2.87659e-05
2.87659e-05
2.87659e-05
2.87659e-05
2.87659e-05
2.87659e-05
2.87659e-05
2.87659e-05
2.87659e-05
2.87659e-05
2.87659e-05
2.87659e-05
2.87659e-05
2.87659e-05
2.87659e-05
2.87659e-05
2.87659e-05
2.87659e-05
2.87659e-05
2.87659e-05
2.87659e-05
2.87659e-05
2.87659e-05
2.87659e-05
2.87659e-05
2.87659e-05
2.87659e-05
2.87659e-05
2.87659e-05
2.87659e-05
2.87659e-05
2.87659e-05
2.87659e-05
2.87659e-05
2.87659e-05
2.87659e-05
2.87659e-05
2.87659e-05
2.87659e-05
2.87659e-05
2.87659e-05
2.87659e-05
2.87659e-05
2.87659e-05
2.87659e-05
2.87659e-05
2.87659e-05
2.87659e-05
2.87659e-05
2.87659e-05
2.87659e-05
2.87659e-05
2.87659e-05
2.87659e-05
2.87659e-05
2.87659e-05
2.87659e-05
2.87659e-05
2.87659e-05
2.87659e-05
2.87659e-05
2.87659e-05
2.87659e-05
2.87659e-05
2.87659e-05
2.87659e-05
2.87659e-05
2.87659e-05
2.87659e-05
2.87659e-05
2.87659e-05
2.87659e-05
2.87659e-05
2.87659e-05
2.87659e-05
2.87659e-05
2.87659e-05
2.87659e-05
2.87659e-05
2.87659e-05
2.87659e-05
2.87659e-05
2.87659e-05
2.87659e-05
2.87659e-05
2.87659e-05
2.87659e-05
2.87659e-05
2.87659e-05
2.87659e-05
2.87659e-05
2.87659e-05
2.87659e-05
2.87659e-05
2.87659e-05
2.87659e-05
2.87659e-05
2.87659e-05
2.87659e-05
2.87659e-05
2.87659e-05
2.87659e-05
2.87659e-05
2.87659e-05
2.87659e-05
2.87659e-05
2.87659e-05
2.87659e-05
2.87659e-05
2.87659e-05
2.87659e-05
2.87659e-05
2.87659e-05
2.87659e-05
2.87659e-05
2.87659e-05
2.87659e-05
2.87659e-05
2.87659e-05
2.87659e-05
2.87659e-05
2.87659e-05
2.87659e-05
2.87659e-05
2.87659e-05
2.87659e-05
2.87659e-05
2.87659e-05
2.87659e-05
2.87659e-05
2.87659e-05
2.87659e-05
2.87659e-05
2.87659e-05
2.87659e-05
2.87659e-05
2.87659e-05
2.87659e-05
2.87659e-05
2.87659e-05
2.87659e-05
2.87659e-05
2.87659e-05
2.87659e-05
2.87659e-05
2.87659e-05
2.87659e-05
2.87659e-05
2.87659e-05
2.87659e-05
2.87659e-05
2.87659e-05
2.87659e-05
2.87659e-05
2.87659e-05
2.87659e-05
2.87659e-05
2.87659e-05
2.87659e-05
2.87659e-05
2.87659e-05
2.87659e-05
2.87659e-05
2.87659e-05
2.87659e-05
2.87659e-05
2.87659e-05
2.87659e-05
2.87659e-05
2.87659e-05
2.87659e-05
2.87659e-05
2.87659e-05
2.87659e-05
2.87659e-05
2.87659e-05
2.87659e-05
2.87659e-05
2.87659e-05
2.87659e-05
2.87659e-05
2.87659e-05
2.87659e-05
2.87659e-05
2.87659e-05
2.87659e-05
2.87659e-05
2.87659e-05
2.87659e-05
2.87659e-05
2.87659e-05
2.87659e-05
2.87659e-05
2.87659e-05
2.87659e-05
2.87659e-05
2.87659e-05
2.87659e-05
2.87659e-05
2.87659e-05
2.87659e-05
2.87659e-05
2.87659e-05
2.87659e-05
2.87659e-05
2.87659e-05
2.87659e-05
2.87659e-05
2.87659e-05
2.87659e-05
2.87659e-05
2.87659e-05
2.87659e-05
2.87659e-05
2.87659e-05
2.87659e-05
2.87659e-05
2.87659e-05
2.87659e-05
2.87659e-05
2.87659e-05
2.87659e-05
2.87659e-05
2.87659e-05
2.87659e-05
2.87659e-05
2.87659e-05
2.87659e-05
2.87659e-05
2.87659e-05
2.87659e-05
2.87659e-05
2.87659e-05
2.87659e-05
2.87659e-05
2.87659e-05
2.87659e-05
2.87659e-05
2.87659e-05
2.87659e-05
2.87659e-05
2.87659e-05
2.87659e-05
2.87659e-05
2.87659e-05
2.87659e-05
2.87659e-05
2.87659e-05
2.87659e-05
2.87659e-05
2.87659e-05
2.87659e-05
2.87659e-05
2.87659e-05
2.87659e-05
2.87659e-05
2.87659e-05
2.87659e-05
2.87659e-05
2.87659e-05
2.87659e-05
2.87659e-05
2.87659e-05
2.87659e-05
2.87659e-05
2.87659e-05
2.87659e-05
2.87659e-05
2.87659e-05
2.87659e-05
2.87659e-05
2.87659e-05
2.87659e-05
2.87659e-05
2.87659e-05
2.87659e-05
2.87659e-05
2.87659e-05
2.87659e-05
2.87659e-05
2.87659e-05
2.87659e-05
2.87659e-05
2.87659e-05
2.87659e-05
2.87659e-05
2.87659e-05
2.87659e-05
2.87659e-05
2.87659e-05
2.87659e-05
2.87659e-05
2.87659e-05
2.87659e-05
2.87659e-05
2.87659e-05
2.87659e-05
2.87659e-05
2.87659e-05
2.87659e-05
2.87659e-05
2.87659e-05
2.87659e-05
2.87659e-05
2.87659e-05
2.87659e-05
2.87659e-05
2.87659e-05
2.87659e-05
2.87659e-05
2.87659e-05
2.87659e-05
2.87659e-05
2.87659e-05
2.87659e-05
2.87659e-05
2.87659e-05
2.87659e-05
2.87659e-05
2.87659e-05
2.87659e-05
2.87659e-05
2.87659e-05
2.87659e-05
2.87659e-05
2.87659e-05
2.87659e-05
2.87659e-05
2.87659e-05
2.87659e-05
2.87659e-05
2.87659e-05
2.87659e-05
2.87659e-05
2.87659e-05
2.87659e-05
2.87659e-05
2.87659e-05
2.87659e-05
2.87659e-05
2.87659e-05
2.87659e-05
2.87659e-05
2.87659e-05
2.87659e-05
2.87659e-05
2.87659e-05
2.87659e-05
2.87659e-05
2.87659e-05
2.87659e-05
2.87659e-05
2.87659e-05
2.87659e-05
2.87659e-05
2.87659e-05
2.87659e-05
2.87659e-05
2.87659e-05
2.87659e-05
2.87659e-05
2.87659e-05
2.87659e-05
2.87659e-05
2.87659e-05
2.87659e-05
2.87659e-05
2.87659e-05
2.87659e-05
2.87659e-05
2.87659e-05
2.87659e-05
2.87659e-05
2.87659e-05
2.87659e-05
2.87659e-05
2.87659e-05
2.87659e-05
2.87659e-05
2.87659e-05
2.87659e-05
2.87659e-05
2.87659e-05
2.87659e-05
2.87659e-05
2.87659e-05
2.87659e-05
2.87659e-05
2.87659e-05
2.87659e-05
2.87659e-05
2.87659e-05
2.87659e-05
2.87659e-05
2.87659e-05
2.87659e-05
2.87659e-05
2.87659e-05
2.87659e-05
2.87659e-05
2.87659e-05
2.87659e-05
2.87659e-05
2.87659e-05
2.87659e-05
2.87659e-05
2.87659e-05
2.87659e-05
2.87659e-05
2.87659e-05
2.87659e-05
2.87659e-05
2.87659e-05
2.87659e-05
2.87659e-05
2.87659e-05
2.87659e-05
2.87659e-05
2.87659e-05
2.87659e-05
2.87659e-05
2.87659e-05
2.87659e-05
2.87659e-05
2.87659e-05
2.87659e-05
2.87659e-05
2.87659e-05
2.87659e-05
2.87659e-05
2.87659e-05
2.87659e-05
2.87659e-05
2.87659e-05
2.87659e-05
2.87659e-05
2.87659e-05
2.87659e-05
2.87659e-05
2.87659e-05
2.87659e-05
2.87659e-05
2.87659e-05
2.87659e-05
2.87659e-05
2.87659e-05
2.87659e-05
2.87659e-05
2.87659e-05
2.87659e-05
2.87659e-05
2.87659e-05
2.87659e-05
2.87659e-05
2.87659e-05
2.87659e-05
2.87659e-05
2.87659e-05
2.87659e-05
2.87659e-05
2.87659e-05
2.87659e-05
2.87659e-05
2.87659e-05
2.87659e-05
2.87659e-05
2.87659e-05
2.87659e-05
2.87659e-05
2.87659e-05
2.87659e-05
2.87659e-05
2.87659e-05
2.87659e-05
2.87659e-05
2.87659e-05
2.87659e-05
2.87659e-05
2.87659e-05
2.87659e-05
2.87659e-05
2.87659e-05
2.87659e-05
2.87659e-05
2.87659e-05
2.87659e-05
2.87659e-05
2.87659e-05
2.87659e-05
2.87659e-05
2.87659e-05
2.87659e-05
2.87659e-05
2.87659e-05
2.87659e-05
2.87659e-05
2.87659e-05
2.87659e-05
2.87659e-05
2.87659e-05
2.87659e-05
2.87659e-05
2.87659e-05
2.87659e-05
2.87659e-05
2.87659e-05
2.87659e-05
2.87659e-05
2.87659e-05
2.87659e-05
2.87659e-05
2.87659e-05
2.87659e-05
2.87659e-05
2.87659e-05
2.87659e-05
2.87659e-05
2.87659e-05
2.87659e-05
2.87659e-05
2.87659e-05
2.87659e-05
2.87659e-05
2.87659e-05
2.87659e-05
2.87659e-05
2.87659e-05
2.87659e-05
2.87659e-05
2.87659e-05
2.87659e-05
2.87659e-05
2.87659e-05
2.87659e-05
2.87659e-05
2.87659e-05
2.87659e-05
2.87659e-05
2.87659e-05
2.87659e-05
2.87659e-05
2.87659e-05
2.87659e-05
2.87659e-05
2.87659e-05
2.87659e-05
2.87659e-05
2.39716e-05
1.91773e-05
1.91773e-05
1.91773e-05
1.91773e-05
1.91773e-05
1.91773e-05
1.91773e-05
1.91773e-05
1.91773e-05
1.91773e-05
1.91773e-05
1.91773e-05
1.91773e-05
1.91773e-05
1.91773e-05
1.91773e-05
1.91773e-05
1.91773e-05
1.91773e-05
1.91773e-05
1.91773e-05
1.91773e-05
1.91773e-05
1.91773e-05
1.91773e-05
1.91773e-05
1.91773e-05
1.91773e-05
1.91773e-05
1.91773e-05
1.91773e-05
1.91773e-05
1.91773e-05
1.91773e-05
1.91773e-05
1.91773e-05
1.91773e-05
1.91773e-05
1.91773e-05
1.91773e-05
1.91773e-05
1.91773e-05
1.91773e-05
1.91773e-05
1.91773e-05
1.91773e-05
1.91773e-05
1.91773e-05
1.91773e-05
1.91773e-05
1.91773e-05
1.91773e-05
1.91773e-05
1.91773e-05
1.91773e-05
1.91773e-05
1.91773e-05
1.91773e-05
1.91773e-05
1.91773e-05
1.91773e-05
1.91773e-05
1.91773e-05
1.91773e-05
1.91773e-05
1.91773e-05
1.91773e-05
1.91773e-05
1.91773e-05
1.91773e-05
1.91773e-05
1.91773e-05
1.91773e-05
1.91773e-05
1.91773e-05
1.91773e-05
1.91773e-05
1.91773e-05
1.91773e-05
1.91773e-05
1.91773e-05
1.91773e-05
1.91773e-05
1.91773e-05
1.91773e-05
1.91773e-05
1.91773e-05
1.91773e-05
1.91773e-05
1.91773e-05
1.91773e-05
1.91773e-05
1.91773e-05
1.91773e-05
1.91773e-05
1.91773e-05
1.91773e-05
1.91773e-05
1.91773e-05
1.91773e-05
1.91773e-05
1.91773e-05
1.91773e-05
1.91773e-05
1.91773e-05
1.91773e-05
1.91773e-05
1.91773e-05
1.91773e-05
1.91773e-05
1.91773e-05
1.91773e-05
1.91773e-05
1.91773e-05
1.91773e-05
1.91773e-05
1.91773e-05
1.91773e-05
1.91773e-05
1.91773e-05
1.91773e-05
1.91773e-05
1.91773e-05
1.91773e-05
1.91773e-05
1.91773e-05
1.91773e-05
1.91773e-05
1.91773e-05
1.91773e-05
1.91773e-05
1.91773e-05
1.91773e-05
1.91773e-05
1.91773e-05
1.91773e-05
1.91773e-05
1.91773e-05
1.91773e-05
1.91773e-05
1.91773e-05
1.91773e-05
1.91773e-05
1.91773e-05
1.91773e-05
1.91773e-05
1.91773e-05
1.91773e-05
1.91773e-05
1.91773e-05
1.91773e-05
1.91773e-05
1.91773e-05
1.91773e-05
1.91773e-05
1.91773e-05
1.91773e-05
1.91773e-05
1.91773e-05
1.91773e-05
1.91773e-05
1.91773e-05
1.91773e-05
1.91773e-05
1.91773e-05
1.91773e-05
1.91773e-05
1.91773e-05
1.91773e-05
1.91773e-05
1.91773e-05
1.91773e-05
1.91773e-05
1.91773e-05
1.91773e-05
1.91773e-05
1.91773e-05
1.91773e-05
1.91773e-05
1.91773e-05
1.91773e-05
1.91773e-05
1.91773e-05
1.91773e-05
1.91773e-05
1.91773e-05
1.91773e-05
1.91773e-05
1.91773e-05
1.91773e-05
1.91773e-05
1.91773e-05
1.91773e-05
1.91773e-05
1.91773e-05
1.91773e-05
1.91773e-05
1.91773e-05
1.91773e-05
1.91773e-05
1.91773e-05
1.91773e-05
1.91773e-05
1.91773e-05
1.91773e-05
1.91773e-05
1.91773e-05
1.91773e-05
1.91773e-05
1.91773e-05
1.91773e-05
1.91773e-05
1.91773e-05
1.91773e-05
1.91773e-05
1.91773e-05
1.91773e-05
1.91773e-05
1.91773e-05
1.91773e-05
1.91773e-05
1.91773e-05
1.91773e-05
1.91773e-05
1.91773e-05
1.91773e-05
1.91773e-05
1.91773e-05
1.91773e-05
1.91773e-05
9.58865e-06
9.58865e-06
9.58865e-06
9.58865e-06
9.58865e-06
9.58865e-06
9.58865e-06
9.58865e-06
9.58865e-06
9.58865e-06
9.58865e-06
9.58865e-06
9.58865e-06
9.58865e-06
9.58865e-06
9.58865e-06
9.58865e-06
9.58865e-06
9.58865e-06
9.58865e-06
9.58865e-06
9.58865e-06
9.58865e-06
9.58865e-06
9.58865e-06
9.58865e-06
9.58865e-06
9.58865e-06
9.58865e-06
9.58865e-06
9.58865e-06
9.58865e-06
9.58865e-06
9.58865e-06
9.58865e-06
9.58865e-06
9.58865e-06
9.58865e-06
9.58865e-06
9.58865e-06
9.58865e-06
9.58865e-06
9.58865e-06
9.58865e-06
9.58865e-06
9.58865e-06
9.58865e-06
9.58865e-06
9.58865e-06
9.58865e-06
9.58865e-06
9.58865e-06
9.58865e-06
9.58865e-06
9.58865e-06
9.58865e-06
9.58865e-06
9.58865e-06
9.58865e-06
9.58865e-06
9.58865e-06
9.58865e-06
9.58865e-06
9.58865e-06
9.58865e-06
9.58865e-06
9.58865e-06
9.58865e-06
9.58865e-06
9.58865e-06
9.58865e-06
9.58865e-06
9.58865e-06
9.58865e-06
9.58865e-06
9.58865e-06
9.58865e-06
9.58865e-06
9.58865e-06
9.58865e-06
9.58865e-06
9.58865e-06
9.58865e-06
9.58865e-06
9.58865e-06
9.58865e-06
9.58865e-06
9.58865e-06
9.58865e-06
9.58865e-06
9.58865e-06
9.58865e-06
9.58865e-06
9.58865e-06
9.58865e-06
9.58865e-06
9.58865e-06
9.58865e-06
9.58865e-06
9.58865e-06
9.58865e-06
9.58865e-06
9.58865e-06
9.58865e-06
9.58865e-06
9.58865e-06
9.58865e-06
9.58865e-06
9.58865e-06
9.58865e-06
9.58865e-06
9.58865e-06
9.58865e-06
9.58865e-06
9.58865e-06
9.58865e-06
9.58865e-06
9.58865e-06
9.58865e-06
9.58865e-06
9.58865e-06
9.58865e-06
9.58865e-06
9.58865e-06
9.58865e-06
9.58865e-06
9.58865e-06
9.58865e-06
9.58865e-06
9.58865e-06
9.58865e-06
9.58865e-06
9.58865e-06
9.58865e-06
9.58865e-06
9.58865e-06
9.58865e-06
9.58865e-06
9.58865e-06
9.58865e-06
9.58865e-06
9.58865e-06
9.58865e-06
9.58865e-06
9.58865e-06
9.58865e-06
9.58865e-06
9.58865e-06
9.58865e-06
9.58865e-06
9.58865e-06
9.58865e-06
9.58865e-06
9.58865e-06
9.58865e-06
9.58865e-06
9.58865e-06
9.58865e-06
9.58865e-06
9.58865e-06
9.58865e-06
9.58865e-06
9.58865e-06
9.58865e-06
9.58865e-06
9.58865e-06
9.58865e-06
9.58865e-06
9.58865e-06
9.58865e-06
9.58865e-06
9.58865e-06
9.58865e-06
9.58865e-06
9.58865e-06
9.58865e-06
9.58865e-06
9.58865e-06
9.58865e-06
9.58865e-06
9.58865e-06
9.58865e-06
9.58865e-06
9.58865e-06
9.58865e-06
9.58865e-06
9.58865e-06
9.58865e-06
9.58865e-06
9.58865e-06
9.58865e-06
9.58865e-06
9.58865e-06
9.58865e-06
9.58865e-06
9.58865e-06
9.58865e-06
9.58865e-06
9.58865e-06
9.58865e-06
9.58865e-06
9.58865e-06
9.58865e-06
9.58865e-06
9.58865e-06
9.58865e-06
9.58865e-06
9.58865e-06
9.58865e-06
9.58865e-06
9.58865e-06
9.58865e-06
9.58865e-06
9.58865e-06
9.58865e-06
9.58865e-06
9.58865e-06
9.58865e-06
9.58865e-06
9.58865e-06
9.58865e-06
9.58865e-06
9.58865e-06
9.58865e-06
9.58865e-06
9.58865e-06
9.58865e-06
9.58865e-06
9.58865e-06
9.58865e-06
9.58865e-06
9.58865e-06
9.58865e-06
9.58865e-06
9.58865e-06
9.58865e-06
9.58865e-06
9.58865e-06
9.58865e-06
9.58865e-06
9.58865e-06
9.58865e-06
9.58865e-06
9.58865e-06
9.58865e-06
9.58865e-06
9.58865e-06
9.58865e-06
9.58865e-06
9.58865e-06
9.58865e-06
9.58865e-06
9.58865e-06
9.58865e-06
9.58865e-06
9.58865e-06
9.58865e-06
9.58865e-06
9.58865e-06
9.58865e-06
9.58865e-06
9.58865e-06
9.58865e-06
9.58865e-06
9.58865e-06
9.58865e-06
9.58865e-06
9.58865e-06
9.58865e-06
9.58865e-06
9.58865e-06
9.58865e-06
9.58865e-06
9.58865e-06
9.58865e-06
9.58865e-06
9.58865e-06
9.58865e-06
9.58865e-06
9.58865e-06
9.58865e-06
9.58865e-06
9.58865e-06
9.58865e-06
9.58865e-06
9.58865e-06
9.58865e-06
9.58865e-06
9.58865e-06
9.58865e-06
9.58865e-06
9.58865e-06
9.58865e-06
9.58865e-06
9.58865e-06
9.58865e-06
9.58865e-06
9.58865e-06
9.58865e-06
9.58865e-06
9.58865e-06
9.58865e-06
9.58865e-06
9.58865e-06
9.58865e-06
9.58865e-06
9.58865e-06
9.58865e-06
9.58865e-06
9.58865e-06
9.58865e-06
9.58865e-06
9.58865e-06
9.58865e-06
9.58865e-06
9.58865e-06
9.58865e-06
9.58865e-06
9.58865e-06
9.58865e-06
9.58865e-06
9.58865e-06
9.58865e-06
9.58865e-06
9.58865e-06
9.58865e-06
9.58865e-06
9.58865e-06
9.58865e-06
9.58865e-06
9.58865e-06
9.58865e-06
9.58865e-06
9.58865e-06
9.58865e-06
9.58865e-06
9.58865e-06
9.58865e-06
9.58865e-06
9.58865e-06
9.58865e-06
9.58865e-06
9.58865e-06
9.58865e-06
9.58865e-06
9.58865e-06
9.58865e-06
9.58865e-06
9.58865e-06
9.58865e-06
9.58865e-06
9.58865e-06
9.58865e-06
9.58865e-06
9.58865e-06
9.58865e-06
9.58865e-06
9.58865e-06
9.58865e-06
9.58865e-06
9.58865e-06
9.58865e-06
9.58865e-06
9.58865e-06
9.58865e-06
9.58865e-06
9.58865e-06
9.58865e-06
9.58865e-06
9.58865e-06
9.58865e-06
9.58865e-06
9.58865e-06
9.58865e-06
9.58865e-06
9.58865e-06
9.58865e-06
9.58865e-06
9.58865e-06
9.58865e-06
9.58865e-06
9.58865e-06
9.58865e-06
9.58865e-06
9.58865e-06
9.58865e-06
9.58865e-06
9.58865e-06
9.58865e-06
9.58865e-06
9.58865e-06
9.58865e-06
9.58865e-06
9.58865e-06
9.58865e-06
9.58865e-06
9.58865e-06
9.58865e-06
9.58865e-06
9.58865e-06
9.58865e-06
9.58865e-06
9.58865e-06
9.58865e-06
9.58865e-06
9.58865e-06
9.58865e-06
9.58865e-06
9.58865e-06
9.58865e-06
9.58865e-06
9.58865e-06
9.58865e-06
9.58865e-06
9.58865e-06
9.58865e-06
9.58865e-06
9.58865e-06
9.58865e-06
9.58865e-06
9.58865e-06
9.58865e-06
9.58865e-06
9.58865e-06
9.58865e-06
9.58865e-06
9.58865e-06
9.58865e-06
9.58865e-06
9.58865e-06
9.58865e-06
9.58865e-06
9.58865e-06
9.58865e-06
9.58865e-06
9.58865e-06
9.58865e-06
9.58865e-06
9.58865e-06
9.58865e-06
9.58865e-06
9.58865e-06
9.58865e-06
9.58865e-06
9.58865e-06
9.58865e-06
9.58865e-06
9.58865e-06
9.58865e-06
9.58865e-06
9.58865e-06
9.58865e-06
9.58865e-06
9.58865e-06
9.58865e-06
9.58865e-06
9.58865e-06
9.58865e-06
9.58865e-06
9.58865e-06
9.58865e-06
9.58865e-06
9.58865e-06
9.58865e-06
9.58865e-06
9.58865e-06
9.58865e-06
9.58865e-06
9.58865e-06
9.58865e-06
9.58865e-06
9.58865e-06
9.58865e-06
9.58865e-06
9.58865e-06
9.58865e-06
9.58865e-06
9.58865e-06
9.58865e-06
9.58865e-06
9.58865e-06
9.58865e-06
9.58865e-06
9.58865e-06
9.58865e-06
9.58865e-06
9.58865e-06
9.58865e-06
9.58865e-06
9.58865e-06
9.58865e-06
9.58865e-06
9.58865e-06
9.58865e-06
9.58865e-06
9.58865e-06
9.58865e-06
9.58865e-06
9.58865e-06
9.58865e-06
9.58865e-06
9.58865e-06
9.58865e-06
9.58865e-06
9.58865e-06
9.58865e-06
9.58865e-06
9.58865e-06
9.58865e-06
9.58865e-06
9.58865e-06
9.58865e-06
9.58865e-06
9.58865e-06
9.58865e-06
9.58865e-06
9.58865e-06
9.58865e-06
9.58865e-06
9.58865e-06
9.58865e-06
9.58865e-06
9.58865e-06
9.58865e-06
9.58865e-06
9.58865e-06
9.58865e-06
9.58865e-06
9.58865e-06
9.58865e-06
9.58865e-06
9.58865e-06
9.58865e-06
9.58865e-06
9.58865e-06
9.58865e-06
9.58865e-06
9.58865e-06
9.58865e-06
9.58865e-06
9.58865e-06
9.58865e-06
9.58865e-06
9.58865e-06
9.58865e-06
9.58865e-06
9.58865e-06
9.58865e-06
9.58865e-06
9.58865e-06
9.58865e-06
9.58865e-06
9.58865e-06
9.58865e-06
9.58865e-06
9.58865e-06
9.58865e-06
9.58865e-06
9.58865e-06
9.58865e-06
9.58865e-06
9.58865e-06
9.58865e-06
9.58865e-06
9.58865e-06
9.58865e-06
9.58865e-06
9.58865e-06
9.58865e-06
9.58865e-06
9.58865e-06
9.58865e-06
9.58865e-06
9.58865e-06
9.58865e-06
9.58865e-06
9.58865e-06
9.58865e-06
9.58865e-06
9.58865e-06
9.58865e-06
9.58865e-06
9.58865e-06
9.58865e-06
9.58865e-06
9.58865e-06
9.58865e-06
9.58865e-06
9.58865e-06
9.58865e-06
9.58865e-06
9.58865e-06
9.58865e-06
9.58865e-06
9.58865e-06
9.58865e-06
9.58865e-06
9.58865e-06
9.58865e-06
9.58865e-06
9.58865e-06
9.58865e-06
9.58865e-06
9.58865e-06
9.58865e-06
9.58865e-06
9.58865e-06
9.58865e-06
9.58865e-06
9.58865e-06
9.58865e-06
9.58865e-06
9.58865e-06
9.58865e-06
9.58865e-06
9.58865e-06
9.58865e-06
9.58865e-06
9.58865e-06
9.58865e-06
9.58865e-06
9.58865e-06
9.58865e-06
9.58865e-06
9.58865e-06
9.58865e-06
9.58865e-06
9.58865e-06
9.58865e-06
9.58865e-06
9.58865e-06
9.58865e-06
9.58865e-06
9.58865e-06
9.58865e-06
9.58865e-06
9.58865e-06
9.58865e-06
9.58865e-06
9.58865e-06
9.58865e-06
9.58865e-06
9.58865e-06
9.58865e-06
9.58865e-06
9.58865e-06
9.58865e-06
9.58865e-06
9.58865e-06
9.58865e-06
9.58865e-06
9.58865e-06
9.58865e-06
9.58865e-06
9.58865e-06
9.58865e-06
9.58865e-06
9.58865e-06
9.58865e-06
9.58865e-06
9.58865e-06
9.58865e-06
9.58865e-06
9.58865e-06
9.58865e-06
9.58865e-06
9.58865e-06
9.58865e-06
9.58865e-06
9.58865e-06
9.58865e-06
9.58865e-06
9.58865e-06
9.58865e-06
9.58865e-06
9.58865e-06
9.58865e-06
9.58865e-06
9.58865e-06
9.58865e-06
9.58865e-06
9.58865e-06
9.58865e-06
9.58865e-06
9.58865e-06
9.58865e-06
9.58865e-06
9.58865e-06
9.58865e-06
9.58865e-06
9.58865e-06
9.58865e-06
9.58865e-06
9.58865e-06
9.58865e-06
9.58865e-06
9.58865e-06
9.58865e-06
9.58865e-06
9.58865e-06
9.58865e-06
9.58865e-06
9.58865e-06
9.58865e-06
9.58865e-06
9.58865e-06
9.58865e-06
9.58865e-06
9.58865e-06
9.58865e-06
9.58865e-06
9.58865e-06
9.58865e-06
9.58865e-06
9.58865e-06
9.58865e-06
9.58865e-06
9.58865e-06
9.58865e-06
9.58865e-06
9.58865e-06
9.58865e-06
9.58865e-06
9.58865e-06
9.58865e-06
9.58865e-06
9.58865e-06
9.58865e-06
9.58865e-06
9.58865e-06
9.58865e-06
9.58865e-06
9.58865e-06
9.58865e-06
9.58865e-06
9.58865e-06
9.58865e-06
9.58865e-06
9.58865e-06
9.58865e-06
9.58865e-06
9.58865e-06
9.58865e-06
9.58865e-06
9.58865e-06
9.58865e-06
9.58865e-06
9.58865e-06
9.58865e-06
9.58865e-06
9.58865e-06
9.58865e-06
9.58865e-06
9.58865e-06
9.58865e-06
9.58865e-06
9.58865e-06
9.58865e-06
9.58865e-06
9.58865e-06
9.58865e-06
9.58865e-06
9.58865e-06
9.58865e-06
9.58865e-06
9.58865e-06
9.58865e-06
9.58865e-06
9.58865e-06
9.58865e-06
9.58865e-06
9.58865e-06
9.58865e-06
9.58865e-06
9.58865e-06
9.58865e-06
9.58865e-06
9.58865e-06
9.58865e-06
9.58865e-06
9.58865e-06
9.58865e-06
9.58865e-06
9.58865e-06
9.58865e-06
9.58865e-06
9.58865e-06
9.58865e-06
9.58865e-06
9.58865e-06
9.58865e-06
9.58865e-06
9.58865e-06
9.58865e-06
9.58865e-06
9.58865e-06
9.58865e-06
9.58865e-06
9.58865e-06
9.58865e-06
9.58865e-06
9.58865e-06
9.58865e-06
9.58865e-06
9.58865e-06
9.58865e-06
9.58865e-06
9.58865e-06
9.58865e-06
9.58865e-06
9.58865e-06
9.58865e-06
9.58865e-06
9.58865e-06
9.58865e-06
9.58865e-06
9.58865e-06
9.58865e-06
9.58865e-06
9.58865e-06
9.58865e-06
9.58865e-06
9.58865e-06
9.58865e-06
9.58865e-06
9.58865e-06
9.58865e-06
9.58865e-06
9.58865e-06
9.58865e-06
9.58865e-06
9.58865e-06
9.58865e-06
9.58865e-06
9.58865e-06
9.58865e-06
9.58865e-06
9.58865e-06
9.58865e-06
9.58865e-06
9.58865e-06
9.58865e-06
9.58865e-06
9.58865e-06
9.58865e-06
9.58865e-06
9.58865e-06
9.58865e-06
9.58865e-06
9.58865e-06
9.58865e-06
9.58865e-06
9.58865e-06
9.58865e-06
9.58865e-06
9.58865e-06
9.58865e-06
9.58865e-06
9.58865e-06
9.58865e-06
9.58865e-06
9.58865e-06
9.58865e-06
9.58865e-06
9.58865e-06
9.58865e-06
9.58865e-06
9.58865e-06
9.58865e-06
9.58865e-06
9.58865e-06
9.58865e-06
9.58865e-06
9.58865e-06
9.58865e-06
9.58865e-06
9.58865e-06
9.58865e-06
9.58865e-06
9.58865e-06
9.58865e-06
9.58865e-06
9.58865e-06
9.58865e-06
9.58865e-06
9.58865e-06
9.58865e-06
9.58865e-06
9.58865e-06
9.58865e-06
9.58865e-06
9.58865e-06
9.58865e-06
9.58865e-06
9.58865e-06
9.58865e-06
9.58865e-06
9.58865e-06
9.58865e-06
9.58865e-06
9.58865e-06
9.58865e-06
9.58865e-06
9.58865e-06
9.58865e-06
9.58865e-06
9.58865e-06
9.58865e-06
9.58865e-06
9.58865e-06
9.58865e-06
9.58865e-06
9.58865e-06
9.58865e-06
9.58865e-06
9.58865e-06
9.58865e-06
9.58865e-06
9.58865e-06
9.58865e-06
9.58865e-06
9.58865e-06
9.58865e-06
9.58865e-06
9.58865e-06
9.58865e-06
9.58865e-06
9.58865e-06
9.58865e-06
9.58865e-06
9.58865e-06
9.58865e-06
9.58865e-06
9.58865e-06
9.58865e-06
9.58865e-06
9.58865e-06
9.58865e-06
9.58865e-06
9.58865e-06
9.58865e-06
9.58865e-06
9.58865e-06
9.58865e-06
9.58865e-06
9.58865e-06
9.58865e-06
9.58865e-06
9.58865e-06
9.58865e-06
9.58865e-06
9.58865e-06
9.58865e-06
9.58865e-06
9.58865e-06
9.58865e-06
9.58865e-06
9.58865e-06
9.58865e-06
9.58865e-06
9.58865e-06
9.58865e-06
9.58865e-06
9.58865e-06
9.58865e-06
9.58865e-06
9.58865e-06
9.58865e-06
9.58865e-06
9.58865e-06
9.58865e-06
9.58865e-06
9.58865e-06
9.58865e-06
9.58865e-06
9.58865e-06
9.58865e-06
9.58865e-06
9.58865e-06
9.58865e-06
9.58865e-06
9.58865e-06
9.58865e-06
9.58865e-06
9.58865e-06
9.58865e-06
9.58865e-06
9.58865e-06
9.58865e-06
9.58865e-06
9.58865e-06
9.58865e-06
9.58865e-06
9.58865e-06
9.58865e-06
9.58865e-06
9.58865e-06
9.58865e-06
9.58865e-06
9.58865e-06
9.58865e-06
9.58865e-06
9.58865e-06
9.58865e-06
9.58865e-06
9.58865e-06
9.58865e-06
9.58865e-06
9.58865e-06
9.58865e-06
9.58865e-06
9.58865e-06
9.58865e-06
9.58865e-06
9.58865e-06
9.58865e-06
9.58865e-06
9.58865e-06
9.58865e-06
9.58865e-06
9.58865e-06
9.58865e-06
9.58865e-06
9.58865e-06
9.58865e-06
9.58865e-06
9.58865e-06
9.58865e-06
9.58865e-06
9.58865e-06
9.58865e-06
9.58865e-06
9.58865e-06
9.58865e-06
9.58865e-06
9.58865e-06
9.58865e-06
9.58865e-06
9.58865e-06
9.58865e-06
9.58865e-06
9.58865e-06
9.58865e-06
9.58865e-06
9.58865e-06
9.58865e-06
9.58865e-06
9.58865e-06
9.58865e-06
9.58865e-06
9.58865e-06
9.58865e-06
9.58865e-06
9.58865e-06
9.58865e-06
9.58865e-06
9.58865e-06
9.58865e-06
9.58865e-06
9.58865e-06
9.58865e-06
9.58865e-06
9.58865e-06
9.58865e-06
9.58865e-06
9.58865e-06
9.58865e-06
9.58865e-06
9.58865e-06
9.58865e-06
9.58865e-06
9.58865e-06
9.58865e-06
9.58865e-06
9.58865e-06
9.58865e-06
9.58865e-06
9.58865e-06
9.58865e-06
9.58865e-06
9.58865e-06
9.58865e-06
9.58865e-06
9.58865e-06
9.58865e-06
9.58865e-06
9.58865e-06
9.58865e-06
9.58865e-06
9.58865e-06
9.58865e-06
9.58865e-06
9.58865e-06
9.58865e-06
9.58865e-06
9.58865e-06
9.58865e-06
9.58865e-06
9.58865e-06
9.58865e-06
9.58865e-06
9.58865e-06
9.58865e-06
9.58865e-06
9.58865e-06
9.58865e-06
9.58865e-06
9.58865e-06
9.58865e-06
9.58865e-06
9.58865e-06
9.58865e-06
9.58865e-06
9.58865e-06
9.58865e-06
9.58865e-06
9.58865e-06
9.58865e-06
9.58865e-06
9.58865e-06
9.58865e-06
9.58865e-06
9.58865e-06
9.58865e-06
9.58865e-06
9.58865e-06
9.58865e-06
9.58865e-06
9.58865e-06
9.58865e-06
9.58865e-06
9.58865e-06
9.58865e-06
9.58865e-06
9.58865e-06
9.58865e-06
9.58865e-06
9.58865e-06
9.58865e-06
9.58865e-06
9.58865e-06
9.58865e-06
9.58865e-06
9.58865e-06
9.58865e-06
9.58865e-06
9.58865e-06
9.58865e-06
9.58865e-06
9.58865e-06
9.58865e-06
9.58865e-06
9.58865e-06
9.58865e-06
9.58865e-06
9.58865e-06
9.58865e-06
9.58865e-06
9.58865e-06
9.58865e-06
9.58865e-06
9.58865e-06
9.58865e-06
9.58865e-06
9.58865e-06
9.58865e-06
9.58865e-06
9.58865e-06
9.58865e-06
9.58865e-06
9.58865e-06
9.58865e-06
9.58865e-06
9.58865e-06
9.58865e-06
9.58865e-06
9.58865e-06
9.58865e-06
9.58865e-06
9.58865e-06
9.58865e-06
9.58865e-06
9.58865e-06
9.58865e-06
9.58865e-06
9.58865e-06
9.58865e-06
9.58865e-06
9.58865e-06
9.58865e-06
9.58865e-06
9.58865e-06
9.58865e-06
9.58865e-06
9.58865e-06
9.58865e-06
9.58865e-06
9.58865e-06
9.58865e-06
9.58865e-06
9.58865e-06
9.58865e-06
9.58865e-06
9.58865e-06
9.58865e-06
9.58865e-06
9.58865e-06
9.58865e-06
9.58865e-06
9.58865e-06
9.58865e-06
9.58865e-06
9.58865e-06
9.58865e-06
9.58865e-06
9.58865e-06
9.58865e-06
9.58865e-06
9.58865e-06
9.58865e-06
9.58865e-06
9.58865e-06
9.58865e-06
9.58865e-06
9.58865e-06
9.58865e-06
9.58865e-06
9.58865e-06
9.58865e-06
9.58865e-06
9.58865e-06
9.58865e-06
9.58865e-06
9.58865e-06
9.58865e-06
9.58865e-06
9.58865e-06
9.58865e-06
9.58865e-06
9.58865e-06
9.58865e-06
9.58865e-06
9.58865e-06
9.58865e-06
9.58865e-06
9.58865e-06
9.58865e-06
9.58865e-06
9.58865e-06
9.58865e-06
9.58865e-06
9.58865e-06
9.58865e-06
9.58865e-06
9.58865e-06
9.58865e-06
9.58865e-06
9.58865e-06
9.58865e-06
9.58865e-06
9.58865e-06
9.58865e-06
9.58865e-06
9.58865e-06
9.58865e-06
9.58865e-06
9.58865e-06
9.58865e-06
9.58865e-06
9.58865e-06
9.58865e-06
9.58865e-06
9.58865e-06
9.58865e-06
9.58865e-06
9.58865e-06
9.58865e-06
9.58865e-06
9.58865e-06
9.58865e-06
9.58865e-06
9.58865e-06
9.58865e-06
9.58865e-06
9.58865e-06
9.58865e-06
9.58865e-06
9.58865e-06
9.58865e-06
9.58865e-06
9.58865e-06
9.58865e-06
9.58865e-06
9.58865e-06
9.58865e-06
9.58865e-06
9.58865e-06
9.58865e-06
9.58865e-06
9.58865e-06
9.58865e-06
9.58865e-06
9.58865e-06
9.58865e-06
9.58865e-06
9.58865e-06
9.58865e-06
9.58865e-06
9.58865e-06
9.58865e-06
9.58865e-06
9.58865e-06
9.58865e-06
9.58865e-06
9.58865e-06
9.58865e-06
9.58865e-06
9.58865e-06
9.58865e-06
9.58865e-06
9.58865e-06
9.58865e-06
9.58865e-06
9.58865e-06
9.58865e-06
9.58865e-06
9.58865e-06
9.58865e-06
9.58865e-06
9.58865e-06
9.58865e-06
9.58865e-06
9.58865e-06
9.58865e-06
9.58865e-06
9.58865e-06
9.58865e-06
9.58865e-06
9.58865e-06
9.58865e-06
9.58865e-06
9.58865e-06
9.58865e-06
9.58865e-06
9.58865e-06
9.58865e-06
9.58865e-06
9.58865e-06
9.58865e-06
9.58865e-06
9.58865e-06
9.58865e-06
9.58865e-06
9.58865e-06
9.58865e-06
9.58865e-06
9.58865e-06
9.58865e-06
9.58865e-06
9.58865e-06
9.58865e-06
9.58865e-06
9.58865e-06
9.58865e-06
9.58865e-06
9.58865e-06
9.58865e-06
9.58865e-06
9.58865e-06
9.58865e-06
9.58865e-06
9.58865e-06
9.58865e-06
9.58865e-06
9.58865e-06
9.58865e-06
9.58865e-06
9.58865e-06
9.58865e-06
9.58865e-06
9.58865e-06
9.58865e-06
9.58865e-06
9.58865e-06
9.58865e-06
9.58865e-06
9.58865e-06
9.58865e-06
9.58865e-06
9.58865e-06
9.58865e-06
9.58865e-06
9.58865e-06
9.58865e-06
9.58865e-06
9.58865e-06
9.58865e-06
9.58865e-06
9.58865e-06
9.58865e-06
9.58865e-06
9.58865e-06
9.58865e-06
9.58865e-06
9.58865e-06
9.58865e-06
9.58865e-06
9.58865e-06
9.58865e-06
9.58865e-06
9.58865e-06
9.58865e-06
9.58865e-06
9.58865e-06
9.58865e-06
9.58865e-06
9.58865e-06
9.58865e-06
9.58865e-06
9.58865e-06
9.58865e-06
9.58865e-06
9.58865e-06
9.58865e-06
9.58865e-06
9.58865e-06
9.58865e-06
9.58865e-06
9.58865e-06
9.58865e-06
9.58865e-06
9.58865e-06
9.58865e-06
9.58865e-06
9.58865e-06
9.58865e-06
9.58865e-06
9.58865e-06
9.58865e-06
9.58865e-06
9.58865e-06
9.58865e-06
9.58865e-06
9.58865e-06
9.58865e-06
9.58865e-06
9.58865e-06
9.58865e-06
9.58865e-06
9.58865e-06
9.58865e-06
9.58865e-06
9.58865e-06
9.58865e-06
9.58865e-06
9.58865e-06
9.58865e-06
9.58865e-06
9.58865e-06
9.58865e-06
9.58865e-06
9.58865e-06
9.58865e-06
9.58865e-06
9.58865e-06
9.58865e-06
9.58865e-06
9.58865e-06
9.58865e-06
9.58865e-06
9.58865e-06
9.58865e-06
9.58865e-06
9.58865e-06
9.58865e-06
9.58865e-06
9.58865e-06
9.58865e-06
9.58865e-06
9.58865e-06
9.58865e-06
9.58865e-06
9.58865e-06
9.58865e-06
9.58865e-06
9.58865e-06
9.58865e-06
9.58865e-06
9.58865e-06
9.58865e-06
9.58865e-06
9.58865e-06
9.58865e-06
9.58865e-06
9.58865e-06
9.58865e-06
9.58865e-06
9.58865e-06
9.58865e-06
9.58865e-06
9.58865e-06
9.58865e-06
9.58865e-06
9.58865e-06
9.58865e-06
9.58865e-06
9.58865e-06
9.58865e-06
9.58865e-06
9.58865e-06
9.58865e-06
9.58865e-06
9.58865e-06
9.58865e-06
9.58865e-06
9.58865e-06
9.58865e-06
9.58865e-06
9.58865e-06
9.58865e-06
9.58865e-06
9.58865e-06
9.58865e-06
9.58865e-06
9.58865e-06
9.58865e-06
9.58865e-06
9.58865e-06
9.58865e-06
9.58865e-06
9.58865e-06
9.58865e-06
9.58865e-06
9.58865e-06
9.58865e-06
9.58865e-06
9.58865e-06
9.58865e-06
9.58865e-06
9.58865e-06
9.58865e-06
9.58865e-06
9.58865e-06
9.58865e-06
9.58865e-06
9.58865e-06
9.58865e-06
9.58865e-06
9.58865e-06
9.58865e-06
9.58865e-06
9.58865e-06
9.58865e-06
9.58865e-06
9.58865e-06
9.58865e-06
9.58865e-06
9.58865e-06
9.58865e-06
9.58865e-06
9.58865e-06
9.58865e-06
9.58865e-06
9.58865e-06
9.58865e-06
9.58865e-06
9.58865e-06
9.58865e-06
9.58865e-06
9.58865e-06
9.58865e-06
9.58865e-06
9.58865e-06
9.58865e-06
9.58865e-06
9.58865e-06
9.58865e-06
9.58865e-06
9.58865e-06
9.58865e-06
9.58865e-06
9.58865e-06
9.58865e-06
9.58865e-06
9.58865e-06
9.58865e-06
9.58865e-06
9.58865e-06
9.58865e-06
9.58865e-06
9.58865e-06
9.58865e-06
9.58865e-06
9.58865e-06
9.58865e-06
9.58865e-06
9.58865e-06
9.58865e-06
9.58865e-06
9.58865e-06
9.58865e-06
9.58865e-06
9.58865e-06
9.58865e-06
9.58865e-06
9.58865e-06
9.58865e-06
9.58865e-06
9.58865e-06
9.58865e-06
9.58865e-06
9.58865e-06
9.58865e-06
9.58865e-06
9.58865e-06
9.58865e-06
9.58865e-06
9.58865e-06
9.58865e-06
9.58865e-06
9.58865e-06
9.58865e-06
9.58865e-06
9.58865e-06
9.58865e-06
9.58865e-06
9.58865e-06
9.58865e-06
9.58865e-06
9.58865e-06
9.58865e-06
9.58865e-06
9.58865e-06
9.58865e-06
9.58865e-06
9.58865e-06
9.58865e-06
9.58865e-06
9.58865e-06
9.58865e-06
9.58865e-06
9.58865e-06
9.58865e-06
9.58865e-06
9.58865e-06
9.58865e-06
9.58865e-06
9.58865e-06
9.58865e-06
9.58865e-06
9.58865e-06
9.58865e-06
9.58865e-06
9.58865e-06
9.58865e-06
9.58865e-06
9.58865e-06
9.58865e-06
9.58865e-06
9.58865e-06
9.58865e-06
9.58865e-06
9.58865e-06
9.58865e-06
9.58865e-06
9.58865e-06
9.58865e-06
9.58865e-06
9.58865e-06
9.58865e-06
9.58865e-06
9.58865e-06
9.58865e-06
9.58865e-06
9.58865e-06
9.58865e-06
9.58865e-06
9.58865e-06
9.58865e-06
9.58865e-06
9.58865e-06
9.58865e-06
9.58865e-06
9.58865e-06
9.58865e-06
9.58865e-06
9.58865e-06
9.58865e-06
9.58865e-06
9.58865e-06
9.58865e-06
9.58865e-06
9.58865e-06
9.58865e-06
9.58865e-06
9.58865e-06
9.58865e-06
9.58865e-06
9.58865e-06
9.58865e-06
9.58865e-06
9.58865e-06
9.58865e-06
9.58865e-06
9.58865e-06
9.58865e-06
9.58865e-06
9.58865e-06
9.58865e-06
9.58865e-06
9.58865e-06
9.58865e-06
9.58865e-06
9.58865e-06
9.58865e-06
9.58865e-06
9.58865e-06
9.58865e-06
9.58865e-06
9.58865e-06
9.58865e-06
9.58865e-06
9.58865e-06
9.58865e-06
9.58865e-06
9.58865e-06
9.58865e-06
9.58865e-06
9.58865e-06
9.58865e-06
9.58865e-06
9.58865e-06
9.58865e-06
9.58865e-06
9.58865e-06
9.58865e-06
9.58865e-06
9.58865e-06
9.58865e-06
9.58865e-06
9.58865e-06
9.58865e-06
9.58865e-06
9.58865e-06
9.58865e-06
9.58865e-06
9.58865e-06
9.58865e-06
9.58865e-06
9.58865e-06
9.58865e-06
9.58865e-06
9.58865e-06
9.58865e-06
9.58865e-06
9.58865e-06
9.58865e-06
9.58865e-06
9.58865e-06
9.58865e-06
9.58865e-06
9.58865e-06
9.58865e-06
9.58865e-06
9.58865e-06
9.58865e-06
9.58865e-06
9.58865e-06
9.58865e-06
9.58865e-06
9.58865e-06
9.58865e-06
9.58865e-06
9.58865e-06
9.58865e-06
9.58865e-06
9.58865e-06
9.58865e-06
9.58865e-06
9.58865e-06
9.58865e-06
9.58865e-06
9.58865e-06
9.58865e-06
9.58865e-06
9.58865e-06
9.58865e-06
9.58865e-06
9.58865e-06
9.58865e-06
9.58865e-06
9.58865e-06
9.58865e-06
9.58865e-06
9.58865e-06
9.58865e-06
9.58865e-06
9.58865e-06
9.58865e-06
9.58865e-06
9.58865e-06
9.58865e-06
9.58865e-06
9.58865e-06
9.58865e-06
9.58865e-06
9.58865e-06
9.58865e-06
9.58865e-06
9.58865e-06
9.58865e-06
9.58865e-06
9.58865e-06
9.58865e-06
9.58865e-06
9.58865e-06
9.58865e-06
9.58865e-06
9.58865e-06
9.58865e-06
9.58865e-06
9.58865e-06
9.58865e-06
9.58865e-06
9.58865e-06
9.58865e-06
9.58865e-06
9.58865e-06
9.58865e-06
9.58865e-06
9.58865e-06
9.58865e-06
9.58865e-06
9.58865e-06
9.58865e-06
9.58865e-06
9.58865e-06
9.58865e-06
9.58865e-06
9.58865e-06
9.58865e-06
9.58865e-06
9.58865e-06
9.58865e-06
9.58865e-06
9.58865e-06
9.58865e-06
9.58865e-06
9.58865e-06
9.58865e-06
9.58865e-06
9.58865e-06
9.58865e-06
9.58865e-06
9.58865e-06
9.58865e-06
9.58865e-06
9.58865e-06
9.58865e-06
9.58865e-06
9.58865e-06
9.58865e-06
9.58865e-06
9.58865e-06
9.58865e-06
9.58865e-06
9.58865e-06
9.58865e-06
9.58865e-06
9.58865e-06
9.58865e-06
9.58865e-06
9.58865e-06
9.58865e-06
9.58865e-06
9.58865e-06
9.58865e-06
9.58865e-06
9.58865e-06
9.58865e-06
9.58865e-06
9.58865e-06
9.58865e-06
9.58865e-06
9.58865e-06
9.58865e-06
9.58865e-06
9.58865e-06
9.58865e-06
9.58865e-06
9.58865e-06
9.58865e-06
9.58865e-06
9.58865e-06
9.58865e-06
9.58865e-06
9.58865e-06
9.58865e-06
9.58865e-06
9.58865e-06
9.58865e-06
9.58865e-06
9.58865e-06
9.58865e-06
9.58865e-06
9.58865e-06
9.58865e-06
9.58865e-06
9.58865e-06
9.58865e-06
9.58865e-06
9.58865e-06
9.58865e-06
9.58865e-06
9.58865e-06
9.58865e-06
9.58865e-06
9.58865e-06
9.58865e-06
9.58865e-06
9.58865e-06
9.58865e-06
0
