53 3.55303332401016 0.128418549346017 27 6 5.91044273581373 R5
18 3.51005880584825 0.129132231404959 41 10 8.83176086632785 R5
97 3.21203900507695 0.326474622770919 22 5.22222222222222 5.22340412157474 R6
227 3.1532172009261 0.158790170132325 21 6.53333333333333 4.5879068090894 R5
273 2.73873939637856 0.392561983471074 17 5.44444444444444 4.21929723245501 R6
37 2.72789903862035 0.345 16 5.41176470588235 3.88146157325262 R6
2 2.72474630456533 0.5078125 11 4 2.56904651573302 R6
61 2.6576773696842 0.214532871972318 15 5.63636363636363 3.52324043183202 R5
219 2.55020841214364 0.4 19 6.66666666666667 4.83620604284897 R6
235 2.46234804500437 0.311418685121107 14 5.27272727272727 3.5442888526578 R2
199 2.35702260395516 0.40625 6 2.66666666666667 1.41421356237309 R2
383 2.13808993529939 0.448979591836735 5 2.33333333333333 1.24721912892465 R2
7 2.12737562958478 0.234404536862004 20 7.47368421052632 5.8881542193461 R2
63 2.12737562958478 0.578125 20 7.47368421052632 5.8881542193461 R2
19 2.06474160483506 0.197530864197531 8 3.5 2.17944947177034 R2
15 2.06336280458586 0.672216441207076 16 5.22222222222222 5.22340412157474 R3
111 2.00059514954449 0.673469387755102 7 3.27272727272727 1.8630819574472 R3
44 1.96396101212393 0.244897959183674 6 3 1.52752523165195 R2
6 1.95754312134062 0.505102040816326 19 7.47368421052632 5.8881542193461 R2
36 1.95499431101125 0.231111111111111 13 5.41176470588235 3.88146157325262 R2
13 1.95283366471236 0.124444444444444 14 6.5 3.8405728739343 R2
184 1.94075680212142 0.409972299168975 14 7.71428571428571 3.23879544250133 R2
47 1.90515868883136 0.469387755102041 10 4.4 2.93938769133981 R2
545 1.87712426483117 0.165289256198347 10 4.90909090909091 2.71207888912296 R2
149 1.85062346195639 0.095 19 10.8888888888889 4.38290731629245 R2
364 1.78885438199983 0.244897959183674 6 3.71428571428571 1.27775312999988 R2
336 1.7538384666464 0.359861591695502 13 6.25 3.84870107958516 R2
28 1.70388550274119 0.526077097505669 12 6 3.5213633723318 R2
165 1.69941166289984 0.521541950113379 14 7.66666666666667 3.72677996249965 R2
189 1.65100165100247 0.277777777777778 5 3.14285714285714 1.12485826771597 R2
349 1.62746694241347 0.34 8 4.88888888888889 1.91162783712058 R2
496 1.58113883008419 0.46 7 4 1.89736659610103 R2
252 1.58103675197762 0.736732570239334 14 7.23076923076923 4.28151386156177 R3
74 1.57408759490706 0.277777777777778 10 5.81818181818182 2.65666167203681 R2
442 1.56495178011147 0.402777777777778 9 4.4 2.93938769133981 R2
201 1.55370792679168 0.463667820069204 12 5.44444444444444 4.21929723245501 R2
144 1.46595829998932 0.633136094674556 14 6.63636363636364 5.02308719401502 R3
520 1.4638501094228 0.375 6 3.27272727272727 1.8630819574472 R2
22 1.45338260701944 0.471938775510204 19 9.84615384615385 6.29830445860268 R2
451 1.43222974807887 0.416666666666667 9 5 2.79284800875379 R2
295 1.41421356237309 0.448979591836735 5 4 0.707106781186548 R2
849 1.41421356237309 0.56 3 2 0.707106781186548 R2
415 1.34747450452638 0.3203125 13 7.23076923076923 4.28151386156177 R2
182 1.34164078649987 0.197530864197531 8 5 2.23606797749979 R2
197 1.33484762494383 0.165289256198347 10 5.33333333333333 3.4960294939005 R2
676 1.1679651274655 0.46 7 3.81818181818182 2.72424073886758 R2
168 1.16275534829989 0.142011834319526 12 7.66666666666667 3.72677996249965 R2
112 1.15356346224095 0.214532871972318 15 8.5 5.63471383479232 R2
686 1.13968258936178 0.489795918367347 8 4.90909090909091 2.71207888912296 R2
543 1.13968258936178 0.34 8 4.90909090909091 2.71207888912296 R2
547 1.07969533895693 0.165289256198347 10 5.44444444444444 4.21929723245501 R2
356 1.05162781088728 0.314049586776859 9 5.27272727272727 3.5442888526578 R2
195 1.04880884817015 0.18 9 5.33333333333333 3.4960294939005 R2
229 1.02062072615966 0.32 4 2.57142857142857 1.39970842444753 R2
333 0.974354703692446 0.165289256198347 10 6.25 3.84870107958516 R2
304 0.937987234142279 0.1171875 15 10.8888888888889 4.38290731629245 R2
39 0.924454674199119 0.18 9 5.41176470588235 3.88146157325262 R2
145 0.896258159530271 0.444444444444444 4 2.72727272727273 1.42004539561939 R2
346 0.896019171834251 0.391111111111111 11 6.66666666666667 4.83620604284897 R2
370 0.852324702858681 0.32 8 5.42857142857143 3.01695886884898 R2
251 0.852324702858681 0.489795918367347 8 5.42857142857143 3.01695886884898 R2
115 0.842689045039557 0.625 9 5.44444444444444 4.21929723245501 R3
271 0.842689045039557 0.18 9 5.44444444444444 4.21929723245501 R2
566 0.803683042466704 0.18 9 5.38461538461539 4.49852046683491 R2
17 0.792593923901217 0.491083676268861 17 10 8.83176086632785 R2
505 0.768715563631474 0.375 12 7.47368421052632 5.8881542193461 R2
810 0.762000762001142 0.6875 4 3.14285714285714 1.12485826771597 R3
624 0.747878355013905 0.152777777777778 11 8 4.01134754052913 R2
625 0.747878355013905 0.519031141868512 11 8 4.01134754052913 R2
87 0.727606875108999 0.34 8 6.5 2.06155281280883 R2
90 0.727606875108999 0.34 8 6.5 2.06155281280883 R2
822 0.716114874039433 0.603550295857988 7 5 2.79284800875379 R2
430 0.707106781186548 0.375 3 2.66666666666667 0.471404520791032 R2
429 0.707106781186548 0.375 3 2.66666666666667 0.471404520791032 R2
335 0.705729746225969 0.291666666666667 10 7.71428571428571 3.23879544250133 R2
210 0.703452458112659 0.473372781065089 8 5.6 3.4117444218464 R2
598 0.688247201611685 0.5 5 3.5 2.17944947177034 R2
389 0.676123403782814 0.493827160493827 6 4.66666666666667 1.97202659436654 R2
38 0.676123403782814 0.663265306122449 6 4.66666666666667 1.97202659436654 R3
264 0.669635272834626 0.378698224852071 10 6.63636363636364 5.02308719401502 R2
250 0.646787762172662 0.408163265306122 10 7.23076923076923 4.28151386156177 R2
662 0.626099033699941 0.459183673469388 10 7.66666666666667 3.72677996249965 R2
661 0.626099033699941 0.165289256198347 10 7.66666666666667 3.72677996249965 R2
658 0.626099033699941 0.165289256198347 10 7.66666666666667 3.72677996249965 R2
659 0.626099033699941 0.165289256198347 10 7.66666666666667 3.72677996249965 R2
48 0.544331053951817 0.493827160493827 6 4.4 2.93938769133981 R2
351 0.535869832931773 0.355029585798816 10 7.86666666666667 3.98106630048897 R2
93 0.5 0.375 3 2.4 1.2 R2
501 0.481125224324688 0.53125 5 4.28571428571429 1.48461497791618 R2
665 0.481125224324688 0.277777777777778 5 4.28571428571429 1.48461497791618 R2
502 0.481125224324688 0.53125 5 4.28571428571429 1.48461497791618 R2
404 0.471202237975021 0.36281179138322 16 10.9565217391304 10.7034259483651 R2
337 0.454698861723142 0.32 8 6.25 3.84870107958516 R2
70 0.444850842038951 0.603550295857988 7 5.81818181818182 2.65666167203681 R2
675 0.4338156187729 0.277777777777778 5 3.81818181818182 2.72424073886758 R2
438 0.409184855793053 0.597222222222222 7 5.41176470588235 3.88146157325262 R2
141 0.340348503849214 0.37037037037037 7 5.22222222222222 5.22340412157474 R2
129 0.301511344577764 0.244897959183674 6 5.25 2.48746859276655 R2
875 0.283980917123532 0.21875 7 6 3.5213633723318 R2
27 0.283980917123532 0.21875 7 6 3.5213633723318 R2
436 0.249292785004635 0.18 9 8 4.01134754052913 R2
673 0.249292785004635 0.402777777777778 9 8 4.01134754052913 R2
89 0.242535625036333 0.21875 7 6.5 2.06155281280883 R2
14 0.235702260395516 0.8 3 2.66666666666667 1.41421356237309 R3
181 0.235702260395516 0.611111111111111 3 2.66666666666667 1.41421356237309 R2
62 0.229415733870562 0.444444444444444 4 3.5 2.17944947177034 R2
151 0.194870940738489 0.512396694214876 7 6.25 3.84870107958516 R2
100 0.192055319899344 0.375 3 2.72727272727273 1.42004539561939 R2
171 0.183199488279762 0.336734693877551 11 9.84615384615385 6.29830445860268 R2
200 0.171498585142508 0.512396694214876 7 6.8 1.16619037896907 R2
114 0.148902470434031 0.54 6 5.22222222222222 5.22340412157474 R2
202 0.0894427190999915 0.197530864197531 8 7.66666666666667 3.72677996249965 R2
690 0.0893855306548225 0.197530864197531 8 7.47368421052632 5.8881542193461 R2
689 0.0893855306548225 0.197530864197531 8 7.47368421052632 5.8881542193461 R2
249 0.0893855306548225 0.197530864197531 8 7.47368421052632 5.8881542193461 R2
334 0.0882162182782464 0.197530864197531 8 7.71428571428571 3.23879544250133 R2
148 0.0253510063281696 0.152777777777778 11 10.8888888888889 4.38290731629245 R2
757 2.71947991102104e-16 0.444444444444444 2 2 0.816496580927726 R2
434 2.2141647182806e-16 0.32 8 8 4.01134754052913 R2
420 2.2141647182806e-16 0.32 8 8 4.01134754052913 R2
218 0 0.64819944598338 10 10 8.83176086632785 R3
294 0 0.32 4 4 0.707106781186548 R2
293 0 0.59375 4 4 0.707106781186548 R2
414 -0.0538989801810552 0.46 7 7.23076923076923 4.28151386156177 R2
898 -0.105336130629944 0.277777777777778 5 5.44444444444444 4.21929723245501 R2
352 -0.126687754320065 0.244897959183674 6 6.63636363636364 5.02308719401502 R2
353 -0.126687754320065 0.244897959183674 6 6.63636363636364 5.02308719401502 R2
191 -0.12700012700019 0.375 3 3.14285714285714 1.12485826771597 R2
887 -0.12700012700019 0.375 3 3.14285714285714 1.12485826771597 R2
886 -0.12700012700019 0.375 3 3.14285714285714 1.12485826771597 R2
190 -0.12700012700019 0.611111111111111 3 3.14285714285714 1.12485826771597 R2
26 -0.134346291405159 0.375 9 9.84615384615385 6.29830445860268 R2
345 -0.137849103359115 0.48 6 6.66666666666667 4.83620604284897 R2
187 -0.14638501094228 0.56 3 3.27272727272727 1.8630819574472 R2
211 -0.169192063048103 0.277777777777778 5 6 5.91044273581373 R2
712 -0.180618850366887 0.46875 5 5.63636363636363 3.52324043183202 R2
703 -0.180618850366887 0.277777777777778 5 5.63636363636363 3.52324043183202 R2
303 -0.202808050625358 0.497777777777778 10 10.8888888888889 4.38290731629245 R2
305 -0.202808050625358 0.165289256198347 10 10.8888888888889 4.38290731629245 R2
738 -0.220540545695615 0.37037037037037 7 7.71428571428571 3.23879544250133 R2
143 -0.229415733870562 0.56 3 3.5 2.17944947177034 R2
174 -0.233989596396334 0.32 4 5.22222222222222 5.22340412157474 R2
913 -0.250279485833504 0.244897959183674 6 7.47368421052632 5.8881542193461 R2
787 -0.267261241912424 0.444444444444444 2 2.33333333333333 1.24721912892465 R2
786 -0.267261241912424 0.444444444444444 2 2.33333333333333 1.24721912892465 R2
84 -0.283980917123532 0.68 5 6 3.5213633723318 R3
350 -0.307793505625546 0.444444444444444 4 5.38461538461539 4.49852046683491 R2
380 -0.316227766016838 0.32 4 5 3.16227766016838 R2
331 -0.324784901230815 0.277777777777778 5 6.25 3.84870107958516 R2
330 -0.324784901230815 0.277777777777778 5 6.25 3.84870107958516 R2
183 -0.325768511108737 0.277777777777778 5 6.63636363636364 5.02308719401502 R2
544 -0.335200761576995 0.32 4 4.90909090909091 2.71207888912296 R2
785 -0.358057437019716 0.489795918367347 4 5 2.79284800875379 R2
234 -0.359092423229804 0.612244897959184 4 5.27272727272727 3.5442888526578 R2
12 -0.390566732942472 0.408163265306122 5 6.5 3.8405728739343 R2
11 -0.390566732942472 0.277777777777778 5 6.5 3.8405728739343 R2
758 -0.408248290463858 0.48 3 3.14285714285714 0.349927106111886 R2
409 -0.408248290463863 0.5 2 2.57142857142857 1.39970842444753 R2
683 -0.420111994077667 0.448979591836735 5 7.47368421052632 5.8881542193461 R2
400 -0.420111994077667 0.58 5 7.47368421052632 5.8881542193461 R2
741 -0.420111994077667 0.277777777777778 5 7.47368421052632 5.8881542193461 R2
248 -0.420111994077667 0.277777777777778 5 7.47368421052632 5.8881542193461 R2
98 -0.425435629811517 0.653061224489796 3 5.22222222222222 5.22340412157474 R3
238 -0.470360434191798 0.46875 5 5.83333333333333 1.77169096878911 R2
150 -0.471404520791032 0.444444444444444 2 2.66666666666667 1.41421356237309 R2
198 -0.471404520791032 0.625 2 2.66666666666667 1.41421356237309 R3
212 -0.507576189144309 0.48 3 6 5.91044273581373 R2
99 -0.512147519731583 0.444444444444444 2 2.72727272727273 1.42004539561939 R2
50 -0.512147519731583 0.444444444444444 2 2.72727272727273 1.42004539561939 R2
185 -0.52484926789741 0.32 4 6.63636363636364 5.02308719401502 R2
586 -0.530088815243996 0.56 3 5.38461538461539 4.49852046683491 R2
541 -0.551396413436462 0.32 4 6.66666666666667 4.83620604284897 R2
40 -0.551396413436462 0.32 4 6.66666666666667 4.83620604284897 R2
64 -0.585331034287619 0.32 8 11.6363636363636 6.21249075027996 R2
579 -0.589944502321829 0.489795918367347 4 7.47368421052632 5.8881542193461 R2
302 -0.6168816632267 0.444444444444444 2 5.22222222222222 5.22340412157474 R2
54 -0.6168816632267 0.625 2 5.22222222222222 5.22340412157474 R3
241 -0.632455532033677 0.56 3 5 3.16227766016838 R2
322 -0.641236470053221 0.375 3 5.27272727272727 3.5442888526578 R2
45 -0.654653670707977 0.444444444444444 2 3 1.52752523165195 R2
42 -0.654653670707977 0.444444444444444 2 3 1.52752523165195 R2
674 -0.667408644266 0.444444444444444 2 3.81818181818182 2.72424073886758 R2
851 -0.683130051063973 0.444444444444444 2 3.27272727272727 1.8630819574472 R2
240 -0.683130051063973 0.444444444444444 2 3.27272727272727 1.8630819574472 R2
239 -0.683130051063973 0.444444444444444 2 3.27272727272727 1.8630819574472 R2
482 -0.685994340570032 0.444444444444444 6 6.8 1.16619037896907 R2
43 -0.754585722534773 0.666666666666667 4 7.23076923076923 4.28151386156177 R3
416 -0.754585722534773 0.444444444444444 4 7.23076923076923 4.28151386156177 R2
220 -0.758170068475135 0.375 3 6.66666666666667 4.83620604284897 R2
96 -0.758170068475135 0.611111111111111 3 6.66666666666667 4.83620604284897 R2
814 -0.778498944161524 0.625 2 4 2.56904651573302 R3
765 -0.929609518810156 0.444444444444444 2 7.47368421052632 5.8881542193461 R2
775 -0.953462589245593 0.444444444444444 2 5.33333333333333 3.4960294939005 R2
113 -0.976092160357725 0.56 3 8.5 5.63471383479232 R2
660 -0.983869910099908 0.32 4 7.66666666666667 3.72677996249965 R2
817 -0.988147969986012 0.48 3 7.23076923076923 4.28151386156177 R2
504 -1 0.48 2 3 1 R2
884 -1.0344833986123 0.5 1 3.81818181818182 2.72424073886758 R2
554 -1.05336130629945 0.5 1 5.44444444444444 4.21929723245501 R2
801 -1.0690449676497 0.5 1 2.33333333333333 1.24721912892465 R2
866 -1.07264243704638 0.444444444444444 2 4.90909090909091 2.71207888912296 R2
583 -1.07417231105915 0.444444444444444 2 5 2.79284800875379 R2
653 -1.08698363045992 0.375 3 9.84615384615385 6.29830445860268 R2
405 -1.10426866418477 0.444444444444444 2 6.25 3.84870107958516 R2
403 -1.10426866418477 0.444444444444444 2 6.25 3.84870107958516 R2
377 -1.12209153826343 0.666666666666667 1 6.63636363636364 5.02308719401502 R3
41 -1.12268279877562 0.666666666666667 1 2.57142857142857 1.39970842444753 R3
876 -1.13592366849413 0.444444444444444 2 6 3.5213633723318 R2
708 -1.15670348964761 0.666666666666667 1 4.4 2.93938769133981 R3
369 -1.16666666666667 0.5 1 2.4 1.2 R2
457 -1.20552456370006 0.5 1 5.27272727272727 3.5442888526578 R2
188 -1.21987509118567 0.5 1 3.27272727272727 1.8630819574472 R2
186 -1.24646392502317 0.48 3 8 4.01134754052913 R2
443 -1.30654915983698 0.444444444444444 2 5.25 2.48746859276655 R2
846 -1.34164078649987 0.444444444444444 2 3.71428571428571 1.27775312999988 R2
847 -1.34164078649987 0.444444444444444 2 3.71428571428571 1.27775312999988 R2
681 -1.36409658516942 0.5 1 6.25 3.84870107958516 R2
899 -1.41421356237309 0.666666666666667 1 2 0.707106781186548 R3
896 -1.43222974807887 0.666666666666667 1 5 2.79284800875379 R3
732 -1.43721041274122 0.625 2 5.81818181818182 2.65666167203681 R3
654 -1.43721041274122 0.72 2 5.81818181818182 2.65666167203681 R3
912 -1.52052622469986 0.444444444444444 2 7.66666666666667 3.72677996249965 R2
856 -1.90500190500285 0.666666666666667 1 3.14285714285714 1.12485826771597 R3
789 -2.44948974278318 0.244897959183674 6 10.2857142857143 1.74963553055941 R2
376 -2.59272486435067 0.545454545454546 7 12.5 2.12132034355964 R2
