127 27
71 41
1648 7
1481 5
3596 4
3509 3
2266 5
1178 9
1387 6
512 26
463 23
517 13
458 18
1785 6
1250 6
5499 3
722 14
3588 4
1363 7
2507 5
1109 7
2067 4
1630 5
1597 6
3497 4
728 13
1244 6
1638 7
742 12
29 47
350 20
1969 6
1810 6
2203 4
58 57
153 25
2387 6
1546 8
101 26
340 13
311 21
3655 3
825 13
917 11
3431 4
2425 5
3536 3
495 18
1703 6
1322 9
1816 6
2460 5
3571 4
1172 6
2510 4
2458 6
1259 7
834 6
285 17
3574 3
2441 3
5401 3
3475 5
2414 6
1216 10
5531 3
2274 4
2285 5
1135 12
2002 7
1203 6
96 41
1068 13
1667 6
486 18
1354 6
569 6
8 39
2359 5
2045 6
1396 6
686 10
1760 8
391 9
2033 6
943 8
1375 10
180 36
1585 5
1877 6
246 32
690 12
1168 6
61 23
5215 3
536 19
1767 4
1653 7
1688 6
1266 7
2394 6
1458 8
444 12
508 16
3627 4
1336 9
39 24
1089 8
558 17
12 54
5443 3
1554 5
573 12
3707 3
3518 4
1084 8
3343 4
638 10
2350 4
875 8
2479 3
3467 5
1522 6
1 64
3218 4
506 11
116 29
136 30
1197 6
1580 7
661 17
2482 4
1935 6
581 18
308 23
3485 5
678 8
1517 8
1975 6
3676 3
1973 4
1991 7
927 6
301 26
2302 4
51 25
1758 8
1822 5
456 12
652 12
1033 7
2034 6
2258 5
2400 6
1539 5
2029 5
796 11
2349 4
3552 3
366 21
844 16
1541 7
3727 4
272 26
3527 3
2343 5
775 7
2518 4
20 20
2376 4
888 11
3743 3
1983 7
1011 10
1754 6
1627 7
3562 4
3683 3
468 11
1161 9
1019 5
700 12
78 22
1380 6
990 10
413 22
294 28
2218 4
1614 6
2316 5
1442 5
349 13
764 16
1743 7
1981 7
3638 3
2081 6
1383 9
606 14
137 18
1414 6
2522 4
3559 5
1855 7
666 11
432 22
860 12
1074 8
2308 4
4887 3
1567 9
1063 7
1776 7
2565 4
2576 5
2362 4
2415 6
708 13
1601 6
710 14
1656 9
323 27
856 11
1834 6
112 19
1664 8
545 11
191 38
2467 5
187 28
3612 4
588 15
1684 6
756 14
2326 4
1283 6
262 14
1944 6
212 24
2436 4
1331 7
542 11
2383 6
3750 3
3114 4
1305 8
961 14
4539 3
1662 8
2476 5
574 12
170 34
4873 3
1921 5
3397 4
660 15
26 37
977 12
2250 6
526 11
566 21
1901 5
3500 5
359 10
1229 10
108 32
604 16
1001 12
3694 3
232 26
477 15
1338 7
1182 9
225 18
1447 7
207 16
142 30
330 26
1510 4
48 54
1857 6
360 19
3641 3
3585 4
3160 4
2321 4
1988 7
3730 4
1076 8
3665 3
766 10
449 14
1574 6
3506 3
1579 6
659 14
1141 6
682 9
353 15
375 8
3633 4
984 10
1155 7
2409 6
788 8
1485 7
128 37
3692 3
3726 4
501 20
1313 8
278 25
1617 5
3521 3
490 18
1843 6
155 31
387 21
1913 6
1112 6
626 8
1294 7
461 11
1426 11
1562 6
257 24
1358 8
951 8
782 13
5225 3
85 26
3647 3
809 15
2200 4
1156 11
2281 4
1557 6
425 6
1486 8
3614 4
2056 6
736 14
3607 4
539 20
3648 4
781 12
5589 3
1950 5
1698 6
520 14
2037 4
532 20
1193 8
2455 6
55 34
3592 4
1681 6
57 36
872 6
2354 4
3479 5
1146 6
395 12
89 33
175 28
584 11
988 11
35 25
2295 4
3584 4
2453 6
1882 5
1550 7
1421 8
1454 6
665 13
1476 8
1207 6
2533 4
1584 5
904 9
930 10
1675 6
649 9
5527 3
642 17
1318 8
648 13
2006 8
2245 6
1764 7
1028 9
1589 5
198 23
1718 5
2550 5
1098 10
1059 11
3713 3
913 8
3644 4
2019 6
361 27
202 30
2468 5
184 27
776 8
3738 3
1819 5
1459 8
1570 9
1984 6
5625 3
1269 7
181 22
412 15
307 21
1671 6
3472 5
2041 7
830 9
1463 8
154 32
1467 7
3721 3
2062 4
1101 8
704 14
326 18
1165 8
1462 9
2543 3
681 13
335 16
1029 11
5 52
554 18
552 11
5362 4
1867 7
1623 5
2505 5
74 42
3533 5
440 14
890 14
3699 3
1289 8
299 25
2024 5
2525 4
1282 10
1694 5
841 7
1044 6
3513 3
1350 7
1751 9
91 34
3183 3
1240 9
467 16
474 13
481 20
867 13
3563 4
3669 3
817 15
563 14
3470 5
229 31
673 16
3489 5
68 31
2059 6
315 20
2514 5
1827 6
3628 4
2366 4
2501 3
1947 4
1347 6
222 17
1504 8
25 53
2270 4
2418 3
305 21
1253 7
928 9
1644 8
1526 8
217 22
1730 6
281 31
158 36
3623 3
46 53
3412 4
1851 7
1316 11
3658 4
2373 3
36 16
2263 5
748 10
472 12
1368 7
3505 3
1655 9
1943 5
317 14
711 10
132 33
1254 7
1791 9
3712 4
1642 9
892 6
3747 3
1428 7
546 10
2071 6
537 15
1018 4
1125 11
1007 9
2279 4
1443 5
741 9
1833 6
1186 6
998 8
1789 8
3566 4
529 19
3556 4
1545 6
1838 5
1058 7
1773 7
3704 3
2573 6
1150 12
1535 7
2390 6
1335 7
908 8
2580 5
284 22
1340 7
903 7
5419 3
247 15
289 17
165 17
729 14
2 72
808 10
845 12
1847 5
2553 4
1231 8
147 26
1249 10
2446 5
973 9
2569 3
1046 9
1142 7
1291 6
319 28
2571 5
1052 6
1179 13
735 14
1493 5
5438 3
2397 6
974 8
1271 7
1668 5
1715 5
344 26
1613 4
636 14
1710 4
1104 5
2224 5
1133 13
2421 4
209 20
1118 5
1575 6
5152 3
117 37
2428 5
3754 3
600 8
80 30
336 31
2472 4
457 15
1301 8
821 9
5460 3
383 9
696 12
2532 4
1721 7
2497 4
3651 3
1431 9
92 21
1489 7
1212 6
3687 4
2253 7
2433 5
1805 4
1164 6
1727 7
1477 8
505 12
670 14
1094 13
419 21
995 8
837 13
1225 9
290 13
149 25
625 15
712 11
210 16
406 18
2289 5
2560 4
2312 5
19 48
3637 3
365 19
1030 10
763 12
2021 5
1895 6
2038 4
570 22
1880 6
252 19
883 11
1159 10
2048 4
655 10
421 15
1998 7
2332 4
1367 9
271 20
3742 4
1024 10
1070 12
3618 4
1863 7
13 28
2493 5
105 27
1514 6
840 10
1647 8
2380 6
111 19
3549 4
1411 6
408 19
1480 6
5410 3
3581 3
3265 4
3577 4
242 15
559 20
1588 5
32 24
3601 3
443 11
1795 8
580 11
2523 4
3519 4
3273 4
846 14
1257 8
31 36
1689 6
2307 4
1861 8
3484 5
1296 8
3415 3
1553 8
1303 7
5502 3
1654 6
968 7
675 12
3494 5
3510 4
15 41
431 12
3541 4
382 13
3487 5
1506 6
139 28
129 23
926 7
1246 9
859 11
3693 3
1083 6
739 12
1293 5
876 8
1792 7
662 9
168 21
135 20
1518 8
145 20
178 35
3624 4
1131 14
1876 6
772 8
124 20
1759 8
1429 10
1974 4
2032 6
2536 5
3611 3
2483 5
1374 7
1528 8
2303 5
653 11
1692 4
2259 6
509 11
1015 7
367 14
976 11
716 10
1821 6
1972 6
940 5
3589 3
685 8
743 17
2265 5
21 33
523 15
2377 7
3597 4
1460 7
453 9
723 19
2500 5
1202 7
351 17
1040 6
595 13
1755 8
1138 9
488 11
1854 7
1012 8
835 5
1498 6
1267 6
1032 8
901 7
113 16
152 31
342 20
862 15
1419 6
341 16
1056 6
3664 4
3586 4
2287 4
2540 4
2284 5
64 22
1473 8
881 12
45 40
507 15
405 20
1173 7
309 23
1734 6
3565 4
1733 5
1258 9
824 12
120 31
2568 3
1148 9
2313 4
254 20
392 16
2386 6
1321 14
3653 3
2442 5
1987 7
2254 6
813 10
2014 4
3570 5
644 18
851 8
2477 5
1820 3
399 19
2296 4
1811 6
436 17
1342 6
1802 6
94 43
213 24
2457 6
1450 7
568 13
2273 4
2411 6
3476 5
1129 11
791 11
1143 7
1355 8
3640 4
3617 3
916 7
386 15
2043 7
3646 3
1457 7
200 30
1261 6
1352 7
329 15
525 16
787 7
1621 5
27 40
2331 4
1561 5
161 33
5145 3
1866 7
2001 7
3731 3
109 29
1310 9
3695 3
1239 4
769 7
1556 5
1181 10
5549 3
1809 5
803 6
3682 3
2559 3
60 36
1245 6
1400 6
1067 12
691 12
5587 3
1676 6
1388 5
3134 4
346 12
911 13
427 13
2072 6
3507 3
82 37
2202 5
650 7
3464 5
1154 7
895 6
1763 6
69 42
1157 10
1470 7
224 18
3608 4
3402 4
3264 3
3501 5
1982 7
1006 6
2393 5
426 18
996 7
1435 7
1840 5
279 10
3656 4
2069 7
2408 6
956 11
498 16
483 21
629 12
3520 3
2055 6
1487 6
372 12
1540 9
2028 6
1330 7
1284 5
1661 8
1606 5
3526 3
2064 4
99 34
1160 10
3553 5
869 18
5513 3
1592 7
1933 6
2022 6
790 10
533 13
1122 8
3551 4
2416 6
1697 6
1053 9
462 12
414 20
1770 6
1209 6
263 17
991 8
3746 3
3535 3
2348 4
931 6
3593 3
615 19
2246 6
476 13
1198 6
3673 3
3755 4
1626 6
5482 3
1077 9
1716 6
293 28
1272 5
1781 5
1299 7
1663 5
2888 4
967 9
1611 7
322 12
469 13
635 15
1088 7
575 15
1835 5
1566 9
5523 3
979 10
709 15
3603 4
40 28
310 17
192 19
699 18
960 12
818 11
1038 6
1707 6
2293 4
543 20
267 24
1892 6
1777 6
2044 5
354 12
1437 8
1064 14
2517 5
757 12
2577 6
9 47
1217 10
1600 5
1740 4
603 18
2527 4
90 27
3514 4
1850 7
565 18
1346 6
1964 4
850 13
5361 4
2424 5
891 9
3471 5
1004 14
1360 7
3620 3
233 19
1013 10
1490 4
2198 5
1693 6
316 14
1806 8
2288 5
1738 4
2025 6
1370 8
3920 3
11 49
3668 3
842 7
511 12
5483 3
899 6
2000 7
2437 4
3573 4
2531 4
199 19
2410 6
1979 5
1899 6
2485 5
1737 6
1948 6
795 14
1609 6
794 13
944 14
1780 6
1113 8
674 11
2280 5
1317 5
957 13
280 23
273 22
2430 5
471 14
1503 6
3498 5
2262 3
1509 7
1325 5
2512 4
131 30
1643 6
1565 8
502 19
1286 6
314 20
1796 7
1502 6
355 25
553 14
2058 8
3546 3
1252 9
555 12
3488 5
1037 6
2513 4
37 53
855 8
3659 3
195 19
2005 8
1706 6
1839 5
1788 4
679 8
680 9
831 8
1147 6
2355 4
1241 5
1441 4
647 18
1206 8
4753 4
334 21
2292 4
3582 4
1027 9
1997 7
1680 6
423 22
1953 6
1139 8
1319 9
1826 4
1222 8
2036 6
3473 5
1747 7
820 10
174 17
1799 7
1571 8
422 19
905 7
1194 6
1552 8
3716 4
41 34
3681 3
52 44
1451 7
302 17
1453 5
866 18
2452 6
3532 3
593 18
770 11
188 29
402 18
1097 11
641 19
1641 5
4734 3
838 14
616 9
640 13
870 9
5019 3
1121 8
1384 4
896 9
1468 7
3530 4
1726 4
2068 5
3672 4
1464 7
2347 5
777 8
2018 6
3609 4
464 17
1672 6
1685 6
2325 4
2011 6
1891 5
5430 3
6 26
562 12
1304 11
2269 5
1102 9
183 18
3569 4
2544 4
1478 7
2541 5
362 26
439 19
1379 9
1593 6
705 9
1720 6
4763 3
2206 4
2496 5
5550 3
407 24
3686 3
18 43
376 15
912 14
785 8
1432 6
599 7
1167 5
1393 6
609 15
587 15
95 40
298 13
923 15
3652 4
243 22
2051 5
148 22
753 11
1343 7
2489 4
2404 6
726 8
2509 4
106 38
157 29
964 10
65 26
2009 7
935 8
203 17
1213 6
3576 4
1093 10
1023 9
81 34
1300 6
2473 4
2084 4
1199 7
624 16
86 29
1158 9
656 9
371 16
204 24
2335 5
1041 6
3468 5
1990 7
435 22
814 13
3254 6
2492 4
1482 7
885 8
1412 5
1709 5
339 16
228 12
3539 3
749 9
268 24
829 11
3677 3
345 13
596 9
1297 7
1521 7
1862 7
613 8
3495 5
1082 11
5572 3
1066 9
121 19
952 8
487 16
1071 11
494 9
1956 4
238 14
873 6
3604 4
253 19
448 12
3634 3
5388 3
2278 4
2427 4
63 32
1637 5
179 21
1532 10
1105 9
713 17
3705 4
1334 7
2499 5
1784 5
3557 5
938 12
1679 6
1830 5
1620 6
3060 4
1262 6
1290 5
1527 8
1132 9
2370 5
929 8
5398 3
2554 4
2574 4
631 16
547 12
1616 4
1583 7
1544 8
1538 5
396 16
258 18
1422 10
482 18
949 8
499 20
1047 6
1055 6
3610 3
2447 4
1276 11
141 35
909 11
1124 10
75 36
1230 10
5618 3
1163 6
450 24
1702 6
1405 6
1713 5
3590 4
1060 10
2420 4
3722 4
2104 5
2858 4
900 8
318 12
1729 5
2526 5
972 8
473 9
2572 4
1774 5
3 44
248 14
5608 3
146 20
1351 7
2396 7
356 28
802 10
2063 4
528 6
3420 4
164 23
3723 3
807 10
2040 4
1049 8
882 17
5560 3
1050 6
1488 6
560 9
798 12
898 10
3670 3
1031 11
1273 6
2516 3
451 23
454 15
1364 6
2538 4
1408 7
2448 4
634 11
578 9
3595 4
2551 3
695 6
978 12
3741 3
3752 4
378 22
325 11
889 13
5372 3
1233 7
540 14
1162 8
1615 7
684 9
211 22
1732 6
2073 5
861 11
337 27
3706 4
3315 3
2406 6
76 23
5404 3
1924 6
982 13
571 15
1214 10
1190 9
389 15
1660 10
3525 3
1345 5
1171 8
2290 5
966 11
1123 9
2314 4
2216 5
992 9
236 21
1954 6
758 9
2843 4
218 12
706 7
14 46
2345 4
1608 7
5418 3
2328 4
5473 3
2567 4
2474 5
234 12
594 20
1438 5
3289 4
3554 3
3667 4
1778 5
1859 5
2339 5
160 30
98 44
1048 7
1278 9
2434 4
1000 10
1381 9
1061 8
43 15
2582 3
2054 8
1728 6
3732 3
3635 3
193 22
288 13
119 26
1555 7
586 13
410 8
999 9
1180 12
430 16
2169 5
1185 7
447 18
3602 4
1446 5
1741 7
1130 14
415 18
1315 9
4599 3
189 14
1292 8
1356 4
2330 5
480 15
1871 6
1153 6
107 30
438 19
87 19
2385 6
5399 3
1022 5
4569 3
953 9
5515 3
221 22
1424 9
1560 5
417 16
1762 5
784 16
260 25
2061 8
1844 5
1530 7
762 11
1144 7
2504 4
734 12
1723 5
2047 5
144 17
3724 3
1440 6
3696 3
2524 5
381 13
1471 10
1814 5
906 7
1349 5
177 25
373 20
5609 3
773 9
1247 12
205 23
22 37
1752 9
1309 9
1576 4
1622 6
1260 6
3685 3
874 8
975 7
3605 4
1708 6
493 17
1911 4
3719 3
1436 9
2220 5
2528 4
1591 6
1677 6
1320 9
5506 3
1026 9
5606 3
1390 6
1993 5
1646 9
1469 10
3544 4
746 8
400 23
534 13
919 11
3572 4
3690 4
1268 5
744 7
633 9
1372 7
1977 5
151 35
2023 5
1825 4
1669 5
1285 7
1952 5
287 9
475 20
932 6
3594 3
1549 5
1525 10
515 16
1242 4
2545 5
1208 4
138 8
1107 11
3499 5
3542 3
1201 6
724 17
3598 3
519 11
3534 3
1195 7
17 38
1327 6
1274 8
2192 5
110 31
333 20
1995 8
2356 4
3700 3
646 8
446 21
1220 6
1582 6
1599 7
3663 4
2306 4
1149 10
2283 5
2243 7
2407 6
2695 4
1087 6
1288 6
810 16
1238 7
33 20
1587 7
1559 6
7 54
1793 7
1701 6
227 26
5619 3
1860 6
2443 4
255 18
806 11
264 10
5542 3
5364 3
4960 3
1885 5
182 14
1817 5
5612 3
2707 4
556 17
717 19
815 13
671 13
3486 5
1511 5
2249 6
167 28
692 21
2423 6
1605 6
663 9
2431 5
3564 4
854 9
969 8
1174 8
510 13
393 21
2276 5
1501 6
658 11
274 26
3550 3
549 9
877 13
3465 5
1508 5
3629 4
1128 10
1771 6
946 10
3515 3
5586 3
1724 6
1520 9
303 16
250 16
1361 7
614 7
2963 4
1765 7
130 23
53 35
1373 8
1465 7
1302 5
2239 4
3678 3
941 10
583 16
2392 7
3587 4
1824 5
1869 5
2342 4
591 15
3516 4
832 7
5633 3
2304 5
3481 5
2341 4
3583 4
828 13
276 21
102 19
1920 6
1831 5
2465 3
3523 4
3483 5
1218 10
5519 3
1404 6
2398 6
1543 7
259 33
424 11
1625 5
163 33
1106 7
1836 5
2402 6
1531 8
1841 6
347 18
3558 5
1333 7
434 16
865 14
1184 5
5557 3
442 20
1577 6
1572 10
3129 4
689 14
886 13
1116 6
1329 7
3728 3
1725 6
3568 3
2379 6
727 8
320 20
939 10
811 13
3756 5
1670 8
2010 7
2834 4
465 13
249 18
1612 7
819 9
1189 8
1177 7
1537 7
1127 11
894 8
3680 4
1748 7
1298 7
858 9
140 20
385 14
954 8
1479 8
1359 5
2578 6
801 9
985 16
971 8
754 8
479 21
847 18
1166 7
1563 5
2166 4
1378 13
1003 8
5637 3
1054 6
1800 7
619 16
1717 6
698 13
1634 5
621 14
3616 4
524 16
1848 5
2310 5
2495 5
598 12
2486 4
780 15
2322 5
2438 4
3547 3
2317 3
3490 5
240 28
1433 6
1666 6
230 13
115 31
377 6
2374 5
602 15
922 13
2050 4
1311 7
2319 5
3740 4
1072 6
2470 5
1787 7
612 13
936 13
2251 6
1277 11
3579 4
1086 7
701 15
214 26
3630 3
564 24
2562 4
1650 7
2074 5
2539 4
731 11
2547 5
3639 3
657 13
1865 7
1783 4
768 15
1928 5
1092 13
503 15
1756 7
2255 7
1636 6
2491 3
1483 10
338 25
1996 7
576 13
761 12
1775 5
738 15
484 18
1036 7
1078 9
1243 7
2334 5
2530 4
3492 5
1265 6
544 14
623 15
1196 6
1114 10
2389 6
2382 5
2564 5
328 19
239 20
122 40
628 17
878 12
269 19
5421 3
1223 7
2277 4
363 10
3538 3
733 14
3745 3
630 8
997 9
1449 8
608 15
1649 7
1234 8
3591 3
1314 9
1798 8
1474 10
2535 4
125 17
522 11
1632 6
44 31
1423 10
1687 6
2412 6
667 16
1188 14
5016 3
2008 9
1280 8
714 13
1564 7
313 22
2017 5
1324 7
397 22
1096 9
5368 3
3305 4
1657 8
1191 9
459 31
3477 5
823 9
3715 3
1495 6
771 12
1753 10
401 19
186 22
1797 6
1119 8
1919 4
1938 6
1705 5
915 11
5545 3
1586 5
1986 7
1456 8
404 9
516 9
2004 7
1813 6
2060 6
1551 6
3561 4
702 14
2297 5
3643 3
2346 5
2195 5
561 7
2555 3
2221 4
3718 3
357 22
1307 9
1812 7
1769 6
455 13
2475 5
1875 6
1673 6
963 13
297 23
5491 3
3751 4
2031 6
2272 4
5627 3
1889 5
1596 5
980 11
10 58
550 12
5574 3
1081 7
1651 7
1736 4
1569 8
958 12
3299 4
592 9
2542 5
2364 5
1640 5
173 33
530 10
3701 3
66 52
5594 3
470 9
2026 6
1524 8
3130 4
793 10
1205 6
1287 7
1696 4
3168 4
654 15
2403 6
3674 3
3469 5
156 21
283 13
3625 4
59 33
1971 6
1226 8
2498 3
1256 9
1744 8
2247 7
1853 6
864 8
219 22
1016 9
2300 4
2480 4
3734 3
799 13
1170 7
925 6
3382 4
390 20
1686 6
1042 7
1515 6
38 43
196 17
945 13
1169 8
118 16
206 15
1674 6
959 15
1065 9
358 16
331 15
1659 8
3606 4
737 8
767 13
2070 5
1020 7
805 11
84 24
437 23
194 17
1768 5
220 20
1312 8
2395 7
2365 4
1021 7
1263 7
934 9
1989 7
3537 4
948 11
572 17
3762 3
2450 4
1398 7
226 27
527 7
1430 8
1145 8
1870 5
2549 4
1448 6
62 38
2466 5
833 7
3684 3
1472 9
1573 8
3649 3
548 10
2020 6
2575 6
3697 3
1110 11
3466 5
1999 7
3725 3
1772 6
418 19
3632 4
2324 5
783 7
933 10
1357 7
2333 4
348 18
1152 9
49 23
789 10
2046 4
2052 4
993 6
627 14
1090 8
1308 10
715 14
1916 4
3615 3
2503 4
1722 7
23 62
364 11
388 26
1425 8
950 8
1678 6
1445 9
1845 6
1025 10
3580 4
1992 7
1842 4
2478 5
1466 8
485 15
2340 4
778 14
3555 3
720 14
1270 5
2449 3
460 8
1645 8
324 16
244 25
637 17
2066 5
3744 3
752 13
1232 5
3045 4
379 11
1607 4
1386 8
1639 5
1536 6
1035 6
452 12
295 23
579 8
535 18
3136 4
77 36
683 8
2260 4
541 9
1215 12
1712 6
2344 5
765 9
2552 4
312 10
2521 4
897 9
1628 6
3671 4
2435 3
1002 12
237 10
370 19
2371 3
2519 5
567 9
416 11
3749 3
380 9
914 13
100 24
3206 4
965 12
300 24
1279 9
1439 6
2974 3
1395 7
286 27
3654 3
2405 6
1075 9
800 12
2426 5
2232 3
3125 3
3642 3
1365 7
1407 6
2432 5
496 22
3613 4
605 11
1779 5
1568 6
607 12
1807 6
1699 6
42 42
759 7
2508 4
1228 9
235 31
1073 10
2291 4
3399 5
694 11
3575 4
816 8
1103 10
2244 6
296 20
265 21
1062 10
3169 4
171 22
1700 6
5449 3
445 16
1339 6
5363 3
2338 4
582 17
1858 6
557 15
718 19
1581 7
1604 5
3621 3
1507 5
441 20
868 11
3325 4
672 11
1140 7
983 6
275 23
2035 4
3689 3
197 28
3626 3
1731 5
3496 5
853 8
5391 3
751 15
1500 4
1746 8
2167 5
1980 6
2275 5
3517 3
1295 5
1111 9
677 13
907 8
2238 5
3480 5
590 13
1210 5
664 9
1790 8
2388 6
2264 5
1690 6
617 15
79 34
1420 9
352 19
2502 3
126 23
1034 6
1594 6
251 26
369 15
1533 6
3679 3
1548 6
651 6
176 19
947 15
1823 5
256 15
2267 4
2537 5
920 16
428 10
2305 5
887 9
3545 4
72 35
500 10
1221 6
1200 10
1757 6
918 8
1682 6
1108 11
1275 10
1598 5
1014 8
2282 5
843 10
1856 6
2760 4
2529 3
1491 6
1362 6
1804 5
2315 4
632 13
2357 4
394 16
1371 9
2257 7
2484 5
610 11
514 15
2444 4
725 12
513 13
50 26
1994 6
1519 8
797 11
2459 4
3543 3
1136 5
1175 7
5570 3
1683 6
1326 7
645 9
2413 6
2566 5
3714 4
1382 13
1176 4
1452 8
1039 6
2384 6
1815 6
3662 3
1005 15
28 34
589 18
1337 5
3474 5
215 30
687 11
150 24
2298 5
2336 3
245 25
2511 4
826 9
2546 5
1344 6
2494 4
332 21
2329 4
3599 3
1099 12
1965 5
745 7
34 57
3691 3
3650 3
2548 4
3056 4
620 16
1410 8
1434 8
5461 3
1547 7
2471 5
937 12
1045 5
1619 5
5143 3
16 46
730 10
3266 3
921 11
1069 16
2311 5
3631 4
1224 6
368 26
2556 3
994 5
611 16
1786 6
1849 5
849 15
2320 5
492 14
208 27
2440 4
1523 8
2271 5
3578 4
93 28
292 19
2445 3
291 19
3703 3
3040 4
374 18
2429 6
114 32
1939 5
429 17
1306 10
3688 3
1328 7
409 16
1091 8
73 22
67 20
3636 4
812 13
241 24
2561 3
489 12
585 16
3711 3
327 16
2391 5
1080 9
1281 12
732 13
1864 8
3214 4
3675 3
3491 5
1603 6
1881 5
622 10
970 7
2381 6
2375 4
24 41
2256 6
3321 4
2049 4
1658 8
104 29
1558 5
2057 5
3493 5
1635 6
1237 7
2361 4
1513 5
2175 6
1264 7
747 8
2490 4
159 30
2563 4
1633 6
47 40
1942 4
1427 9
1484 7
1017 4
270 29
1057 6
2042 6
538 17
3748 4
5375 3
2840 4
1602 6
2007 9
521 15
1332 7
162 25
433 13
880 14
5409 3
1399 6
1912 5
786 10
986 13
740 8
1117 8
1008 9
103 36
201 19
871 9
719 16
1529 10
902 5
827 13
266 25
2039 5
1353 4
1742 6
1624 5
1695 6
1219 10
2534 5
97 33
2378 6
1704 6
3645 4
668 16
1749 9
688 17
750 15
774 8
1126 11
5101 3
3463 5
910 12
1341 7
693 12
1534 10
2570 4
893 8
2309 4
1915 5
3729 3
83 32
804 8
1385 7
2558 5
1818 5
962 10
1085 11
755 11
1837 5
143 16
2323 5
1051 10
2268 4
1497 7
518 12
497 13
1211 9
169 30
411 13
1711 5
2399 6
1542 8
3720 3
2579 5
478 13
384 13
398 26
836 9
2016 5
1735 5
942 8
955 6
1376 9
1888 5
3512 5
2030 6
2369 5
1595 5
190 24
1750 8
1808 6
822 6
1739 5
601 10
231 21
1610 5
779 8
551 11
504 14
343 24
981 8
697 11
3753 3
857 8
1010 12
707 7
1966 5
1665 10
261 24
1782 4
2439 4
2252 5
3739 3
2506 3
321 25
792 10
3122 4
1248 7
5183 3
1590 5
2401 6
1652 6
3733 3
1516 8
924 6
2053 7
2301 4
760 8
863 11
5459 3
2027 5
531 10
2481 4
2469 5
172 31
1745 6
1366 7
5431 3
3702 3
223 16
721 16
1043 6
3482 5
1255 11
669 13
282 21
420 18
3622 4
1852 7
3548 3
639 13
989 10
1505 7
2372 4
1348 6
2248 6
2945 5
577 11
1137 6
3511 4
1227 10
3504 3
1417 6
216 20
852 15
643 24
3478 5
3600 3
1951 4
1120 7
3661 4
1475 10
1794 7
3522 3
676 10
1251 10
277 11
2456 7
3191 4
1192 9
879 9
5452 3
1095 14
1183 8
1444 6
1846 3
133 26
123 30
304 14
2515 5
2417 4
1631 4
1828 5
2294 4
56 31
1369 10
1151 9
54 30
306 16
1204 5
70 44
839 10
5552 3
2520 5
166 33
1578 6
88 36
1009 12
30 39
403 12
466 14
134 45
618 17
848 16
1829 6
3698 3
3717 3
1629 5
1761 8
1323 7
1455 7
1492 5
703 17
3560 4
1134 9
1100 11
1377 9
2488 4
1461 5
185 25
2487 5
1719 5
4 40
1985 7
1691 6
3567 5
3666 3
2003 7
