127 1
71 2
1648 0
1481 0
3596 0
3509 0
2266 0
1178 0
1387 0
512 1
463 1
517 0
458 0
1785 0
1250 0
5499 0
722 0
3588 0
1363 0
2507 0
1109 0
2067 0
1630 0
1597 0
3497 0
728 1
1244 0
1638 0
742 0
29 3
350 0
1969 0
1810 0
2203 0
58 3
153 1
2387 0
1546 0
101 0
340 0
311 1
3655 0
825 1
917 1
3431 0
2425 0
3536 0
495 2
1703 0
1322 0
1816 0
2460 0
3571 0
1172 0
2510 0
2458 0
1259 0
834 0
285 1
3574 0
2441 0
5401 0
3475 0
2414 0
1216 0
5531 0
2274 0
2285 0
1135 1
2002 0
1203 0
96 1
1068 1
1667 0
486 0
1354 0
569 0
8 2
2359 0
2045 0
1396 0
686 0
1760 0
391 0
2033 0
943 0
1375 0
180 1
1585 0
1877 0
246 2
690 0
1168 0
61 1
5215 0
536 0
1767 0
1653 0
1688 0
1266 0
2394 0
1458 0
444 0
508 1
3627 0
1336 0
39 1
1089 0
558 1
12 2
5443 0
1554 0
573 0
3707 0
3518 0
1084 0
3343 0
638 0
2350 0
875 0
2479 0
3467 0
1522 0
1 1
3218 0
506 0
116 1
136 2
1197 0
1580 0
661 0
2482 0
1935 0
581 0
308 1
3485 0
678 0
1517 0
1975 0
3676 0
1973 0
1991 0
927 0
301 1
2302 0
51 1
1758 0
1822 0
456 0
652 0
1033 0
2034 0
2258 0
2400 0
1539 0
2029 0
796 0
2349 0
3552 0
366 1
844 0
1541 0
3727 0
272 1
3527 0
2343 0
775 0
2518 0
20 0
2376 0
888 0
3743 0
1983 0
1011 0
1754 0
1627 0
3562 0
3683 0
468 0
1161 0
1019 0
700 0
78 1
1380 0
990 0
413 1
294 1
2218 0
1614 0
2316 0
1442 0
349 0
764 1
1743 0
1981 0
3638 0
2081 0
1383 0
606 0
137 0
1414 0
2522 0
3559 0
1855 0
666 0
432 1
860 0
1074 0
2308 0
4887 0
1567 0
1063 0
1776 0
2565 0
2576 0
2362 0
2415 0
708 1
1601 0
710 1
1656 0
323 0
856 0
1834 0
112 0
1664 0
545 0
191 1
2467 0
187 1
3612 0
588 0
1684 0
756 0
2326 0
1283 0
262 0
1944 0
212 0
2436 0
1331 0
542 0
2383 0
3750 0
3114 0
1305 0
961 1
4539 0
1662 0
2476 0
574 0
170 2
4873 0
1921 0
3397 0
660 1
26 2
977 1
2250 0
526 0
566 0
1901 0
3500 0
359 0
1229 0
108 1
604 0
1001 1
3694 0
232 1
477 1
1338 0
1182 0
225 0
1447 0
207 0
142 1
330 1
1510 0
48 3
1857 0
360 0
3641 0
3585 0
3160 0
2321 0
1988 0
3730 0
1076 0
3665 0
766 0
449 0
1574 0
3506 0
1579 0
659 0
1141 0
682 0
353 1
375 0
3633 0
984 0
1155 0
2409 0
788 0
1485 0
128 1
3692 0
3726 0
501 1
1313 0
278 1
1617 0
3521 0
490 0
1843 0
155 1
387 1
1913 0
1112 0
626 0
1294 0
461 0
1426 0
1562 0
257 2
1358 0
951 0
782 0
5225 0
85 2
3647 0
809 0
2200 0
1156 1
2281 0
1557 0
425 0
1486 0
3614 0
2056 0
736 0
3607 0
539 1
3648 0
781 0
5589 0
1950 0
1698 0
520 0
2037 0
532 1
1193 0
2455 0
55 0
3592 0
1681 0
57 2
872 0
2354 0
3479 0
1146 0
395 0
89 2
175 2
584 0
988 0
35 1
2295 0
3584 0
2453 0
1882 0
1550 0
1421 0
1454 0
665 1
1476 0
1207 0
2533 0
1584 0
904 0
930 0
1675 0
649 0
5527 0
642 0
1318 0
648 0
2006 0
2245 0
1764 0
1028 0
1589 0
198 1
1718 0
2550 0
1098 0
1059 0
3713 0
913 0
3644 0
2019 0
361 0
202 1
2468 0
184 1
776 0
3738 0
1819 0
1459 0
1570 0
1984 0
5625 0
1269 0
181 1
412 0
307 1
1671 0
3472 0
2041 0
830 0
1463 0
154 1
1467 0
3721 0
2062 0
1101 0
704 1
326 0
1165 0
1462 0
2543 0
681 0
335 0
1029 1
5 2
554 0
552 0
5362 0
1867 0
1623 0
2505 0
74 2
3533 0
440 0
890 0
3699 0
1289 0
299 1
2024 0
2525 0
1282 0
1694 0
841 0
1044 0
3513 0
1350 0
1751 1
91 1
3183 0
1240 0
467 0
474 0
481 0
867 0
3563 0
3669 0
817 1
563 0
3470 0
229 1
673 1
3489 0
68 2
2059 0
315 0
2514 0
1827 0
3628 0
2366 0
2501 0
1947 0
1347 0
222 1
1504 0
25 2
2270 0
2418 0
305 1
1253 0
928 0
1644 0
1526 0
217 1
1730 0
281 2
158 1
3623 0
46 1
3412 0
1851 0
1316 0
3658 0
2373 0
36 0
2263 0
748 0
472 0
1368 0
3505 0
1655 0
1943 0
317 0
711 0
132 2
1254 0
1791 1
3712 0
1642 0
892 0
3747 0
1428 0
546 0
2071 0
537 1
1018 0
1125 0
1007 0
2279 0
1443 0
741 0
1833 0
1186 0
998 0
1789 0
3566 0
529 1
3556 0
1545 0
1838 0
1058 0
1773 0
3704 0
2573 0
1150 0
1535 0
2390 0
1335 0
908 0
2580 0
284 1
1340 0
903 0
5419 0
247 1
289 0
165 1
729 0
2 3
808 0
845 0
1847 0
2553 0
1231 0
147 1
1249 1
2446 0
973 0
2569 0
1046 0
1142 0
1291 0
319 0
2571 0
1052 0
1179 0
735 1
1493 0
5438 0
2397 0
974 0
1271 0
1668 0
1715 0
344 1
1613 0
636 1
1710 0
1104 0
2224 0
1133 0
2421 0
209 0
1118 0
1575 0
5152 0
117 1
2428 0
3754 0
600 0
80 1
336 1
2472 0
457 0
1301 0
821 0
5460 0
383 0
696 0
2532 0
1721 0
2497 0
3651 0
1431 0
92 0
1489 0
1212 0
3687 0
2253 0
2433 0
1805 0
1164 0
1727 0
1477 0
505 0
670 0
1094 0
419 1
995 0
837 0
1225 1
290 0
149 0
625 1
712 0
210 0
406 1
2289 0
2560 0
2312 0
19 2
3637 0
365 1
1030 1
763 0
2021 0
1895 0
2038 0
570 1
1880 0
252 1
883 0
1159 0
2048 0
655 0
421 1
1998 0
2332 0
1367 0
271 1
3742 0
1024 0
1070 0
3618 0
1863 0
13 1
2493 0
105 0
1514 0
840 0
1647 0
2380 0
111 0
3549 0
1411 0
408 0
1480 0
5410 0
3581 0
3265 0
3577 0
242 0
559 1
1588 0
32 0
3601 0
443 0
1795 0
580 0
2523 0
3519 0
3273 0
846 1
1257 0
31 1
1689 0
2307 0
1861 0
3484 0
1296 0
3415 0
1553 0
1303 0
5502 0
1654 0
968 0
675 0
3494 0
3510 0
15 2
431 1
3541 0
382 0
3487 0
1506 0
139 0
129 1
926 0
1246 0
859 0
3693 0
1083 0
739 0
1293 0
876 0
1792 0
662 0
168 2
135 1
1518 0
145 1
178 2
3624 0
1131 0
1876 0
772 0
124 1
1759 0
1429 0
1974 0
2032 0
2536 0
3611 0
2483 0
1374 0
1528 0
2303 0
653 0
1692 0
2259 0
509 0
1015 0
367 0
976 1
716 1
1821 0
1972 0
940 0
3589 0
685 0
743 1
2265 0
21 2
523 1
2377 0
3597 0
1460 0
453 0
723 1
2500 0
1202 0
351 2
1040 0
595 0
1755 0
1138 0
488 0
1854 0
1012 0
835 0
1498 0
1267 0
1032 0
901 0
113 0
152 1
342 1
862 0
1419 0
341 0
1056 0
3664 0
3586 0
2287 0
2540 0
2284 0
64 0
1473 0
881 0
45 3
507 0
405 1
1173 0
309 1
1734 0
3565 0
1733 0
1258 0
824 0
120 2
2568 0
1148 0
2313 0
254 1
392 0
2386 0
1321 1
3653 0
2442 0
1987 0
2254 0
813 1
2014 0
3570 0
644 0
851 0
2477 0
1820 0
399 0
2296 0
1811 0
436 0
1342 0
1802 0
94 1
213 1
2457 0
1450 0
568 1
2273 0
2411 0
3476 0
1129 1
791 1
1143 0
1355 0
3640 0
3617 0
916 0
386 0
2043 0
3646 0
1457 0
200 1
1261 0
1352 0
329 0
525 0
787 0
1621 0
27 1
2331 0
1561 0
161 1
5145 0
1866 0
2001 0
3731 0
109 1
1310 0
3695 0
1239 0
769 0
1556 0
1181 1
5549 0
1809 0
803 0
3682 0
2559 0
60 1
1245 0
1400 0
1067 1
691 0
5587 0
1676 0
1388 0
3134 0
346 0
911 0
427 0
2072 0
3507 0
82 2
2202 0
650 0
3464 0
1154 0
895 0
1763 0
69 2
1157 1
1470 0
224 1
3608 0
3402 0
3264 0
3501 0
1982 0
1006 0
2393 0
426 0
996 0
1435 0
1840 0
279 0
3656 0
2069 0
2408 0
956 0
498 1
483 0
629 0
3520 0
2055 0
1487 0
372 0
1540 0
2028 0
1330 0
1284 0
1661 0
1606 0
3526 0
2064 0
99 2
1160 0
3553 0
869 1
5513 0
1592 0
1933 0
2022 0
790 0
533 0
1122 0
3551 0
2416 0
1697 0
1053 0
462 0
414 1
1770 0
1209 0
263 2
991 0
3746 0
3535 0
2348 0
931 0
3593 0
615 1
2246 0
476 0
1198 0
3673 0
3755 0
1626 0
5482 0
1077 0
1716 0
293 1
1272 0
1781 0
1299 0
1663 0
2888 0
967 0
1611 0
322 0
469 1
635 1
1088 0
575 0
1835 0
1566 0
5523 0
979 0
709 0
3603 0
40 1
310 1
192 0
699 0
960 0
818 0
1038 0
1707 0
2293 0
543 1
267 1
1892 0
1777 0
2044 0
354 1
1437 0
1064 1
2517 0
757 0
2577 0
9 2
1217 0
1600 0
1740 0
603 0
2527 0
90 1
3514 0
1850 0
565 1
1346 0
1964 0
850 0
5361 0
2424 0
891 0
3471 0
1004 0
1360 0
3620 0
233 1
1013 0
1490 0
2198 0
1693 0
316 0
1806 0
2288 0
1738 0
2025 0
1370 0
3920 0
11 2
3668 0
842 0
511 0
5483 0
899 0
2000 0
2437 0
3573 0
2531 0
199 1
2410 0
1979 0
1899 0
2485 0
1737 0
1948 0
795 0
1609 0
794 0
944 1
1780 0
1113 0
674 0
2280 0
1317 0
957 0
280 1
273 1
2430 0
471 1
1503 0
3498 0
2262 0
1509 0
1325 0
2512 0
131 1
1643 0
1565 0
502 1
1286 0
314 1
1796 0
1502 0
355 0
553 0
2058 0
3546 0
1252 0
555 0
3488 0
1037 0
2513 0
37 3
855 0
3659 0
195 1
2005 0
1706 0
1839 0
1788 0
679 0
680 0
831 0
1147 0
2355 0
1241 0
1441 0
647 1
1206 0
4753 0
334 1
2292 0
3582 0
1027 0
1997 0
1680 0
423 0
1953 0
1139 0
1319 0
1826 0
1222 0
2036 0
3473 0
1747 0
820 0
174 1
1799 0
1571 0
422 1
905 0
1194 0
1552 0
3716 0
41 3
3681 0
52 3
1451 0
302 0
1453 0
866 1
2452 0
3532 0
593 0
770 0
188 1
402 1
1097 1
641 0
1641 0
4734 0
838 1
616 0
640 0
870 0
5019 0
1121 0
1384 0
896 0
1468 0
3530 0
1726 0
2068 0
3672 0
1464 0
2347 0
777 0
2018 0
3609 0
464 0
1672 0
1685 0
2325 0
2011 0
1891 0
5430 0
6 0
562 0
1304 0
2269 0
1102 0
183 0
3569 0
2544 0
1478 0
2541 0
362 1
439 1
1379 0
1593 0
705 0
1720 0
4763 0
2206 0
2496 0
5550 0
407 1
3686 0
18 2
376 0
912 0
785 0
1432 0
599 0
1167 0
1393 0
609 0
587 0
95 2
298 0
923 0
3652 0
243 1
2051 0
148 1
753 0
1343 0
2489 0
2404 0
726 0
2509 0
106 1
157 1
964 0
65 1
2009 0
935 0
203 0
1213 0
3576 0
1093 1
1023 0
81 1
1300 0
2473 0
2084 0
1199 0
624 1
86 0
1158 0
656 0
371 1
204 0
2335 0
1041 0
3468 0
1990 0
435 0
814 0
3254 0
2492 0
1482 0
885 0
1412 0
1709 0
339 1
228 0
3539 0
749 0
268 1
829 0
3677 0
345 0
596 0
1297 0
1521 0
1862 0
613 0
3495 0
1082 0
5572 0
1066 1
121 0
952 0
487 1
1071 0
494 0
1956 0
238 0
873 0
3604 0
253 0
448 0
3634 0
5388 0
2278 0
2427 0
63 2
1637 0
179 1
1532 0
1105 0
713 1
3705 0
1334 0
2499 0
1784 0
3557 0
938 0
1679 0
1830 0
1620 0
3060 0
1262 0
1290 0
1527 0
1132 0
2370 0
929 0
5398 0
2554 0
2574 0
631 0
547 0
1616 0
1583 0
1544 0
1538 0
396 1
258 0
1422 1
482 0
949 0
499 0
1047 0
1055 0
3610 0
2447 0
1276 1
141 3
909 1
1124 1
75 2
1230 0
5618 0
1163 0
450 2
1702 0
1405 0
1713 0
3590 0
1060 0
2420 0
3722 0
2104 0
2858 0
900 0
318 0
1729 0
2526 0
972 0
473 0
2572 0
1774 0
3 2
248 0
5608 0
146 1
1351 0
2396 0
356 1
802 0
2063 0
528 0
3420 0
164 0
3723 0
807 0
2040 0
1049 0
882 0
5560 0
1050 0
1488 0
560 0
798 0
898 0
3670 0
1031 1
1273 0
2516 0
451 2
454 0
1364 0
2538 0
1408 0
2448 0
634 0
578 0
3595 0
2551 0
695 0
978 0
3741 0
3752 0
378 1
325 0
889 0
5372 0
1233 0
540 0
1162 0
1615 0
684 0
211 1
1732 0
2073 0
861 0
337 2
3706 0
3315 0
2406 0
76 1
5404 0
1924 0
982 0
571 0
1214 0
1190 0
389 0
1660 1
3525 0
1345 0
1171 0
2290 0
966 0
1123 0
2314 0
2216 0
992 0
236 1
1954 0
758 0
2843 0
218 0
706 0
14 2
2345 0
1608 0
5418 0
2328 0
5473 0
2567 0
2474 0
234 0
594 2
1438 0
3289 0
3554 0
3667 0
1778 0
1859 0
2339 0
160 1
98 1
1048 0
1278 0
2434 0
1000 0
1381 0
1061 0
43 0
2582 0
2054 0
1728 0
3732 0
3635 0
193 1
288 0
119 2
1555 0
586 0
410 0
999 0
1180 1
430 0
2169 0
1185 0
447 1
3602 0
1446 0
1741 0
1130 1
415 1
1315 0
4599 0
189 0
1292 0
1356 0
2330 0
480 0
1871 0
1153 0
107 2
438 1
87 1
2385 0
5399 0
1022 0
4569 0
953 0
5515 0
221 1
1424 1
1560 0
417 1
1762 0
784 1
260 1
2061 0
1844 0
1530 0
762 0
1144 0
2504 0
734 1
1723 0
2047 0
144 1
3724 0
1440 0
3696 0
2524 0
381 1
1471 0
1814 0
906 0
1349 0
177 1
373 1
5609 0
773 0
1247 1
205 2
22 2
1752 0
1309 0
1576 0
1622 0
1260 0
3685 0
874 0
975 0
3605 0
1708 0
493 0
1911 0
3719 0
1436 0
2220 0
2528 0
1591 0
1677 0
1320 0
5506 0
1026 0
5606 0
1390 0
1993 0
1646 1
1469 0
3544 0
746 0
400 2
534 0
919 0
3572 0
3690 0
1268 0
744 0
633 0
1372 0
1977 0
151 1
2023 0
1825 0
1669 0
1285 0
1952 0
287 0
475 0
932 0
3594 0
1549 0
1525 1
515 1
1242 0
2545 0
1208 0
138 0
1107 0
3499 0
3542 0
1201 0
724 1
3598 0
519 0
3534 0
1195 0
17 1
1327 0
1274 0
2192 0
110 2
333 1
1995 0
2356 0
3700 0
646 0
446 1
1220 0
1582 0
1599 0
3663 0
2306 0
1149 0
2283 0
2243 0
2407 0
2695 0
1087 0
1288 0
810 0
1238 0
33 0
1587 0
1559 0
7 2
1793 0
1701 0
227 1
5619 0
1860 0
2443 0
255 0
806 0
264 0
5542 0
5364 0
4960 0
1885 0
182 1
1817 0
5612 0
2707 0
556 0
717 1
815 1
671 0
3486 0
1511 0
2249 0
167 0
692 1
2423 0
1605 0
663 0
2431 0
3564 0
854 0
969 0
1174 0
510 0
393 1
2276 0
1501 0
658 0
274 0
3550 0
549 0
877 0
3465 0
1508 0
3629 0
1128 0
1771 0
946 0
3515 0
5586 0
1724 0
1520 1
303 1
250 0
1361 0
614 0
2963 0
1765 0
130 0
53 2
1373 0
1465 0
1302 0
2239 0
3678 0
941 0
583 0
2392 0
3587 0
1824 0
1869 0
2342 0
591 0
3516 0
832 0
5633 0
2304 0
3481 0
2341 0
3583 0
828 1
276 1
102 0
1920 0
1831 0
2465 0
3523 0
3483 0
1218 0
5519 0
1404 0
2398 0
1543 0
259 2
424 0
1625 0
163 1
1106 0
1836 0
2402 0
1531 0
1841 0
347 1
3558 0
1333 0
434 1
865 0
1184 0
5557 0
442 1
1577 0
1572 0
3129 0
689 0
886 1
1116 0
1329 0
3728 0
1725 0
3568 0
2379 0
727 0
320 1
939 0
811 0
3756 0
1670 0
2010 0
2834 0
465 0
249 0
1612 0
819 0
1189 0
1177 0
1537 0
1127 0
894 0
3680 0
1748 0
1298 0
858 0
140 0
385 1
954 0
1479 0
1359 0
2578 0
801 0
985 1
971 0
754 0
479 1
847 1
1166 0
1563 0
2166 0
1378 0
1003 0
5637 0
1054 0
1800 0
619 1
1717 0
698 0
1634 0
621 0
3616 0
524 1
1848 0
2310 0
2495 0
598 1
2486 0
780 0
2322 0
2438 0
3547 0
2317 0
3490 0
240 0
1433 0
1666 0
230 0
115 1
377 0
2374 0
602 1
922 0
2050 0
1311 0
2319 0
3740 0
1072 0
2470 0
1787 0
612 0
936 1
2251 0
1277 0
3579 0
1086 0
701 0
214 1
3630 0
564 1
2562 0
1650 0
2074 0
2539 0
731 0
2547 0
3639 0
657 0
1865 0
1783 0
768 0
1928 0
1092 0
503 0
1756 0
2255 0
1636 0
2491 0
1483 0
338 0
1996 0
576 0
761 0
1775 0
738 0
484 0
1036 0
1078 1
1243 0
2334 0
2530 0
3492 0
1265 0
544 0
623 1
1196 0
1114 0
2389 0
2382 0
2564 0
328 0
239 1
122 2
628 1
878 0
269 0
5421 0
1223 0
2277 0
363 0
3538 0
733 0
3745 0
630 0
997 0
1449 0
608 0
1649 0
1234 0
3591 0
1314 0
1798 0
1474 0
2535 0
125 0
522 0
1632 0
44 1
1423 0
1687 0
2412 0
667 0
1188 1
5016 0
2008 1
1280 0
714 0
1564 0
313 0
2017 0
1324 0
397 0
1096 0
5368 0
3305 0
1657 0
1191 0
459 1
3477 0
823 0
3715 0
1495 0
771 1
1753 0
401 1
186 1
1797 0
1119 0
1919 0
1938 0
1705 0
915 0
5545 0
1586 0
1986 0
1456 0
404 0
516 0
2004 0
1813 0
2060 0
1551 0
3561 0
702 0
2297 0
3643 0
2346 0
2195 0
561 0
2555 0
2221 0
3718 0
357 0
1307 0
1812 0
1769 0
455 0
2475 0
1875 0
1673 0
963 1
297 0
5491 0
3751 0
2031 0
2272 0
5627 0
1889 0
1596 0
980 0
10 2
550 0
5574 0
1081 0
1651 0
1736 0
1569 0
958 0
3299 0
592 0
2542 0
2364 0
1640 0
173 1
530 0
3701 0
66 4
5594 0
470 0
2026 0
1524 0
3130 0
793 0
1205 0
1287 0
1696 0
3168 0
654 1
2403 0
3674 0
3469 0
156 0
283 0
3625 0
59 2
1971 0
1226 0
2498 0
1256 0
1744 0
2247 0
1853 0
864 0
219 2
1016 0
2300 0
2480 0
3734 0
799 1
1170 0
925 0
3382 0
390 1
1686 0
1042 0
1515 0
38 1
196 1
945 0
1169 0
118 0
206 0
1674 0
959 1
1065 0
358 0
331 0
1659 0
3606 0
737 0
767 0
2070 0
1020 0
805 1
84 2
437 1
194 0
1768 0
220 1
1312 0
2395 0
2365 0
1021 0
1263 0
934 0
1989 0
3537 0
948 0
572 0
3762 0
2450 0
1398 0
226 0
527 0
1430 0
1145 0
1870 0
2549 0
1448 0
62 3
2466 0
833 0
3684 0
1472 0
1573 0
3649 0
548 0
2020 0
2575 0
3697 0
1110 0
3466 0
1999 0
3725 0
1772 0
418 1
3632 0
2324 0
783 0
933 0
1357 0
2333 0
348 0
1152 0
49 0
789 0
2046 0
2052 0
993 0
627 0
1090 0
1308 0
715 0
1916 0
3615 0
2503 0
1722 0
23 2
364 0
388 2
1425 0
950 0
1678 0
1445 0
1845 0
1025 0
3580 0
1992 0
1842 0
2478 0
1466 0
485 1
2340 0
778 1
3555 0
720 1
1270 0
2449 0
460 0
1645 0
324 1
244 1
637 1
2066 0
3744 0
752 0
1232 0
3045 0
379 0
1607 0
1386 0
1639 0
1536 0
1035 0
452 0
295 1
579 0
535 1
3136 0
77 4
683 0
2260 0
541 0
1215 0
1712 0
2344 0
765 0
2552 0
312 0
2521 0
897 0
1628 0
3671 0
2435 0
1002 0
237 0
370 1
2371 0
2519 0
567 0
416 0
3749 0
380 0
914 0
100 1
3206 0
965 1
300 1
1279 0
1439 0
2974 0
1395 0
286 1
3654 0
2405 0
1075 0
800 1
2426 0
2232 0
3125 0
3642 0
1365 0
1407 0
2432 0
496 0
3613 0
605 0
1779 0
1568 0
607 1
1807 0
1699 0
42 2
759 0
2508 0
1228 0
235 1
1073 0
2291 0
3399 0
694 0
3575 0
816 0
1103 1
2244 0
296 2
265 1
1062 0
3169 0
171 0
1700 0
5449 0
445 0
1339 0
5363 0
2338 0
582 0
1858 0
557 0
718 0
1581 0
1604 0
3621 0
1507 0
441 1
868 0
3325 0
672 0
1140 0
983 0
275 1
2035 0
3689 0
197 1
3626 0
1731 0
3496 0
853 0
5391 0
751 1
1500 0
1746 0
2167 0
1980 0
2275 0
3517 0
1295 0
1111 0
677 0
907 0
2238 0
3480 0
590 1
1210 0
664 0
1790 0
2388 0
2264 0
1690 0
617 0
79 1
1420 0
352 1
2502 0
126 0
1034 0
1594 0
251 1
369 0
1533 0
3679 0
1548 0
651 0
176 0
947 1
1823 0
256 0
2267 0
2537 0
920 1
428 0
2305 0
887 0
3545 0
72 2
500 0
1221 0
1200 1
1757 0
918 0
1682 0
1108 0
1275 0
1598 0
1014 0
2282 0
843 0
1856 0
2760 0
2529 0
1491 0
1362 0
1804 0
2315 0
632 0
2357 0
394 0
1371 0
2257 0
2484 0
610 0
514 1
2444 0
725 0
513 0
50 0
1994 0
1519 0
797 0
2459 0
3543 0
1136 0
1175 0
5570 0
1683 0
1326 0
645 0
2413 0
2566 0
3714 0
1382 0
1176 0
1452 0
1039 0
2384 0
1815 0
3662 0
1005 1
28 2
589 1
1337 0
3474 0
215 1
687 0
150 1
2298 0
2336 0
245 2
2511 0
826 0
2546 0
1344 0
2494 0
332 2
2329 0
3599 0
1099 1
1965 0
745 0
34 3
3691 0
3650 0
2548 0
3056 0
620 1
1410 0
1434 0
5461 0
1547 0
2471 0
937 1
1045 0
1619 0
5143 0
16 2
730 0
3266 0
921 0
1069 1
2311 0
3631 0
1224 0
368 1
2556 0
994 0
611 0
1786 0
1849 0
849 0
2320 0
492 0
208 1
2440 0
1523 0
2271 0
3578 0
93 1
292 1
2445 0
291 0
3703 0
3040 0
374 0
2429 0
114 1
1939 0
429 0
1306 0
3688 0
1328 0
409 0
1091 0
73 2
67 0
3636 0
812 0
241 1
2561 0
489 0
585 1
3711 0
327 1
2391 0
1080 0
1281 1
732 1
1864 0
3214 0
3675 0
3491 0
1603 0
1881 0
622 0
970 0
2381 0
2375 0
24 1
2256 0
3321 0
2049 0
1658 0
104 2
1558 0
2057 0
3493 0
1635 0
1237 0
2361 0
1513 0
2175 0
1264 0
747 0
2490 0
159 1
2563 0
1633 0
47 3
1942 0
1427 1
1484 0
1017 0
270 1
1057 0
2042 0
538 1
3748 0
5375 0
2840 0
1602 0
2007 1
521 0
1332 0
162 1
433 1
880 0
5409 0
1399 0
1912 0
786 0
986 0
740 0
1117 0
1008 0
103 1
201 0
871 0
719 0
1529 0
902 0
827 0
266 0
2039 0
1353 0
1742 0
1624 0
1695 0
1219 0
2534 0
97 1
2378 0
1704 0
3645 0
668 1
1749 0
688 0
750 1
774 0
1126 0
5101 0
3463 0
910 0
1341 0
693 0
1534 1
2570 0
893 0
2309 0
1915 0
3729 0
83 2
804 0
1385 0
2558 0
1818 0
962 0
1085 0
755 1
1837 0
143 0
2323 0
1051 0
2268 0
1497 0
518 0
497 0
1211 0
169 2
411 0
1711 0
2399 0
1542 0
3720 0
2579 0
478 0
384 0
398 1
836 0
2016 0
1735 0
942 0
955 0
1376 0
1888 0
3512 0
2030 0
2369 0
1595 0
190 1
1750 0
1808 0
822 0
1739 0
601 0
231 1
1610 0
779 0
551 0
504 0
343 1
981 0
697 0
3753 0
857 0
1010 0
707 0
1966 0
1665 0
261 0
1782 0
2439 0
2252 0
3739 0
2506 0
321 1
792 0
3122 0
1248 0
5183 0
1590 0
2401 0
1652 0
3733 0
1516 0
924 0
2053 0
2301 0
760 0
863 1
5459 0
2027 0
531 0
2481 0
2469 0
172 1
1745 0
1366 0
5431 0
3702 0
223 0
721 0
1043 0
3482 0
1255 0
669 0
282 0
420 1
3622 0
1852 0
3548 0
639 0
989 1
1505 0
2372 0
1348 0
2248 0
2945 0
577 0
1137 0
3511 0
1227 0
3504 0
1417 0
216 0
852 1
643 0
3478 0
3600 0
1951 0
1120 0
3661 0
1475 0
1794 0
3522 0
676 0
1251 0
277 0
2456 0
3191 0
1192 0
879 0
5452 0
1095 0
1183 0
1444 0
1846 0
133 1
123 1
304 0
2515 0
2417 0
1631 0
1828 0
2294 0
56 1
1369 0
1151 0
54 2
306 0
1204 0
70 1
839 0
5552 0
2520 0
166 1
1578 0
88 1
1009 0
30 2
403 0
466 0
134 2
618 0
848 1
1829 0
3698 0
3717 0
1629 0
1761 0
1323 0
1455 0
1492 0
703 1
3560 0
1134 0
1100 0
1377 0
2488 0
1461 0
185 0
2487 0
1719 0
4 2
1985 0
1691 0
3567 0
3666 0
2003 0
