*Vertices 139
0.0476718
0.0332594
0.0284553
0.0280857
0.0273466
0.0271619
0.0271619
0.0251293
0.0247598
0.0218034
0.0216186
0.02051
0.0203252
0.0199557
0.0199557
0.0197709
0.0194013
0.0192166
0.0190318
0.0179231
0.0175536
0.0168145
0.0166297
0.0164449
0.0158906
0.0151515
0.0145972
0.0142276
0.0140429
0.0134885
0.0134885
0.0123799
0.0120103
0.0118256
0.0112712
0.0105322
0.0103474
0.00997783
0.00923873
0.00923873
0.00905395
0.00905395
0.00886918
0.00886918
0.00849963
0.00739098
0.00702143
0.00665188
0.00665188
0.00646711
0.00609756
0.00591279
0.00591279
0.00572801
0.00554324
0.00554324
0.00535846
0.00517369
0.00517369
0.00498891
0.00461936
0.00461936
0.00443459
0.00443459
0.00424982
0.00406504
0.00369549
0.00369549
0.00332594
0.00332594
0.00332594
0.00332594
0.00332594
0.00295639
0.00277162
0.00258684
0.00258684
0.00221729
0.00221729
0.00221729
0.00203252
0.00184775
0.00184775
0.00184775
0.0014782
0.0014782
0.0014782
0.00110865
0.00110865
0.00110865
0.00110865
0.00110865
0.00110865
0.00110865
0.00110865
0.00110865
0.00110865
0.00110865
0.00110865
0.00110865
0.00110865
0.00110865
0.000923873
0.000739098
0.000739098
0.000739098
0.000739098
0.000369549
0.000369549
0.000369549
0.000369549
0.000369549
0.000369549
0.000369549
0.000369549
0.000369549
0.000369549
0.000369549
0.000369549
0.000369549
0.000369549
0.000369549
0.000369549
0.000369549
0.000369549
0.000369549
0.000369549
0.000369549
0.000369549
0.000369549
0.000369549
0.000369549
0.000369549
0.000369549
0.000369549
0.000369549
0.000369549
0.000369549
0.000369549
