*Vertices 907
32
23
1
1
3
10
9
15
10
33
7
23
46
9
1
14
18
14
14
11
12
8
23
8
8
8
8
8
12
9
12
22
14
13
6
3
3
9
5
3
2
11
9
4
3
6
7
34
4
3
3
3
4
2
1
14
6
36
8
27
4
4
2
2
13
9
4
4
16
6
24
10
8
14
8
3
3
2
2
11
1
46
13
18
6
14
22
7
7
7
9
1
1
4
12
3
12
13
5
2
10
5
9
5
7
7
12
6
7
2
17
5
16
3
9
7
27
5
28
6
2
5
9
12
19
2
13
1
8
8
5
6
2
2
11
19
13
9
9
17
7
3
7
6
17
5
6
4
2
3
1
5
9
3
9
4
5
9
12
2
7
22
2
2
2
7
8
1
1
3
1
4
18
4
1
9
8
13
6
5
4
3
8
6
3
4
18
5
33
6
12
7
1
1
9
9
18
3
4
3
2
2
4
5
19
14
14
8
3
3
5
1
1
8
8
4
4
7
9
10
14
32
14
23
19
21
7
2
2
4
4
8
8
8
8
8
12
14
5
16
15
4
5
6
2
2
2
2
2
2
6
3
3
3
6
6
6
1
1
3
15
11
11
11
35
6
6
12
6
4
6
5
5
5
5
5
16
5
16
1
1
2
2
2
4
5
4
5
17
6
1
6
14
4
4
8
18
5
6
4
2
10
10
8
6
3
3
6
11
8
5
5
8
4
4
2
1
1
5
6
14
7
8
4
9
4
11
7
7
9
25
10
2
9
7
11
2
5
4
7
4
4
4
2
13
6
5
9
2
2
5
26
17
11
2
5
11
3
10
3
3
5
2
2
2
1
1
2
8
9
1
5
5
9
10
6
6
6
9
10
8
3
5
4
4
4
4
2
4
4
14
9
5
9
3
3
5
2
2
2
1
4
5
12
6
2
2
1
4
8
4
4
9
1
1
4
18
17
1
1
5
4
7
14
9
6
2
2
2
2
2
1
8
2
6
7
6
5
5
1
6
6
6
5
1
1
2
2
5
2
2
1
1
1
6
6
5
16
3
8
9
6
6
8
7
2
9
9
9
15
9
9
6
4
2
10
7
7
7
7
4
4
1
6
22
7
2
5
3
2
1
3
7
4
8
4
4
2
3
3
3
3
2
2
2
1
1
2
2
2
2
3
6
6
6
1
1
1
5
5
3
11
7
9
9
9
3
5
3
8
2
6
1
5
3
3
2
5
2
6
5
2
2
1
1
1
1
6
1
5
5
5
6
6
5
5
5
5
5
5
5
6
8
5
3
3
2
2
4
5
3
5
1
2
2
2
1
2
1
1
1
1
3
5
3
6
6
1
3
15
16
4
4
4
5
5
5
2
11
7
19
4
4
7
1
2
1
7
4
4
1
3
8
2
2
2
2
7
7
3
5
5
3
1
1
17
13
12
12
12
12
1
1
2
2
1
1
13
13
13
13
13
14
6
1
7
2
2
1
3
3
3
10
3
4
14
6
1
9
8
9
8
13
8
5
3
5
1
8
5
5
5
5
5
8
5
1
1
5
3
3
3
2
1
6
4
2
3
3
2
3
5
8
3
3
5
14
1
2
1
1
5
4
6
4
4
6
1
1
2
2
2
4
1
2
3
4
7
6
1
1
2
2
5
2
4
3
5
4
17
17
8
8
8
3
3
4
4
14
2
2
2
1
1
3
1
5
2
2
2
7
3
3
1
4
4
4
4
1
12
9
3
3
2
3
1
1
1
14
8
1
4
8
4
2
3
2
8
1
1
5
3
2
1
10
18
6
8
1
4
4
2
2
2
2
2
2
2
3
1
1
1
1
5
2
2
1
5
4
4
1
3
3
2
5
2
3
3
3
3
3
9
4
2
2
2
4
1
4
4
4
1
2
2
2
1
10
5
3
3
3
6
1
1
2
2
2
4
9
9
9
2
2
6
6
5
5
4
4
1
3
2
1
5
5
5
5
2
3
1
6
6
3
1
1
1
1
1
1
2
2
1
3
3
3
1
1
2
9
9
9
9
9
9
9
9
9
9
1
3
7
1
1
3
1
2
5
