*Vertices 5504
0.0111847
0.00925203
0.0070778
0.00629138
0.00572084
0.00569514
0.00541243
0.00532505
0.00486245
0.00466199
0.00431761
0.00426107
0.00421481
0.00420453
0.00389613
0.00351063
0.00348493
0.00344381
0.00342839
0.00337699
0.00336157
0.00336157
0.00334615
0.00334101
0.00315597
0.00309429
0.00308915
0.00298635
0.00298121
0.00297607
0.00295037
0.00280645
0.00275505
0.00269851
0.00268823
0.00267795
0.00265739
0.00261627
0.00258029
0.00255459
0.00254431
0.00251861
0.00251347
0.00249291
0.00248263
0.00248263
0.00245179
0.00240039
0.00239011
0.00237983
0.00235927
0.00233357
0.00227703
0.00223591
0.00222563
0.00222049
0.00217423
0.00216909
0.00214853
0.00213825
0.00209713
0.00209199
0.00206629
0.00205087
0.00203545
0.00201489
0.00199433
0.00196863
0.00193265
0.00192237
0.00191723
0.00191209
0.00190181
0.00188639
0.00188125
0.00188125
0.00185555
0.00184527
0.00184013
0.00183498
0.00181442
0.00181442
0.00180928
0.00180414
0.00178872
0.00178872
0.00177844
0.00177844
0.0017733
0.00175788
0.0017476
0.00174246
0.00173732
0.00173218
0.0017219
0.0017219
0.00171162
0.00170648
0.00168592
0.00168592
0.00168078
0.00166536
0.00166536
0.00166022
0.0016448
0.00163966
0.00163966
0.00163452
0.00162938
0.00162424
0.00161396
0.00160882
0.00160368
0.00159854
0.00159854
0.00158826
0.00158826
0.00157798
0.0015677
0.00155228
0.00152658
0.00152658
0.00152144
0.00152144
0.0015163
0.0015163
0.00150602
0.00150088
0.0014906
0.00148546
0.00148546
0.00148032
0.00148032
0.00147004
0.00147004
0.00147004
0.0014649
0.0014649
0.00145976
0.00144434
0.00142892
0.00142378
0.0014135
0.00140836
0.00140836
0.00140836
0.00140322
0.00139808
0.0013878
0.0013878
0.00137752
0.00137238
0.00136724
0.00136724
0.0013621
0.0013621
0.00135182
0.00134154
0.0013364
0.00131584
0.00129528
0.00129528
0.001285
0.0012593
0.00124902
0.00124902
0.00123874
0.00123874
0.0012336
0.00122846
0.00122846
0.00122846
0.00122846
0.00121818
0.00121304
0.00120276
0.00120276
0.00120276
0.00118734
0.00118734
0.0011822
0.00117706
0.00117192
0.00116164
0.00116164
0.0011565
0.00115136
0.00115136
0.00115136
0.00114622
0.00114622
0.00113594
0.0011308
0.0011308
0.00112566
0.00112052
0.00112052
0.00111538
0.00111538
0.00111024
0.00109996
0.0010794
0.00107426
0.00106912
0.00106398
0.00105884
0.00105884
0.00105884
0.00105884
0.00104856
0.00103828
0.00103828
0.00103828
0.00103314
0.001028
0.001028
0.00101772
0.00101772
0.00100744
0.00100744
0.000997163
0.000997163
0.000997163
0.000986883
0.000986883
0.000976603
0.000976603
0.000971463
0.000971463
0.000971463
0.000971463
0.000971463
0.000966323
0.000966323
0.000966323
0.000961183
0.000961183
0.000950903
0.000945763
0.000935483
0.000930343
0.000930343
0.000925203
0.000925203
0.000925203
0.000925203
0.000920063
0.000914922
0.000914922
0.000914922
0.000909782
0.000909782
0.000904642
0.000904642
0.000904642
0.000904642
0.000904642
0.000899502
0.000899502
0.000894362
0.000889222
0.000884082
0.000884082
0.000884082
0.000878942
0.000878942
0.000873802
0.000873802
0.000873802
0.000868662
0.000868662
0.000863522
0.000863522
0.000863522
0.000863522
0.000858382
0.000858382
0.000853242
0.000853242
0.000853242
0.000842962
0.000842962
0.000842962
0.000842962
0.000837822
0.000837822
0.000837822
0.000837822
0.000837822
0.000832682
0.000832682
0.000832682
0.000832682
0.000832682
0.000827542
0.000827542
0.000827542
0.000817262
0.000817262
0.000812122
0.000812122
0.000806982
0.000801842
0.000796702
0.000796702
0.000796702
0.000791562
0.000791562
0.000791562
0.000781282
0.000781282
0.000781282
0.000771002
0.000771002
0.000771002
0.000771002
0.000765862
0.000765862
0.000765862
0.000760722
0.000760722
0.000760722
0.000755582
0.000755582
0.000755582
0.000750442
0.000750442
0.000750442
0.000750442
0.000750442
0.000745302
0.000740162
0.000740162
0.000740162
0.000729882
0.000729882
0.000729882
0.000729882
0.000724742
0.000719602
0.000719602
0.000719602
0.000719602
0.000714462
0.000709322
0.000709322
0.000709322
0.000704182
0.000704182
0.000699042
0.000699042
0.000699042
0.000693902
0.000693902
0.000688762
0.000688762
0.000688762
0.000688762
0.000688762
0.000688762
0.000678482
0.000678482
0.000673342
0.000673342
0.000663062
0.000657922
0.000657922
0.000657922
0.000657922
0.000657922
0.000657922
0.000652782
0.000652782
0.000652782
0.000647642
0.000647642
0.000647642
0.000647642
0.000647642
0.000647642
0.000642502
0.000642502
0.000642502
0.000637362
0.000637362
0.000637362
0.000637362
0.000637362
0.000632222
0.000632222
0.000627082
0.000627082
0.000627082
0.000627082
0.000621942
0.000621942
0.000616802
0.000616802
0.000616802
0.000616802
0.000611662
0.000611662
0.000606522
0.000606522
0.000606522
0.000606522
0.000606522
0.000606522
0.000601382
0.000601382
0.000596242
0.000596242
0.000596242
0.000596242
0.000591102
0.000585962
0.000585962
0.000585962
0.000580822
0.000580822
0.000580822
0.000575682
0.000575682
0.000575682
0.000575682
0.000575682
0.000575682
0.000575682
0.000575682
0.000570542
0.000570542
0.000565402
0.000565402
0.000565402
0.000565402
0.000565402
0.000565402
0.000565402
0.000560262
0.000560262
0.000560262
0.000555122
0.000555122
0.000555122
0.000555122
0.000555122
0.000549981
0.000549981
0.000544841
0.000544841
0.000544841
0.000544841
0.000544841
0.000539701
0.000534561
0.000534561
0.000534561
0.000534561
0.000534561
0.000534561
0.000529421
0.000529421
0.000529421
0.000524281
0.000524281
0.000524281
0.000524281
0.000524281
0.000519141
0.000519141
0.000519141
0.000519141
0.000519141
0.000514001
0.000514001
0.000514001
0.000514001
0.000514001
0.000514001
0.000514001
0.000514001
0.000514001
0.000514001
0.000514001
0.000503721
0.000503721
0.000503721
0.000503721
0.000498581
0.000498581
0.000493441
0.000493441
0.000493441
0.000493441
0.000493441
0.000488301
0.000488301
0.000488301
0.000483161
0.000483161
0.000483161
0.000483161
0.000483161
0.000483161
0.000478021
0.000478021
0.000478021
0.000472881
0.000472881
0.000472881
0.000472881
0.000472881
0.000472881
0.000472881
0.000472881
0.000472881
0.000472881
0.000467741
0.000467741
0.000462601
0.000462601
0.000462601
0.000462601
0.000462601
0.000462601
0.000462601
0.000462601
0.000462601
0.000457461
0.000457461
0.000457461
0.000457461
0.000457461
0.000457461
0.000452321
0.000452321
0.000452321
0.000452321
0.000452321
0.000447181
0.000447181
0.000447181
0.000447181
0.000447181
0.000442041
0.000442041
0.000442041
0.000442041
0.000442041
0.000442041
0.000442041
0.000436901
0.000436901
0.000436901
0.000436901
0.000436901
0.000431761
0.000431761
0.000431761
0.000431761
0.000431761
0.000431761
0.000431761
0.000431761
0.000431761
0.000431761
0.000426621
0.000426621
0.000426621
0.000426621
0.000421481
0.000421481
0.000421481
0.000421481
0.000421481
0.000421481
0.000421481
0.000421481
0.000421481
0.000421481
0.000421481
0.000421481
0.000416341
0.000416341
0.000411201
0.000411201
0.000411201
0.000411201
0.000411201
0.000411201
0.000411201
0.000406061
0.000406061
0.000406061
0.000406061
0.000406061
0.000400921
0.000400921
0.000400921
0.000400921
0.000400921
0.000400921
0.000400921
0.000400921
0.000400921
0.000400921
0.000400921
0.000400921
0.000400921
0.000400921
0.000395781
0.000395781
0.000395781
0.000395781
0.000395781
0.000395781
0.000390641
0.000390641
0.000390641
0.000390641
0.000390641
0.000390641
0.000390641
0.000390641
0.000390641
0.000390641
0.000390641
0.000390641
0.000385501
0.000385501
0.000385501
0.000385501
0.000385501
0.000380361
0.000380361
0.000380361
0.000380361
0.000380361
0.000380361
0.000380361
0.000380361
0.000380361
0.000380361
0.000380361
0.000380361
0.000380361
0.000375221
0.000375221
0.000375221
0.000375221
0.000375221
0.000375221
0.000375221
0.000370081
0.000370081
0.000370081
0.000370081
0.000370081
0.000370081
0.000370081
0.000370081
0.000370081
0.000370081
0.000370081
0.000370081
0.000370081
0.000364941
0.000364941
0.000364941
0.000364941
0.000364941
0.000359801
0.000359801
0.000359801
0.000359801
0.000359801
0.000359801
0.000359801
0.000359801
0.000359801
0.000359801
0.000359801
0.000354661
0.000354661
0.000349521
0.000349521
0.000349521
0.000349521
0.000349521
0.000349521
0.000349521
0.000344381
0.000344381
0.000344381
0.000344381
0.000344381
0.000344381
0.000339241
0.000339241
0.000339241
0.000339241
0.000339241
0.000339241
0.000339241
0.000339241
0.000334101
0.000334101
0.000334101
0.000328961
0.000328961
0.000328961
0.000328961
0.000328961
0.000328961
0.000328961
0.000328961
0.000328961
0.000328961
0.000328961
0.000323821
0.000323821
0.000323821
0.000323821
0.000323821
0.000323821
0.000323821
0.000318681
0.000318681
0.000318681
0.000318681
0.000318681
0.000318681
0.000318681
0.000318681
0.000318681
0.000318681
0.000318681
0.000318681
0.000318681
0.000318681
0.000318681
0.000318681
0.000318681
0.000318681
0.000318681
0.000318681
0.000313541
0.000313541
0.000313541
0.000313541
0.000313541
0.000313541
0.000308401
0.000308401
0.000308401
0.000308401
0.000308401
0.000308401
0.000308401
0.000308401
0.000308401
0.000308401
0.000308401
0.000308401
0.000308401
0.000308401
0.000308401
0.000308401
0.000308401
0.000308401
0.000308401
0.000308401
0.000308401
0.000308401
0.000303261
0.000303261
0.000303261
0.000303261
0.000303261
0.000298121
0.000298121
0.000298121
0.000298121
0.000298121
0.000298121
0.000298121
0.000298121
0.000298121
0.000298121
0.000298121
0.000298121
0.000292981
0.000292981
0.000292981
0.000292981
0.000292981
0.000287841
0.000287841
0.000287841
0.000287841
0.000287841
0.000287841
0.000287841
0.000287841
0.000287841
0.000287841
0.000287841
0.000287841
0.000287841
0.000287841
0.000287841
0.000287841
0.000287841
0.000287841
0.000287841
0.000287841
0.000287841
0.000287841
0.000287841
0.000287841
0.000282701
0.000282701
0.000282701
0.000282701
0.000282701
0.000277561
0.000277561
0.000277561
0.000277561
0.000277561
0.000277561
0.000277561
0.000277561
0.000277561
0.000277561
0.000277561
0.000277561
0.000277561
0.000277561
0.000277561
0.000277561
0.000277561
0.000272421
0.000272421
0.000272421
0.000272421
0.000272421
0.000267281
0.000267281
0.000267281
0.000267281
0.000267281
0.000267281
0.000267281
0.000267281
0.000267281
0.000267281
0.000267281
0.000267281
0.000267281
0.000267281
0.000267281
0.000267281
0.000267281
0.000267281
0.000267281
0.000267281
0.000267281
0.000262141
0.000262141
0.000262141
0.000257001
0.000257001
0.000257001
0.000257001
0.000257001
0.000257001
0.000257001
0.000257001
0.000257001
0.000257001
0.000257001
0.000257001
0.000257001
0.000257001
0.000257001
0.000257001
0.000257001
0.000257001
0.000257001
0.000257001
0.000257001
0.000257001
0.000257001
0.000257001
0.000257001
0.000257001
0.000251861
0.000251861
0.000251861
0.000251861
0.000251861
0.000251861
0.000251861
0.000246721
0.000246721
0.000246721
0.000246721
0.000246721
0.000246721
0.000246721
0.000246721
0.000246721
0.000246721
0.000246721
0.000246721
0.000246721
0.000246721
0.000246721
0.000246721
0.000246721
0.000246721
0.000246721
0.000241581
0.000241581
0.000236441
0.000236441
0.000236441
0.000236441
0.000236441
0.000236441
0.000236441
0.000236441
0.000236441
0.000236441
0.000236441
0.000236441
0.000236441
0.000236441
0.000231301
0.000231301
0.000231301
0.000231301
0.000231301
0.000231301
0.000231301
0.000231301
0.000226161
0.000226161
0.000226161
0.000226161
0.000226161
0.000226161
0.000226161
0.000226161
0.000226161
0.000226161
0.000226161
0.000226161
0.000226161
0.000226161
0.000226161
0.000226161
0.000226161
0.000226161
0.000226161
0.000226161
0.000226161
0.000226161
0.000226161
0.000226161
0.000226161
0.000226161
0.000221021
0.000221021
0.000221021
0.000221021
0.000221021
0.000221021
0.000221021
0.000215881
0.000215881
0.000215881
0.000215881
0.000215881
0.000215881
0.000215881
0.000215881
0.000215881
0.000215881
0.000215881
0.000215881
0.000215881
0.000215881
0.000215881
0.000215881
0.000215881
0.000215881
0.000215881
0.000215881
0.000215881
0.000215881
0.000215881
0.000215881
0.000215881
0.000215881
0.000210741
0.000210741
0.000210741
0.000210741
0.000210741
0.000205601
0.000205601
0.000205601
0.000205601
0.000205601
0.000205601
0.000205601
0.000205601
0.000205601
0.000205601
0.000205601
0.000205601
0.000205601
0.000205601
0.000205601
0.000205601
0.000205601
0.000205601
0.000205601
0.000205601
0.000205601
0.000205601
0.000205601
0.000205601
0.000205601
0.000205601
0.000205601
0.000205601
0.000205601
0.000205601
0.000205601
0.000205601
0.000205601
0.000205601
0.000205601
0.000200461
0.000200461
0.000200461
0.000200461
0.000195321
0.000195321
0.000195321
0.000195321
0.000195321
0.000195321
0.000195321
0.000195321
0.000195321
0.000195321
0.000195321
0.000195321
0.000195321
0.000195321
0.000195321
0.000195321
0.000195321
0.000195321
0.000195321
0.000195321
0.000195321
0.000195321
0.000195321
0.000195321
0.000190181
0.000190181
0.000190181
0.000190181
0.000190181
0.000185041
0.000185041
0.000185041
0.000185041
0.000185041
0.000185041
0.000185041
0.000185041
0.000185041
0.000185041
0.000185041
0.000185041
0.000185041
0.000185041
0.000185041
0.000185041
0.000185041
0.000185041
0.000185041
0.000185041
0.000185041
0.000185041
0.000185041
0.000185041
0.000185041
0.000185041
0.000185041
0.000185041
0.000185041
0.000185041
0.000185041
0.000185041
0.0001799
0.0001799
0.0001799
0.00017476
0.00017476
0.00017476
0.00017476
0.00017476
0.00017476
0.00017476
0.00017476
0.00017476
0.00017476
0.00017476
0.00017476
0.00017476
0.00017476
0.00016962
0.00016962
0.00016962
0.00016448
0.00016448
0.00016448
0.00016448
0.00016448
0.00016448
0.00016448
0.00016448
0.00016448
0.00016448
0.00016448
0.00016448
0.00016448
0.00016448
0.00016448
0.00016448
0.00016448
0.00016448
0.00016448
0.00016448
0.00016448
0.00016448
0.00016448
0.00016448
0.00016448
0.00016448
0.00016448
0.00016448
0.00016448
0.00016448
0.00016448
0.00016448
0.00016448
0.00016448
0.00016448
0.00016448
0.00016448
0.00016448
0.00016448
0.00016448
0.00016448
0.00016448
0.00016448
0.00016448
0.00016448
0.00016448
0.00016448
0.00016448
0.00016448
0.00016448
0.00016448
0.00016448
0.00016448
0.00016448
0.00016448
0.00016448
0.00016448
0.00016448
0.00015934
0.00015934
0.00015934
0.0001542
0.0001542
0.0001542
0.0001542
0.0001542
0.0001542
0.0001542
0.0001542
0.0001542
0.0001542
0.0001542
0.0001542
0.0001542
0.0001542
0.0001542
0.0001542
0.0001542
0.0001542
0.0001542
0.0001542
0.0001542
0.0001542
0.0001542
0.0001542
0.0001542
0.0001542
0.0001542
0.0001542
0.0001542
0.0001542
0.0001542
0.0001542
0.0001542
0.0001542
0.0001542
0.0001542
0.0001542
0.0001542
0.0001542
0.0001542
0.0001542
0.0001542
0.0001542
0.0001542
0.0001542
0.0001542
0.0001542
0.0001542
0.0001542
0.0001542
0.0001542
0.0001542
0.0001542
0.0001542
0.0001542
0.0001542
0.00014906
0.00014906
0.00014906
0.00014906
0.00014906
0.00014906
0.00014906
0.00014392
0.00014392
0.00014392
0.00014392
0.00014392
0.00014392
0.00014392
0.00014392
0.00014392
0.00014392
0.00014392
0.00014392
0.00014392
0.00014392
0.00014392
0.00014392
0.00014392
0.00014392
0.00014392
0.00014392
0.00014392
0.00013878
0.00013878
0.00013364
0.00013364
0.00013364
0.00013364
0.00013364
0.00013364
0.00013364
0.00013364
0.00013364
0.00013364
0.00013364
0.00013364
0.00013364
0.00013364
0.00013364
0.00013364
0.00013364
0.00013364
0.00013364
0.00013364
0.00013364
0.00013364
0.00013364
0.00013364
0.00013364
0.00013364
0.00013364
0.00013364
0.00013364
0.00013364
0.00013364
0.00013364
0.00013364
0.00013364
0.00013364
0.00013364
0.00013364
0.00013364
0.00013364
0.00013364
0.00013364
0.00013364
0.00013364
0.00013364
0.0001285
0.0001285
0.0001285
0.0001285
0.0001285
0.0001285
0.0001285
0.00012336
0.00012336
0.00012336
0.00012336
0.00012336
0.00012336
0.00012336
0.00012336
0.00012336
0.00012336
0.00012336
0.00012336
0.00012336
0.00012336
0.00012336
0.00012336
0.00012336
0.00012336
0.00012336
0.00012336
0.00012336
0.00012336
0.00012336
0.00012336
0.00012336
0.00012336
0.00012336
0.00012336
0.00012336
0.00012336
0.00012336
0.00012336
0.00012336
0.00012336
0.00012336
0.00012336
0.00012336
0.00012336
0.00012336
0.00012336
0.00012336
0.00012336
0.00012336
0.00012336
0.00012336
0.00012336
0.00012336
0.00012336
0.00012336
0.00012336
0.00012336
0.00012336
0.00012336
0.00012336
0.00012336
0.00012336
0.00012336
0.00012336
0.00012336
0.00012336
0.00012336
0.00012336
0.00012336
0.00012336
0.00012336
0.00012336
0.00012336
0.00012336
0.00012336
0.00012336
0.00012336
0.00012336
0.00012336
0.00012336
0.00012336
0.00012336
0.00012336
0.00012336
0.00012336
0.00012336
0.00012336
0.00012336
0.00012336
0.00012336
0.00012336
0.00012336
0.00012336
0.00012336
0.00012336
0.00012336
0.00012336
0.00012336
0.00012336
0.00012336
0.00011822
0.00011822
0.00011308
0.00011308
0.00011308
0.00011308
0.00011308
0.00011308
0.00011308
0.00011308
0.00011308
0.00011308
0.00011308
0.00011308
0.00011308
0.00011308
0.00011308
0.00011308
0.00011308
0.00011308
0.00011308
0.00011308
0.00011308
0.00011308
0.00011308
0.00011308
0.00011308
0.00011308
0.00011308
0.00011308
0.00011308
0.00011308
0.00011308
0.00011308
0.00011308
0.00011308
0.00011308
0.00011308
0.00011308
0.00011308
0.00010794
0.00010794
0.00010794
0.00010794
0.00010794
0.00010794
0.00010794
0.00010794
0.00010794
0.0001028
0.0001028
0.0001028
0.0001028
0.0001028
0.0001028
0.0001028
0.0001028
0.0001028
0.0001028
0.0001028
0.0001028
0.0001028
0.0001028
0.0001028
0.0001028
0.0001028
0.0001028
0.0001028
0.0001028
0.0001028
0.0001028
0.0001028
0.0001028
0.0001028
0.0001028
0.0001028
0.0001028
0.0001028
0.0001028
0.0001028
0.0001028
0.0001028
0.0001028
0.0001028
0.0001028
0.0001028
0.0001028
0.0001028
0.0001028
0.0001028
0.0001028
0.0001028
0.0001028
0.0001028
0.0001028
0.0001028
0.0001028
0.0001028
0.0001028
0.0001028
0.0001028
0.0001028
0.0001028
0.0001028
0.0001028
0.0001028
0.0001028
0.0001028
0.0001028
0.0001028
0.0001028
0.0001028
0.0001028
0.0001028
0.0001028
0.0001028
0.0001028
0.0001028
0.0001028
0.0001028
0.0001028
0.0001028
0.0001028
0.0001028
0.0001028
0.0001028
0.0001028
0.0001028
0.0001028
0.0001028
0.0001028
0.0001028
0.0001028
0.0001028
0.0001028
0.0001028
0.0001028
0.0001028
0.0001028
0.0001028
0.0001028
0.0001028
0.0001028
0.0001028
0.0001028
0.0001028
0.0001028
0.0001028
0.0001028
0.0001028
0.0001028
0.0001028
0.0001028
0.0001028
0.0001028
0.0001028
0.0001028
0.0001028
0.0001028
0.0001028
0.0001028
0.0001028
0.0001028
0.0001028
0.0001028
0.0001028
0.0001028
0.0001028
0.0001028
0.0001028
0.0001028
0.0001028
0.0001028
0.0001028
0.0001028
0.0001028
0.0001028
0.0001028
0.0001028
0.0001028
0.0001028
0.0001028
0.0001028
0.0001028
0.0001028
0.0001028
0.0001028
0.0001028
0.0001028
0.0001028
0.0001028
9.76603e-05
9.76603e-05
9.76603e-05
9.25203e-05
9.25203e-05
9.25203e-05
9.25203e-05
9.25203e-05
9.25203e-05
9.25203e-05
9.25203e-05
9.25203e-05
9.25203e-05
9.25203e-05
9.25203e-05
9.25203e-05
9.25203e-05
9.25203e-05
9.25203e-05
9.25203e-05
9.25203e-05
9.25203e-05
9.25203e-05
9.25203e-05
9.25203e-05
9.25203e-05
9.25203e-05
9.25203e-05
9.25203e-05
9.25203e-05
9.25203e-05
9.25203e-05
9.25203e-05
9.25203e-05
9.25203e-05
9.25203e-05
9.25203e-05
9.25203e-05
9.25203e-05
9.25203e-05
9.25203e-05
9.25203e-05
9.25203e-05
9.25203e-05
9.25203e-05
9.25203e-05
9.25203e-05
9.25203e-05
9.25203e-05
9.25203e-05
9.25203e-05
9.25203e-05
9.25203e-05
9.25203e-05
9.25203e-05
9.25203e-05
9.25203e-05
9.25203e-05
9.25203e-05
9.25203e-05
9.25203e-05
9.25203e-05
9.25203e-05
9.25203e-05
9.25203e-05
9.25203e-05
9.25203e-05
9.25203e-05
9.25203e-05
9.25203e-05
9.25203e-05
9.25203e-05
9.25203e-05
9.25203e-05
9.25203e-05
9.25203e-05
9.25203e-05
9.25203e-05
9.25203e-05
9.25203e-05
9.25203e-05
9.25203e-05
9.25203e-05
9.25203e-05
9.25203e-05
9.25203e-05
9.25203e-05
9.25203e-05
9.25203e-05
9.25203e-05
9.25203e-05
9.25203e-05
9.25203e-05
9.25203e-05
9.25203e-05
9.25203e-05
9.25203e-05
9.25203e-05
9.25203e-05
9.25203e-05
9.25203e-05
9.25203e-05
9.25203e-05
9.25203e-05
9.25203e-05
9.25203e-05
9.25203e-05
9.25203e-05
9.25203e-05
9.25203e-05
9.25203e-05
9.25203e-05
9.25203e-05
9.25203e-05
8.73802e-05
8.73802e-05
8.73802e-05
8.73802e-05
8.22402e-05
8.22402e-05
8.22402e-05
8.22402e-05
8.22402e-05
8.22402e-05
8.22402e-05
8.22402e-05
8.22402e-05
8.22402e-05
8.22402e-05
8.22402e-05
8.22402e-05
8.22402e-05
8.22402e-05
8.22402e-05
8.22402e-05
8.22402e-05
8.22402e-05
8.22402e-05
8.22402e-05
8.22402e-05
8.22402e-05
8.22402e-05
8.22402e-05
8.22402e-05
8.22402e-05
7.71002e-05
7.71002e-05
7.71002e-05
7.71002e-05
7.71002e-05
7.19602e-05
7.19602e-05
7.19602e-05
7.19602e-05
7.19602e-05
7.19602e-05
7.19602e-05
7.19602e-05
7.19602e-05
7.19602e-05
7.19602e-05
7.19602e-05
7.19602e-05
7.19602e-05
7.19602e-05
7.19602e-05
7.19602e-05
7.19602e-05
7.19602e-05
7.19602e-05
7.19602e-05
7.19602e-05
7.19602e-05
7.19602e-05
7.19602e-05
7.19602e-05
7.19602e-05
7.19602e-05
7.19602e-05
7.19602e-05
7.19602e-05
7.19602e-05
7.19602e-05
7.19602e-05
7.19602e-05
7.19602e-05
7.19602e-05
7.19602e-05
7.19602e-05
7.19602e-05
7.19602e-05
7.19602e-05
7.19602e-05
7.19602e-05
7.19602e-05
7.19602e-05
7.19602e-05
7.19602e-05
7.19602e-05
7.19602e-05
7.19602e-05
7.19602e-05
7.19602e-05
7.19602e-05
7.19602e-05
7.19602e-05
7.19602e-05
7.19602e-05
7.19602e-05
7.19602e-05
7.19602e-05
7.19602e-05
7.19602e-05
7.19602e-05
7.19602e-05
7.19602e-05
7.19602e-05
7.19602e-05
7.19602e-05
7.19602e-05
7.19602e-05
7.19602e-05
7.19602e-05
7.19602e-05
7.19602e-05
7.19602e-05
7.19602e-05
7.19602e-05
7.19602e-05
7.19602e-05
7.19602e-05
7.19602e-05
7.19602e-05
7.19602e-05
7.19602e-05
7.19602e-05
7.19602e-05
7.19602e-05
7.19602e-05
7.19602e-05
6.68202e-05
6.68202e-05
6.68202e-05
6.68202e-05
6.68202e-05
6.68202e-05
6.16802e-05
6.16802e-05
6.16802e-05
6.16802e-05
6.16802e-05
6.16802e-05
6.16802e-05
6.16802e-05
6.16802e-05
6.16802e-05
6.16802e-05
6.16802e-05
6.16802e-05
6.16802e-05
6.16802e-05
6.16802e-05
6.16802e-05
6.16802e-05
6.16802e-05
6.16802e-05
6.16802e-05
6.16802e-05
6.16802e-05
6.16802e-05
6.16802e-05
6.16802e-05
6.16802e-05
6.16802e-05
6.16802e-05
6.16802e-05
6.16802e-05
6.16802e-05
6.16802e-05
6.16802e-05
6.16802e-05
6.16802e-05
6.16802e-05
6.16802e-05
6.16802e-05
6.16802e-05
6.16802e-05
6.16802e-05
6.16802e-05
6.16802e-05
6.16802e-05
6.16802e-05
6.16802e-05
6.16802e-05
6.16802e-05
6.16802e-05
6.16802e-05
6.16802e-05
6.16802e-05
6.16802e-05
6.16802e-05
6.16802e-05
6.16802e-05
6.16802e-05
6.16802e-05
6.16802e-05
6.16802e-05
6.16802e-05
6.16802e-05
6.16802e-05
6.16802e-05
6.16802e-05
6.16802e-05
6.16802e-05
6.16802e-05
6.16802e-05
6.16802e-05
6.16802e-05
6.16802e-05
6.16802e-05
6.16802e-05
6.16802e-05
6.16802e-05
6.16802e-05
6.16802e-05
6.16802e-05
6.16802e-05
6.16802e-05
6.16802e-05
6.16802e-05
6.16802e-05
6.16802e-05
6.16802e-05
6.16802e-05
6.16802e-05
6.16802e-05
6.16802e-05
6.16802e-05
6.16802e-05
6.16802e-05
6.16802e-05
6.16802e-05
6.16802e-05
6.16802e-05
6.16802e-05
6.16802e-05
6.16802e-05
6.16802e-05
6.16802e-05
6.16802e-05
6.16802e-05
6.16802e-05
6.16802e-05
6.16802e-05
6.16802e-05
6.16802e-05
6.16802e-05
6.16802e-05
6.16802e-05
6.16802e-05
6.16802e-05
6.16802e-05
6.16802e-05
6.16802e-05
6.16802e-05
6.16802e-05
6.16802e-05
6.16802e-05
6.16802e-05
6.16802e-05
6.16802e-05
6.16802e-05
6.16802e-05
6.16802e-05
6.16802e-05
6.16802e-05
6.16802e-05
6.16802e-05
6.16802e-05
6.16802e-05
6.16802e-05
6.16802e-05
6.16802e-05
6.16802e-05
6.16802e-05
6.16802e-05
6.16802e-05
6.16802e-05
6.16802e-05
6.16802e-05
6.16802e-05
6.16802e-05
6.16802e-05
6.16802e-05
6.16802e-05
6.16802e-05
6.16802e-05
6.16802e-05
6.16802e-05
6.16802e-05
6.16802e-05
6.16802e-05
6.16802e-05
6.16802e-05
6.16802e-05
6.16802e-05
6.16802e-05
6.16802e-05
6.16802e-05
6.16802e-05
6.16802e-05
6.16802e-05
6.16802e-05
6.16802e-05
6.16802e-05
6.16802e-05
6.16802e-05
6.16802e-05
6.16802e-05
6.16802e-05
6.16802e-05
6.16802e-05
6.16802e-05
6.16802e-05
6.16802e-05
6.16802e-05
6.16802e-05
6.16802e-05
6.16802e-05
6.16802e-05
6.16802e-05
6.16802e-05
6.16802e-05
6.16802e-05
6.16802e-05
6.16802e-05
6.16802e-05
6.16802e-05
6.16802e-05
6.16802e-05
6.16802e-05
6.16802e-05
6.16802e-05
6.16802e-05
6.16802e-05
6.16802e-05
6.16802e-05
6.16802e-05
6.16802e-05
6.16802e-05
6.16802e-05
6.16802e-05
6.16802e-05
6.16802e-05
6.16802e-05
6.16802e-05
6.16802e-05
6.16802e-05
6.16802e-05
6.16802e-05
6.16802e-05
6.16802e-05
6.16802e-05
6.16802e-05
6.16802e-05
6.16802e-05
6.16802e-05
6.16802e-05
6.16802e-05
6.16802e-05
6.16802e-05
6.16802e-05
6.16802e-05
6.16802e-05
6.16802e-05
6.16802e-05
6.16802e-05
6.16802e-05
6.16802e-05
6.16802e-05
6.16802e-05
6.16802e-05
6.16802e-05
6.16802e-05
6.16802e-05
6.16802e-05
6.16802e-05
6.16802e-05
6.16802e-05
6.16802e-05
6.16802e-05
6.16802e-05
6.16802e-05
6.16802e-05
6.16802e-05
6.16802e-05
6.16802e-05
6.16802e-05
6.16802e-05
6.16802e-05
6.16802e-05
6.16802e-05
6.16802e-05
6.16802e-05
6.16802e-05
6.16802e-05
6.16802e-05
6.16802e-05
6.16802e-05
6.16802e-05
6.16802e-05
6.16802e-05
6.16802e-05
6.16802e-05
6.16802e-05
6.16802e-05
6.16802e-05
6.16802e-05
6.16802e-05
6.16802e-05
6.16802e-05
6.16802e-05
6.16802e-05
6.16802e-05
6.16802e-05
6.16802e-05
6.16802e-05
6.16802e-05
6.16802e-05
6.16802e-05
6.16802e-05
6.16802e-05
6.16802e-05
6.16802e-05
6.16802e-05
6.16802e-05
6.16802e-05
6.16802e-05
6.16802e-05
6.16802e-05
6.16802e-05
6.16802e-05
6.16802e-05
6.16802e-05
6.16802e-05
6.16802e-05
6.16802e-05
6.16802e-05
6.16802e-05
6.16802e-05
6.16802e-05
6.16802e-05
6.16802e-05
6.16802e-05
6.16802e-05
6.16802e-05
6.16802e-05
6.16802e-05
6.16802e-05
6.16802e-05
6.16802e-05
6.16802e-05
6.16802e-05
6.16802e-05
6.16802e-05
6.16802e-05
6.16802e-05
6.16802e-05
6.16802e-05
6.16802e-05
6.16802e-05
6.16802e-05
6.16802e-05
6.16802e-05
6.16802e-05
6.16802e-05
6.16802e-05
6.16802e-05
6.16802e-05
6.16802e-05
6.16802e-05
6.16802e-05
6.16802e-05
6.16802e-05
6.16802e-05
6.16802e-05
6.16802e-05
6.16802e-05
6.16802e-05
6.16802e-05
6.16802e-05
6.16802e-05
6.16802e-05
6.16802e-05
6.16802e-05
6.16802e-05
6.16802e-05
6.16802e-05
6.16802e-05
6.16802e-05
6.16802e-05
6.16802e-05
6.16802e-05
6.16802e-05
6.16802e-05
6.16802e-05
6.16802e-05
6.16802e-05
6.16802e-05
6.16802e-05
6.16802e-05
6.16802e-05
6.16802e-05
6.16802e-05
6.16802e-05
6.16802e-05
6.16802e-05
6.16802e-05
6.16802e-05
6.16802e-05
6.16802e-05
6.16802e-05
6.16802e-05
6.16802e-05
6.16802e-05
6.16802e-05
6.16802e-05
6.16802e-05
6.16802e-05
6.16802e-05
6.16802e-05
6.16802e-05
6.16802e-05
6.16802e-05
6.16802e-05
6.16802e-05
6.16802e-05
6.16802e-05
6.16802e-05
6.16802e-05
6.16802e-05
6.16802e-05
6.16802e-05
6.16802e-05
6.16802e-05
6.16802e-05
6.16802e-05
6.16802e-05
6.16802e-05
6.16802e-05
6.16802e-05
6.16802e-05
6.16802e-05
6.16802e-05
6.16802e-05
6.16802e-05
6.16802e-05
6.16802e-05
6.16802e-05
6.16802e-05
6.16802e-05
6.16802e-05
6.16802e-05
6.16802e-05
6.16802e-05
6.16802e-05
6.16802e-05
6.16802e-05
6.16802e-05
6.16802e-05
6.16802e-05
6.16802e-05
6.16802e-05
6.16802e-05
6.16802e-05
6.16802e-05
6.16802e-05
6.16802e-05
6.16802e-05
6.16802e-05
6.16802e-05
6.16802e-05
6.16802e-05
6.16802e-05
6.16802e-05
6.16802e-05
6.16802e-05
6.16802e-05
6.16802e-05
6.16802e-05
6.16802e-05
6.16802e-05
6.16802e-05
6.16802e-05
6.16802e-05
6.16802e-05
6.16802e-05
6.16802e-05
6.16802e-05
6.16802e-05
6.16802e-05
6.16802e-05
6.16802e-05
6.16802e-05
6.16802e-05
6.16802e-05
6.16802e-05
6.16802e-05
6.16802e-05
6.16802e-05
6.16802e-05
6.16802e-05
6.16802e-05
6.16802e-05
6.16802e-05
6.16802e-05
6.16802e-05
6.16802e-05
6.16802e-05
6.16802e-05
6.16802e-05
6.16802e-05
6.16802e-05
6.16802e-05
6.16802e-05
6.16802e-05
6.16802e-05
6.16802e-05
6.16802e-05
6.16802e-05
6.16802e-05
6.16802e-05
6.16802e-05
6.16802e-05
6.16802e-05
6.16802e-05
6.16802e-05
6.16802e-05
6.16802e-05
6.16802e-05
6.16802e-05
6.16802e-05
6.16802e-05
6.16802e-05
6.16802e-05
6.16802e-05
6.16802e-05
6.16802e-05
6.16802e-05
6.16802e-05
6.16802e-05
6.16802e-05
6.16802e-05
6.16802e-05
6.16802e-05
5.65402e-05
5.14001e-05
5.14001e-05
5.14001e-05
5.14001e-05
5.14001e-05
5.14001e-05
5.14001e-05
5.14001e-05
5.14001e-05
5.14001e-05
5.14001e-05
5.14001e-05
5.14001e-05
5.14001e-05
5.14001e-05
5.14001e-05
5.14001e-05
5.14001e-05
5.14001e-05
5.14001e-05
5.14001e-05
5.14001e-05
5.14001e-05
5.14001e-05
5.14001e-05
5.14001e-05
5.14001e-05
5.14001e-05
5.14001e-05
5.14001e-05
5.14001e-05
4.11201e-05
4.11201e-05
4.11201e-05
4.11201e-05
4.11201e-05
4.11201e-05
4.11201e-05
4.11201e-05
4.11201e-05
4.11201e-05
4.11201e-05
4.11201e-05
4.11201e-05
4.11201e-05
4.11201e-05
4.11201e-05
4.11201e-05
4.11201e-05
4.11201e-05
4.11201e-05
4.11201e-05
4.11201e-05
4.11201e-05
4.11201e-05
4.11201e-05
4.11201e-05
4.11201e-05
4.11201e-05
4.11201e-05
4.11201e-05
4.11201e-05
4.11201e-05
4.11201e-05
4.11201e-05
4.11201e-05
4.11201e-05
4.11201e-05
4.11201e-05
4.11201e-05
4.11201e-05
4.11201e-05
4.11201e-05
4.11201e-05
4.11201e-05
4.11201e-05
4.11201e-05
4.11201e-05
4.11201e-05
4.11201e-05
4.11201e-05
4.11201e-05
4.11201e-05
4.11201e-05
4.11201e-05
4.11201e-05
4.11201e-05
4.11201e-05
4.11201e-05
4.11201e-05
4.11201e-05
4.11201e-05
4.11201e-05
4.11201e-05
4.11201e-05
4.11201e-05
4.11201e-05
4.11201e-05
4.11201e-05
4.11201e-05
4.11201e-05
4.11201e-05
4.11201e-05
4.11201e-05
4.11201e-05
4.11201e-05
4.11201e-05
4.11201e-05
4.11201e-05
4.11201e-05
4.11201e-05
4.11201e-05
4.11201e-05
4.11201e-05
4.11201e-05
4.11201e-05
4.11201e-05
4.11201e-05
4.11201e-05
4.11201e-05
4.11201e-05
4.11201e-05
4.11201e-05
4.11201e-05
4.11201e-05
4.11201e-05
4.11201e-05
4.11201e-05
4.11201e-05
4.11201e-05
4.11201e-05
4.11201e-05
4.11201e-05
4.11201e-05
4.11201e-05
4.11201e-05
4.11201e-05
4.11201e-05
4.11201e-05
4.11201e-05
4.11201e-05
4.11201e-05
4.11201e-05
4.11201e-05
4.11201e-05
4.11201e-05
4.11201e-05
4.11201e-05
4.11201e-05
4.11201e-05
4.11201e-05
4.11201e-05
4.11201e-05
4.11201e-05
4.11201e-05
4.11201e-05
4.11201e-05
4.11201e-05
4.11201e-05
4.11201e-05
4.11201e-05
4.11201e-05
4.11201e-05
4.11201e-05
4.11201e-05
4.11201e-05
4.11201e-05
4.11201e-05
4.11201e-05
4.11201e-05
4.11201e-05
4.11201e-05
4.11201e-05
4.11201e-05
4.11201e-05
4.11201e-05
3.59801e-05
3.59801e-05
3.59801e-05
3.59801e-05
3.59801e-05
3.59801e-05
3.08401e-05
3.08401e-05
3.08401e-05
3.08401e-05
3.08401e-05
3.08401e-05
3.08401e-05
3.08401e-05
3.08401e-05
3.08401e-05
3.08401e-05
3.08401e-05
3.08401e-05
3.08401e-05
3.08401e-05
3.08401e-05
3.08401e-05
3.08401e-05
3.08401e-05
3.08401e-05
3.08401e-05
3.08401e-05
3.08401e-05
3.08401e-05
3.08401e-05
3.08401e-05
3.08401e-05
3.08401e-05
3.08401e-05
3.08401e-05
3.08401e-05
3.08401e-05
3.08401e-05
3.08401e-05
3.08401e-05
3.08401e-05
3.08401e-05
3.08401e-05
3.08401e-05
3.08401e-05
3.08401e-05
3.08401e-05
3.08401e-05
3.08401e-05
3.08401e-05
3.08401e-05
3.08401e-05
3.08401e-05
3.08401e-05
3.08401e-05
3.08401e-05
3.08401e-05
3.08401e-05
3.08401e-05
3.08401e-05
3.08401e-05
3.08401e-05
3.08401e-05
3.08401e-05
3.08401e-05
3.08401e-05
3.08401e-05
3.08401e-05
3.08401e-05
3.08401e-05
3.08401e-05
3.08401e-05
3.08401e-05
3.08401e-05
3.08401e-05
3.08401e-05
3.08401e-05
3.08401e-05
3.08401e-05
3.08401e-05
3.08401e-05
3.08401e-05
3.08401e-05
3.08401e-05
3.08401e-05
3.08401e-05
3.08401e-05
3.08401e-05
3.08401e-05
3.08401e-05
3.08401e-05
3.08401e-05
3.08401e-05
3.08401e-05
3.08401e-05
3.08401e-05
3.08401e-05
3.08401e-05
3.08401e-05
3.08401e-05
3.08401e-05
3.08401e-05
3.08401e-05
3.08401e-05
3.08401e-05
3.08401e-05
3.08401e-05
3.08401e-05
3.08401e-05
3.08401e-05
3.08401e-05
3.08401e-05
3.08401e-05
3.08401e-05
3.08401e-05
3.08401e-05
3.08401e-05
3.08401e-05
3.08401e-05
3.08401e-05
3.08401e-05
3.08401e-05
3.08401e-05
3.08401e-05
3.08401e-05
3.08401e-05
3.08401e-05
3.08401e-05
3.08401e-05
3.08401e-05
3.08401e-05
3.08401e-05
3.08401e-05
3.08401e-05
3.08401e-05
3.08401e-05
3.08401e-05
3.08401e-05
3.08401e-05
3.08401e-05
3.08401e-05
3.08401e-05
3.08401e-05
3.08401e-05
3.08401e-05
3.08401e-05
3.08401e-05
3.08401e-05
3.08401e-05
3.08401e-05
3.08401e-05
3.08401e-05
3.08401e-05
3.08401e-05
3.08401e-05
3.08401e-05
3.08401e-05
3.08401e-05
3.08401e-05
3.08401e-05
3.08401e-05
3.08401e-05
3.08401e-05
3.08401e-05
3.08401e-05
3.08401e-05
3.08401e-05
3.08401e-05
3.08401e-05
3.08401e-05
3.08401e-05
3.08401e-05
3.08401e-05
3.08401e-05
3.08401e-05
3.08401e-05
3.08401e-05
3.08401e-05
3.08401e-05
3.08401e-05
3.08401e-05
3.08401e-05
3.08401e-05
3.08401e-05
3.08401e-05
3.08401e-05
3.08401e-05
3.08401e-05
3.08401e-05
3.08401e-05
3.08401e-05
3.08401e-05
3.08401e-05
3.08401e-05
3.08401e-05
3.08401e-05
3.08401e-05
3.08401e-05
3.08401e-05
3.08401e-05
3.08401e-05
3.08401e-05
3.08401e-05
3.08401e-05
3.08401e-05
3.08401e-05
3.08401e-05
3.08401e-05
3.08401e-05
3.08401e-05
3.08401e-05
3.08401e-05
3.08401e-05
3.08401e-05
3.08401e-05
3.08401e-05
3.08401e-05
3.08401e-05
3.08401e-05
3.08401e-05
3.08401e-05
3.08401e-05
3.08401e-05
3.08401e-05
3.08401e-05
3.08401e-05
3.08401e-05
3.08401e-05
3.08401e-05
3.08401e-05
3.08401e-05
3.08401e-05
3.08401e-05
3.08401e-05
3.08401e-05
3.08401e-05
3.08401e-05
3.08401e-05
3.08401e-05
3.08401e-05
3.08401e-05
3.08401e-05
3.08401e-05
3.08401e-05
3.08401e-05
3.08401e-05
3.08401e-05
3.08401e-05
3.08401e-05
3.08401e-05
3.08401e-05
3.08401e-05
3.08401e-05
3.08401e-05
3.08401e-05
3.08401e-05
3.08401e-05
3.08401e-05
3.08401e-05
3.08401e-05
3.08401e-05
3.08401e-05
3.08401e-05
3.08401e-05
3.08401e-05
3.08401e-05
3.08401e-05
3.08401e-05
3.08401e-05
3.08401e-05
3.08401e-05
3.08401e-05
3.08401e-05
3.08401e-05
3.08401e-05
3.08401e-05
3.08401e-05
3.08401e-05
3.08401e-05
3.08401e-05
3.08401e-05
3.08401e-05
3.08401e-05
3.08401e-05
3.08401e-05
3.08401e-05
3.08401e-05
3.08401e-05
3.08401e-05
3.08401e-05
3.08401e-05
3.08401e-05
3.08401e-05
3.08401e-05
3.08401e-05
3.08401e-05
3.08401e-05
3.08401e-05
3.08401e-05
3.08401e-05
3.08401e-05
3.08401e-05
3.08401e-05
3.08401e-05
3.08401e-05
3.08401e-05
3.08401e-05
3.08401e-05
3.08401e-05
3.08401e-05
3.08401e-05
3.08401e-05
3.08401e-05
3.08401e-05
3.08401e-05
3.08401e-05
3.08401e-05
3.08401e-05
3.08401e-05
3.08401e-05
3.08401e-05
3.08401e-05
3.08401e-05
3.08401e-05
3.08401e-05
3.08401e-05
3.08401e-05
3.08401e-05
3.08401e-05
3.08401e-05
3.08401e-05
3.08401e-05
3.08401e-05
3.08401e-05
3.08401e-05
3.08401e-05
3.08401e-05
3.08401e-05
3.08401e-05
3.08401e-05
3.08401e-05
3.08401e-05
3.08401e-05
3.08401e-05
3.08401e-05
3.08401e-05
3.08401e-05
3.08401e-05
3.08401e-05
3.08401e-05
3.08401e-05
3.08401e-05
3.08401e-05
3.08401e-05
3.08401e-05
3.08401e-05
3.08401e-05
3.08401e-05
3.08401e-05
3.08401e-05
3.08401e-05
3.08401e-05
3.08401e-05
3.08401e-05
3.08401e-05
3.08401e-05
3.08401e-05
3.08401e-05
3.08401e-05
3.08401e-05
3.08401e-05
3.08401e-05
3.08401e-05
3.08401e-05
3.08401e-05
3.08401e-05
3.08401e-05
3.08401e-05
3.08401e-05
3.08401e-05
3.08401e-05
3.08401e-05
3.08401e-05
3.08401e-05
3.08401e-05
3.08401e-05
3.08401e-05
3.08401e-05
3.08401e-05
3.08401e-05
3.08401e-05
3.08401e-05
3.08401e-05
3.08401e-05
3.08401e-05
3.08401e-05
3.08401e-05
3.08401e-05
3.08401e-05
3.08401e-05
3.08401e-05
3.08401e-05
3.08401e-05
3.08401e-05
3.08401e-05
3.08401e-05
3.08401e-05
3.08401e-05
3.08401e-05
3.08401e-05
3.08401e-05
3.08401e-05
3.08401e-05
3.08401e-05
3.08401e-05
3.08401e-05
3.08401e-05
3.08401e-05
3.08401e-05
3.08401e-05
3.08401e-05
3.08401e-05
3.08401e-05
3.08401e-05
3.08401e-05
3.08401e-05
3.08401e-05
3.08401e-05
3.08401e-05
3.08401e-05
3.08401e-05
3.08401e-05
3.08401e-05
3.08401e-05
3.08401e-05
3.08401e-05
3.08401e-05
3.08401e-05
3.08401e-05
3.08401e-05
3.08401e-05
3.08401e-05
3.08401e-05
3.08401e-05
3.08401e-05
3.08401e-05
3.08401e-05
3.08401e-05
3.08401e-05
3.08401e-05
3.08401e-05
3.08401e-05
3.08401e-05
3.08401e-05
3.08401e-05
3.08401e-05
3.08401e-05
3.08401e-05
3.08401e-05
3.08401e-05
3.08401e-05
3.08401e-05
3.08401e-05
3.08401e-05
3.08401e-05
3.08401e-05
3.08401e-05
3.08401e-05
3.08401e-05
3.08401e-05
3.08401e-05
3.08401e-05
3.08401e-05
3.08401e-05
3.08401e-05
3.08401e-05
3.08401e-05
3.08401e-05
3.08401e-05
3.08401e-05
3.08401e-05
3.08401e-05
3.08401e-05
3.08401e-05
3.08401e-05
3.08401e-05
3.08401e-05
3.08401e-05
3.08401e-05
3.08401e-05
3.08401e-05
3.08401e-05
3.08401e-05
3.08401e-05
3.08401e-05
3.08401e-05
3.08401e-05
3.08401e-05
3.08401e-05
3.08401e-05
3.08401e-05
3.08401e-05
3.08401e-05
3.08401e-05
3.08401e-05
3.08401e-05
3.08401e-05
3.08401e-05
3.08401e-05
3.08401e-05
3.08401e-05
3.08401e-05
3.08401e-05
3.08401e-05
3.08401e-05
3.08401e-05
3.08401e-05
3.08401e-05
3.08401e-05
3.08401e-05
3.08401e-05
3.08401e-05
3.08401e-05
3.08401e-05
3.08401e-05
3.08401e-05
3.08401e-05
3.08401e-05
3.08401e-05
3.08401e-05
3.08401e-05
3.08401e-05
3.08401e-05
3.08401e-05
3.08401e-05
3.08401e-05
3.08401e-05
3.08401e-05
3.08401e-05
3.08401e-05
3.08401e-05
3.08401e-05
3.08401e-05
3.08401e-05
3.08401e-05
3.08401e-05
3.08401e-05
3.08401e-05
3.08401e-05
3.08401e-05
3.08401e-05
3.08401e-05
3.08401e-05
3.08401e-05
3.08401e-05
3.08401e-05
3.08401e-05
3.08401e-05
3.08401e-05
3.08401e-05
3.08401e-05
3.08401e-05
3.08401e-05
3.08401e-05
3.08401e-05
3.08401e-05
3.08401e-05
3.08401e-05
3.08401e-05
3.08401e-05
3.08401e-05
3.08401e-05
3.08401e-05
3.08401e-05
3.08401e-05
3.08401e-05
3.08401e-05
3.08401e-05
3.08401e-05
3.08401e-05
3.08401e-05
3.08401e-05
3.08401e-05
3.08401e-05
3.08401e-05
3.08401e-05
3.08401e-05
3.08401e-05
3.08401e-05
3.08401e-05
3.08401e-05
3.08401e-05
3.08401e-05
3.08401e-05
3.08401e-05
3.08401e-05
3.08401e-05
3.08401e-05
3.08401e-05
3.08401e-05
3.08401e-05
3.08401e-05
3.08401e-05
3.08401e-05
3.08401e-05
3.08401e-05
3.08401e-05
3.08401e-05
3.08401e-05
3.08401e-05
3.08401e-05
3.08401e-05
3.08401e-05
3.08401e-05
3.08401e-05
3.08401e-05
3.08401e-05
3.08401e-05
3.08401e-05
3.08401e-05
3.08401e-05
3.08401e-05
3.08401e-05
3.08401e-05
3.08401e-05
3.08401e-05
3.08401e-05
3.08401e-05
3.08401e-05
3.08401e-05
3.08401e-05
3.08401e-05
3.08401e-05
3.08401e-05
3.08401e-05
3.08401e-05
3.08401e-05
3.08401e-05
3.08401e-05
3.08401e-05
3.08401e-05
3.08401e-05
3.08401e-05
3.08401e-05
3.08401e-05
3.08401e-05
3.08401e-05
3.08401e-05
3.08401e-05
3.08401e-05
3.08401e-05
3.08401e-05
3.08401e-05
3.08401e-05
3.08401e-05
3.08401e-05
3.08401e-05
3.08401e-05
3.08401e-05
3.08401e-05
3.08401e-05
3.08401e-05
3.08401e-05
3.08401e-05
3.08401e-05
3.08401e-05
3.08401e-05
3.08401e-05
3.08401e-05
3.08401e-05
3.08401e-05
3.08401e-05
3.08401e-05
3.08401e-05
3.08401e-05
3.08401e-05
3.08401e-05
3.08401e-05
3.08401e-05
3.08401e-05
3.08401e-05
3.08401e-05
3.08401e-05
3.08401e-05
3.08401e-05
3.08401e-05
3.08401e-05
3.08401e-05
3.08401e-05
3.08401e-05
3.08401e-05
3.08401e-05
3.08401e-05
3.08401e-05
3.08401e-05
3.08401e-05
3.08401e-05
3.08401e-05
3.08401e-05
3.08401e-05
3.08401e-05
3.08401e-05
3.08401e-05
3.08401e-05
3.08401e-05
3.08401e-05
3.08401e-05
3.08401e-05
3.08401e-05
3.08401e-05
3.08401e-05
3.08401e-05
3.08401e-05
3.08401e-05
3.08401e-05
3.08401e-05
3.08401e-05
3.08401e-05
3.08401e-05
3.08401e-05
3.08401e-05
3.08401e-05
3.08401e-05
3.08401e-05
3.08401e-05
3.08401e-05
3.08401e-05
3.08401e-05
3.08401e-05
3.08401e-05
3.08401e-05
3.08401e-05
3.08401e-05
3.08401e-05
3.08401e-05
3.08401e-05
3.08401e-05
3.08401e-05
3.08401e-05
3.08401e-05
3.08401e-05
3.08401e-05
3.08401e-05
3.08401e-05
3.08401e-05
3.08401e-05
3.08401e-05
3.08401e-05
3.08401e-05
3.08401e-05
3.08401e-05
3.08401e-05
3.08401e-05
3.08401e-05
3.08401e-05
3.08401e-05
3.08401e-05
3.08401e-05
3.08401e-05
3.08401e-05
3.08401e-05
3.08401e-05
3.08401e-05
3.08401e-05
3.08401e-05
3.08401e-05
3.08401e-05
3.08401e-05
3.08401e-05
3.08401e-05
3.08401e-05
3.08401e-05
3.08401e-05
3.08401e-05
3.08401e-05
3.08401e-05
3.08401e-05
3.08401e-05
3.08401e-05
3.08401e-05
3.08401e-05
3.08401e-05
3.08401e-05
3.08401e-05
3.08401e-05
3.08401e-05
3.08401e-05
3.08401e-05
3.08401e-05
3.08401e-05
3.08401e-05
3.08401e-05
3.08401e-05
3.08401e-05
3.08401e-05
3.08401e-05
3.08401e-05
3.08401e-05
3.08401e-05
3.08401e-05
3.08401e-05
3.08401e-05
3.08401e-05
3.08401e-05
3.08401e-05
3.08401e-05
3.08401e-05
3.08401e-05
3.08401e-05
3.08401e-05
3.08401e-05
3.08401e-05
3.08401e-05
3.08401e-05
3.08401e-05
3.08401e-05
3.08401e-05
3.08401e-05
3.08401e-05
3.08401e-05
3.08401e-05
3.08401e-05
3.08401e-05
3.08401e-05
3.08401e-05
3.08401e-05
3.08401e-05
3.08401e-05
3.08401e-05
3.08401e-05
3.08401e-05
3.08401e-05
3.08401e-05
3.08401e-05
3.08401e-05
3.08401e-05
3.08401e-05
3.08401e-05
3.08401e-05
3.08401e-05
3.08401e-05
3.08401e-05
3.08401e-05
3.08401e-05
3.08401e-05
3.08401e-05
3.08401e-05
3.08401e-05
3.08401e-05
3.08401e-05
3.08401e-05
3.08401e-05
3.08401e-05
3.08401e-05
3.08401e-05
3.08401e-05
3.08401e-05
3.08401e-05
3.08401e-05
3.08401e-05
3.08401e-05
3.08401e-05
3.08401e-05
3.08401e-05
3.08401e-05
3.08401e-05
3.08401e-05
3.08401e-05
3.08401e-05
3.08401e-05
3.08401e-05
3.08401e-05
3.08401e-05
3.08401e-05
3.08401e-05
3.08401e-05
3.08401e-05
3.08401e-05
3.08401e-05
3.08401e-05
3.08401e-05
3.08401e-05
3.08401e-05
3.08401e-05
3.08401e-05
3.08401e-05
3.08401e-05
3.08401e-05
3.08401e-05
3.08401e-05
3.08401e-05
3.08401e-05
3.08401e-05
3.08401e-05
3.08401e-05
3.08401e-05
3.08401e-05
3.08401e-05
3.08401e-05
3.08401e-05
3.08401e-05
3.08401e-05
3.08401e-05
3.08401e-05
3.08401e-05
3.08401e-05
3.08401e-05
3.08401e-05
3.08401e-05
3.08401e-05
3.08401e-05
3.08401e-05
3.08401e-05
3.08401e-05
3.08401e-05
3.08401e-05
3.08401e-05
3.08401e-05
3.08401e-05
3.08401e-05
3.08401e-05
3.08401e-05
3.08401e-05
3.08401e-05
3.08401e-05
3.08401e-05
3.08401e-05
3.08401e-05
3.08401e-05
3.08401e-05
3.08401e-05
3.08401e-05
3.08401e-05
3.08401e-05
3.08401e-05
3.08401e-05
3.08401e-05
3.08401e-05
3.08401e-05
3.08401e-05
3.08401e-05
3.08401e-05
3.08401e-05
3.08401e-05
3.08401e-05
3.08401e-05
3.08401e-05
3.08401e-05
3.08401e-05
3.08401e-05
3.08401e-05
3.08401e-05
3.08401e-05
3.08401e-05
3.08401e-05
3.08401e-05
3.08401e-05
3.08401e-05
3.08401e-05
3.08401e-05
3.08401e-05
3.08401e-05
3.08401e-05
3.08401e-05
3.08401e-05
3.08401e-05
3.08401e-05
2.05601e-05
2.05601e-05
2.05601e-05
2.05601e-05
2.05601e-05
2.05601e-05
2.05601e-05
2.05601e-05
2.05601e-05
2.05601e-05
2.05601e-05
2.05601e-05
2.05601e-05
2.05601e-05
2.05601e-05
2.05601e-05
2.05601e-05
2.05601e-05
2.05601e-05
2.05601e-05
2.05601e-05
2.05601e-05
2.05601e-05
2.05601e-05
2.05601e-05
2.05601e-05
2.05601e-05
2.05601e-05
2.05601e-05
2.05601e-05
2.05601e-05
2.05601e-05
2.05601e-05
2.05601e-05
2.05601e-05
2.05601e-05
2.05601e-05
2.05601e-05
2.05601e-05
2.05601e-05
2.05601e-05
2.05601e-05
2.05601e-05
2.05601e-05
2.05601e-05
2.05601e-05
2.05601e-05
2.05601e-05
2.05601e-05
2.05601e-05
2.05601e-05
2.05601e-05
2.05601e-05
2.05601e-05
2.05601e-05
2.05601e-05
2.05601e-05
2.05601e-05
2.05601e-05
2.05601e-05
2.05601e-05
2.05601e-05
2.05601e-05
2.05601e-05
2.05601e-05
2.05601e-05
2.05601e-05
2.05601e-05
2.05601e-05
2.05601e-05
2.05601e-05
2.05601e-05
2.05601e-05
2.05601e-05
2.05601e-05
2.05601e-05
2.05601e-05
2.05601e-05
2.05601e-05
2.05601e-05
2.05601e-05
2.05601e-05
2.05601e-05
2.05601e-05
2.05601e-05
2.05601e-05
2.05601e-05
2.05601e-05
2.05601e-05
2.05601e-05
2.05601e-05
2.05601e-05
2.05601e-05
2.05601e-05
2.05601e-05
2.05601e-05
2.05601e-05
2.05601e-05
2.05601e-05
2.05601e-05
2.05601e-05
2.05601e-05
2.05601e-05
2.05601e-05
2.05601e-05
2.05601e-05
2.05601e-05
2.05601e-05
2.05601e-05
2.05601e-05
2.05601e-05
2.05601e-05
2.05601e-05
2.05601e-05
2.05601e-05
2.05601e-05
2.05601e-05
2.05601e-05
2.05601e-05
2.05601e-05
2.05601e-05
2.05601e-05
2.05601e-05
2.05601e-05
2.05601e-05
2.05601e-05
2.05601e-05
2.05601e-05
2.05601e-05
2.05601e-05
2.05601e-05
2.05601e-05
2.05601e-05
2.05601e-05
2.05601e-05
2.05601e-05
2.05601e-05
2.05601e-05
2.05601e-05
2.05601e-05
2.05601e-05
2.05601e-05
2.05601e-05
2.05601e-05
2.05601e-05
2.05601e-05
2.05601e-05
2.05601e-05
2.05601e-05
2.05601e-05
2.05601e-05
2.05601e-05
2.05601e-05
2.05601e-05
2.05601e-05
2.05601e-05
2.05601e-05
2.05601e-05
2.05601e-05
2.05601e-05
2.05601e-05
2.05601e-05
2.05601e-05
2.05601e-05
2.05601e-05
2.05601e-05
2.05601e-05
2.05601e-05
2.05601e-05
2.05601e-05
2.05601e-05
2.05601e-05
2.05601e-05
2.05601e-05
2.05601e-05
2.05601e-05
2.05601e-05
2.05601e-05
2.05601e-05
2.05601e-05
2.05601e-05
2.05601e-05
2.05601e-05
2.05601e-05
2.05601e-05
2.05601e-05
2.05601e-05
2.05601e-05
2.05601e-05
2.05601e-05
2.05601e-05
2.05601e-05
2.05601e-05
2.05601e-05
2.05601e-05
2.05601e-05
2.05601e-05
2.05601e-05
2.05601e-05
2.05601e-05
2.05601e-05
2.05601e-05
2.05601e-05
2.05601e-05
2.05601e-05
1.028e-05
1.028e-05
1.028e-05
1.028e-05
1.028e-05
1.028e-05
1.028e-05
1.028e-05
1.028e-05
1.028e-05
1.028e-05
1.028e-05
1.028e-05
1.028e-05
1.028e-05
1.028e-05
1.028e-05
1.028e-05
1.028e-05
1.028e-05
1.028e-05
1.028e-05
1.028e-05
1.028e-05
1.028e-05
1.028e-05
1.028e-05
1.028e-05
1.028e-05
1.028e-05
1.028e-05
1.028e-05
1.028e-05
1.028e-05
1.028e-05
1.028e-05
1.028e-05
1.028e-05
1.028e-05
1.028e-05
1.028e-05
1.028e-05
1.028e-05
1.028e-05
1.028e-05
1.028e-05
1.028e-05
1.028e-05
1.028e-05
1.028e-05
1.028e-05
1.028e-05
1.028e-05
1.028e-05
1.028e-05
1.028e-05
1.028e-05
1.028e-05
1.028e-05
1.028e-05
1.028e-05
1.028e-05
1.028e-05
1.028e-05
1.028e-05
1.028e-05
1.028e-05
1.028e-05
1.028e-05
1.028e-05
1.028e-05
1.028e-05
1.028e-05
1.028e-05
1.028e-05
1.028e-05
1.028e-05
1.028e-05
1.028e-05
1.028e-05
1.028e-05
1.028e-05
1.028e-05
1.028e-05
1.028e-05
1.028e-05
1.028e-05
1.028e-05
1.028e-05
1.028e-05
1.028e-05
1.028e-05
1.028e-05
1.028e-05
1.028e-05
1.028e-05
1.028e-05
1.028e-05
1.028e-05
1.028e-05
1.028e-05
1.028e-05
1.028e-05
1.028e-05
1.028e-05
1.028e-05
1.028e-05
1.028e-05
1.028e-05
1.028e-05
1.028e-05
1.028e-05
1.028e-05
1.028e-05
1.028e-05
1.028e-05
1.028e-05
1.028e-05
1.028e-05
1.028e-05
1.028e-05
1.028e-05
1.028e-05
1.028e-05
1.028e-05
1.028e-05
1.028e-05
1.028e-05
1.028e-05
1.028e-05
1.028e-05
1.028e-05
1.028e-05
1.028e-05
1.028e-05
1.028e-05
1.028e-05
1.028e-05
1.028e-05
1.028e-05
1.028e-05
1.028e-05
1.028e-05
1.028e-05
1.028e-05
1.028e-05
1.028e-05
1.028e-05
1.028e-05
1.028e-05
1.028e-05
1.028e-05
1.028e-05
1.028e-05
1.028e-05
1.028e-05
1.028e-05
1.028e-05
1.028e-05
1.028e-05
1.028e-05
1.028e-05
1.028e-05
1.028e-05
1.028e-05
1.028e-05
1.028e-05
1.028e-05
1.028e-05
1.028e-05
1.028e-05
1.028e-05
1.028e-05
1.028e-05
1.028e-05
1.028e-05
1.028e-05
1.028e-05
1.028e-05
1.028e-05
1.028e-05
1.028e-05
1.028e-05
1.028e-05
1.028e-05
1.028e-05
1.028e-05
1.028e-05
1.028e-05
1.028e-05
1.028e-05
1.028e-05
1.028e-05
1.028e-05
1.028e-05
1.028e-05
1.028e-05
1.028e-05
1.028e-05
1.028e-05
1.028e-05
1.028e-05
1.028e-05
1.028e-05
1.028e-05
1.028e-05
1.028e-05
1.028e-05
1.028e-05
1.028e-05
1.028e-05
1.028e-05
1.028e-05
1.028e-05
1.028e-05
1.028e-05
1.028e-05
1.028e-05
1.028e-05
1.028e-05
1.028e-05
1.028e-05
1.028e-05
1.028e-05
1.028e-05
1.028e-05
1.028e-05
1.028e-05
1.028e-05
1.028e-05
1.028e-05
1.028e-05
1.028e-05
1.028e-05
1.028e-05
1.028e-05
1.028e-05
1.028e-05
1.028e-05
1.028e-05
1.028e-05
1.028e-05
1.028e-05
1.028e-05
1.028e-05
1.028e-05
1.028e-05
1.028e-05
1.028e-05
1.028e-05
1.028e-05
1.028e-05
1.028e-05
1.028e-05
1.028e-05
1.028e-05
1.028e-05
1.028e-05
1.028e-05
1.028e-05
1.028e-05
1.028e-05
1.028e-05
1.028e-05
1.028e-05
1.028e-05
1.028e-05
1.028e-05
1.028e-05
1.028e-05
1.028e-05
1.028e-05
1.028e-05
1.028e-05
1.028e-05
1.028e-05
1.028e-05
1.028e-05
1.028e-05
1.028e-05
1.028e-05
1.028e-05
1.028e-05
1.028e-05
1.028e-05
1.028e-05
1.028e-05
1.028e-05
1.028e-05
1.028e-05
1.028e-05
1.028e-05
1.028e-05
1.028e-05
1.028e-05
1.028e-05
1.028e-05
1.028e-05
1.028e-05
1.028e-05
1.028e-05
1.028e-05
1.028e-05
1.028e-05
1.028e-05
1.028e-05
1.028e-05
1.028e-05
1.028e-05
1.028e-05
1.028e-05
1.028e-05
1.028e-05
1.028e-05
1.028e-05
1.028e-05
1.028e-05
1.028e-05
1.028e-05
1.028e-05
1.028e-05
1.028e-05
1.028e-05
1.028e-05
1.028e-05
1.028e-05
1.028e-05
1.028e-05
1.028e-05
1.028e-05
1.028e-05
1.028e-05
1.028e-05
1.028e-05
1.028e-05
1.028e-05
1.028e-05
1.028e-05
1.028e-05
1.028e-05
1.028e-05
1.028e-05
1.028e-05
1.028e-05
1.028e-05
1.028e-05
1.028e-05
1.028e-05
1.028e-05
1.028e-05
1.028e-05
1.028e-05
1.028e-05
1.028e-05
1.028e-05
1.028e-05
1.028e-05
1.028e-05
1.028e-05
1.028e-05
1.028e-05
1.028e-05
1.028e-05
1.028e-05
1.028e-05
1.028e-05
1.028e-05
1.028e-05
1.028e-05
1.028e-05
1.028e-05
1.028e-05
1.028e-05
1.028e-05
1.028e-05
1.028e-05
1.028e-05
1.028e-05
1.028e-05
1.028e-05
1.028e-05
1.028e-05
1.028e-05
1.028e-05
1.028e-05
1.028e-05
1.028e-05
1.028e-05
1.028e-05
1.028e-05
1.028e-05
1.028e-05
1.028e-05
1.028e-05
1.028e-05
1.028e-05
1.028e-05
1.028e-05
1.028e-05
1.028e-05
1.028e-05
1.028e-05
1.028e-05
1.028e-05
1.028e-05
1.028e-05
1.028e-05
1.028e-05
1.028e-05
1.028e-05
1.028e-05
1.028e-05
1.028e-05
1.028e-05
1.028e-05
1.028e-05
1.028e-05
1.028e-05
1.028e-05
1.028e-05
1.028e-05
1.028e-05
1.028e-05
1.028e-05
1.028e-05
1.028e-05
1.028e-05
1.028e-05
1.028e-05
1.028e-05
1.028e-05
1.028e-05
1.028e-05
1.028e-05
1.028e-05
1.028e-05
1.028e-05
1.028e-05
1.028e-05
1.028e-05
1.028e-05
1.028e-05
1.028e-05
1.028e-05
1.028e-05
1.028e-05
1.028e-05
1.028e-05
1.028e-05
1.028e-05
1.028e-05
1.028e-05
1.028e-05
1.028e-05
1.028e-05
1.028e-05
1.028e-05
1.028e-05
1.028e-05
1.028e-05
1.028e-05
1.028e-05
1.028e-05
1.028e-05
1.028e-05
1.028e-05
1.028e-05
1.028e-05
1.028e-05
1.028e-05
1.028e-05
1.028e-05
1.028e-05
1.028e-05
1.028e-05
1.028e-05
1.028e-05
1.028e-05
1.028e-05
1.028e-05
1.028e-05
1.028e-05
1.028e-05
1.028e-05
1.028e-05
1.028e-05
1.028e-05
1.028e-05
1.028e-05
1.028e-05
1.028e-05
1.028e-05
1.028e-05
1.028e-05
1.028e-05
1.028e-05
1.028e-05
1.028e-05
1.028e-05
1.028e-05
1.028e-05
1.028e-05
1.028e-05
1.028e-05
1.028e-05
1.028e-05
1.028e-05
1.028e-05
1.028e-05
1.028e-05
1.028e-05
1.028e-05
1.028e-05
1.028e-05
1.028e-05
1.028e-05
1.028e-05
1.028e-05
1.028e-05
1.028e-05
1.028e-05
1.028e-05
1.028e-05
1.028e-05
1.028e-05
1.028e-05
1.028e-05
1.028e-05
1.028e-05
1.028e-05
1.028e-05
1.028e-05
1.028e-05
1.028e-05
1.028e-05
1.028e-05
1.028e-05
1.028e-05
1.028e-05
1.028e-05
1.028e-05
1.028e-05
1.028e-05
1.028e-05
1.028e-05
1.028e-05
1.028e-05
1.028e-05
1.028e-05
1.028e-05
1.028e-05
1.028e-05
1.028e-05
1.028e-05
1.028e-05
1.028e-05
1.028e-05
1.028e-05
1.028e-05
1.028e-05
1.028e-05
1.028e-05
1.028e-05
1.028e-05
1.028e-05
1.028e-05
1.028e-05
1.028e-05
1.028e-05
1.028e-05
1.028e-05
1.028e-05
1.028e-05
1.028e-05
1.028e-05
1.028e-05
1.028e-05
1.028e-05
1.028e-05
1.028e-05
1.028e-05
1.028e-05
1.028e-05
1.028e-05
1.028e-05
1.028e-05
1.028e-05
1.028e-05
1.028e-05
1.028e-05
1.028e-05
1.028e-05
1.028e-05
1.028e-05
1.028e-05
1.028e-05
1.028e-05
1.028e-05
1.028e-05
1.028e-05
1.028e-05
1.028e-05
1.028e-05
1.028e-05
1.028e-05
1.028e-05
1.028e-05
1.028e-05
1.028e-05
1.028e-05
1.028e-05
1.028e-05
1.028e-05
1.028e-05
1.028e-05
1.028e-05
1.028e-05
1.028e-05
1.028e-05
1.028e-05
1.028e-05
1.028e-05
1.028e-05
1.028e-05
1.028e-05
1.028e-05
1.028e-05
1.028e-05
1.028e-05
1.028e-05
1.028e-05
1.028e-05
1.028e-05
1.028e-05
1.028e-05
1.028e-05
1.028e-05
1.028e-05
1.028e-05
1.028e-05
1.028e-05
1.028e-05
1.028e-05
1.028e-05
1.028e-05
1.028e-05
1.028e-05
1.028e-05
1.028e-05
1.028e-05
1.028e-05
1.028e-05
1.028e-05
1.028e-05
1.028e-05
1.028e-05
1.028e-05
1.028e-05
1.028e-05
1.028e-05
1.028e-05
1.028e-05
1.028e-05
1.028e-05
1.028e-05
1.028e-05
1.028e-05
1.028e-05
1.028e-05
1.028e-05
1.028e-05
1.028e-05
1.028e-05
1.028e-05
1.028e-05
1.028e-05
1.028e-05
1.028e-05
1.028e-05
1.028e-05
1.028e-05
1.028e-05
1.028e-05
1.028e-05
1.028e-05
1.028e-05
1.028e-05
1.028e-05
1.028e-05
1.028e-05
1.028e-05
1.028e-05
1.028e-05
1.028e-05
1.028e-05
1.028e-05
1.028e-05
1.028e-05
1.028e-05
1.028e-05
1.028e-05
1.028e-05
1.028e-05
1.028e-05
1.028e-05
1.028e-05
1.028e-05
1.028e-05
1.028e-05
1.028e-05
1.028e-05
1.028e-05
1.028e-05
1.028e-05
1.028e-05
1.028e-05
1.028e-05
1.028e-05
1.028e-05
1.028e-05
1.028e-05
1.028e-05
1.028e-05
1.028e-05
1.028e-05
1.028e-05
1.028e-05
1.028e-05
1.028e-05
1.028e-05
1.028e-05
1.028e-05
1.028e-05
1.028e-05
1.028e-05
1.028e-05
1.028e-05
1.028e-05
1.028e-05
1.028e-05
1.028e-05
1.028e-05
1.028e-05
1.028e-05
1.028e-05
1.028e-05
1.028e-05
1.028e-05
1.028e-05
1.028e-05
1.028e-05
1.028e-05
1.028e-05
1.028e-05
1.028e-05
1.028e-05
1.028e-05
1.028e-05
1.028e-05
1.028e-05
1.028e-05
1.028e-05
1.028e-05
1.028e-05
1.028e-05
1.028e-05
1.028e-05
1.028e-05
1.028e-05
1.028e-05
1.028e-05
1.028e-05
1.028e-05
1.028e-05
1.028e-05
1.028e-05
1.028e-05
1.028e-05
1.028e-05
1.028e-05
1.028e-05
1.028e-05
1.028e-05
1.028e-05
1.028e-05
1.028e-05
1.028e-05
1.028e-05
1.028e-05
1.028e-05
1.028e-05
1.028e-05
1.028e-05
1.028e-05
1.028e-05
1.028e-05
1.028e-05
1.028e-05
1.028e-05
1.028e-05
1.028e-05
1.028e-05
1.028e-05
1.028e-05
1.028e-05
1.028e-05
1.028e-05
1.028e-05
1.028e-05
1.028e-05
1.028e-05
1.028e-05
1.028e-05
1.028e-05
1.028e-05
1.028e-05
1.028e-05
1.028e-05
1.028e-05
1.028e-05
1.028e-05
1.028e-05
1.028e-05
1.028e-05
1.028e-05
1.028e-05
1.028e-05
1.028e-05
1.028e-05
1.028e-05
1.028e-05
1.028e-05
1.028e-05
1.028e-05
1.028e-05
1.028e-05
1.028e-05
1.028e-05
1.028e-05
1.028e-05
1.028e-05
1.028e-05
1.028e-05
1.028e-05
1.028e-05
1.028e-05
1.028e-05
1.028e-05
1.028e-05
1.028e-05
1.028e-05
1.028e-05
1.028e-05
1.028e-05
1.028e-05
1.028e-05
1.028e-05
1.028e-05
1.028e-05
1.028e-05
1.028e-05
1.028e-05
1.028e-05
1.028e-05
1.028e-05
1.028e-05
1.028e-05
1.028e-05
1.028e-05
1.028e-05
1.028e-05
1.028e-05
1.028e-05
1.028e-05
1.028e-05
1.028e-05
1.028e-05
1.028e-05
1.028e-05
1.028e-05
1.028e-05
1.028e-05
1.028e-05
1.028e-05
1.028e-05
1.028e-05
1.028e-05
1.028e-05
1.028e-05
1.028e-05
1.028e-05
1.028e-05
1.028e-05
1.028e-05
1.028e-05
1.028e-05
1.028e-05
1.028e-05
1.028e-05
1.028e-05
1.028e-05
1.028e-05
1.028e-05
1.028e-05
1.028e-05
1.028e-05
1.028e-05
1.028e-05
1.028e-05
1.028e-05
1.028e-05
1.028e-05
1.028e-05
1.028e-05
1.028e-05
1.028e-05
1.028e-05
1.028e-05
1.028e-05
1.028e-05
1.028e-05
1.028e-05
1.028e-05
1.028e-05
1.028e-05
1.028e-05
1.028e-05
1.028e-05
1.028e-05
1.028e-05
1.028e-05
1.028e-05
1.028e-05
1.028e-05
1.028e-05
1.028e-05
1.028e-05
1.028e-05
1.028e-05
1.028e-05
1.028e-05
1.028e-05
1.028e-05
1.028e-05
1.028e-05
1.028e-05
1.028e-05
1.028e-05
1.028e-05
1.028e-05
1.028e-05
1.028e-05
1.028e-05
1.028e-05
1.028e-05
1.028e-05
1.028e-05
1.028e-05
1.028e-05
1.028e-05
1.028e-05
1.028e-05
1.028e-05
1.028e-05
1.028e-05
1.028e-05
1.028e-05
1.028e-05
1.028e-05
1.028e-05
1.028e-05
1.028e-05
1.028e-05
1.028e-05
1.028e-05
1.028e-05
1.028e-05
1.028e-05
1.028e-05
1.028e-05
1.028e-05
1.028e-05
1.028e-05
1.028e-05
1.028e-05
1.028e-05
1.028e-05
1.028e-05
1.028e-05
1.028e-05
1.028e-05
1.028e-05
1.028e-05
1.028e-05
1.028e-05
1.028e-05
1.028e-05
1.028e-05
1.028e-05
1.028e-05
1.028e-05
1.028e-05
1.028e-05
1.028e-05
1.028e-05
1.028e-05
1.028e-05
1.028e-05
1.028e-05
1.028e-05
1.028e-05
1.028e-05
1.028e-05
1.028e-05
1.028e-05
1.028e-05
1.028e-05
1.028e-05
1.028e-05
1.028e-05
1.028e-05
1.028e-05
1.028e-05
1.028e-05
1.028e-05
1.028e-05
1.028e-05
1.028e-05
1.028e-05
1.028e-05
1.028e-05
1.028e-05
1.028e-05
1.028e-05
1.028e-05
1.028e-05
1.028e-05
1.028e-05
1.028e-05
1.028e-05
1.028e-05
1.028e-05
1.028e-05
1.028e-05
1.028e-05
1.028e-05
1.028e-05
1.028e-05
1.028e-05
1.028e-05
1.028e-05
1.028e-05
1.028e-05
1.028e-05
1.028e-05
1.028e-05
1.028e-05
1.028e-05
1.028e-05
1.028e-05
1.028e-05
1.028e-05
1.028e-05
1.028e-05
1.028e-05
1.028e-05
1.028e-05
1.028e-05
1.028e-05
1.028e-05
1.028e-05
1.028e-05
1.028e-05
1.028e-05
1.028e-05
1.028e-05
1.028e-05
1.028e-05
1.028e-05
1.028e-05
1.028e-05
1.028e-05
1.028e-05
1.028e-05
1.028e-05
1.028e-05
1.028e-05
1.028e-05
1.028e-05
1.028e-05
1.028e-05
1.028e-05
1.028e-05
1.028e-05
1.028e-05
1.028e-05
1.028e-05
1.028e-05
1.028e-05
1.028e-05
1.028e-05
1.028e-05
1.028e-05
1.028e-05
1.028e-05
1.028e-05
1.028e-05
1.028e-05
1.028e-05
1.028e-05
1.028e-05
1.028e-05
1.028e-05
1.028e-05
1.028e-05
1.028e-05
1.028e-05
1.028e-05
1.028e-05
1.028e-05
1.028e-05
1.028e-05
1.028e-05
1.028e-05
1.028e-05
1.028e-05
1.028e-05
1.028e-05
1.028e-05
1.028e-05
1.028e-05
1.028e-05
1.028e-05
1.028e-05
1.028e-05
1.028e-05
1.028e-05
1.028e-05
1.028e-05
1.028e-05
1.028e-05
1.028e-05
1.028e-05
1.028e-05
1.028e-05
1.028e-05
1.028e-05
1.028e-05
1.028e-05
1.028e-05
1.028e-05
1.028e-05
1.028e-05
1.028e-05
1.028e-05
1.028e-05
1.028e-05
1.028e-05
1.028e-05
1.028e-05
1.028e-05
1.028e-05
1.028e-05
1.028e-05
1.028e-05
1.028e-05
1.028e-05
1.028e-05
1.028e-05
1.028e-05
1.028e-05
1.028e-05
1.028e-05
1.028e-05
1.028e-05
1.028e-05
1.028e-05
1.028e-05
1.028e-05
1.028e-05
1.028e-05
1.028e-05
1.028e-05
1.028e-05
1.028e-05
1.028e-05
1.028e-05
1.028e-05
1.028e-05
1.028e-05
1.028e-05
1.028e-05
1.028e-05
1.028e-05
1.028e-05
1.028e-05
1.028e-05
1.028e-05
1.028e-05
1.028e-05
1.028e-05
1.028e-05
1.028e-05
1.028e-05
1.028e-05
1.028e-05
1.028e-05
1.028e-05
1.028e-05
1.028e-05
1.028e-05
1.028e-05
1.028e-05
1.028e-05
1.028e-05
1.028e-05
1.028e-05
1.028e-05
1.028e-05
1.028e-05
1.028e-05
1.028e-05
1.028e-05
1.028e-05
1.028e-05
1.028e-05
1.028e-05
1.028e-05
1.028e-05
1.028e-05
1.028e-05
1.028e-05
1.028e-05
1.028e-05
1.028e-05
1.028e-05
1.028e-05
1.028e-05
1.028e-05
1.028e-05
1.028e-05
1.028e-05
1.028e-05
1.028e-05
1.028e-05
1.028e-05
1.028e-05
1.028e-05
1.028e-05
1.028e-05
1.028e-05
1.028e-05
1.028e-05
1.028e-05
1.028e-05
1.028e-05
1.028e-05
1.028e-05
1.028e-05
1.028e-05
1.028e-05
1.028e-05
1.028e-05
1.028e-05
1.028e-05
1.028e-05
1.028e-05
1.028e-05
1.028e-05
1.028e-05
1.028e-05
1.028e-05
1.028e-05
1.028e-05
1.028e-05
1.028e-05
1.028e-05
1.028e-05
1.028e-05
1.028e-05
1.028e-05
1.028e-05
1.028e-05
1.028e-05
1.028e-05
1.028e-05
1.028e-05
1.028e-05
1.028e-05
1.028e-05
1.028e-05
1.028e-05
1.028e-05
1.028e-05
1.028e-05
1.028e-05
1.028e-05
1.028e-05
1.028e-05
1.028e-05
1.028e-05
1.028e-05
1.028e-05
1.028e-05
1.028e-05
1.028e-05
1.028e-05
1.028e-05
1.028e-05
1.028e-05
1.028e-05
1.028e-05
1.028e-05
1.028e-05
1.028e-05
1.028e-05
1.028e-05
1.028e-05
1.028e-05
1.028e-05
1.028e-05
1.028e-05
1.028e-05
1.028e-05
1.028e-05
1.028e-05
1.028e-05
1.028e-05
1.028e-05
1.028e-05
1.028e-05
1.028e-05
1.028e-05
1.028e-05
1.028e-05
1.028e-05
1.028e-05
1.028e-05
1.028e-05
1.028e-05
1.028e-05
1.028e-05
1.028e-05
1.028e-05
1.028e-05
1.028e-05
1.028e-05
1.028e-05
1.028e-05
1.028e-05
1.028e-05
1.028e-05
1.028e-05
1.028e-05
1.028e-05
1.028e-05
1.028e-05
1.028e-05
1.028e-05
1.028e-05
1.028e-05
1.028e-05
1.028e-05
1.028e-05
1.028e-05
1.028e-05
1.028e-05
1.028e-05
1.028e-05
1.028e-05
1.028e-05
1.028e-05
1.028e-05
1.028e-05
1.028e-05
1.028e-05
1.028e-05
1.028e-05
1.028e-05
1.028e-05
1.028e-05
1.028e-05
1.028e-05
1.028e-05
1.028e-05
1.028e-05
1.028e-05
1.028e-05
1.028e-05
1.028e-05
1.028e-05
1.028e-05
1.028e-05
1.028e-05
1.028e-05
1.028e-05
1.028e-05
1.028e-05
1.028e-05
1.028e-05
1.028e-05
1.028e-05
1.028e-05
1.028e-05
1.028e-05
1.028e-05
1.028e-05
1.028e-05
1.028e-05
1.028e-05
1.028e-05
1.028e-05
1.028e-05
1.028e-05
1.028e-05
1.028e-05
1.028e-05
1.028e-05
1.028e-05
1.028e-05
1.028e-05
1.028e-05
1.028e-05
1.028e-05
1.028e-05
1.028e-05
1.028e-05
1.028e-05
1.028e-05
1.028e-05
1.028e-05
1.028e-05
1.028e-05
1.028e-05
1.028e-05
1.028e-05
1.028e-05
1.028e-05
1.028e-05
1.028e-05
1.028e-05
1.028e-05
1.028e-05
1.028e-05
1.028e-05
1.028e-05
1.028e-05
1.028e-05
1.028e-05
1.028e-05
1.028e-05
1.028e-05
1.028e-05
1.028e-05
1.028e-05
1.028e-05
1.028e-05
1.028e-05
1.028e-05
1.028e-05
1.028e-05
1.028e-05
1.028e-05
1.028e-05
1.028e-05
1.028e-05
1.028e-05
1.028e-05
1.028e-05
1.028e-05
1.028e-05
1.028e-05
1.028e-05
1.028e-05
1.028e-05
1.028e-05
1.028e-05
1.028e-05
1.028e-05
1.028e-05
1.028e-05
1.028e-05
1.028e-05
1.028e-05
1.028e-05
1.028e-05
1.028e-05
1.028e-05
1.028e-05
1.028e-05
1.028e-05
1.028e-05
1.028e-05
1.028e-05
1.028e-05
1.028e-05
1.028e-05
1.028e-05
1.028e-05
1.028e-05
1.028e-05
1.028e-05
1.028e-05
1.028e-05
1.028e-05
1.028e-05
1.028e-05
1.028e-05
1.028e-05
1.028e-05
1.028e-05
1.028e-05
1.028e-05
1.028e-05
1.028e-05
1.028e-05
1.028e-05
1.028e-05
1.028e-05
1.028e-05
1.028e-05
1.028e-05
1.028e-05
1.028e-05
1.028e-05
1.028e-05
1.028e-05
1.028e-05
1.028e-05
1.028e-05
1.028e-05
1.028e-05
1.028e-05
1.028e-05
1.028e-05
1.028e-05
1.028e-05
1.028e-05
1.028e-05
1.028e-05
1.028e-05
1.028e-05
1.028e-05
1.028e-05
1.028e-05
1.028e-05
1.028e-05
1.028e-05
1.028e-05
1.028e-05
1.028e-05
1.028e-05
1.028e-05
1.028e-05
1.028e-05
1.028e-05
1.028e-05
1.028e-05
1.028e-05
1.028e-05
1.028e-05
1.028e-05
1.028e-05
1.028e-05
1.028e-05
1.028e-05
1.028e-05
1.028e-05
1.028e-05
1.028e-05
1.028e-05
1.028e-05
1.028e-05
1.028e-05
1.028e-05
1.028e-05
1.028e-05
1.028e-05
1.028e-05
1.028e-05
1.028e-05
1.028e-05
1.028e-05
1.028e-05
1.028e-05
1.028e-05
1.028e-05
1.028e-05
1.028e-05
1.028e-05
1.028e-05
1.028e-05
1.028e-05
1.028e-05
1.028e-05
1.028e-05
1.028e-05
1.028e-05
1.028e-05
1.028e-05
1.028e-05
1.028e-05
1.028e-05
1.028e-05
1.028e-05
1.028e-05
1.028e-05
1.028e-05
1.028e-05
1.028e-05
1.028e-05
1.028e-05
1.028e-05
1.028e-05
1.028e-05
1.028e-05
1.028e-05
1.028e-05
1.028e-05
1.028e-05
1.028e-05
1.028e-05
1.028e-05
1.028e-05
1.028e-05
1.028e-05
1.028e-05
1.028e-05
1.028e-05
1.028e-05
1.028e-05
1.028e-05
1.028e-05
1.028e-05
1.028e-05
1.028e-05
1.028e-05
1.028e-05
1.028e-05
1.028e-05
1.028e-05
1.028e-05
1.028e-05
1.028e-05
1.028e-05
1.028e-05
1.028e-05
1.028e-05
1.028e-05
1.028e-05
1.028e-05
1.028e-05
1.028e-05
1.028e-05
1.028e-05
1.028e-05
1.028e-05
1.028e-05
1.028e-05
1.028e-05
1.028e-05
1.028e-05
1.028e-05
1.028e-05
1.028e-05
1.028e-05
1.028e-05
1.028e-05
1.028e-05
1.028e-05
1.028e-05
1.028e-05
1.028e-05
1.028e-05
1.028e-05
1.028e-05
1.028e-05
1.028e-05
1.028e-05
1.028e-05
1.028e-05
1.028e-05
1.028e-05
1.028e-05
1.028e-05
1.028e-05
1.028e-05
1.028e-05
1.028e-05
1.028e-05
1.028e-05
1.028e-05
1.028e-05
1.028e-05
1.028e-05
1.028e-05
1.028e-05
1.028e-05
1.028e-05
1.028e-05
1.028e-05
1.028e-05
1.028e-05
1.028e-05
1.028e-05
1.028e-05
1.028e-05
1.028e-05
1.028e-05
1.028e-05
1.028e-05
1.028e-05
1.028e-05
1.028e-05
1.028e-05
1.028e-05
1.028e-05
1.028e-05
1.028e-05
1.028e-05
1.028e-05
1.028e-05
1.028e-05
1.028e-05
1.028e-05
1.028e-05
1.028e-05
1.028e-05
1.028e-05
1.028e-05
1.028e-05
1.028e-05
1.028e-05
1.028e-05
1.028e-05
1.028e-05
1.028e-05
1.028e-05
1.028e-05
1.028e-05
1.028e-05
1.028e-05
1.028e-05
1.028e-05
1.028e-05
1.028e-05
1.028e-05
1.028e-05
1.028e-05
1.028e-05
1.028e-05
1.028e-05
1.028e-05
1.028e-05
1.028e-05
1.028e-05
1.028e-05
1.028e-05
1.028e-05
1.028e-05
1.028e-05
1.028e-05
1.028e-05
1.028e-05
1.028e-05
1.028e-05
1.028e-05
1.028e-05
1.028e-05
1.028e-05
1.028e-05
1.028e-05
1.028e-05
1.028e-05
1.028e-05
1.028e-05
1.028e-05
1.028e-05
1.028e-05
1.028e-05
1.028e-05
1.028e-05
1.028e-05
0
0
