coauthor;frequency
7;1
8;2
9;4
10;12
11;7
12;10
13;8
14;8
15;17
16;15
17;13
18;15
19;10
20;10
21;7
22;15
23;8
24;21
25;14
26;8
27;10
28;13
29;7
30;9
31;6
32;11
33;14
34;12
35;6
36;14
37;6
38;5
39;12
40;12
41;5
42;3
43;4
44;6
45;8
46;6
47;5
48;6
49;8
50;6
51;1
52;8
53;2
54;3
55;4
56;5
57;5
58;2
59;4
60;2
61;2
62;6
63;5
65;1
66;3
67;3
68;2
70;2
71;3
72;4
73;1
75;4
76;1
77;3
78;4
79;4
80;1
82;1
83;1
84;1
86;4
87;2
88;1
89;3
90;2
94;1
95;1
97;1
98;1
99;2
100;1
101;2
102;1
103;2
104;2
105;1
106;1
107;1
109;1
110;1
111;1
117;1
118;1
122;1
125;1
127;1
133;1
144;2
145;1
152;1
245;1
