2 4.01450200267926 0.313215400624349 51 9.11111111111111 10.4343923258557 R6
27 3.57021776736511 0.454963839579224 28 6.8 5.93801313572141 R6
57 3.34881189683467 0.420138888888889 18 4.14285714285714 4.13792810227435 R6
71 3.08186313096218 0.401384083044983 26 9.29411764705882 5.42070872165095 R6
51 2.98650924501063 0.268135904499541 28 6.92857142857143 7.05553770062197 R5
118 2.8736848324284 0.515570934256055 23 7 5.56776436283002 R6
484 2.85557872590889 0.0798611111111109 23 5.42857142857143 6.15336863662752 R5
67 2.84477660287453 0.35121107266436 27 6.92857142857143 7.05553770062197 R6
113 2.7455933898968 0.152777777777778 11 3.875 2.59506743650334 R5
236 2.54685815986805 0.124444444444444 14 6 3.14112506383727 R5
104 2.54173362399173 0.550347222222222 30 9.45454545454546 8.0832445821716 R6
482 2.53055350507373 0.0867768595041321 21 5.42857142857143 6.15336863662752 R5
353 2.52515751083877 0.742603550295858 11 3.55555555555556 2.94811092476036 R6
339 2.45786409111874 0.345 16 5.5 4.27200187265877 R2
136 2.43256386283664 0.18 9 3.09090909090909 2.42916167561589 R2
13 2.38527439946991 0.356949702541915 34 9.11111111111111 10.4343923258557 R2
76 2.23645897822743 0.600832837596669 25 8.625 7.32184232280374 R2
213 2.22378179672648 0.6016 15 5.5 4.27200187265877 R2
4 2.19616577352519 0.60387811634349 11 4.28571428571429 3.0572763655761 R2
65 2.15727748652002 0.8046875 6 2.85714285714286 1.45686271816937 R4
68 2.13611339219404 0.2176 22 6.92857142857143 7.05553770062197 R2
10 2.12361863279662 0.485207100591716 9 4.22222222222222 2.24982852570184 R2
92 2.09776364596237 0.202448979591837 31 9.11111111111111 10.4343923258557 R2
493 2.08346730544584 0.633136094674556 14 5.81818181818182 3.92702019390094 R3
182 2.04124145231932 0.193905817174515 17 7 4.89897948556635 R2
290 2.03698130169813 0.277008310249308 16 7.1 4.36921045499069 R2
171 2.01399597201208 0.851111111111111 8 3.77777777777778 2.09644025156813 R4
732 2 0.32 4 2.4 0.8 R2
142 1.97490050852226 0.402777777777778 9 3.875 2.59506743650334 R2
37 1.92317013142737 0.367309458218549 25 9.45454545454546 8.0832445821716 R2
160 1.92153784566105 0.746913580246913 8 4 2.08166599946613 R3
146 1.91154188953244 0.448979591836735 15 7.25 4.05431868505671 R2
39 1.89779698435565 0.152777777777778 11 5.27272727272727 3.01785321321779 R2
442 1.88888888888889 0.512396694214876 7 3.6 1.8 R2
16 1.85251671566499 0.193905817174515 17 6.93333333333334 5.43404903261729 R2
250 1.82672603565141 0.260355029585799 22 8.625 7.32184232280374 R2
347 1.81888699500448 0.65318262938727 19 9.07692307692308 5.45557637738374 R3
102 1.79489539654435 0.37603305785124 17 8.66666666666667 4.6427960923947 R2
254 1.76347363451231 0.720703125 15 7.46666666666667 4.27187182496021 R3
253 1.76347363451231 0.290123456790123 15 7.46666666666667 4.27187182496021 R2
166 1.73205080756888 0.56 6 4 1.15470053837925 R2
73 1.73205080756887 0.152777777777778 11 9 1.15470053837926 R2
462 1.69967317119759 0.197530864197531 8 4.28571428571429 2.18529407725405 R2
12 1.67574473440163 0.303571428571429 23 9.45454545454546 8.0832445821716 R2
15 1.66849187636052 0.433884297520661 16 6.93333333333334 5.43404903261729 R2
173 1.60248593287072 0.18 9 4.4 2.87054001888146 R2
306 1.59178634991753 0.260355029585799 11 6 3.14112506383727 R2
123 1.58481163138612 0.4140625 12 6 3.78593889720018 R2
325 1.58113883008419 0.46 7 4.5 1.58113883008419 R2
380 1.57923269457495 0.311418685121107 14 7.1 4.36921045499069 R2
154 1.57923269457495 0.2265625 14 7.1 4.36921045499069 R2
248 1.56892908110547 0.197530864197531 8 4.8 2.03960780543711 R2
472 1.56892908110547 0.641975308641975 4 2.4 1.01980390271856 R3
260 1.55547784256826 0.290123456790123 15 5.42857142857143 6.15336863662752 R2
32 1.54933978583769 0.417355371900826 16 6.8 5.93801313572141 R2
78 1.52677257073823 0.444444444444444 10 6.28571428571428 2.43276948084663 R2
511 1.50755672288882 0.578512396694215 5 3.33333333333333 1.10554159678513 R2
337 1.5 0.32 4 2.5 1 R2
346 1.45228961616637 0.104938271604938 17 9.07692307692308 5.45557637738374 R2
87 1.44115338424578 0.476454293628809 13 7 4.16333199893227 R2
224 1.41421356237309 0.693877551020408 3 2 0.707106781186548 R3
106 1.35680105059994 0.277777777777778 5 3.2 1.32664991614216 R2
258 1.31952929344903 0.152777777777778 11 5.81818181818182 3.92702019390094 R2
164 1.29529479349135 0.55 13 7.46666666666667 4.27187182496021 R2
239 1.29354834727299 0.165289256198347 10 5.66666666666667 3.34995854037363 R2
238 1.29354834727299 0.731404958677686 10 5.66666666666667 3.34995854037363 R3
130 1.25 0.79224376731302 7 4.5 2 R3
131 1.25 0.21875 7 4.5 2 R2
133 1.25 0.21875 7 4.5 2 R2
176 1.23523138543977 0.152777777777778 22 9.11111111111111 10.4343923258557 R2
168 1.1874496703887 0.355029585798816 10 5.63636363636363 3.67479689661959 R2
100 1.14873305378838 0.124444444444444 14 8.66666666666667 4.6427960923947 R2
116 1.12148408745178 0.54 12 7.1 4.36921045499069 R2
291 1.12148408745178 0.244897959183674 12 7.1 4.36921045499069 R2
365 1.11641735844711 0.438271604938272 13 6.93333333333334 5.43404903261729 R2
345 1.08569223732825 0.558858501783591 15 9.07692307692308 5.45557637738374 R2
134 1.06120537298086 0.755859375 12 7.46666666666667 4.27187182496021 R3
125 1.05654108759075 0.277777777777778 10 6 3.78593889720018 R2
317 1.05337032476518 0.614958448753463 10 5.5 4.27200187265877 R2
70 1.05260818205398 0.663923182441701 15 9.29411764705882 5.42070872165095 R3
594 1 0.5 4 3.5 0.5 R2
490 1 0.32 4 3 1 R2
593 1 0.32 4 3.5 0.5 R2
491 1 0.571428571428572 4 3 1 R2
24 0.870682502974038 0.349030470914127 15 8.625 7.32184232280374 R2
69 0.868130459425965 0.647462277091907 14 9.29411764705882 5.42070872165095 R3
144 0.81886118646045 0.40625 6 3.875 2.59506743650334 R2
492 0.810237285451159 0.18 9 5.81818181818182 3.92702019390094 R2
268 0.809755844811525 0.70679012345679 16 9.45454545454546 8.0832445821716 R3
9 0.790183677319672 0.375 6 4.22222222222222 2.24982852570184 R2
461 0.784464540552736 0.244897959183674 6 4.28571428571429 2.18529407725405 R2
464 0.784464540552736 0.244897959183674 6 4.28571428571429 2.18529407725405 R2
322 0.756046796260551 0.104938271604938 17 9.11111111111111 10.4343923258557 R2
607 0.734104855448699 0.465 14 8.625 7.32184232280374 R2
50 0.718786970833067 0.470588235294118 12 6.92857142857143 7.05553770062197 R2
49 0.707106781186547 0.5 8 7 1.4142135623731 R2
292 0.663735480328603 0.165289256198347 10 7.1 4.36921045499069 R2
119 0.654653670707977 0.571428571428572 4 3 1.52752523165195 R2
235 0.636714539967013 0.446280991735537 8 6 3.14112506383727 R2
630 0.593026531959893 0.165289256198347 10 7.46666666666667 4.27187182496021 R2
170 0.582998834003498 0.495867768595041 5 3.77777777777778 2.09644025156813 R2
550 0.582998834003498 0.277777777777778 5 3.77777777777778 2.09644025156813 R2
3 0.560723176219197 0.698224852071006 6 4.28571428571429 3.0572763655761 R3
433 0.557386411433294 0.244897959183674 6 4.4 2.87054001888146 R2
28 0.538900795073979 0.277777777777778 10 6.8 5.93801313572141 R2
99 0.502570711032417 0.519031141868512 11 8.66666666666667 4.6427960923947 R2
276 0.5 0.6875 3 2.5 1 R3
644 0.489955934938866 0.744897959183674 5 3.55555555555556 2.94811092476036 R3
159 0.480384461415261 0.408163265306122 5 4 2.08166599946613 R2
318 0.468536042753017 0.21875 14 9.11111111111111 10.4343923258557 R2
140 0.46094956039802 0.142011834319526 12 8.625 7.32184232280374 R2
111 0.448809841843821 0.244897959183674 6 4.14285714285714 4.13792810227435 R2
145 0.431638491184745 0.297520661157025 9 7.25 4.05431868505671 R2
465 0.417889569645204 0.444444444444444 8 5.42857142857143 6.15336863662752 R2
266 0.408248290463863 0.18 9 7 4.89897948556635 R2
348 0.352497479652031 0.152777777777778 11 9.07692307692308 5.45557637738374 R2
349 0.352497479652031 0.152777777777778 11 9.07692307692308 5.45557637738374 R2
344 0.352497479652031 0.152777777777778 11 9.07692307692308 5.45557637738374 R2
381 0.345705358827356 0.277777777777778 5 4.22222222222222 2.24982852570184 R2
396 0.345705358827356 0.277777777777778 5 4.22222222222222 2.24982852570184 R2
739 0.293589044424774 0.18 9 6.92857142857143 7.05553770062197 R2
101 0.287183263447095 0.355029585798817 10 8.66666666666667 4.6427960923947 R2
460 0.222222222222222 0.5 4 3.6 1.8 R2
769 0.222222222222222 0.489795918367347 4 3.6 1.8 R2
378 0.205986873205428 0.197530864197531 8 7.1 4.36921045499069 R2
379 0.205986873205428 0.197530864197531 8 7.1 4.36921045499069 R2
377 0.205986873205428 0.197530864197531 8 7.1 4.36921045499069 R2
31 0.202087798152742 0.197530864197531 8 6.8 5.93801313572141 R2
424 0.151856402288676 0.197530864197531 8 6.92857142857143 7.05553770062197 R2
249 0.151856402288676 0.513888888888889 8 6.92857142857143 7.05553770062197 R2
321 0.151856402288676 0.473372781065089 8 6.92857142857143 7.05553770062197 R2
599 0.150755672288882 0.32 4 3.55555555555556 2.94811092476036 R2
600 0.150755672288882 0.32 4 3.55555555555556 2.94811092476036 R2
72 0.130219568913895 0.165289256198347 10 9.29411764705882 5.42070872165095 R2
610 0.130219568913895 0.291666666666667 10 9.29411764705882 5.42070872165095 R2
788 0.130219568913895 0.291666666666667 10 9.29411764705882 5.42070872165095 R2
786 0.130219568913895 0.291666666666667 10 9.29411764705882 5.42070872165095 R2
785 0.130219568913895 0.291666666666667 10 9.29411764705882 5.42070872165095 R2
857 0.105999788000636 0.78 4 3.77777777777778 2.09644025156813 R3
110 0.0851883714096394 0.355029585798816 10 9.11111111111111 10.4343923258557 R2
264 0.0851883714096394 0.5625 10 9.11111111111111 10.4343923258557 R2
80 0.0512166178220022 0.416666666666667 9 8.625 7.32184232280374 R2
569 0.0122683226202975 0.512396694214876 7 6.93333333333334 5.43404903261729 R2
527 0 0.32 4 4 1.15470053837925 R2
234 0 0.375 6 6 3.14112506383727 R2
525 0 0.32 4 4 1.15470053837925 R2
526 0 0.32 4 4 1.15470053837925 R2
423 0 0.5 4 4 1.15470053837925 R2
304 -0.0374240594282556 0.48 3 3.09090909090909 2.42916167561589 R2
8 -0.0542581537141226 0.588235294117647 9 9.29411764705882 5.42070872165095 R2
693 -0.0542581537141226 0.416666666666667 9 9.29411764705882 5.42070872165095 R2
58 -0.0562330447785782 0.402777777777778 9 9.45454545454546 8.0832445821716 R2
189 -0.0562330447785782 0.18 9 9.45454545454546 8.0832445821716 R2
331 -0.0616626415978207 0.345679012345679 7 7.25 4.05431868505671 R2
167 -0.0732252025938206 0.575 12 12.4 5.46260011349907 R2
43 -0.0903712849693166 0.64 5 5.27272727272727 3.01785321321779 R3
5 -0.0934538627031995 0.32 4 4.28571428571429 3.0572763655761 R2
11 -0.098772959664959 0.444444444444444 4 4.22222222222222 2.24982852570184 R2
109 -0.0987729596649591 0.59375 4 4.22222222222222 2.24982852570184 R2
375 -0.0987729596649591 0.444444444444444 4 4.22222222222222 2.24982852570184 R2
242 -0.0987729596649591 0.32 4 4.22222222222222 2.24982852570184 R2
633 -0.109241729571559 0.21875 7 7.46666666666667 4.27187182496021 R2
632 -0.109241729571559 0.21875 7 7.46666666666667 4.27187182496021 R2
574 -0.117041147196131 0.448979591836735 5 5.5 4.27200187265877 R2
611 -0.117041147196131 0.277777777777778 5 5.5 4.27200187265877 R2
114 -0.117041147196131 0.8046875 5 5.5 4.27200187265877 R4
808 -0.117041147196131 0.46875 5 5.5 4.27200187265877 R2
77 -0.11744404390294 0.493827160493827 6 6.28571428571428 2.43276948084663 R2
79 -0.11744404390294 0.244897959183674 6 6.28571428571428 2.43276948084663 R2
382 -0.131608881983519 0.48 6 6.92857142857143 7.05553770062197 R2
52 -0.131608881983519 0.375 6 6.92857142857143 7.05553770062197 R2
624 -0.139346602858324 0.32 4 4.4 2.87054001888146 R2
410 -0.143591631723548 0.32 8 8.66666666666667 4.6427960923947 R2
156 -0.179605302026775 0.680555555555556 6 7 5.56776436283002 R3
575 -0.197398588605137 0.429752066115702 8 9.07692307692308 5.45557637738374 R2
252 -0.199007438041998 0.277777777777778 5 5.66666666666667 3.34995854037363 R2
577 -0.208346730544583 0.277777777777778 5 5.81818181818182 3.92702019390094 R2
642 -0.215665546406877 0.625 4 4.4 1.85472369909914 R3
685 -0.23873587634214 0.34 8 9.29411764705882 5.42070872165095 R2
132 -0.25 0.612244897959184 4 4.5 2 R2
115 -0.251761733917746 0.58 6 7.1 4.36921045499069 R2
412 -0.256288209078374 0.357142857142857 11 12.4 5.46260011349907 R2
124 -0.264135271897687 0.408163265306122 5 6 3.78593889720018 R2
53 -0.273341524119617 0.448979591836735 5 6.92857142857143 7.05553770062197 R2
188 -0.318357269983507 0.617283950617284 5 6 3.14112506383727 R2
631 -0.343331150082043 0.493827160493827 6 7.46666666666667 4.27187182496021 R2
75 -0.358516324754016 0.375 6 8.625 7.32184232280374 R2
103 -0.358979079308869 0.21875 7 8.66666666666667 4.6427960923947 R2
285 -0.35921060405355 0.493827160493827 5 7 5.56776436283002 R2
830 -0.35921060405355 0.277777777777778 5 7 5.56776436283002 R2
284 -0.35921060405355 0.408163265306122 5 7 5.56776436283002 R2
163 -0.392232270276368 0.444444444444444 2 2.4 1.01980390271856 R2
367 -0.392232270276369 0.32 4 4.8 2.03960780543711 R2
135 -0.393996217769583 0.277777777777778 5 9.11111111111111 10.4343923258557 R2
261 -0.394673482442693 0.611111111111111 3 5.42857142857143 6.15336863662752 R2
778 -0.415074166255715 0.32 4 6.92857142857143 7.05553770062197 R2
196 -0.415074166255715 0.32 4 6.92857142857143 7.05553770062197 R2
93 -0.420542382164398 0.56 3 4.28571428571429 3.0572763655761 R2
751 -0.421732663190144 0.32 4 5.27272727272727 3.01785321321779 R2
753 -0.421732663190144 0.32 4 5.27272727272727 3.01785321321779 R2
684 -0.423213598970158 0.21875 7 9.29411764705882 5.42070872165095 R2
730 -0.449088713139071 0.444444444444444 2 3.09090909090909 2.42916167561589 R2
283 -0.449088713139071 0.444444444444444 2 3.09090909090909 2.42916167561589 R2
722 -0.480384461415261 0.611111111111111 3 4 2.08166599946613 R2
360 -0.489833135605427 0.444444444444444 4 9.11111111111111 10.4343923258557 R2
734 -0.5 0.444444444444444 2 2.4 0.8 R2
733 -0.5 0.444444444444444 2 2.4 0.8 R2
324 -0.5 0.72 2 2.5 1 R3
660 -0.5 0.48 2 2.4 0.8 R2
223 -0.5 0.625 2 2.5 1 R3
169 -0.517857509819794 0.444444444444444 2 4.14285714285714 4.13792810227435 R2
675 -0.527644853011086 0.625 2 3.55555555555556 2.94811092476036 R3
723 -0.528270543795374 0.444444444444444 4 6 3.78593889720018 R2
621 -0.528270543795374 0.32 4 6 3.78593889720018 R2
315 -0.538815906080325 0.444444444444444 4 7 5.56776436283002 R2
210 -0.538815906080325 0.444444444444444 4 7 5.56776436283002 R2
25 -0.543251278157274 0.612244897959184 3 4.22222222222222 2.24982852570184 R2
397 -0.543251278157274 0.375 3 4.22222222222222 2.24982852570184 R2
180 -0.551083838830066 0.66 5 9.45454545454546 8.0832445821716 R3
197 -0.556806808391812 0.375 3 6.92857142857143 7.05553770062197 R2
858 -0.556806808391812 0.375 3 6.92857142857143 7.05553770062197 R2
262 -0.557186092860272 0.444444444444444 2 5.42857142857143 6.15336863662752 R2
697 -0.557186092860272 0.444444444444444 2 5.42857142857143 6.15336863662752 R2
634 -0.577420570592527 0.277777777777778 5 7.46666666666667 4.27187182496021 R2
316 -0.584961618216725 0.32 4 6.375 4.06009544222793 R2
533 -0.585205735980653 0.5 3 5.5 4.27200187265877 R2
428 -0.585670053441272 0.375 3 9.11111111111111 10.4343923258557 R2
320 -0.585670053441272 0.375 3 9.11111111111111 10.4343923258557 R2
463 -0.588348405414552 0.375 3 4.28571428571429 2.18529407725405 R2
535 -0.636714539967013 0.489795918367347 4 6 3.14112506383727 R2
691 -0.69853945052791 0.444444444444444 2 6.92857142857143 7.05553770062197 R2
419 -0.69853945052791 0.444444444444444 2 6.92857142857143 7.05553770062197 R2
155 -0.707106781186545 0.375 3 3.33333333333333 0.471404520791033 R2
775 -0.70951034104092 0.32 4 7.1 4.36921045499069 R2
724 -0.70951034104092 0.5 4 7.1 4.36921045499069 R2
774 -0.70951034104092 0.5 4 7.1 4.36921045499069 R2
420 -0.70951034104092 0.32 4 7.1 4.36921045499069 R2
117 -0.70951034104092 0.5 4 7.1 4.36921045499069 R2
650 -0.717638738542455 0.375 3 5.81818181818182 3.92702019390094 R2
645 -0.7184212081071 0.56 3 7 5.56776436283002 R2
868 -0.722524576288632 0.444444444444444 2 3.875 2.59506743650334 R2
112 -0.722524576288632 0.444444444444444 2 3.875 2.59506743650334 R2
869 -0.722524576288632 0.444444444444444 2 3.875 2.59506743650334 R2
477 -0.722524576288632 0.625 2 3.875 2.59506743650334 R3
478 -0.722524576288632 0.625 2 3.875 2.59506743650334 R3
34 -0.723831034597577 0.375 3 6.93333333333334 5.43404903261729 R2
366 -0.747630901625596 0.625 2 4.28571428571429 3.0572763655761 R3
590 -0.747630901625596 0.444444444444444 2 4.28571428571429 3.0572763655761 R2
752 -0.753094041410972 0.375 3 5.27272727272727 3.01785321321779 R2
604 -0.811509991103012 0.5 4 7.46666666666667 4.27187182496021 R2
181 -0.816496580927726 0.56 3 7 4.89897948556635 R2
797 -0.819288030372914 0.444444444444444 2 5.5 4.27200187265877 R2
612 -0.819288030372914 0.625 2 5.5 4.27200187265877 R3
749 -0.840272092664008 0.5 1 6.92857142857143 7.05553770062197 R2
552 -0.847998304005088 0.444444444444444 2 3.77777777777778 2.09644025156813 R2
551 -0.847998304005088 0.444444444444444 2 3.77777777777778 2.09644025156813 R2
867 -0.866845115661071 0.5 1 3.55555555555556 2.94811092476036 R2
336 -0.898026510133875 0.64 2 7 5.56776436283002 R3
14 -0.922221934368681 0.5 2 9.45454545454546 8.0832445821716 R2
263 -0.938384644602507 0.375 3 7.1 4.36921045499069 R2
251 -0.960768922830523 0.5 2 4 2.08166599946613 R2
821 -0.960768922830523 0.444444444444444 2 4 2.08166599946613 R2
222 -0.97228474254139 0.625 2 5.81818181818182 3.92702019390094 R3
820 -0.97664676685421 0.5 4 9.29411764705882 5.42070872165095 R2
328 -0.98772959664959 0.5 2 4.22222222222222 2.24982852570184 R2
745 -1 0.444444444444444 2 3 1 R2
323 -1.02062072615966 0.444444444444444 2 7 4.89897948556635 R2
139 -1.04140456238071 0.5 1 8.625 7.32184232280374 R2
790 -1.0455994116135 0.375 3 7.46666666666667 4.27187182496021 R2
692 -1.0455994116135 0.693877551020408 3 7.46666666666667 4.27187182496021 R3
534 -1.16725894816409 0.444444444444444 2 7.1 4.36921045499069 R2
540 -1.22693074654033 0.5 1 5.81818181818182 3.92702019390094 R2
800 -1.34560221211025 0.625 2 9.29411764705882 5.42070872165095 R3
151 -1.35060650488382 0.375 3 6.28571428571428 2.43276948084663 R2
425 -1.37281294596729 0.444444444444444 2 4.8 2.03960780543711 R2
265 -1.39613325172568 0.5 1 7.1 4.36921045499069 R2
705 -1.43220791514191 0.5 1 4.22222222222222 2.24982852570184 R2
834 -1.44115338424578 0.5 1 7 4.16333199893227 R2
564 -1.58113883008419 0.444444444444444 2 4.5 1.58113883008419 R2
563 -1.58113883008419 0.444444444444444 2 4.5 1.58113883008419 R2
451 -1.63299316185545 0.611111111111111 3 5 1.22474487139159 R2
376 -1.6583123951777 0.5 1 3.2 1.32664991614216 R2
74 -1.73205080756887 0.21875 7 9 1.15470053837926 R2
165 -1.73205080756888 0.64 2 4 1.15470053837925 R3
