2 4.01450200267926 0.313215400624349 51 9.11111111111111 10.4343923258557 R6
27 3.57021776736511 0.454963839579224 28 6.8 5.93801313572141 R6
57 3.34881189683467 0.420138888888889 18 4.14285714285714 4.13792810227435 R6
203 3.27779676198864 0 21 6.4 4.45421149026402 R5
71 3.08186313096218 0.401384083044983 26 9.29411764705882 5.42070872165095 R6
51 2.98650924501063 0.268135904499541 28 6.92857142857143 7.05553770062197 R5
118 2.8736848324284 0.515570934256055 23 7 5.56776436283002 R6
484 2.85557872590889 0.0798611111111109 23 5.42857142857143 6.15336863662752 R5
67 2.84477660287453 0.35121107266436 27 6.92857142857143 7.05553770062197 R6
113 2.7455933898968 0.152777777777778 11 3.875 2.59506743650334 R5
236 2.54685815986805 0.124444444444444 14 6 3.14112506383727 R5
104 2.54173362399173 0.550347222222222 30 9.45454545454546 8.0832445821716 R6
482 2.53055350507373 0.0867768595041321 21 5.42857142857143 6.15336863662752 R5
353 2.52515751083877 0.742603550295858 11 3.55555555555556 2.94811092476036 R6
339 2.45786409111874 0.345 16 5.5 4.27200187265877 R2
136 2.43256386283664 0.18 9 3.09090909090909 2.42916167561589 R2
13 2.38527439946991 0.356949702541915 34 9.11111111111111 10.4343923258557 R2
76 2.23645897822743 0.600832837596669 25 8.625 7.32184232280374 R2
213 2.22378179672648 0.6016 15 5.5 4.27200187265877 R2
4 2.19616577352519 0.60387811634349 11 4.28571428571429 3.0572763655761 R2
65 2.15727748652002 0.8046875 6 2.85714285714286 1.45686271816937 R4
68 2.13611339219404 0.2176 22 6.92857142857143 7.05553770062197 R2
10 2.12361863279662 0.485207100591716 9 4.22222222222222 2.24982852570184 R2
92 2.09776364596237 0.202448979591837 31 9.11111111111111 10.4343923258557 R2
493 2.08346730544584 0.633136094674556 14 5.81818181818182 3.92702019390094 R3
182 2.04124145231932 0.193905817174515 17 7 4.89897948556635 R2
290 2.03698130169813 0.277008310249308 16 7.1 4.36921045499069 R2
171 2.01399597201208 0.851111111111111 8 3.77777777777778 2.09644025156813 R4
399 2 0 4 2.4 0.8 R1
732 2 0.32 4 2.4 0.8 R2
469 2 0 9 5.4 1.8 R1
142 1.97490050852226 0.402777777777778 9 3.875 2.59506743650334 R2
37 1.92317013142737 0.367309458218549 25 9.45454545454546 8.0832445821716 R2
160 1.92153784566105 0.746913580246913 8 4 2.08166599946613 R3
146 1.91154188953244 0.448979591836735 15 7.25 4.05431868505671 R2
39 1.89779698435565 0.152777777777778 11 5.27272727272727 3.01785321321779 R2
442 1.88888888888889 0.512396694214876 7 3.6 1.8 R2
16 1.85251671566499 0.193905817174515 17 6.93333333333334 5.43404903261729 R2
250 1.82672603565141 0.260355029585799 22 8.625 7.32184232280374 R2
347 1.81888699500448 0.65318262938727 19 9.07692307692308 5.45557637738374 R3
102 1.79489539654435 0.37603305785124 17 8.66666666666667 4.6427960923947 R2
254 1.76347363451231 0.720703125 15 7.46666666666667 4.27187182496021 R3
253 1.76347363451231 0.290123456790123 15 7.46666666666667 4.27187182496021 R2
166 1.73205080756888 0.56 6 4 1.15470053837925 R2
73 1.73205080756887 0.152777777777778 11 9 1.15470053837926 R2
193 1.73169743598353 0 12 5.63636363636363 3.67479689661959 R1
18 1.72309958068257 0 14 7.45454545454545 3.79865134832294 R1
462 1.69967317119759 0.197530864197531 8 4.28571428571429 2.18529407725405 R2
107 1.6791403143043 0 8 4.22222222222222 2.24982852570184 R1
12 1.67574473440163 0.303571428571429 23 9.45454545454546 8.0832445821716 R2
15 1.66849187636052 0.433884297520661 16 6.93333333333334 5.43404903261729 R2
520 1.63173504028876 0 13 6.375 4.06009544222793 R1
137 1.60923455541501 0 7 3.09090909090909 2.42916167561589 R1
173 1.60248593287072 0.18 9 4.4 2.87054001888146 R2
306 1.59178634991753 0.260355029585799 11 6 3.14112506383727 R2
123 1.58481163138612 0.4140625 12 6 3.78593889720018 R2
532 1.58113883008419 0 4 2.57142857142857 0.903507902905251 R1
553 1.58113883008419 0 4 2.57142857142857 0.903507902905251 R1
325 1.58113883008419 0.46 7 4.5 1.58113883008419 R2
269 1.58113883008419 0 7 4.5 1.58113883008419 R1
380 1.57923269457495 0.311418685121107 14 7.1 4.36921045499069 R2
154 1.57923269457495 0.2265625 14 7.1 4.36921045499069 R2
248 1.56892908110547 0.197530864197531 8 4.8 2.03960780543711 R2
472 1.56892908110547 0.641975308641975 4 2.4 1.01980390271856 R3
260 1.55547784256826 0.290123456790123 15 5.42857142857143 6.15336863662752 R2
32 1.54933978583769 0.417355371900826 16 6.8 5.93801313572141 R2
78 1.52677257073823 0.444444444444444 10 6.28571428571428 2.43276948084663 R2
511 1.50755672288882 0.578512396694215 5 3.33333333333333 1.10554159678513 R2
85 1.50755672288882 0 5 3.33333333333333 1.10554159678513 R1
337 1.5 0.32 4 2.5 1 R2
313 1.5 0 4 2.5 1 R1
506 1.48446703705605 0 15 6.93333333333334 5.43404903261729 R1
346 1.45228961616637 0.104938271604938 17 9.07692307692308 5.45557637738374 R2
87 1.44115338424578 0.476454293628809 13 7 4.16333199893227 R2
447 1.4142135623731 0 2 1.33333333333333 0.471404520791032 R1
224 1.41421356237309 0.693877551020408 3 2 0.707106781186548 R3
241 1.41421356237309 0 5 4 0.707106781186548 R1
391 1.41421356237309 0 4 3.33333333333333 0.471404520791033 R1
519 1.38543541156593 0 12 6.375 4.06009544222793 R1
401 1.38543541156593 0 12 6.375 4.06009544222793 R1
106 1.35680105059994 0.277777777777778 5 3.2 1.32664991614216 R2
449 1.34164078649987 0 4 2.5 1.11803398874989 R1
623 1.33333333333333 0 6 3.6 1.8 R1
258 1.31952929344903 0.152777777777778 11 5.81818181818182 3.92702019390094 R2
371 1.30930734141595 0 5 3 1.52752523165195 R1
164 1.29529479349135 0.55 13 7.46666666666667 4.27187182496021 R2
239 1.29354834727299 0.165289256198347 10 5.66666666666667 3.34995854037363 R2
238 1.29354834727299 0.731404958677686 10 5.66666666666667 3.34995854037363 R3
130 1.25 0.79224376731302 7 4.5 2 R3
131 1.25 0.21875 7 4.5 2 R2
133 1.25 0.21875 7 4.5 2 R2
176 1.23523138543977 0.152777777777778 22 9.11111111111111 10.4343923258557 R2
327 1.23466199581199 0 7 4.22222222222222 2.24982852570184 R1
63 1.22474487139159 0 4 2.8 0.979795897113272 R1
683 1.20821584279805 0 19 12.4 5.46260011349907 R1
682 1.20821584279805 0 19 12.4 5.46260011349907 R1
681 1.20821584279805 0 19 12.4 5.46260011349907 R1
680 1.20821584279805 0 19 12.4 5.46260011349907 R1
679 1.20821584279805 0 19 12.4 5.46260011349907 R1
168 1.1874496703887 0.355029585798816 10 5.63636363636363 3.67479689661959 R2
256 1.1874496703887 0 10 5.63636363636363 3.67479689661959 R1
100 1.14873305378838 0.124444444444444 14 8.66666666666667 4.6427960923947 R2
116 1.12148408745178 0.54 12 7.1 4.36921045499069 R2
291 1.12148408745178 0.244897959183674 12 7.1 4.36921045499069 R2
365 1.11641735844711 0.438271604938272 13 6.93333333333334 5.43404903261729 R2
345 1.08569223732825 0.558858501783591 15 9.07692307692308 5.45557637738374 R2
286 1.07763181216065 0 13 7 5.56776436283002 R1
134 1.06120537298086 0.755859375 12 7.46666666666667 4.27187182496021 R3
125 1.05654108759075 0.277777777777778 10 6 3.78593889720018 R2
317 1.05337032476518 0.614958448753463 10 5.5 4.27200187265877 R2
70 1.05260818205398 0.663923182441701 15 9.29411764705882 5.42070872165095 R3
713 1.02899151085505 0 6 4 1.9436506316151 R1
712 1.02899151085505 0 6 4 1.9436506316151 R1
653 1.0251528363135 0 18 12.4 5.46260011349907 R1
841 1.00564748338641 0 11 8.72727272727273 2.25996416266474 R1
840 1.00564748338641 0 11 8.72727272727273 2.25996416266474 R1
594 1 0.5 4 3.5 0.5 R2
490 1 0.32 4 3 1 R2
620 1 0 4 3 1 R1
593 1 0.32 4 3.5 0.5 R2
618 1 0 4 3 1 R1
491 1 0.571428571428572 4 3 1 R2
296 0.960768922830522 0 11 7 4.16333199893227 R1
330 0.924939623967311 0 11 7.25 4.05431868505671 R1
40 0.903712849693167 0 8 5.27272727272727 3.01785321321779 R1
41 0.903712849693167 0 8 5.27272727272727 3.01785321321779 R1
38 0.903712849693167 0 8 5.27272727272727 3.01785321321779 R1
583 0.892836154120265 0 10 6.375 4.06009544222793 R1
24 0.870682502974038 0.349030470914127 15 8.625 7.32184232280374 R2
69 0.868130459425965 0.647462277091907 14 9.29411764705882 5.42070872165095 R3
641 0.862662185627508 0 6 4.4 1.85472369909914 R1
640 0.862662185627508 0 6 4.4 1.85472369909914 R1
652 0.842089829828944 0 17 12.4 5.46260011349907 R1
651 0.842089829828944 0 17 12.4 5.46260011349907 R1
144 0.81886118646045 0.40625 6 3.875 2.59506743650334 R2
453 0.816496580927726 0 6 5 1.22474487139159 R1
452 0.816496580927726 0 6 5 1.22474487139159 R1
417 0.816496580927726 0 11 7 4.89897948556635 R1
416 0.816496580927726 0 11 7 4.89897948556635 R1
492 0.810237285451159 0.18 9 5.81818181818182 3.92702019390094 R2
268 0.809755844811525 0.70679012345679 16 9.45454545454546 8.0832445821716 R3
329 0.790183677319672 0 6 4.22222222222222 2.24982852570184 R1
9 0.790183677319672 0.375 6 4.22222222222222 2.24982852570184 R2
461 0.784464540552736 0.244897959183674 6 4.28571428571429 2.18529407725405 R2
464 0.784464540552736 0.244897959183674 6 4.28571428571429 2.18529407725405 R2
322 0.756046796260551 0.104938271604938 17 9.11111111111111 10.4343923258557 R2
607 0.734104855448699 0.465 14 8.625 7.32184232280374 R2
50 0.718786970833067 0.470588235294118 12 6.92857142857143 7.05553770062197 R2
178 0.707106781186548 0 3 2.66666666666667 0.471404520791032 R1
312 0.707106781186548 0 3 2.66666666666667 0.471404520791032 R1
759 0.707106781186548 0 3 2.66666666666667 0.471404520791032 R1
666 0.707106781186548 0 3 2.66666666666667 0.471404520791032 R1
310 0.707106781186548 0 3 2.66666666666667 0.471404520791032 R1
665 0.707106781186548 0 3 2.66666666666667 0.471404520791032 R1
760 0.707106781186548 0 3 2.66666666666667 0.471404520791032 R1
179 0.707106781186548 0 3 2.66666666666667 0.471404520791032 R1
49 0.707106781186547 0.5 8 7 1.4142135623731 R2
96 0.707106781186547 0 8 7 1.4142135623731 R1
94 0.707106781186547 0 8 7 1.4142135623731 R1
95 0.707106781186547 0 8 7 1.4142135623731 R1
150 0.704664263417644 0 8 6.28571428571428 2.43276948084663 R1
149 0.704664263417644 0 8 6.28571428571428 2.43276948084663 R1
23 0.670094281376555 0 10 7.45454545454545 3.79865134832294 R1
21 0.670094281376555 0 10 7.45454545454545 3.79865134832294 R1
22 0.670094281376555 0 10 7.45454545454545 3.79865134832294 R1
20 0.670094281376555 0 10 7.45454545454545 3.79865134832294 R1
19 0.670094281376555 0 10 7.45454545454545 3.79865134832294 R1
292 0.663735480328603 0.165289256198347 10 7.1 4.36921045499069 R2
232 0.660209878424706 0 16 9.11111111111111 10.4343923258557 R1
119 0.654653670707977 0.571428571428572 4 3 1.52752523165195 R2
372 0.654653670707977 0 4 3 1.52752523165195 R1
192 0.643201904793881 0 8 5.63636363636363 3.67479689661959 R1
235 0.636714539967013 0.446280991735537 8 6 3.14112506383727 R2
687 0.636714539967013 0 8 6 3.14112506383727 R1
233 0.636714539967013 0 8 6 3.14112506383727 R1
513 0.603022689155528 0 4 3.33333333333333 1.10554159678513 R1
510 0.603022689155528 0 4 3.33333333333333 1.10554159678513 R1
105 0.603022689155527 0 4 3.2 1.32664991614216 R1
84 0.603022689155527 0 4 3.33333333333333 1.10554159678513 R1
82 0.603022689155527 0 4 3.33333333333333 1.10554159678513 R1
630 0.593026531959893 0.165289256198347 10 7.46666666666667 4.27187182496021 R2
798 0.588348405414552 0 3 2.4 1.01980390271856 R1
246 0.588348405414552 0 6 4.8 2.03960780543711 R1
170 0.582998834003498 0.495867768595041 5 3.77777777777778 2.09644025156813 R2
172 0.582998834003498 0 5 3.77777777777778 2.09644025156813 R1
550 0.582998834003498 0.277777777777778 5 3.77777777777778 2.09644025156813 R2
742 0.577350269189626 0 5 4.5 0.866025403784439 R1
743 0.577350269189626 0 5 4.5 0.866025403784439 R1
741 0.577350269189626 0 5 4.5 0.866025403784439 R1
3 0.560723176219197 0.698224852071006 6 4.28571428571429 3.0572763655761 R3
433 0.557386411433294 0.244897959183674 6 4.4 2.87054001888146 R2
494 0.555591281452223 0 8 5.81818181818182 3.92702019390094 R1
28 0.538900795073979 0.277777777777778 10 6.8 5.93801313572141 R2
715 0.514495755427526 0 5 4 1.9436506316151 R1
716 0.514495755427526 0 5 4 1.9436506316151 R1
717 0.514495755427526 0 5 4 1.9436506316151 R1
714 0.514495755427526 0 5 4 1.9436506316151 R1
99 0.502570711032417 0.519031141868512 11 8.66666666666667 4.6427960923947 R2
276 0.5 0.6875 3 2.5 1 R3
644 0.489955934938866 0.744897959183674 5 3.55555555555556 2.94811092476036 R3
159 0.480384461415261 0.408163265306122 5 4 2.08166599946613 R2
318 0.468536042753017 0.21875 14 9.11111111111111 10.4343923258557 R2
606 0.46094956039802 0 12 8.625 7.32184232280374 R1
140 0.46094956039802 0.142011834319526 12 8.625 7.32184232280374 R2
245 0.448809841843821 0 6 4.14285714285714 4.13792810227435 R1
111 0.448809841843821 0.244897959183674 6 4.14285714285714 4.13792810227435 R2
448 0.447213595499958 0 3 2.5 1.11803398874989 R1
474 0.438617749272909 0 13 9.45454545454546 8.0832445821716 R1
36 0.438617749272909 0 13 9.45454545454546 8.0832445821716 R1
145 0.431638491184745 0.297520661157025 9 7.25 4.05431868505671 R2
465 0.417889569645204 0.444444444444444 8 5.42857142857143 6.15336863662752 R2
418 0.408248290463863 0 9 7 4.89897948556635 R1
266 0.408248290463863 0.18 9 7 4.89897948556635 R2
580 0.400236896674602 0 8 6.375 4.06009544222793 R1
579 0.400236896674602 0 8 6.375 4.06009544222793 R1
581 0.400236896674602 0 8 6.375 4.06009544222793 R1
582 0.400236896674602 0 8 6.375 4.06009544222793 R1
584 0.400236896674602 0 8 6.375 4.06009544222793 R1
209 0.35921060405355 0 9 7 5.56776436283002 R1
301 0.35921060405355 0 8 6.4 4.45421149026402 R1
354 0.35921060405355 0 8 6.4 4.45421149026402 R1
348 0.352497479652031 0.152777777777778 11 9.07692307692308 5.45557637738374 R2
349 0.352497479652031 0.152777777777778 11 9.07692307692308 5.45557637738374 R2
344 0.352497479652031 0.152777777777778 11 9.07692307692308 5.45557637738374 R2
381 0.345705358827356 0.277777777777778 5 4.22222222222222 2.24982852570184 R2
396 0.345705358827356 0.277777777777778 5 4.22222222222222 2.24982852570184 R2
495 0.333333333333333 0 6 5.4 1.8 R1
496 0.333333333333333 0 6 5.4 1.8 R1
498 0.333333333333333 0 6 5.4 1.8 R1
500 0.333333333333333 0 6 5.4 1.8 R1
497 0.333333333333333 0 6 5.4 1.8 R1
499 0.333333333333333 0 6 5.4 1.8 R1
643 0.323498319610315 0 5 4.4 1.85472369909914 R1
541 0.316227766016838 0 5 4.5 1.58113883008419 R1
272 0.316227766016838 0 5 4.5 1.58113883008419 R1
545 0.316227766016838 0 5 4.5 1.58113883008419 R1
542 0.316227766016838 0 5 4.5 1.58113883008419 R1
274 0.316227766016838 0 5 4.5 1.58113883008419 R1
543 0.316227766016838 0 5 4.5 1.58113883008419 R1
273 0.316227766016838 0 5 4.5 1.58113883008419 R1
270 0.316227766016838 0 5 4.5 1.58113883008419 R1
544 0.316227766016838 0 5 4.5 1.58113883008419 R1
271 0.316227766016838 0 5 4.5 1.58113883008419 R1
89 0.314905050760037 0 12 9.45454545454546 8.0832445821716 R1
88 0.314905050760037 0 12 9.45454545454546 8.0832445821716 R1
739 0.293589044424774 0.18 9 6.92857142857143 7.05553770062197 R2
101 0.287183263447095 0.355029585798817 10 8.66666666666667 4.6427960923947 R2
460 0.222222222222222 0.5 4 3.6 1.8 R2
769 0.222222222222222 0.489795918367347 4 3.6 1.8 R2
768 0.222222222222222 0 4 3.6 1.8 R1
378 0.205986873205428 0.197530864197531 8 7.1 4.36921045499069 R2
379 0.205986873205428 0.197530864197531 8 7.1 4.36921045499069 R2
377 0.205986873205428 0.197530864197531 8 7.1 4.36921045499069 R2
62 0.204124145231932 0 3 2.8 0.979795897113272 R1
61 0.204124145231932 0 3 2.8 0.979795897113272 R1
60 0.204124145231932 0 3 2.8 0.979795897113272 R1
31 0.202087798152742 0.197530864197531 8 6.8 5.93801313572141 R2
766 0.202087798152742 0 8 6.8 5.93801313572141 R1
505 0.196293161924766 0 8 6.93333333333334 5.43404903261729 R1
35 0.191192352247165 0 11 9.45454545454546 8.0832445821716 R1
231 0.181025289245484 0 11 9.11111111111111 10.4343923258557 R1
343 0.169198790232975 0 10 9.07692307692308 5.45557637738374 R1
424 0.151856402288676 0.197530864197531 8 6.92857142857143 7.05553770062197 R2
249 0.151856402288676 0.513888888888889 8 6.92857142857143 7.05553770062197 R2
321 0.151856402288676 0.473372781065089 8 6.92857142857143 7.05553770062197 R2
599 0.150755672288882 0.32 4 3.55555555555556 2.94811092476036 R2
600 0.150755672288882 0.32 4 3.55555555555556 2.94811092476036 R2
340 0.134703976520081 0 7 6.4 4.45421149026402 R1
342 0.134703976520081 0 7 6.4 4.45421149026402 R1
341 0.134703976520081 0 7 6.4 4.45421149026402 R1
72 0.130219568913895 0.165289256198347 10 9.29411764705882 5.42070872165095 R2
610 0.130219568913895 0.291666666666667 10 9.29411764705882 5.42070872165095 R2
788 0.130219568913895 0.291666666666667 10 9.29411764705882 5.42070872165095 R2
786 0.130219568913895 0.291666666666667 10 9.29411764705882 5.42070872165095 R2
785 0.130219568913895 0.291666666666667 10 9.29411764705882 5.42070872165095 R2
846 0.12067769800637 0 9 8.72727272727273 2.25996416266474 R1
844 0.12067769800637 0 9 8.72727272727273 2.25996416266474 R1
843 0.12067769800637 0 9 8.72727272727273 2.25996416266474 R1
849 0.12067769800637 0 9 8.72727272727273 2.25996416266474 R1
842 0.12067769800637 0 9 8.72727272727273 2.25996416266474 R1
847 0.12067769800637 0 9 8.72727272727273 2.25996416266474 R1
845 0.12067769800637 0 9 8.72727272727273 2.25996416266474 R1
848 0.12067769800637 0 9 8.72727272727273 2.25996416266474 R1
857 0.105999788000636 0.78 4 3.77777777777778 2.09644025156813 R3
257 0.098954139199059 0 6 5.63636363636363 3.67479689661959 R1
598 0.0980580675690922 0 3 2.85714285714286 1.45686271816937 R1
596 0.0980580675690922 0 3 2.85714285714286 1.45686271816937 R1
597 0.0980580675690922 0 3 2.85714285714286 1.45686271816937 R1
746 0.0851883714096394 0 10 9.11111111111111 10.4343923258557 R1
110 0.0851883714096394 0.355029585798816 10 9.11111111111111 10.4343923258557 R2
264 0.0851883714096394 0.5625 10 9.11111111111111 10.4343923258557 R2
747 0.0851883714096394 0 10 9.11111111111111 10.4343923258557 R1
635 0.0674796537342937 0 10 9.45454545454546 8.0832445821716 R1
80 0.0512166178220022 0.416666666666667 9 8.625 7.32184232280374 R2
676 0.0512166178220022 0 9 8.625 7.32184232280374 R1
184 0.0481683050859088 0 4 3.875 2.59506743650334 R1
143 0.0481683050859088 0 4 3.875 2.59506743650334 R1
183 0.0481683050859088 0 4 3.875 2.59506743650334 R1
141 0.0481683050859088 0 4 3.875 2.59506743650334 R1
29 0.0336812996921239 0 7 6.8 5.93801313572141 R1
586 0.0336812996921239 0 7 6.8 5.93801313572141 R1
30 0.0336812996921239 0 7 6.8 5.93801313572141 R1
569 0.0122683226202975 0.512396694214876 7 6.93333333333334 5.43404903261729 R2
454 0 0 5 5 1.22474487139159 R1
527 0 0.32 4 4 1.15470053837925 R2
706 0 0 7 7 4.16333199893227 R1
234 0 0.375 6 6 3.14112506383727 R2
525 0 0.32 4 4 1.15470053837925 R2
161 0 0 4 4 2.08166599946613 R1
526 0 0.32 4 4 1.15470053837925 R2
215 0 0 9 9 1.15470053837926 R1
240 0 0 4 4 0.707106781186548 R1
423 0 0.5 4 4 1.15470053837925 R2
214 0 0 9 9 1.15470053837926 R1
422 0 0 2 2 0.707106781186548 R1
305 0 0 4 4 0.707106781186548 R1
217 0 0 9 9 1.15470053837926 R1
86 0 0 7 7 4.16333199893227 R1
216 0 0 9 9 1.15470053837926 R1
421 0 0 2 2 0.707106781186548 R1
502 -2.90724631350149e-16 0 3 3 1.52752523165195 R1
206 -0.0106485464262051 0 9 9.11111111111111 10.4343923258557 R1
243 -0.0345238339879861 0 4 4.14285714285714 4.13792810227435 R1
639 -0.0345238339879861 0 4 4.14285714285714 4.13792810227435 R1
56 -0.0345238339879861 0 4 4.14285714285714 4.13792810227435 R1
157 -0.0374240594282556 0 3 3.09090909090909 2.42916167561589 R1
304 -0.0374240594282556 0.48 3 3.09090909090909 2.42916167561589 R2
8 -0.0542581537141226 0.588235294117647 9 9.29411764705882 5.42070872165095 R2
693 -0.0542581537141226 0.416666666666667 9 9.29411764705882 5.42070872165095 R2
58 -0.0562330447785782 0.402777777777778 9 9.45454545454546 8.0832445821716 R2
189 -0.0562330447785782 0.18 9 9.45454545454546 8.0832445821716 R2
331 -0.0616626415978207 0.345679012345679 7 7.25 4.05431868505671 R2
485 -0.0696482616075342 0 5 5.42857142857143 6.15336863662752 R1
483 -0.0696482616075342 0 5 5.42857142857143 6.15336863662752 R1
603 -0.0696482616075342 0 5 5.42857142857143 6.15336863662752 R1
167 -0.0732252025938206 0.575 12 12.4 5.46260011349907 R2
358 -0.0898026510133878 0 6 6.4 4.45421149026402 R1
300 -0.0898026510133878 0 6 6.4 4.45421149026402 R1
355 -0.0898026510133878 0 6 6.4 4.45421149026402 R1
357 -0.0898026510133878 0 6 6.4 4.45421149026402 R1
356 -0.0898026510133878 0 6 6.4 4.45421149026402 R1
43 -0.0903712849693166 0.64 5 5.27272727272727 3.01785321321779 R3
42 -0.0903712849693166 0 5 5.27272727272727 3.01785321321779 R1
5 -0.0934538627031995 0.32 4 4.28571428571429 3.0572763655761 R2
11 -0.098772959664959 0.444444444444444 4 4.22222222222222 2.24982852570184 R2
109 -0.0987729596649591 0.59375 4 4.22222222222222 2.24982852570184 R2
375 -0.0987729596649591 0.444444444444444 4 4.22222222222222 2.24982852570184 R2
242 -0.0987729596649591 0.32 4 4.22222222222222 2.24982852570184 R2
633 -0.109241729571559 0.21875 7 7.46666666666667 4.27187182496021 R2
632 -0.109241729571559 0.21875 7 7.46666666666667 4.27187182496021 R2
574 -0.117041147196131 0.448979591836735 5 5.5 4.27200187265877 R2
809 -0.117041147196131 0 5 5.5 4.27200187265877 R1
611 -0.117041147196131 0.277777777777778 5 5.5 4.27200187265877 R2
114 -0.117041147196131 0.8046875 5 5.5 4.27200187265877 R4
808 -0.117041147196131 0.46875 5 5.5 4.27200187265877 R2
807 -0.117041147196131 0 5 5.5 4.27200187265877 R1
77 -0.11744404390294 0.493827160493827 6 6.28571428571428 2.43276948084663 R2
79 -0.11744404390294 0.244897959183674 6 6.28571428571428 2.43276948084663 R2
737 -0.131608881983519 0 6 6.92857142857143 7.05553770062197 R1
382 -0.131608881983519 0.48 6 6.92857142857143 7.05553770062197 R2
740 -0.131608881983519 0 6 6.92857142857143 7.05553770062197 R1
299 -0.131608881983519 0 6 6.92857142857143 7.05553770062197 R1
52 -0.131608881983519 0.375 6 6.92857142857143 7.05553770062197 R2
738 -0.131608881983519 0 6 6.92857142857143 7.05553770062197 R1
373 -0.134725198768495 0 6 6.8 5.93801313572141 R1
588 -0.134725198768495 0 6 6.8 5.93801313572141 R1
374 -0.134725198768495 0 6 6.8 5.93801313572141 R1
587 -0.134725198768495 0 6 6.8 5.93801313572141 R1
624 -0.139346602858324 0.32 4 4.4 2.87054001888146 R2
410 -0.143591631723548 0.32 8 8.66666666666667 4.6427960923947 R2
572 -0.150755672288882 0 3 3.2 1.32664991614216 R1
573 -0.150755672288882 0 3 3.2 1.32664991614216 R1
649 -0.171756516684171 0 6 6.93333333333334 5.43404903261729 R1
570 -0.171756516684171 0 6 6.93333333333334 5.43404903261729 R1
156 -0.179605302026775 0.680555555555556 6 7 5.56776436283002 R3
575 -0.197398588605137 0.429752066115702 8 9.07692307692308 5.45557637738374 R2
237 -0.199007438041998 0 5 5.66666666666667 3.34995854037363 R1
252 -0.199007438041998 0.277777777777778 5 5.66666666666667 3.34995854037363 R2
55 -0.202322382097894 0 7 9.11111111111111 10.4343923258557 R1
577 -0.208346730544583 0.277777777777778 5 5.81818181818182 3.92702019390094 R2
642 -0.215665546406877 0.625 4 4.4 1.85472369909914 R3
368 -0.232160872025113 0 4 5.42857142857143 6.15336863662752 R1
685 -0.23873587634214 0.34 8 9.29411764705882 5.42070872165095 R2
132 -0.25 0.612244897959184 4 4.5 2 R2
115 -0.251761733917746 0.58 6 7.1 4.36921045499069 R2
413 -0.256288209078374 0 11 12.4 5.46260011349907 R1
412 -0.256288209078374 0.357142857142857 11 12.4 5.46260011349907 R2
124 -0.264135271897687 0.408163265306122 5 6 3.78593889720018 R2
53 -0.273341524119617 0.448979591836735 5 6.92857142857143 7.05553770062197 R2
244 -0.27619067190389 0 3 4.14285714285714 4.13792810227435 R1
667 -0.27619067190389 0 3 4.14285714285714 4.13792810227435 R1
208 -0.298159299933739 0 6 9.11111111111111 10.4343923258557 R1
83 -0.301511344577763 0 3 3.33333333333333 1.10554159678513 R1
512 -0.301511344577764 0 3 3.33333333333333 1.10554159678513 R1
434 -0.303131697229113 0 5 6.8 5.93801313572141 R1
709 -0.318357269983507 0 5 6 3.14112506383727 R1
188 -0.318357269983507 0.617283950617284 5 6 3.14112506383727 R2
443 -0.333333333333333 0 3 3.6 1.8 R1
444 -0.333333333333333 0 3 3.6 1.8 R1
445 -0.333333333333333 0 3 3.6 1.8 R1
558 -0.337178135601362 0 3 3.875 2.59506743650334 R1
585 -0.337178135601362 0 3 3.875 2.59506743650334 R1
631 -0.343331150082043 0.493827160493827 6 7.46666666666667 4.27187182496021 R2
75 -0.358516324754016 0.375 6 8.625 7.32184232280374 R2
103 -0.358979079308869 0.21875 7 8.66666666666667 4.6427960923947 R2
285 -0.35921060405355 0.493827160493827 5 7 5.56776436283002 R2
287 -0.35921060405355 0 5 7 5.56776436283002 R1
830 -0.35921060405355 0.277777777777778 5 7 5.56776436283002 R2
284 -0.35921060405355 0.408163265306122 5 7 5.56776436283002 R2
163 -0.392232270276368 0.444444444444444 2 2.4 1.01980390271856 R2
799 -0.392232270276368 0 2 2.4 1.01980390271856 R1
367 -0.392232270276369 0.32 4 4.8 2.03960780543711 R2
247 -0.392232270276369 0 4 4.8 2.03960780543711 R1
135 -0.393996217769583 0.277777777777778 5 9.11111111111111 10.4343923258557 R2
295 -0.393996217769583 0 5 9.11111111111111 10.4343923258557 R1
359 -0.393996217769583 0 5 9.11111111111111 10.4343923258557 R1
90 -0.393996217769583 0 5 9.11111111111111 10.4343923258557 R1
91 -0.393996217769583 0 5 9.11111111111111 10.4343923258557 R1
319 -0.393996217769583 0 5 9.11111111111111 10.4343923258557 R1
54 -0.393996217769583 0 5 9.11111111111111 10.4343923258557 R1
615 -0.394673482442693 0 3 5.42857142857143 6.15336863662752 R1
261 -0.394673482442693 0.611111111111111 3 5.42857142857143 6.15336863662752 R2
829 -0.394673482442693 0 3 5.42857142857143 6.15336863662752 R1
778 -0.415074166255715 0.32 4 6.92857142857143 7.05553770062197 R2
196 -0.415074166255715 0.32 4 6.92857142857143 7.05553770062197 R2
93 -0.420542382164398 0.56 3 4.28571428571429 3.0572763655761 R2
751 -0.421732663190144 0.32 4 5.27272727272727 3.01785321321779 R2
753 -0.421732663190144 0.32 4 5.27272727272727 3.01785321321779 R2
684 -0.423213598970158 0.21875 7 9.29411764705882 5.42070872165095 R2
678 -0.439351215562926 0 10 12.4 5.46260011349907 R1
677 -0.439351215562926 0 10 12.4 5.46260011349907 R1
194 -0.445293626395763 0 4 5.63636363636363 3.67479689661959 R1
832 -0.445293626395763 0 4 5.63636363636363 3.67479689661959 R1
195 -0.445293626395763 0 4 5.63636363636363 3.67479689661959 R1
698 -0.447213595499958 0 2 2.5 1.11803398874989 R1
508 -0.449088713139071 0 2 3.09090909090909 2.42916167561589 R1
507 -0.449088713139071 0 2 3.09090909090909 2.42916167561589 R1
138 -0.449088713139071 0 2 3.09090909090909 2.42916167561589 R1
730 -0.449088713139071 0.444444444444444 2 3.09090909090909 2.42916167561589 R2
283 -0.449088713139071 0.444444444444444 2 3.09090909090909 2.42916167561589 R2
259 -0.462992734543519 0 4 5.81818181818182 3.92702019390094 R1
576 -0.462992734543519 0 4 5.81818181818182 3.92702019390094 R1
813 -0.471538195689732 0 4 6.8 5.93801313572141 R1
26 -0.471538195689732 0 4 6.8 5.93801313572141 R1
722 -0.480384461415261 0.611111111111111 3 4 2.08166599946613 R2
207 -0.489833135605427 0 4 9.11111111111111 10.4343923258557 R1
360 -0.489833135605427 0.444444444444444 4 9.11111111111111 10.4343923258557 R2
175 -0.489833135605427 0 4 9.11111111111111 10.4343923258557 R1
734 -0.5 0.444444444444444 2 2.4 0.8 R2
828 -0.5 0 2 2.4 0.8 R1
827 -0.5 0 2 2.4 0.8 R1
733 -0.5 0.444444444444444 2 2.4 0.8 R2
324 -0.5 0.72 2 2.5 1 R3
400 -0.5 0 2 2.4 0.8 R1
660 -0.5 0.48 2 2.4 0.8 R2
659 -0.5 0 2 2.4 0.8 R1
314 -0.5 0 2 2.5 1 R1
338 -0.5 0 2 2.5 1 R1
398 -0.5 0 2 2.4 0.8 R1
223 -0.5 0.625 2 2.5 1 R3
578 -0.517857509819794 0 2 4.14285714285714 4.13792810227435 R1
302 -0.517857509819794 0 2 4.14285714285714 4.13792810227435 R1
169 -0.517857509819794 0.444444444444444 2 4.14285714285714 4.13792810227435 R2
735 -0.517857509819794 0 2 4.14285714285714 4.13792810227435 R1
675 -0.527644853011086 0.625 2 3.55555555555556 2.94811092476036 R3
690 -0.527644853011086 0 2 3.55555555555556 2.94811092476036 R1
689 -0.527644853011086 0 2 3.55555555555556 2.94811092476036 R1
723 -0.528270543795374 0.444444444444444 4 6 3.78593889720018 R2
621 -0.528270543795374 0.32 4 6 3.78593889720018 R2
315 -0.538815906080325 0.444444444444444 4 7 5.56776436283002 R2
210 -0.538815906080325 0.444444444444444 4 7 5.56776436283002 R2
25 -0.543251278157274 0.612244897959184 3 4.22222222222222 2.24982852570184 R2
397 -0.543251278157274 0.375 3 4.22222222222222 2.24982852570184 R2
180 -0.551083838830066 0.66 5 9.45454545454546 8.0832445821716 R3
267 -0.551083838830066 0 5 9.45454545454546 8.0832445821716 R1
333 -0.554963774380387 0 5 7.25 4.05431868505671 R1
332 -0.554963774380387 0 5 7.25 4.05431868505671 R1
334 -0.554963774380387 0 5 7.25 4.05431868505671 R1
197 -0.556806808391812 0.375 3 6.92857142857143 7.05553770062197 R2
858 -0.556806808391812 0.375 3 6.92857142857143 7.05553770062197 R2
805 -0.557186092860272 0 2 5.42857142857143 6.15336863662752 R1
708 -0.557186092860272 0 2 5.42857142857143 6.15336863662752 R1
262 -0.557186092860272 0.444444444444444 2 5.42857142857143 6.15336863662752 R2
806 -0.557186092860272 0 2 5.42857142857143 6.15336863662752 R1
658 -0.557186092860272 0 2 5.42857142857143 6.15336863662752 R1
736 -0.557186092860272 0 2 5.42857142857143 6.15336863662752 R1
657 -0.557186092860272 0 2 5.42857142857143 6.15336863662752 R1
697 -0.557186092860272 0.444444444444444 2 5.42857142857143 6.15336863662752 R2
707 -0.557186092860272 0 2 5.42857142857143 6.15336863662752 R1
634 -0.577420570592527 0.277777777777778 5 7.46666666666667 4.27187182496021 R2
309 -0.577420570592527 0 5 7.46666666666667 4.27187182496021 R1
255 -0.577420570592527 0 5 7.46666666666667 4.27187182496021 R1
316 -0.584961618216725 0.32 4 6.375 4.06009544222793 R2
211 -0.585205735980653 0 3 5.5 4.27200187265877 R1
212 -0.585205735980653 0 3 5.5 4.27200187265877 R1
533 -0.585205735980653 0.5 3 5.5 4.27200187265877 R2
812 -0.585205735980653 0 3 5.5 4.27200187265877 R1
595 -0.585670053441272 0 3 9.11111111111111 10.4343923258557 R1
120 -0.585670053441272 0 3 9.11111111111111 10.4343923258557 R1
428 -0.585670053441272 0.375 3 9.11111111111111 10.4343923258557 R2
320 -0.585670053441272 0.375 3 9.11111111111111 10.4343923258557 R2
765 -0.588348405414552 0 2 2.85714285714286 1.45686271816937 R1
764 -0.588348405414552 0 2 2.85714285714286 1.45686271816937 R1
463 -0.588348405414552 0.375 3 4.28571428571429 2.18529407725405 R2
837 -0.588348405414552 0 3 4.28571428571429 2.18529407725405 R1
784 -0.607691321598175 0 6 9.29411764705882 5.42070872165095 R1
787 -0.607691321598175 0 6 9.29411764705882 5.42070872165095 R1
394 -0.612372435695795 0 4 7 4.89897948556635 R1
803 -0.622414222047479 0 9 12.4 5.46260011349907 R1
801 -0.622414222047479 0 9 12.4 5.46260011349907 R1
802 -0.622414222047479 0 9 12.4 5.46260011349907 R1
700 -0.632455532033676 0 2 2.57142857142857 0.903507902905251 R1
699 -0.632455532033676 0 2 2.57142857142857 0.903507902905251 R1
554 -0.632455532033676 0 2 2.57142857142857 0.903507902905251 R1
531 -0.632455532033676 0 2 2.57142857142857 0.903507902905251 R1
530 -0.632455532033676 0 2 2.57142857142857 0.903507902905251 R1
686 -0.636714539967013 0 4 6 3.14112506383727 R1
535 -0.636714539967013 0.489795918367347 4 6 3.14112506383727 R2
762 -0.636714539967013 0 4 6 3.14112506383727 R1
688 -0.636714539967013 0 4 6 3.14112506383727 R1
761 -0.636714539967013 0 4 6 3.14112506383727 R1
230 -0.646162342755963 0 5 7.45454545454545 3.79865134832294 R1
473 -0.674796537342937 0 4 9.45454545454546 8.0832445821716 R1
589 -0.681506971277116 0 2 9.11111111111111 10.4343923258557 R1
781 -0.681506971277116 0 2 9.11111111111111 10.4343923258557 R1
780 -0.681506971277116 0 2 9.11111111111111 10.4343923258557 R1
779 -0.681506971277116 0 2 9.11111111111111 10.4343923258557 R1
458 -0.69853945052791 0 2 6.92857142857143 7.05553770062197 R1
389 -0.69853945052791 0 2 6.92857142857143 7.05553770062197 R1
364 -0.69853945052791 0 2 6.92857142857143 7.05553770062197 R1
691 -0.69853945052791 0.444444444444444 2 6.92857142857143 7.05553770062197 R2
363 -0.69853945052791 0 2 6.92857142857143 7.05553770062197 R1
457 -0.69853945052791 0 2 6.92857142857143 7.05553770062197 R1
419 -0.69853945052791 0.444444444444444 2 6.92857142857143 7.05553770062197 R2
66 -0.69853945052791 0 2 6.92857142857143 7.05553770062197 R1
155 -0.707106781186545 0.375 3 3.33333333333333 0.471404520791033 R2
390 -0.707106781186545 0 3 3.33333333333333 0.471404520791033 R1
446 -0.707106781186548 0 1 1.33333333333333 0.471404520791032 R1
455 -0.707106781186548 0 1 1.33333333333333 0.471404520791032 R1
153 -0.70951034104092 0 4 7.1 4.36921045499069 R1
152 -0.70951034104092 0 4 7.1 4.36921045499069 R1
775 -0.70951034104092 0.32 4 7.1 4.36921045499069 R2
724 -0.70951034104092 0.5 4 7.1 4.36921045499069 R2
774 -0.70951034104092 0.5 4 7.1 4.36921045499069 R2
420 -0.70951034104092 0.32 4 7.1 4.36921045499069 R2
117 -0.70951034104092 0.5 4 7.1 4.36921045499069 R2
559 -0.717638738542455 0 3 5.81818181818182 3.92702019390094 R1
650 -0.717638738542455 0.375 3 5.81818181818182 3.92702019390094 R2
645 -0.7184212081071 0.56 3 7 5.56776436283002 R2
369 -0.719698703277851 0 1 5.42857142857143 6.15336863662752 R1
868 -0.722524576288632 0.444444444444444 2 3.875 2.59506743650334 R2
112 -0.722524576288632 0.444444444444444 2 3.875 2.59506743650334 R2
869 -0.722524576288632 0.444444444444444 2 3.875 2.59506743650334 R2
477 -0.722524576288632 0.625 2 3.875 2.59506743650334 R3
673 -0.722524576288632 0 2 3.875 2.59506743650334 R1
804 -0.722524576288632 0 2 3.875 2.59506743650334 R1
478 -0.722524576288632 0.625 2 3.875 2.59506743650334 R3
33 -0.723831034597577 0 3 6.93333333333334 5.43404903261729 R1
34 -0.723831034597577 0.375 3 6.93333333333334 5.43404903261729 R2
395 -0.723831034597577 0 3 6.93333333333334 5.43404903261729 R1
366 -0.747630901625596 0.625 2 4.28571428571429 3.0572763655761 R3
590 -0.747630901625596 0.444444444444444 2 4.28571428571429 3.0572763655761 R2
674 -0.747630901625596 0 2 4.28571428571429 3.0572763655761 R1
187 -0.75 0 3 4.5 2 R1
186 -0.75 0 3 4.5 2 R1
185 -0.75 0 3 4.5 2 R1
752 -0.753094041410972 0.375 3 5.27272727272727 3.01785321321779 R2
750 -0.759524347735698 0 1 4.14285714285714 4.13792810227435 R1
656 -0.759524347735698 0 1 4.14285714285714 4.13792810227435 R1
862 -0.768249267330034 0 3 8.625 7.32184232280374 R1
863 -0.768249267330034 0 3 8.625 7.32184232280374 R1
370 -0.777343889112961 0 1 9.11111111111111 10.4343923258557 R1
1 -0.777343889112961 0 1 9.11111111111111 10.4343923258557 R1
794 -0.777343889112961 0 1 9.11111111111111 10.4343923258557 R1
514 -0.789753974479512 0 5 8.66666666666667 4.6427960923947 R1
409 -0.789753974479512 0 5 8.66666666666667 4.6427960923947 R1
763 -0.796029752167991 0 3 5.66666666666667 3.34995854037363 R1
654 -0.805477228532032 0 8 12.4 5.46260011349907 R1
655 -0.805477228532032 0 8 12.4 5.46260011349907 R1
824 -0.808351192610969 0 2 6.8 5.93801313572141 R1
529 -0.808351192610969 0 2 6.8 5.93801313572141 R1
823 -0.808351192610969 0 2 6.8 5.93801313572141 R1
604 -0.811509991103012 0.5 4 7.46666666666667 4.27187182496021 R2
181 -0.816496580927726 0.56 3 7 4.89897948556635 R2
797 -0.819288030372914 0.444444444444444 2 5.5 4.27200187265877 R2
612 -0.819288030372914 0.625 2 5.5 4.27200187265877 R3
282 -0.836079617149941 0 2 4.4 2.87054001888146 R1
749 -0.840272092664008 0.5 1 6.92857142857143 7.05553770062197 R2
552 -0.847998304005088 0.444444444444444 2 3.77777777777778 2.09644025156813 R2
870 -0.847998304005088 0 2 3.77777777777778 2.09644025156813 R1
551 -0.847998304005088 0.444444444444444 2 3.77777777777778 2.09644025156813 R2
303 -0.860753366849887 0 1 3.09090909090909 2.42916167561589 R1
855 -0.860753366849887 0 1 3.09090909090909 2.42916167561589 R1
867 -0.866845115661071 0.5 1 3.55555555555556 2.94811092476036 R2
793 -0.866845115661071 0 1 3.55555555555556 2.94811092476036 R1
336 -0.898026510133875 0.64 2 7 5.56776436283002 R3
668 -0.904826914855373 0 2 8.625 7.32184232280374 R1
298 -0.904826914855373 0 2 8.625 7.32184232280374 R1
669 -0.904826914855373 0 2 8.625 7.32184232280374 R1
568 -0.907855873902046 0 2 6.93333333333334 5.43404903261729 R1
602 -0.907855873902046 0 2 6.93333333333334 5.43404903261729 R1
601 -0.907855873902046 0 2 6.93333333333334 5.43404903261729 R1
227 -0.909413667582467 0 4 7.45454545454545 3.79865134832294 R1
229 -0.909413667582467 0 4 7.45454545454545 3.79865134832294 R1
228 -0.909413667582467 0 4 7.45454545454545 3.79865134832294 R1
14 -0.922221934368681 0.5 2 9.45454545454546 8.0832445821716 R2
851 -0.922221934368681 0 2 9.45454545454546 8.0832445821716 R1
850 -0.922221934368681 0 2 9.45454545454546 8.0832445821716 R1
450 -0.922221934368681 0 2 9.45454545454546 8.0832445821716 R1
728 -0.930593346281361 0 4 9.07692307692308 5.45557637738374 R1
727 -0.930593346281361 0 4 9.07692307692308 5.45557637738374 R1
729 -0.930593346281361 0 4 9.07692307692308 5.45557637738374 R1
263 -0.938384644602507 0.375 3 7.1 4.36921045499069 R2
822 -0.95507180995052 0 3 6 3.14112506383727 R1
297 -0.960768922830522 0 3 7 4.16333199893227 R1
251 -0.960768922830523 0.5 2 4 2.08166599946613 R2
821 -0.960768922830523 0.444444444444444 2 4 2.08166599946613 R2
222 -0.97228474254139 0.625 2 5.81818181818182 3.92702019390094 R3
820 -0.97664676685421 0.5 4 9.29411764705882 5.42070872165095 R2
605 -0.976757691071587 0 1 6.8 5.93801313572141 R1
404 -0.976757691071587 0 1 6.8 5.93801313572141 R1
772 -0.98772959664959 0 2 4.22222222222222 2.24982852570184 R1
108 -0.98772959664959 0 2 4.22222222222222 2.24982852570184 R1
328 -0.98772959664959 0.5 2 4.22222222222222 2.24982852570184 R2
205 -0.987829161147263 0 2 6.4 4.45421149026402 R1
326 -0.987829161147263 0 2 6.4 4.45421149026402 R1
411 -0.987829161147263 0 2 6.4 4.45421149026402 R1
204 -0.987829161147263 0 2 6.4 4.45421149026402 R1
864 -0.989541391990585 0 2 5.63636363636363 3.67479689661959 R1
796 -1 0 2 3 1 R1
591 -1 0 3 3.5 0.5 R1
745 -1 0.444444444444444 2 3 1 R2
489 -1 0 2 3 1 R1
619 -1 0 2 3 1 R1
592 -1 0 3 3.5 0.5 R1
323 -1.02062072615966 0.444444444444444 2 7 4.89897948556635 R2
776 -1.02062072615966 0 2 7 4.89897948556635 R1
696 -1.02062072615966 0 2 7 4.89897948556635 R1
129 -1.02899151085505 0 2 4 1.9436506316151 R1
139 -1.04140456238071 0.5 1 8.625 7.32184232280374 R2
81 -1.04140456238071 0 1 8.625 7.32184232280374 R1
790 -1.0455994116135 0.375 3 7.46666666666667 4.27187182496021 R2
692 -1.0455994116135 0.693877551020408 3 7.46666666666667 4.27187182496021 R3
789 -1.04593463288155 0 1 9.45454545454546 8.0832445821716 R1
429 -1.04593463288155 0 1 9.45454545454546 8.0832445821716 R1
59 -1.04593463288155 0 1 9.45454545454546 8.0832445821716 R1
853 -1.04595272073698 0 2 4.28571428571429 2.18529407725405 R1
852 -1.04595272073698 0 2 4.28571428571429 2.18529407725405 R1
833 -1.05337032476518 0 1 5.5 4.27200187265877 R1
436 -1.07756087566239 0 2 6.375 4.06009544222793 R1
810 -1.07756087566239 0 2 6.375 4.06009544222793 R1
811 -1.07756087566239 0 2 6.375 4.06009544222793 R1
518 -1.07756087566239 0 2 6.375 4.06009544222793 R1
435 -1.07756087566239 0 2 6.375 4.06009544222793 R1
648 -1.09188071320651 0 1 6.93333333333334 5.43404903261729 R1
534 -1.16725894816409 0.444444444444444 2 7.1 4.36921045499069 R2
174 -1.18444612429575 0 1 4.4 2.87054001888146 R1
226 -1.20604537831105 0 2 3.33333333333333 1.10554159678513 R1
225 -1.20604537831105 0 2 3.33333333333333 1.10554159678513 R1
608 -1.20604537831106 0 2 3.33333333333333 1.10554159678513 R1
609 -1.20604537831106 0 2 3.33333333333333 1.10554159678513 R1
540 -1.22693074654033 0.5 1 5.81818181818182 3.92702019390094 R2
481 -1.25 0 2 4.5 2 R1
819 -1.261665274788 0 1 5.63636363636363 3.67479689661959 R1
439 -1.261665274788 0 1 5.63636363636363 3.67479689661959 R1
795 -1.27342907993403 0 2 6 3.14112506383727 R1
64 -1.2747548783982 0 1 2.85714285714286 1.45686271816937 R1
731 -1.27968883212398 0 2 7.46666666666667 4.27187182496021 R1
725 -1.29719072511947 0 2 9.07692307692308 5.45557637738374 R1
726 -1.29719072511947 0 2 9.07692307692308 5.45557637738374 R1
767 -1.30930734141596 0 1 3 1.52752523165195 R1
501 -1.30930734141596 0 1 3 1.52752523165195 R1
335 -1.32067635948844 0 1 6 3.78593889720018 R1
748 -1.32386050438522 0 1 6.375 4.06009544222793 R1
856 -1.32499735000795 0 1 3.77777777777778 2.09644025156813 R1
468 -1.33333333333333 0 3 5.4 1.8 R1
467 -1.33333333333333 0 3 5.4 1.8 R1
466 -1.33333333333333 0 3 5.4 1.8 R1
831 -1.34164078649987 0 1 2.5 1.11803398874989 R1
800 -1.34560221211025 0.625 2 9.29411764705882 5.42070872165095 R3
528 -1.34560221211025 0 2 9.29411764705882 5.42070872165095 R1
560 -1.35060650488382 0 3 6.28571428571428 2.43276948084663 R1
151 -1.35060650488382 0.375 3 6.28571428571428 2.43276948084663 R2
162 -1.37281294596729 0 1 2.4 1.01980390271856 R1
425 -1.37281294596729 0.444444444444444 2 4.8 2.03960780543711 R2
854 -1.39305206629398 0 1 5.66666666666667 3.34995854037363 R1
265 -1.39613325172568 0.5 1 7.1 4.36921045499069 R2
548 -1.41421356237309 0 5 7 1.4142135623731 R1
549 -1.41421356237309 0 5 7 1.4142135623731 R1
311 -1.41421356237309 0 2 2.66666666666667 0.471404520791032 R1
177 -1.41421356237309 0 2 2.66666666666667 0.471404520791032 R1
664 -1.41421356237309 0 2 2.66666666666667 0.471404520791032 R1
777 -1.41421356237309 0 2 2.66666666666667 0.471404520791032 R1
571 -1.41421356237309 0 1 2 0.707106781186548 R1
509 -1.41421356237309 0 3 4 0.707106781186548 R1
865 -1.41581679785263 0 1 5.27272727272727 3.01785321321779 R1
754 -1.41581679785263 0 1 5.27272727272727 3.01785321321779 R1
705 -1.43220791514191 0.5 1 4.22222222222222 2.24982852570184 R2
456 -1.43220791514191 0 1 4.22222222222222 2.24982852570184 R1
834 -1.44115338424578 0.5 1 7 4.16333199893227 R2
718 -1.44444444444444 0 1 3.6 1.8 R1
622 -1.44444444444444 0 1 3.6 1.8 R1
275 -1.5 0 1 2.5 1 R1
567 -1.54156603994552 0 1 7.25 4.05431868505671 R1
773 -1.54348726628258 0 1 4 1.9436506316151 R1
128 -1.54348726628258 0 1 4 1.9436506316151 R1
566 -1.58113883008419 0 2 4.5 1.58113883008419 R1
565 -1.58113883008419 0 2 4.5 1.58113883008419 R1
564 -1.58113883008419 0.444444444444444 2 4.5 1.58113883008419 R2
563 -1.58113883008419 0.444444444444444 2 4.5 1.58113883008419 R2
451 -1.63299316185545 0.611111111111111 3 5 1.22474487139159 R2
515 -1.6513037648208 0 1 8.66666666666667 4.6427960923947 R1
376 -1.6583123951777 0.5 1 3.2 1.32664991614216 R2
486 -1.69916764206198 0 1 7.45454545454545 3.79865134832294 R1
74 -1.73205080756887 0.21875 7 9 1.15470053837926 R2
744 -1.73205080756888 0 3 4.5 0.866025403784439 R1
165 -1.73205080756888 0.64 2 4 1.15470053837925 R3
859 -1.83315714445845 0 1 4.4 1.85472369909914 R1
672 -1.83711730708738 0 1 2.8 0.979795897113272 R1
437 -1.90385526743935 0 2 12.4 5.46260011349907 R1
438 -1.90385526743935 0 2 12.4 5.46260011349907 R1
866 -2.97671655082378 0 2 8.72727272727273 2.25996416266474 R1
