1049 0
127 1
71 1
1648 0
2898 0
882 0
1050 0
2266 0
560 1
1178 0
898 0
798 0
1031 0
512 0
1273 0
463 0
517 0
458 0
3401 0
451 0
454 0
1364 1
1250 0
1363 0
722 0
634 0
1109 0
578 1
2067 0
1630 0
1597 0
695 0
978 0
3324 0
728 1
1638 0
742 0
325 0
378 0
29 1
889 0
3331 0
350 0
1233 0
3390 0
2203 0
540 1
1162 0
1615 0
58 1
684 0
211 0
153 0
861 0
337 0
101 1
340 0
76 1
3256 0
311 1
982 0
571 0
1214 0
1190 0
825 0
389 1
917 0
1660 0
495 0
1703 0
1345 0
1171 0
2290 0
3302 0
1123 0
966 0
2314 0
2086 0
2216 0
1322 0
992 0
758 0
236 1
706 0
218 1
1172 0
14 2
2345 0
1259 0
1608 0
834 0
3391 0
2328 0
285 1
234 1
594 0
1216 0
2274 0
2285 0
2194 0
1135 0
1203 0
2188 0
96 1
1068 0
1778 0
1667 0
2339 0
486 0
1354 0
2134 0
160 1
569 0
8 2
98 1
1048 0
1000 0
1061 0
43 3
686 0
391 1
943 0
193 1
288 1
1555 0
119 1
180 0
586 0
1585 0
410 0
246 0
690 0
999 0
2227 0
1168 0
61 1
3374 0
1180 0
1185 0
2169 0
430 1
447 0
1446 0
536 0
1653 0
415 0
2237 0
1315 0
1688 0
189 0
1292 0
2330 0
1356 0
3326 0
480 0
1153 0
438 0
107 0
3311 0
87 0
1022 1
444 1
508 1
953 0
1336 0
221 0
39 0
1424 0
1089 0
1560 0
558 1
417 0
12 2
784 0
1554 0
2168 0
260 0
573 0
1084 0
1530 0
762 0
3413 0
1144 0
638 0
734 0
2350 0
1723 0
875 0
1 4
506 0
116 0
136 1
1197 0
144 1
661 0
381 0
581 0
308 0
906 0
2205 0
1349 0
177 0
678 0
1517 0
373 0
2213 0
3346 0
773 0
1247 0
205 0
22 2
1991 0
927 0
1309 0
1576 0
3296 0
301 1
51 0
1260 0
456 0
874 0
652 0
975 0
1708 0
493 0
1033 0
2220 0
1436 0
1591 0
1677 0
2199 0
2258 0
2174 0
1539 0
1320 0
796 0
2349 0
1026 0
366 0
844 0
1541 0
272 0
775 0
2343 0
1499 0
534 0
919 0
746 0
400 0
744 0
1268 0
20 1
888 0
633 0
1011 0
151 0
1669 0
1627 0
1161 0
468 1
1285 0
2093 0
1019 0
700 0
287 1
78 1
475 1
3406 0
990 0
294 0
413 1
349 0
2316 0
2218 0
1442 0
1614 0
764 0
1959 0
1525 0
515 0
3251 0
1242 0
1208 0
1107 0
138 1
2081 0
606 0
137 1
1201 0
724 0
666 0
432 0
519 0
860 0
1074 0
2308 0
1195 0
1567 0
1063 0
17 1
1327 0
2158 0
2192 0
1274 0
708 0
110 1
333 0
1601 0
710 1
1656 0
323 0
856 0
1664 0
2210 0
112 1
545 0
191 0
187 0
588 0
1684 0
646 0
756 0
2326 0
446 0
2181 0
262 1
2229 0
1220 0
212 0
1582 0
3384 0
1599 0
1331 0
2306 0
1149 0
542 0
2337 0
961 0
2283 0
2243 0
1087 0
1662 0
1288 0
810 0
574 0
1238 0
170 0
33 2
660 0
1559 0
7 0
1701 0
227 0
26 0
977 0
2250 0
566 0
526 0
2013 0
806 0
264 1
255 2
2230 0
359 1
182 0
1229 0
2299 0
108 0
604 0
1001 0
556 1
717 0
232 1
477 0
815 0
671 0
1338 0
1511 0
225 1
330 0
207 0
142 0
2249 0
1510 0
167 0
48 0
360 1
692 0
1605 0
854 0
969 0
2321 0
1174 0
1076 0
766 0
510 0
393 0
2276 0
449 0
1501 0
658 0
3262 0
274 1
1579 0
549 0
877 0
659 0
1508 0
1141 0
682 0
2971 0
353 1
375 0
984 0
1155 0
946 0
788 0
128 1
1724 0
250 0
303 0
1361 0
614 0
501 1
278 0
1313 0
1617 0
490 1
155 0
130 0
53 0
387 0
1465 0
2239 0
1112 0
626 0
3341 0
461 0
583 0
1562 0
257 1
1358 0
782 0
951 0
85 2
809 1
2200 0
1156 0
2281 0
1557 0
425 0
2342 0
591 0
832 0
736 0
539 1
781 0
3428 0
828 1
276 0
102 1
1698 0
520 0
1218 0
532 0
1193 0
55 1
1543 0
1681 0
259 0
57 2
424 0
872 1
1625 0
163 0
1106 0
1836 0
1146 0
395 0
89 0
175 0
1531 0
584 0
988 0
35 0
2295 0
1550 0
347 0
1333 0
665 0
434 1
1476 0
865 1
1207 0
1584 0
904 0
930 0
442 0
1675 0
1577 0
649 0
1572 0
689 0
3129 0
886 0
648 0
642 1
1318 0
1116 0
2245 0
1329 0
1028 0
1589 0
1725 0
198 1
1098 0
1718 0
1059 0
727 1
939 0
320 0
811 0
913 0
1670 0
249 0
465 0
361 0
202 0
3342 0
1612 0
184 1
3282 0
819 0
1177 0
1189 0
1127 0
776 0
1537 0
894 0
2183 0
858 0
1298 0
140 2
1570 0
2222 0
1269 0
181 1
412 0
385 0
954 0
1359 0
307 1
1671 0
801 0
985 0
2041 0
971 0
154 1
830 0
754 0
479 0
847 1
1101 0
1166 0
704 0
326 0
1563 0
2166 0
1003 0
1165 0
681 0
1054 0
2101 0
619 1
1717 0
335 0
1029 0
5 3
698 1
1634 0
621 0
524 0
554 0
2176 0
2714 0
552 0
598 0
780 0
2317 0
1623 0
3334 0
3277 0
240 1
74 2
1666 0
890 0
440 0
2209 0
230 1
115 1
299 0
377 0
922 0
602 0
1694 0
841 0
2319 0
1311 0
1044 0
1072 0
1350 0
612 0
936 0
2251 0
91 1
1086 0
1240 0
701 0
467 1
474 0
481 0
867 0
214 0
564 0
817 0
563 0
1650 0
2074 0
1967 0
731 0
657 0
229 0
2139 0
768 1
1092 0
673 0
503 0
2255 0
1636 0
68 2
315 0
338 0
761 0
1347 0
576 0
222 1
1504 0
25 2
2270 0
738 0
484 0
1036 0
305 0
2334 0
1078 0
1243 0
1265 0
544 0
623 0
1512 0
1644 0
3253 0
1196 0
1526 0
1114 0
217 0
328 0
239 1
122 1
158 0
628 0
269 0
1223 0
281 0
878 0
2277 0
363 0
46 1
1316 0
733 0
2159 0
1418 0
997 0
630 0
36 0
2263 0
472 0
1368 0
748 0
1655 0
317 0
608 0
3263 0
132 0
711 0
1254 0
1234 0
1642 0
892 0
2226 0
2180 0
1314 0
1428 0
546 0
537 1
125 0
522 0
1632 0
1018 0
44 1
1687 0
1125 0
2279 0
667 0
1007 0
741 0
1188 0
3298 0
998 0
1186 0
1564 0
714 0
313 0
2240 0
2076 0
529 0
1545 0
1058 0
987 0
1324 0
397 0
1150 0
1096 0
3305 0
1535 0
1335 0
2185 0
908 0
1191 0
459 0
284 0
3409 0
823 1
903 0
1340 0
247 1
289 1
165 0
729 0
771 0
2 3
808 0
401 1
845 0
186 0
1231 0
1119 0
1249 0
3270 0
147 1
973 0
1046 0
1705 0
1142 0
1291 0
319 0
915 0
1586 0
1052 0
1179 0
735 0
404 0
516 0
1493 0
974 0
702 0
1668 0
1715 0
2297 0
344 0
2163 0
2214 0
1613 0
636 0
1710 0
1104 0
2195 0
561 1
1133 0
2224 0
209 0
2221 0
1118 0
1575 0
357 1
1307 0
117 0
1812 0
1941 0
2207 0
455 0
80 2
600 0
336 0
1673 0
457 0
821 0
383 0
696 0
963 0
297 1
1721 0
2172 0
92 1
2272 0
1212 0
2253 0
1596 0
980 0
10 1
550 0
1477 0
1651 0
1081 0
505 0
670 0
1094 0
1569 0
958 0
419 0
995 0
2178 0
837 0
1225 0
290 0
592 0
3299 0
625 1
149 1
712 0
210 1
406 0
2289 0
3365 0
1640 0
173 0
530 0
3283 0
66 1
19 1
1030 0
365 1
763 0
470 0
1524 0
2021 0
793 0
3430 0
1205 0
1696 0
654 0
570 0
2261 0
252 0
1159 0
883 0
283 0
156 1
655 0
421 0
59 1
2332 0
1367 0
271 1
1226 0
1070 0
1024 0
2247 0
491 0
864 0
1016 0
219 0
2300 0
13 3
1170 0
799 0
105 1
1514 0
925 0
840 0
1647 0
597 0
390 1
111 2
1042 0
1515 0
1686 0
38 1
408 0
3265 0
196 1
945 0
242 1
1169 0
559 0
1588 0
32 1
443 0
206 1
118 1
959 0
1674 0
331 1
1065 0
358 0
2234 0
1659 0
737 0
580 0
767 0
2228 0
84 1
1020 0
2173 0
805 0
437 1
194 2
220 0
1312 0
846 0
1021 0
31 1
1263 0
1689 0
2307 0
2161 0
948 0
2160 0
1654 0
572 0
968 0
675 1
226 0
15 2
3268 0
527 0
431 0
1145 0
382 1
2236 0
1506 0
62 1
833 0
139 0
129 1
926 0
2020 0
548 0
859 0
1083 1
739 0
1110 0
1293 0
2204 0
876 0
662 0
418 0
2324 0
783 0
2217 0
1357 0
168 1
135 0
348 0
2333 0
1518 0
145 1
1152 0
789 0
49 2
178 0
1131 0
2052 0
124 1
772 0
1090 0
627 0
993 0
1308 0
1429 0
715 0
2201 0
23 2
1722 0
1528 0
364 1
388 0
653 0
2303 0
1692 0
950 0
2259 0
1445 0
1678 0
1025 0
509 0
2212 0
1015 0
367 0
976 0
716 0
485 0
2340 0
685 0
778 0
743 0
2265 0
21 2
523 0
720 0
460 1
2129 0
453 1
324 0
723 0
244 1
1202 0
3162 0
637 0
351 0
3303 0
1040 0
595 0
488 0
1138 0
752 0
1012 0
1232 0
835 0
1498 0
2182 0
379 1
1607 0
1032 0
1536 0
901 0
113 1
1639 0
1035 0
2191 0
152 0
342 1
452 1
862 0
295 0
579 0
341 1
535 0
1056 0
1618 0
77 2
2189 0
2287 0
541 0
2260 0
1215 0
2284 0
64 1
1712 0
1473 0
2344 0
881 0
765 0
1628 0
897 0
312 0
45 1
507 1
405 1
237 1
1002 0
1173 0
370 0
309 1
567 1
416 0
2113 0
380 1
100 1
3383 0
914 0
300 1
965 0
824 0
286 1
120 0
1075 0
800 0
2232 0
1148 0
392 0
3125 0
254 2
2313 0
1321 0
1365 0
496 0
2242 0
2254 0
605 0
1568 0
607 0
1699 0
813 0
42 1
759 0
644 0
851 0
3360 0
399 0
1228 0
235 1
1073 0
2291 0
2187 0
694 0
3399 0
436 0
1342 0
213 1
94 0
816 0
1103 0
3031 0
1450 0
2244 0
568 0
1062 0
2273 0
265 0
296 0
1129 0
791 0
171 1
1143 0
1700 0
1355 0
2231 0
386 1
916 0
445 0
200 1
1352 0
329 1
525 0
2338 0
787 0
27 1
1621 0
1561 0
2331 0
161 1
582 0
109 1
1310 0
557 0
718 0
2318 0
1581 0
1604 0
1507 0
1239 0
3035 0
441 0
868 1
672 0
769 0
1140 0
1181 0
983 0
275 0
803 0
197 0
2208 0
3314 0
853 0
751 1
1500 0
60 0
691 0
1067 0
2167 0
2275 0
1676 0
346 0
3410 0
911 0
427 0
1111 0
677 1
907 0
82 2
2202 0
650 0
1154 0
2238 0
1210 0
590 0
895 0
69 0
664 0
1157 0
1470 0
1790 0
224 1
2264 0
1690 0
3264 0
617 0
79 0
352 0
1006 0
126 1
1034 0
251 0
426 0
369 0
1548 0
651 0
279 1
176 2
956 0
498 0
629 0
483 0
256 0
2267 0
372 0
1540 0
920 0
1661 0
428 1
2305 0
887 0
1606 0
1160 0
99 0
72 0
500 0
869 0
1592 0
1221 0
1496 0
1200 0
790 0
533 1
918 0
2080 0
1682 0
1122 0
1108 0
1275 0
1598 0
2211 0
1053 0
462 0
414 0
2282 0
1014 0
843 0
1491 0
1362 0
1209 0
2315 0
632 1
263 1
1371 0
991 0
394 0
2257 0
514 0
610 0
2348 0
725 0
513 0
2246 0
615 0
50 1
476 1
1519 0
1198 0
3252 0
3319 0
1409 0
1626 0
2219 0
797 0
2197 0
1077 0
1136 0
1716 0
1175 0
293 1
1272 0
1299 0
1663 0
1236 0
967 0
1683 0
1611 0
322 0
645 0
1326 0
469 1
635 0
1088 0
575 0
1382 0
1176 0
1566 0
1039 0
979 0
709 0
28 0
40 0
310 0
192 1
2087 0
1337 0
699 0
215 0
1115 0
687 0
3320 0
960 0
818 0
150 0
2184 0
2298 0
1038 0
2336 0
2293 0
1707 0
245 0
543 0
267 0
2190 0
826 0
354 0
1344 0
1064 0
757 0
332 1
2329 0
9 1
1099 0
1217 0
1600 0
34 1
745 0
3288 0
603 0
90 1
620 0
565 0
3396 0
1547 0
891 0
1045 0
1619 0
730 0
16 2
3266 0
1360 0
921 0
233 0
1013 0
1069 0
2311 0
1224 0
368 0
2198 0
1693 0
316 0
994 0
2288 0
611 0
1370 0
849 0
2954 0
11 3
2320 0
492 0
208 0
842 0
511 0
1523 0
2271 0
93 1
899 0
292 0
291 0
374 0
199 0
114 0
1306 0
429 0
1328 0
1091 0
409 1
73 1
67 2
795 0
241 1
812 0
489 0
585 0
1609 0
794 0
327 0
1080 0
1281 0
1113 0
732 0
674 1
2280 0
1317 0
280 0
957 0
273 1
471 0
2233 0
1603 0
622 0
970 0
1509 0
2262 0
24 1
2256 0
1658 0
1325 0
104 2
1643 0
131 2
1565 0
502 1
314 0
3385 0
1635 0
1237 0
1513 0
1502 0
2175 0
1264 0
355 0
159 1
747 0
553 0
2058 0
1633 0
555 0
1037 0
47 2
1017 0
37 1
855 0
270 0
195 1
1057 0
1706 0
538 0
680 0
2186 0
679 1
831 0
1602 0
521 0
1147 0
1332 0
162 1
880 0
1241 0
433 1
647 0
2164 0
1206 0
334 0
786 0
986 0
2292 0
1117 0
740 0
1008 0
1027 0
103 0
201 0
871 1
423 0
1680 0
719 0
1139 0
1319 0
1529 0
902 0
1222 0
827 0
266 2
820 0
174 0
1624 0
1571 0
422 0
905 0
1695 0
1219 0
1552 0
1194 0
3308 0
97 2
1704 0
41 1
668 1
52 2
688 0
750 1
302 0
1126 0
774 0
866 0
910 0
1341 0
2223 0
693 0
770 0
593 0
188 0
402 1
1097 0
641 0
893 0
3366 0
2309 0
1641 0
838 0
616 0
2962 0
640 0
804 0
1121 0
870 1
83 1
896 0
3375 0
1726 0
2165 0
1494 0
2347 0
962 0
1085 1
755 0
1714 0
777 0
2018 0
143 2
464 0
1672 0
2323 0
2325 0
1685 0
1051 0
6 3
562 0
2268 0
1497 0
1102 0
2269 0
2327 0
497 0
518 0
183 0
3179 0
1211 0
362 1
439 0
169 1
411 0
1542 0
1711 0
1593 0
705 0
478 0
384 0
398 1
836 0
1720 0
955 0
2206 0
407 0
2177 0
18 1
912 0
376 0
785 1
1432 0
599 1
1167 0
609 0
587 0
1595 0
1235 0
190 0
95 2
298 0
923 0
822 0
601 0
243 2
231 0
1610 0
779 0
551 0
148 1
753 0
343 0
504 1
697 1
981 0
3177 0
726 0
2171 0
857 0
1010 0
106 1
707 1
157 0
964 0
1665 0
2009 0
65 1
935 0
203 0
261 0
1213 0
1093 0
2252 0
81 1
1023 0
321 0
1199 0
1300 0
792 0
624 0
86 1
1158 0
2170 0
656 0
371 0
1079 0
1248 0
204 0
2335 0
1041 0
1590 0
435 0
814 0
1652 0
1516 0
885 0
884 0
1709 0
2301 0
339 0
760 0
228 0
863 0
749 0
268 0
531 0
829 0
345 1
172 0
596 0
3323 0
1297 0
1366 0
223 0
721 0
2352 0
613 0
1043 0
282 0
669 0
420 0
1082 0
121 0
1066 0
952 0
639 0
989 0
1505 0
1071 0
487 0
494 1
1348 0
2248 0
2235 0
238 0
873 0
1137 0
577 0
253 0
448 1
1227 0
216 0
3278 0
2278 0
852 0
3381 0
643 0
3351 0
63 1
1637 0
1120 0
179 1
1532 0
1105 0
1187 0
713 0
2193 0
676 0
1334 0
1251 0
277 0
1192 0
879 0
938 0
1679 0
3306 0
1620 0
1095 0
2241 0
1183 0
1262 0
1290 0
1527 0
2162 0
1132 0
929 0
2215 0
133 1
123 0
304 1
631 0
547 1
1538 0
1583 0
1544 0
1616 0
258 1
396 0
1631 0
482 0
2294 0
949 0
499 0
56 1
1369 0
54 0
1151 0
3347 0
306 1
1204 0
70 1
839 0
1047 0
1055 0
166 0
1276 0
2225 0
88 1
1009 1
141 0
30 1
909 0
403 1
466 0
1124 0
134 1
75 1
1230 0
618 0
3438 0
848 0
3290 0
1917 0
1163 0
450 0
1629 0
2196 0
1702 0
1323 0
1713 0
1060 0
1492 0
703 0
900 0
1134 0
318 1
972 0
1100 0
473 0
3304 0
1461 0
185 1
3 1
248 0
146 0
1351 0
1719 0
356 0
802 0
4 3
1985 0
528 0
164 1
1691 0
807 0
2003 0
3269 0
