1049 8
127 22
71 36
1648 4
2898 3
882 7
1050 5
2266 3
560 11
1178 7
898 4
798 12
1031 6
512 7
1273 4
463 10
517 7
458 6
3401 3
451 12
454 9
1364 9
1250 4
1363 6
722 11
634 14
1109 6
578 12
2067 4
1630 3
1597 4
695 10
978 8
3324 3
728 12
1638 5
742 4
325 25
378 14
29 25
889 7
3331 3
350 11
1233 8
3390 3
2203 3
540 11
1162 7
1615 6
58 28
684 8
211 10
153 14
861 9
337 13
101 26
340 10
76 34
3256 3
311 19
982 5
571 6
1214 6
1190 5
825 7
389 13
917 9
1660 5
495 15
1703 3
1345 6
1171 7
2290 3
3302 3
1123 6
966 4
2314 3
2086 4
2216 4
1322 7
992 8
758 6
236 19
706 11
218 13
1172 7
14 27
2345 4
1259 6
1608 6
834 8
3391 3
2328 3
285 23
234 18
594 6
1216 4
2274 3
2285 3
2194 3
1135 5
1203 5
2188 3
96 37
1068 7
1778 4
1667 4
2339 4
486 12
1354 3
2134 4
160 22
569 11
8 45
98 30
1048 5
1000 4
1061 3
43 34
686 7
391 14
943 8
193 15
288 20
1555 4
119 32
180 10
586 9
1585 4
410 11
246 14
690 9
999 7
2227 4
1168 6
61 21
3374 3
1180 8
1185 4
2169 5
430 17
447 12
1446 3
536 6
1653 4
415 8
2237 4
1315 7
1688 5
189 18
1292 4
2330 3
1356 4
3326 3
480 12
1153 5
438 13
107 27
3311 3
87 12
1022 8
444 19
508 12
953 7
1336 7
221 16
39 25
1424 6
1089 6
1560 3
558 16
417 13
12 38
784 6
1554 4
2168 5
260 14
573 7
1084 7
1530 4
762 7
3413 3
1144 6
638 9
734 8
2350 3
1723 5
875 7
1 64
506 10
116 15
136 21
1197 5
144 31
661 8
381 15
581 12
308 6
906 8
2205 3
1349 5
177 16
678 13
1517 5
373 7
2213 4
3346 3
773 13
1247 7
205 20
22 37
1991 4
927 5
1309 4
1576 4
3296 3
301 20
51 25
1260 5
456 10
874 6
652 13
975 7
1708 4
493 13
1033 5
2220 3
1436 5
1591 5
1677 5
2199 4
2258 3
2174 5
1539 4
1320 7
796 10
2349 3
1026 6
366 16
844 4
1541 5
272 10
775 6
2343 3
1499 7
534 8
919 6
746 11
400 13
744 6
1268 5
20 48
888 7
633 12
1011 8
151 34
1669 3
1627 4
1161 5
468 12
1285 6
2093 4
1019 5
700 9
287 18
78 21
475 11
3406 3
990 7
294 15
413 12
349 9
2316 3
2218 4
1442 4
1614 6
764 9
1959 4
1525 4
515 13
3251 4
1242 7
1208 4
1107 8
138 24
2081 4
606 14
137 30
1201 5
724 8
666 8
432 15
519 13
860 5
1074 8
2308 4
1195 4
1567 5
1063 5
17 33
1327 6
2158 5
2192 3
1274 4
708 11
110 22
333 8
1601 6
710 12
1656 4
323 12
856 6
1664 5
2210 4
112 18
545 11
191 31
187 11
588 7
1684 4
646 7
756 6
2326 3
446 14
2181 3
262 14
2229 3
1220 5
212 19
1582 4
3384 3
1599 4
1331 6
2306 3
1149 8
542 11
2337 3
961 6
2283 3
2243 3
1087 6
1662 5
1288 6
810 11
574 9
1238 7
170 24
33 29
660 8
1559 3
7 38
1701 5
227 15
26 26
977 6
2250 3
566 7
526 16
2013 4
806 7
264 24
255 27
2230 3
359 23
182 23
1229 7
2299 3
108 28
604 7
1001 6
556 15
717 9
232 24
477 14
815 6
671 10
1338 5
1511 4
225 16
330 12
207 12
142 19
2249 4
1510 5
167 10
48 24
360 13
692 9
1605 5
854 7
969 8
2321 3
1174 7
1076 8
766 9
510 14
393 12
2276 3
449 11
1501 6
658 8
3262 3
274 17
1579 5
549 7
877 8
659 6
1508 5
1141 6
682 6
2971 3
353 14
375 16
984 8
1155 7
946 8
788 6
128 29
1724 6
250 16
303 17
1361 7
614 5
501 14
278 9
1313 7
1617 6
490 14
155 16
130 16
53 27
387 14
1465 4
2239 3
1112 6
626 10
3341 3
461 10
583 9
1562 5
257 20
1358 5
782 7
951 9
85 33
809 11
2200 3
1156 7
2281 4
1557 5
425 13
2342 3
591 7
832 10
736 8
539 14
781 6
3428 3
828 12
276 9
102 25
1698 4
520 12
1218 6
532 14
1193 6
55 25
1543 4
1681 4
259 22
57 30
424 11
872 10
1625 5
163 17
1106 5
1836 4
1146 7
395 17
89 24
175 26
1531 4
584 9
988 8
35 35
2295 3
1550 4
347 12
1333 6
665 9
434 19
1476 5
865 11
1207 5
1584 4
904 6
930 6
442 13
1675 3
1577 4
649 7
1572 4
689 6
3129 3
886 7
648 8
642 11
1318 7
1116 5
2245 3
1329 5
1028 6
1589 5
1725 6
198 27
1098 6
1718 4
1059 6
727 10
939 7
320 20
811 6
913 8
1670 4
249 9
465 9
361 10
202 19
3342 3
1612 6
184 23
3282 3
819 9
1177 6
1189 8
1127 6
776 6
1537 5
894 7
2183 3
858 7
1298 6
140 30
1570 4
2222 3
1269 6
181 26
412 10
385 14
954 7
1359 3
307 20
1671 4
801 11
985 7
2041 4
971 5
154 15
830 10
754 8
479 11
847 8
1101 4
1166 7
704 7
326 10
1563 4
2166 5
1003 4
1165 5
681 7
1054 6
2101 4
619 14
1717 3
335 13
1029 7
5 56
698 10
1634 5
621 8
524 8
554 7
2176 5
2714 3
552 15
598 9
780 9
2317 3
1623 4
3334 3
3277 3
240 21
74 34
1666 5
890 6
440 9
2209 4
230 18
115 24
299 16
377 16
922 6
602 7
1694 4
841 9
2319 4
1311 6
1044 5
1072 10
1350 5
612 10
936 6
2251 4
91 28
1086 8
1240 7
701 9
467 11
474 7
481 13
867 10
214 19
564 7
817 7
563 12
1650 4
2074 4
1967 4
731 10
657 5
229 12
2139 4
768 13
1092 6
673 12
503 10
2255 3
1636 3
68 41
315 10
338 14
761 6
1347 5
576 11
222 20
1504 6
25 46
2270 3
738 9
484 7
1036 5
305 12
2334 4
1078 6
1243 8
1265 4
544 9
623 13
1512 5
1644 6
3253 3
1196 4
1526 5
1114 7
217 11
328 14
239 20
122 16
158 9
628 8
269 15
1223 7
281 15
878 11
2277 3
363 11
46 24
1316 7
733 10
2159 5
1418 4
997 6
630 11
36 26
2263 4
472 7
1368 4
748 9
1655 4
317 15
608 13
3263 3
132 16
711 10
1254 6
1234 6
1642 6
892 6
2226 4
2180 3
1314 7
1428 5
546 14
537 13
125 12
522 11
1632 5
1018 5
44 47
1687 3
1125 6
2279 3
667 12
1007 7
741 7
1188 7
3298 3
998 4
1186 6
1564 5
714 9
313 11
2240 4
2076 3
529 11
1545 4
1058 5
987 13
1324 7
397 12
1150 6
1096 6
3305 3
1535 5
1335 6
2185 4
908 7
1191 6
459 13
284 11
3409 3
823 9
903 5
1340 5
247 14
289 20
165 16
729 9
771 6
2 62
808 9
401 15
845 7
186 26
1231 6
1119 7
1249 6
3270 3
147 27
973 7
1046 5
1705 5
1142 8
1291 6
319 9
915 10
1586 4
1052 6
1179 6
735 7
404 10
516 7
1493 3
974 8
702 8
1668 3
1715 3
2297 4
344 16
2163 5
2214 3
1613 6
636 10
1710 4
1104 6
2195 3
561 18
1133 6
2224 4
209 18
2221 4
1118 5
1575 4
357 14
1307 5
117 19
1812 4
1941 3
2207 4
455 8
80 38
600 12
336 19
1673 5
457 9
821 8
383 10
696 9
963 6
297 13
1721 4
2172 5
92 25
2272 3
1212 4
2253 3
1596 5
980 8
10 28
550 11
1477 6
1651 5
1081 7
505 14
670 13
1094 6
1569 4
958 5
419 12
995 5
2178 5
837 6
1225 7
290 19
592 6
3299 3
625 11
149 18
712 11
210 18
406 14
2289 3
3365 3
1640 6
173 17
530 8
3283 3
66 24
19 39
1030 7
365 16
763 6
470 10
1524 5
2021 3
793 7
3430 3
1205 5
1696 4
654 12
570 11
2261 3
252 17
1159 5
883 8
283 12
156 21
655 11
421 8
59 32
2332 3
1367 4
271 18
1226 7
1070 6
1024 9
2247 4
491 13
864 10
1016 7
219 11
2300 3
13 43
1170 6
799 10
105 19
1514 4
925 6
840 8
1647 5
597 13
390 15
111 35
1042 5
1515 4
1686 5
38 24
408 16
3265 3
196 21
945 4
242 22
1169 4
559 13
1588 4
32 42
443 11
206 20
118 20
959 7
1674 5
331 18
1065 9
358 12
2234 4
1659 4
737 7
580 9
767 11
2228 3
84 21
1020 5
2173 5
805 7
437 13
194 21
220 12
1312 7
846 7
1021 7
31 20
1263 5
1689 3
2307 3
2161 5
948 6
2160 5
1654 4
572 8
968 5
675 13
226 13
15 33
3268 3
527 7
431 11
1145 9
382 18
2236 3
1506 5
62 22
833 5
139 15
129 35
926 6
2020 4
548 7
859 5
1083 10
739 6
1110 6
1293 4
2204 3
876 13
662 7
418 11
2324 4
783 7
2217 3
1357 5
168 26
135 14
348 9
2333 4
1518 4
145 32
1152 7
789 7
49 22
178 18
1131 4
2052 4
124 21
772 6
1090 6
627 6
993 8
1308 4
1429 4
715 8
2201 3
23 41
1722 6
1528 5
364 18
388 15
653 7
2303 3
1692 5
950 8
2259 3
1445 5
1678 4
1025 6
509 13
2212 5
1015 7
367 9
976 10
716 8
485 6
2340 4
685 6
778 6
743 7
2265 3
21 44
523 9
720 7
460 13
2129 4
453 18
324 12
723 9
244 14
1202 5
3162 3
637 10
351 13
3303 3
1040 5
595 8
488 11
1138 8
752 14
1012 6
1232 7
835 7
1498 6
2182 3
379 17
1607 7
1032 6
1536 5
901 6
113 24
1639 6
1035 5
2191 3
152 11
342 15
452 11
862 12
295 9
579 12
341 17
535 7
1056 7
1618 6
77 34
2189 3
2287 4
541 9
2260 4
1215 6
2284 3
64 28
1712 4
1473 5
2344 4
881 7
765 9
1628 4
897 7
312 13
45 22
507 18
405 14
237 19
1002 6
1173 7
370 16
309 18
567 13
416 11
2113 4
380 17
100 25
3383 3
914 9
300 19
965 7
824 10
286 20
120 16
1075 8
800 13
2232 3
1148 8
392 9
3125 3
254 19
2313 4
1321 7
1365 5
496 18
2242 4
2254 3
605 9
1568 4
607 10
1699 4
813 7
42 34
759 5
644 12
851 8
3360 3
399 11
1228 7
235 21
1073 7
2291 4
2187 4
694 13
3399 3
436 7
1342 5
213 27
94 19
816 7
1103 5
3031 3
1450 6
2244 4
568 10
1062 5
2273 3
265 16
296 15
1129 6
791 6
171 23
1143 5
1700 5
1355 3
2231 4
386 16
916 8
445 10
200 17
1352 6
329 17
525 10
2338 3
787 6
27 29
1621 5
1561 4
2331 3
161 20
582 9
109 27
1310 6
557 11
718 5
2318 3
1581 3
1604 6
1507 6
1239 6
3035 3
441 12
868 10
672 8
769 6
1140 7
1181 8
983 4
275 20
803 9
197 11
2208 3
3314 3
853 6
751 11
1500 8
60 30
691 7
1067 8
2167 5
2275 3
1676 3
346 16
3410 3
911 7
427 15
1111 6
677 9
907 6
82 38
2202 4
650 10
1154 6
2238 3
1210 4
590 7
895 6
69 23
664 7
1157 7
1470 4
1790 4
224 27
2264 4
1690 5
3264 3
617 7
79 17
352 19
1006 6
126 21
1034 6
251 13
426 11
369 14
1548 5
651 8
279 21
176 23
956 8
498 8
629 6
483 8
256 10
2267 3
372 17
1540 5
920 6
1661 5
428 18
2305 4
887 7
1606 6
1160 5
99 18
72 20
500 11
869 10
1592 4
1221 6
1496 7
1200 5
790 8
533 15
918 9
2080 4
1682 5
1122 6
1108 4
1275 5
1598 4
2211 4
1053 7
462 7
414 11
2282 3
1014 5
843 8
1491 3
1362 5
1209 6
2315 3
632 11
263 15
1371 3
991 6
394 8
2257 4
514 7
610 14
2348 4
725 10
513 7
2246 3
615 7
50 24
476 12
1519 4
1198 6
3252 3
3319 3
1409 5
1626 4
2219 4
797 10
2197 3
1077 8
1136 4
1716 4
1175 6
293 24
1272 5
1299 6
1663 4
1236 7
967 8
1683 4
1611 6
322 14
645 15
1326 5
469 15
635 11
1088 6
575 9
1382 5
1176 7
1566 5
1039 6
979 8
709 10
28 28
40 20
310 16
192 24
2087 4
1337 6
699 13
215 13
1115 6
687 6
3320 3
960 6
818 10
150 22
2184 5
2298 3
1038 7
2336 3
2293 3
1707 4
245 16
543 7
267 10
2190 4
826 11
354 18
1344 4
1064 5
757 7
332 21
2329 4
9 33
1099 6
1217 6
1600 5
34 26
745 10
3288 3
603 10
90 36
620 11
565 10
3396 3
1547 4
891 8
1045 7
1619 4
730 10
16 42
3266 3
1360 6
921 8
233 18
1013 7
1069 7
2311 3
1224 7
368 14
2198 4
1693 4
316 15
994 7
2288 3
611 12
1370 6
849 6
2954 3
11 49
2320 3
492 13
208 29
842 9
511 12
1523 5
2271 4
93 25
899 7
292 13
291 17
374 14
199 20
114 25
1306 4
429 14
1328 7
1091 6
409 19
73 36
67 31
795 6
241 19
812 8
489 16
585 10
1609 5
794 7
327 11
1080 9
1281 5
1113 5
732 8
674 14
2280 3
1317 6
280 7
957 9
273 18
471 7
2233 4
1603 5
622 9
970 5
1509 4
2262 3
24 45
2256 4
1658 3
1325 7
104 26
1643 7
131 25
1565 4
502 13
314 12
3385 3
1635 3
1237 7
1513 4
1502 6
2175 5
1264 6
355 10
159 25
747 6
553 10
2058 4
1633 5
555 6
1037 6
47 25
1017 5
37 28
855 7
270 15
195 26
1057 7
1706 3
538 11
680 6
2186 3
679 13
831 8
1602 6
521 16
1147 7
1332 4
162 17
880 7
1241 9
433 14
647 6
2164 5
1206 4
334 16
786 5
986 10
2292 3
1117 6
740 7
1008 8
1027 8
103 20
201 18
871 10
423 10
1680 4
719 5
1139 6
1319 7
1529 5
902 6
1222 4
827 7
266 23
820 11
174 23
1624 5
1571 4
422 14
905 7
1695 3
1219 5
1552 5
1194 6
3308 3
97 25
1704 4
41 36
668 10
52 39
688 8
750 10
302 17
1126 6
774 7
866 8
910 9
1341 6
2223 4
693 8
770 4
593 7
188 21
402 15
1097 6
641 8
893 6
3366 3
2309 3
1641 6
838 6
616 6
2962 3
640 7
804 5
1121 4
870 10
83 27
896 6
3375 3
1726 6
2165 5
1494 3
2347 3
962 5
1085 9
755 5
1714 4
777 9
2018 4
143 20
464 8
1672 4
2323 4
2325 3
1685 4
1051 5
6 53
562 8
2268 3
1497 5
1102 6
2269 3
2327 3
497 8
518 9
183 16
3179 3
1211 5
362 24
439 11
169 30
411 9
1542 4
1711 4
1593 4
705 6
478 13
384 13
398 22
836 6
1720 4
955 10
2206 4
407 10
2177 5
18 39
912 9
376 14
785 9
1432 4
599 14
1167 4
609 12
587 9
1595 4
1235 7
190 23
95 32
298 15
923 6
822 12
601 7
243 19
231 13
1610 6
779 6
551 14
148 22
753 6
343 20
504 11
697 11
981 7
3177 3
726 10
2171 5
857 6
1010 5
106 27
707 14
157 18
964 5
1665 3
2009 4
65 40
935 5
203 23
261 24
1213 5
1093 6
2252 3
81 22
1023 6
321 17
1199 4
1300 5
792 6
624 10
86 30
1158 3
2170 5
656 13
371 10
1079 7
1248 6
204 13
2335 3
1041 5
1590 4
435 9
814 6
1652 5
1516 5
885 7
884 7
1709 4
2301 3
339 14
760 6
228 9
863 8
749 9
268 14
531 10
829 6
345 16
172 11
596 8
3323 3
1297 5
1366 5
223 10
721 7
2352 3
613 11
1043 5
282 17
669 12
420 9
1082 8
121 15
1066 8
952 5
639 7
989 6
1505 7
1071 7
487 11
494 15
1348 5
2248 3
2235 3
238 17
873 6
1137 4
577 10
253 17
448 14
1227 7
216 11
3278 3
2278 3
852 5
3381 3
643 10
3351 3
63 33
1637 5
1120 6
179 16
1532 4
1105 6
1187 6
713 10
2193 3
676 12
1334 6
1251 6
277 11
1192 5
879 10
938 6
1679 4
3306 3
1620 6
1095 7
2241 3
1183 5
1262 6
1290 5
1527 4
2162 5
1132 6
929 7
2215 4
133 16
123 26
304 19
631 9
547 14
1538 4
1583 3
1544 5
1616 6
258 16
396 8
1631 5
482 10
2294 3
949 8
499 8
56 33
1369 4
54 37
1151 7
3347 3
306 14
1204 5
70 32
839 9
1047 5
1055 5
166 14
1276 6
2225 3
88 21
1009 10
141 19
30 27
909 9
403 15
466 9
1124 6
134 25
75 42
1230 8
618 9
3438 3
848 7
3290 3
1917 4
1163 7
450 10
1629 4
2196 3
1702 3
1323 7
1713 5
1060 5
1492 6
703 8
900 7
1134 5
318 22
972 8
1100 6
473 10
3304 3
1461 5
185 15
3 37
248 20
146 16
1351 6
1719 3
356 12
802 12
4 55
1985 4
528 6
164 28
1691 3
807 7
2003 3
3269 3
