1049 0
127 1
71 1
882 0
1050 0
560 0
1178 0
798 0
512 0
1932 0
463 0
517 0
458 0
451 0
454 0
722 0
634 1
1109 0
578 0
1630 0
2551 0
1597 0
695 0
978 0
728 0
1638 0
742 0
378 0
325 1
29 2
350 0
1233 0
540 0
1615 0
1162 0
58 1
684 0
153 0
211 1
861 0
337 0
101 0
340 0
76 1
311 0
571 0
1214 0
1190 0
825 0
389 0
917 0
1660 0
495 0
1171 0
1123 0
966 0
992 0
236 0
758 0
218 0
706 0
1172 0
14 2
1608 0
834 0
285 0
234 0
594 0
1216 0
1135 0
1203 0
96 0
1068 0
1667 0
486 1
160 1
569 0
8 0
98 1
1048 0
1000 0
43 1
391 1
943 0
288 0
193 1
119 0
180 0
586 1
1585 0
410 0
246 1
690 0
1168 0
61 1
1180 0
1185 0
430 1
536 0
1653 0
1130 0
415 0
189 0
480 0
1153 0
438 0
107 1
87 1
444 0
508 0
953 0
1336 0
221 1
39 2
1089 0
558 0
417 0
12 2
784 0
260 1
573 0
1084 0
762 0
1144 0
638 0
734 0
875 0
2479 0
1 2
506 0
116 0
136 1
1197 0
144 1
1580 0
2419 0
1440 0
661 0
381 0
581 0
308 1
177 0
678 0
373 0
773 0
1247 0
205 1
22 1
1576 0
301 0
51 1
1622 0
456 0
874 0
975 0
493 0
1033 0
1591 0
1677 0
796 0
366 1
844 0
272 0
1646 0
775 0
746 0
534 0
400 0
2518 0
744 0
20 2
888 0
633 0
151 0
1627 0
1161 0
468 0
287 1
475 0
1927 0
78 2
413 0
294 0
764 0
1614 0
932 0
349 0
515 0
1242 0
1107 0
1208 0
138 1
606 0
137 0
724 0
1201 0
666 0
432 0
519 0
1074 0
860 0
1195 0
1567 0
1063 0
17 0
708 0
110 1
333 1
710 0
1656 0
323 0
856 0
1664 0
112 0
545 0
191 0
187 0
588 1
1684 0
646 0
756 0
446 0
262 0
1220 0
212 0
1599 0
1149 0
542 0
961 0
1662 0
1087 0
810 0
574 0
1238 0
170 0
1587 0
33 0
660 0
7 1
227 0
26 2
977 0
526 0
566 0
806 0
255 1
264 0
359 0
182 0
1229 0
108 1
604 0
1001 0
556 1
717 0
232 1
477 0
815 0
671 0
1338 0
1182 0
225 1
330 0
1447 0
207 1
142 1
167 0
48 0
360 0
692 0
1605 0
663 0
854 0
969 0
1076 0
1174 0
766 0
510 0
393 0
449 0
274 1
1574 0
549 0
1579 0
877 0
659 0
1141 0
1128 0
682 0
353 0
375 1
946 1
788 0
128 1
303 0
250 0
614 0
501 0
278 0
1617 0
490 0
155 0
130 1
53 0
626 0
1112 0
941 0
461 0
583 0
1426 0
257 1
951 0
782 0
85 1
809 0
1156 0
425 0
591 0
832 0
736 0
539 0
781 0
828 0
276 1
102 2
520 0
532 0
1218 0
1193 0
55 1
1681 0
259 0
57 0
424 0
872 0
1625 0
163 1
1106 0
1146 0
395 0
89 2
175 1
584 0
35 2
347 0
665 0
434 0
865 0
1184 0
1207 0
1584 0
904 0
442 0
1675 0
1577 0
1572 0
886 0
1318 0
642 0
1116 0
1329 0
1589 0
198 0
1098 0
1059 0
727 0
320 0
811 0
913 0
1670 0
465 0
202 1
361 1
249 1
184 0
819 0
1189 0
1177 0
776 0
1127 0
894 0
858 0
140 1
1570 0
412 0
181 0
954 0
385 0
1479 0
1359 0
307 0
801 0
1671 0
971 0
154 1
830 0
754 0
847 0
479 0
1166 0
1101 0
704 0
326 0
2166 0
1165 0
1054 0
681 0
619 0
335 1
2557 0
5 2
1634 0
621 0
524 0
554 0
552 0
598 0
780 0
1623 0
74 1
240 0
1666 0
440 0
230 1
1289 0
115 2
299 0
377 1
1282 0
2374 0
602 0
841 0
1072 0
612 0
936 0
91 1
1086 0
701 0
467 1
481 0
474 0
867 0
214 1
564 0
817 0
1650 0
731 0
229 1
768 0
1092 0
673 0
503 0
1636 0
68 0
315 0
338 1
761 0
576 0
222 1
25 0
738 1
484 0
1078 0
1243 0
305 0
1253 0
1265 0
544 0
623 0
1512 0
1644 0
1196 0
1114 0
217 0
328 0
239 1
122 1
1223 0
158 0
628 0
281 1
269 0
878 0
363 0
46 0
733 0
997 0
630 0
36 1
748 0
472 0
1655 0
317 0
608 0
711 0
132 0
1642 0
1649 0
1234 0
892 0
1428 0
546 0
537 0
522 0
125 0
1632 0
1018 0
44 2
1687 0
1125 0
667 0
741 0
1188 0
1186 0
998 0
714 0
313 1
529 0
397 0
1150 0
1096 0
1657 0
908 0
1191 0
459 0
284 0
823 0
903 0
247 0
165 0
289 0
729 0
771 0
2 3
808 0
401 0
845 0
186 0
1847 0
1231 0
1119 0
1249 0
147 1
973 0
1142 0
915 0
319 0
1586 0
1052 0
1179 0
735 1
404 0
516 0
974 0
702 0
1668 0
344 1
636 0
1104 0
561 0
1133 0
209 0
1118 0
1575 0
357 0
1307 0
117 0
2428 0
455 0
600 0
80 1
336 0
1673 0
457 0
821 0
696 0
383 0
297 0
963 0
92 0
1212 0
1596 0
980 0
10 1
550 0
1164 0
1651 0
505 0
670 0
1094 0
1569 0
958 0
1736 0
419 0
995 0
1225 0
837 0
290 0
592 0
625 0
149 1
210 0
712 0
406 0
1640 0
173 0
530 0
66 1
19 2
1030 0
365 0
763 0
470 0
793 0
1205 0
570 0
252 0
883 0
1159 0
283 0
156 1
421 0
59 1
271 0
1226 0
1070 0
491 0
864 0
219 0
2480 0
13 2
799 0
1170 0
105 2
840 0
1647 0
597 0
390 0
111 1
1686 0
408 0
38 0
1480 0
196 0
242 0
945 0
559 1
1169 0
32 3
118 1
206 1
443 0
1674 0
959 0
1065 0
331 0
358 0
1659 0
737 0
1795 0
580 0
767 0
805 0
84 0
437 0
194 0
220 0
846 0
1021 0
31 1
934 0
948 0
572 0
1654 0
968 0
2450 0
675 0
226 0
15 0
527 0
431 0
1145 0
382 0
1448 0
62 0
2466 0
833 0
139 0
1573 0
129 0
548 0
926 0
859 0
1083 0
739 0
1110 0
876 1
662 0
418 0
783 0
933 0
168 1
135 1
348 0
145 0
1152 0
789 0
49 2
178 1
1131 0
772 0
124 1
627 0
1090 0
1308 0
715 0
2483 0
23 2
388 0
364 0
950 0
1678 0
509 0
367 0
976 0
716 0
485 0
685 0
778 0
743 0
21 1
523 0
720 0
2377 0
460 0
453 0
723 0
324 0
244 0
1202 0
637 0
351 0
595 0
1138 0
488 0
752 0
1232 0
835 0
1607 0
379 1
1386 0
1639 0
113 1
901 0
152 1
452 1
342 0
862 0
1419 0
295 0
579 0
341 0
535 0
1056 0
1618 0
77 1
683 0
541 0
2540 0
1215 0
64 1
765 0
881 0
312 0
897 0
1628 0
45 1
405 0
507 0
237 0
370 0
1173 0
309 1
567 0
416 0
914 0
100 0
380 0
300 0
1279 0
965 0
824 0
120 1
286 0
1075 0
800 0
1148 0
254 0
392 0
496 0
2442 0
605 0
1568 0
607 0
813 0
42 1
759 0
851 0
399 0
1228 0
1073 0
235 0
694 0
436 0
213 1
94 0
816 0
1103 0
568 0
1062 0
265 0
296 0
791 0
1129 0
171 0
1143 0
386 0
200 0
1352 0
329 0
525 0
27 2
787 0
161 0
582 0
109 0
557 0
718 0
1604 0
1239 0
1507 0
441 0
868 0
672 0
769 0
1140 0
1181 0
803 0
197 2
853 0
751 0
60 1
1766 0
1245 0
1067 0
691 0
1676 0
346 1
911 0
1295 0
427 1
677 0
1111 0
907 0
82 1
1154 0
590 0
1210 0
69 2
664 0
1157 0
224 1
2388 0
617 0
79 1
352 0
126 0
1594 0
426 1
251 0
369 0
279 0
176 0
2408 0
956 0
483 0
498 0
629 0
947 0
256 1
372 0
920 0
1661 0
428 0
887 0
1606 0
1160 0
99 0
72 0
500 1
869 0
1592 0
1221 0
1200 0
790 0
533 0
918 0
1682 0
1122 0
1108 0
1598 0
1053 0
414 0
462 0
1014 0
843 0
1209 0
263 1
632 0
394 0
514 0
610 0
725 0
513 0
615 0
50 1
476 0
1198 0
1626 0
797 0
1077 0
2459 0
1136 0
1175 0
293 1
1663 0
1236 0
967 0
1611 0
1683 0
645 0
322 0
469 0
635 0
1088 0
575 0
1176 0
1566 0
709 1
28 2
40 1
310 0
589 0
192 0
215 1
687 0
1115 0
960 0
818 0
150 1
245 1
543 0
267 0
2511 0
826 0
354 1
2494 0
1064 0
757 0
332 0
9 1
1099 0
1217 0
1600 0
34 0
745 0
603 0
90 1
620 0
565 0
850 0
1619 0
730 0
16 2
921 0
1069 0
233 0
1224 0
368 0
316 1
2556 0
994 0
611 0
849 0
11 1
492 0
208 0
511 0
842 0
93 1
292 0
291 0
374 0
114 2
429 1
1899 0
409 0
73 2
67 1
812 0
795 0
241 0
489 0
1609 0
794 0
585 0
327 0
1970 0
1080 0
944 0
1113 0
732 0
674 0
280 0
957 0
273 1
471 0
2430 0
1603 0
622 0
970 0
24 1
1658 0
1325 0
104 1
131 1
1643 0
1565 0
502 0
314 0
1635 0
1237 0
355 0
747 0
159 0
553 0
555 0
47 1
37 2
855 0
270 0
195 1
1057 0
538 0
680 0
679 0
831 0
1602 0
1147 0
521 0
162 0
433 0
880 0
647 0
1399 0
334 1
1206 0
786 0
1117 0
740 0
1008 0
103 1
201 0
871 0
423 0
1680 0
719 0
1139 0
902 0
2454 0
2077 0
827 0
266 0
174 0
820 0
1624 0
1571 0
422 0
1219 0
1194 0
97 0
41 1
668 0
52 0
688 0
750 0
302 0
1126 0
774 0
2452 0
693 0
770 0
593 0
188 1
402 1
1097 0
641 0
893 0
1641 0
838 0
616 0
640 1
804 0
1121 0
83 1
896 0
962 0
1085 0
755 0
777 0
1714 0
143 1
464 0
1672 0
1685 0
6 1
1051 0
562 0
1102 0
497 0
183 1
518 0
439 0
362 0
1211 0
169 1
411 0
1593 0
705 0
478 0
384 0
398 0
836 0
955 0
1376 0
2206 0
407 0
18 3
912 0
376 1
785 0
599 0
1167 0
609 0
587 0
1595 0
1235 0
190 0
95 0
298 0
601 0
822 0
231 0
243 1
1610 0
779 0
551 0
148 0
753 0
504 0
343 0
726 0
857 0
707 0
106 1
157 1
964 0
1665 0
65 1
935 0
203 0
261 1
1213 0
1093 0
81 0
321 0
624 0
1199 0
86 0
792 0
1158 0
371 0
656 0
1079 0
204 0
1248 0
1590 0
435 1
814 0
1652 0
924 0
884 0
1412 0
339 1
760 0
228 0
863 0
749 0
531 0
268 0
829 0
345 0
596 0
172 0
223 0
613 0
721 0
282 0
669 0
1082 0
420 0
1066 0
121 1
639 0
1071 0
494 0
487 0
1348 0
238 0
873 0
1137 0
577 0
253 0
448 1
1227 0
216 0
852 0
643 0
63 0
1637 0
1120 0
179 0
1105 0
1187 0
713 0
676 0
277 1
1192 0
879 0
1679 0
1620 0
1095 0
1183 0
1132 0
929 0
133 1
123 1
2554 0
304 0
547 0
631 0
1616 0
1583 0
396 0
258 0
1631 0
482 0
949 0
56 0
499 0
1151 0
54 1
306 0
1204 0
70 0
839 0
1047 0
1055 0
166 1
88 1
1578 0
1009 0
30 0
141 1
909 0
403 0
466 0
1124 0
1230 0
75 1
134 1
618 0
848 0
1829 0
450 0
1761 0
1629 0
1060 0
703 0
900 0
318 0
1134 0
972 0
2526 0
473 1
1100 0
3 2
185 1
248 0
2487 0
146 0
802 0
356 0
4 2
528 0
164 1
807 0
