1049 6
127 22
71 19
882 6
1050 6
560 9
1178 4
798 6
512 11
1932 3
463 9
517 9
458 11
451 7
454 9
722 7
634 10
1109 5
578 8
1630 3
2551 3
1597 3
695 7
978 6
728 8
1638 3
742 5
378 12
325 12
29 40
350 13
1233 5
540 11
1615 3
1162 5
58 31
684 6
153 18
211 13
861 5
337 11
101 13
340 7
76 28
311 11
571 9
1214 5
1190 4
825 7
389 7
917 6
1660 3
495 11
1171 3
1123 4
966 7
992 6
236 8
758 5
218 17
706 9
1172 4
14 50
1608 3
834 5
285 14
234 16
594 7
1216 3
1135 4
1203 5
96 19
1068 4
1667 4
486 12
160 26
569 9
8 19
98 27
1048 5
1000 3
43 31
391 13
943 6
288 8
193 18
119 21
180 8
586 10
1585 3
410 15
246 11
690 6
1168 5
61 21
1180 3
1185 5
430 12
536 8
1653 4
1130 5
415 11
189 14
480 7
1153 4
438 11
107 20
87 18
444 9
508 9
953 5
1336 5
221 15
39 28
1089 4
558 12
417 9
12 41
784 5
260 18
573 8
1084 4
762 6
1144 4
638 9
734 8
875 4
2479 3
1 56
506 8
116 20
136 20
1197 4
144 22
1580 4
2419 3
1440 4
661 4
381 6
581 8
308 17
177 12
678 8
373 7
773 5
1247 4
205 17
22 34
1576 3
301 10
51 31
1622 3
456 12
874 7
975 7
493 9
1033 3
1591 3
1677 3
796 6
366 12
844 6
272 7
1646 4
775 9
746 6
534 11
400 9
2518 3
744 5
20 32
888 6
633 9
151 22
1627 3
1161 3
468 8
287 15
475 10
1927 4
78 28
413 10
294 13
764 6
1614 4
932 6
349 16
515 10
1242 3
1107 5
1208 5
138 18
606 8
137 17
724 6
1201 5
666 6
432 7
519 7
1074 4
860 6
1195 4
1567 4
1063 4
17 23
708 9
110 25
333 19
710 9
1656 4
323 8
856 5
1664 4
112 21
545 6
191 19
187 13
588 11
1684 3
646 6
756 7
446 7
262 14
1220 4
212 11
1599 3
1149 5
542 9
961 5
1662 3
1087 5
810 4
574 11
1238 5
170 12
1587 4
33 20
660 9
7 24
227 17
26 38
977 5
526 6
566 9
806 6
255 18
264 13
359 17
182 9
1229 5
108 19
604 4
1001 6
556 10
717 4
232 18
477 7
815 7
671 5
1338 4
1182 4
225 16
330 7
1447 3
207 16
142 20
167 10
48 30
360 13
692 6
1605 3
663 9
854 5
969 4
1076 4
1174 4
766 5
510 5
393 12
449 11
274 17
1574 4
549 6
1579 4
877 6
659 7
1141 4
1128 4
682 8
353 13
375 16
946 8
788 6
128 14
303 9
250 13
614 5
501 5
278 12
1617 3
490 10
155 11
130 18
53 29
626 7
1112 4
941 4
461 8
583 8
1426 4
257 10
951 6
782 6
85 21
809 6
1156 5
425 7
591 8
832 8
736 8
539 13
781 9
828 7
276 18
102 23
520 6
532 5
1218 5
1193 4
55 29
1681 3
259 10
57 15
424 12
872 8
1625 3
163 14
1106 5
1146 3
395 11
89 22
175 16
584 7
35 26
347 11
665 6
434 12
865 4
1184 4
1207 3
1584 3
904 4
442 6
1675 4
1577 3
1572 3
886 4
1318 4
642 7
1116 4
1329 3
1589 3
198 13
1098 3
1059 5
727 7
320 9
811 6
913 4
1670 3
465 12
202 17
361 18
249 20
184 19
819 5
1189 4
1177 4
776 7
1127 5
894 4
858 6
140 20
1570 3
412 6
181 16
954 5
385 9
1479 4
1359 4
307 11
801 6
1671 3
971 6
154 23
830 6
754 7
847 5
479 6
1166 4
1101 5
704 7
326 7
2166 3
1165 3
1054 6
681 9
619 5
335 14
2557 3
5 29
1634 3
621 6
524 8
554 4
552 6
598 8
780 7
1623 3
74 39
240 18
1666 3
440 9
230 19
1289 4
115 27
299 13
377 15
1282 4
2374 3
602 8
841 8
1072 5
612 7
936 6
91 19
1086 5
701 7
467 12
481 6
474 11
867 4
214 20
564 6
817 9
1650 3
731 7
229 17
768 6
1092 4
673 5
503 10
1636 3
68 17
315 14
338 12
761 5
576 6
222 16
25 15
738 8
484 11
1078 4
1243 4
305 11
1253 4
1265 4
544 7
623 6
1512 4
1644 3
1196 3
1114 4
217 15
328 14
239 28
122 27
1223 4
158 10
628 8
281 20
269 14
878 7
363 12
46 21
733 8
997 3
630 8
36 26
748 5
472 9
1655 3
317 13
608 8
711 8
132 16
1642 3
1649 3
1234 5
892 6
1428 4
546 6
537 6
522 9
125 15
1632 3
1018 4
44 30
1687 4
1125 6
667 7
741 7
1188 3
1186 3
998 6
714 7
313 16
529 6
397 8
1150 4
1096 4
1657 4
908 5
1191 4
459 10
284 13
823 5
903 5
247 13
165 8
289 13
729 8
771 6
2 49
808 6
401 11
845 6
186 20
1847 3
1231 5
1119 4
1249 4
147 21
973 5
1142 4
915 5
319 12
1586 4
1052 4
1179 4
735 9
404 8
516 9
974 5
702 6
1668 3
344 16
636 9
1104 4
561 8
1133 4
209 9
1118 5
1575 3
357 5
1307 3
117 15
2428 3
455 9
600 7
80 27
336 10
1673 3
457 10
821 5
696 6
383 15
297 7
963 6
92 18
1212 5
1596 3
980 5
10 43
550 6
1164 4
1651 3
505 7
670 6
1094 4
1569 3
958 6
1736 3
419 6
995 5
1225 5
837 6
290 13
592 5
625 5
149 23
210 6
712 7
406 6
1640 4
173 16
530 6
66 30
19 35
1030 5
365 8
763 5
470 7
793 3
1205 3
570 8
252 14
883 8
1159 5
283 13
156 21
421 7
59 27
271 13
1226 5
1070 5
491 8
864 5
219 8
2480 3
13 38
799 6
1170 3
105 25
840 5
1647 3
597 5
390 13
111 16
1686 4
408 9
38 17
1480 4
196 15
242 10
945 7
559 11
1169 4
32 31
118 25
206 18
443 9
1674 3
959 7
1065 4
331 17
358 8
1659 4
737 6
1795 3
580 5
767 7
805 6
84 12
437 9
194 16
220 10
846 7
1021 5
31 32
934 5
948 6
572 9
1654 4
968 4
2450 3
675 6
226 14
15 20
527 5
431 7
1145 4
382 10
1448 4
62 21
2466 3
833 6
139 17
1573 3
129 12
548 6
926 6
859 6
1083 4
739 4
1110 5
876 8
662 6
418 8
783 8
933 5
168 21
135 16
348 7
145 17
1152 5
789 5
49 29
178 12
1131 3
772 5
124 17
627 6
1090 5
1308 4
715 6
2483 3
23 34
388 8
364 6
950 3
1678 3
509 8
367 12
976 5
716 5
485 6
685 7
778 6
743 6
21 28
523 8
720 6
2377 3
460 4
453 7
723 7
324 11
244 9
1202 4
637 12
351 8
595 8
1138 3
488 9
752 7
1232 5
835 7
1607 3
379 11
1386 4
1639 3
113 18
901 4
152 20
452 17
342 9
862 6
1419 4
295 8
579 8
341 9
535 8
1056 6
1618 3
77 25
683 6
541 9
2540 3
1215 5
64 29
765 5
881 7
312 15
897 5
1628 3
45 27
405 13
507 10
237 9
370 7
1173 4
309 16
567 9
416 13
914 5
100 17
380 13
300 14
1279 3
965 6
824 4
120 17
286 12
1075 4
800 3
1148 4
254 12
392 15
496 5
2442 3
605 6
1568 3
607 8
813 6
42 35
759 5
851 6
399 14
1228 5
1073 4
235 12
694 7
436 10
213 17
94 20
816 6
1103 4
568 5
1062 4
265 14
296 10
791 6
1129 6
171 15
1143 4
386 7
200 11
1352 3
329 10
525 7
27 28
787 7
161 17
582 8
109 15
557 11
718 7
1604 3
1239 5
1507 4
441 6
868 5
672 5
769 5
1140 4
1181 3
803 4
197 22
853 4
751 4
60 24
1766 3
1245 3
1067 4
691 4
1676 3
346 12
911 6
1295 4
427 15
677 7
1111 5
907 4
82 24
1154 4
590 8
1210 5
69 27
664 8
1157 6
224 18
2388 3
617 6
79 22
352 8
126 16
1594 3
426 12
251 12
369 9
279 15
176 12
2408 3
956 4
483 6
498 10
629 9
947 6
256 24
372 7
920 5
1661 3
428 9
887 5
1606 3
1160 5
99 15
72 20
500 10
869 6
1592 3
1221 5
1200 3
790 5
533 11
918 4
1682 3
1122 4
1108 5
1598 3
1053 5
414 6
462 7
1014 4
843 6
1209 5
263 19
632 6
394 10
514 10
610 9
725 6
513 11
615 7
50 35
476 6
1198 4
1626 3
797 6
1077 4
2459 3
1136 4
1175 5
293 16
1663 4
1236 5
967 6
1611 3
1683 3
645 6
322 8
469 7
635 11
1088 4
575 9
1176 5
1566 5
709 8
28 46
40 26
310 7
589 9
192 19
215 20
687 5
1115 5
960 6
818 8
150 17
245 19
543 7
267 9
2511 3
826 5
354 14
2494 3
1064 4
757 5
332 9
9 39
1099 4
1217 5
1600 3
34 23
745 7
603 11
90 31
620 4
565 6
850 5
1619 4
730 8
16 35
921 6
1069 4
233 15
1224 5
368 10
316 15
2556 3
994 4
611 8
849 5
11 40
492 6
208 14
511 13
842 7
93 22
292 12
291 14
374 9
114 26
429 10
1899 3
409 12
73 21
67 22
812 4
795 4
241 11
489 9
1609 3
794 8
585 8
327 10
1970 3
1080 4
944 7
1113 4
732 9
674 6
280 19
957 6
273 13
471 7
2430 3
1603 4
622 8
970 7
24 29
1658 4
1325 4
104 22
131 18
1643 4
1565 4
502 10
314 10
1635 3
1237 5
355 10
747 5
159 10
553 8
555 7
47 26
37 26
855 5
270 15
195 12
1057 5
538 9
680 10
679 8
831 8
1602 3
1147 3
521 8
162 15
433 7
880 7
647 6
1399 4
334 10
1206 4
786 8
1117 5
740 5
1008 6
103 19
201 12
871 6
423 7
1680 3
719 5
1139 5
902 6
2454 3
2077 3
827 6
266 10
174 16
820 7
1624 3
1571 5
422 5
1219 5
1194 4
97 21
41 33
668 5
52 16
688 8
750 6
302 9
1126 6
774 5
2452 3
693 6
770 5
593 8
188 16
402 10
1097 4
641 9
893 5
1641 3
838 9
616 7
640 12
804 6
1121 5
83 18
896 5
962 6
1085 4
755 5
777 7
1714 3
143 22
464 10
1672 4
1685 4
6 55
1051 6
562 6
1102 4
497 6
183 19
518 8
439 10
362 11
1211 4
169 21
411 6
1593 3
705 5
478 6
384 15
398 9
836 7
955 6
1376 4
2206 3
407 8
18 45
912 7
376 13
785 8
599 7
1167 3
609 7
587 10
1595 3
1235 5
190 12
95 23
298 17
601 10
822 5
231 15
243 17
1610 3
779 5
551 9
148 14
753 5
504 7
343 17
726 10
857 5
707 9
106 22
157 22
964 6
1665 3
65 23
935 5
203 11
261 17
1213 5
1093 4
81 13
321 8
624 4
1199 3
86 16
792 5
1158 4
371 7
656 6
1079 4
204 16
1248 3
1590 3
435 12
814 6
1652 4
924 6
884 5
1412 4
339 14
760 7
228 8
863 5
749 5
531 5
268 17
829 4
345 13
596 5
172 17
223 14
613 6
721 5
282 9
669 4
1082 5
420 6
1066 4
121 13
639 8
1071 4
494 6
487 8
1348 3
238 10
873 7
1137 3
577 7
253 15
448 11
1227 5
216 9
852 6
643 7
63 20
1637 3
1120 4
179 10
1105 4
1187 3
713 4
676 5
277 19
1192 5
879 7
1679 3
1620 3
1095 4
1183 4
1132 5
929 6
133 30
123 28
2554 3
304 14
547 6
631 8
1616 3
1583 4
396 9
258 12
1631 4
482 7
949 3
56 17
499 7
1151 5
54 29
306 9
1204 4
70 23
839 6
1047 5
1055 6
166 21
88 23
1578 4
1009 3
30 36
141 25
909 6
403 13
466 11
1124 4
1230 5
75 20
134 18
618 6
848 4
1829 3
450 13
1761 3
1629 3
1060 5
703 8
900 5
318 14
1134 4
972 7
2526 3
473 10
1100 5
3 56
185 25
248 21
2487 3
146 16
802 6
356 7
4 41
528 7
164 21
807 6
