*Vertices 2906
0.0113931
0.0112236
0.0101339
0.00933482
0.0079909
0.00714338
0.00635639
0.00624743
0.0062111
0.00601739
0.00589631
0.00544834
0.00510933
0.0048914
0.00480664
0.00478243
0.004734
0.004734
0.00462503
0.00452817
0.00443131
0.0044071
0.00437078
0.00433446
0.00432235
0.0042497
0.00412863
0.00401966
0.00401966
0.00397123
0.00395913
0.00395913
0.00388648
0.00382594
0.00374119
0.00370487
0.00369276
0.00366855
0.00364433
0.00354747
0.00351115
0.00346272
0.0034264
0.00341429
0.00340218
0.00337797
0.00331743
0.00330532
0.00329322
0.00329322
0.00329322
0.003269
0.003269
0.003269
0.00322057
0.00320847
0.00317214
0.00317214
0.00317214
0.00314793
0.00311161
0.00305107
0.00302685
0.00295421
0.0029421
0.00292999
0.00290578
0.00284524
0.00284524
0.00283314
0.00282103
0.00280892
0.00279681
0.00279681
0.00278471
0.00273628
0.00268785
0.00265152
0.00263942
0.0026152
0.00260309
0.00260309
0.00256677
0.00254256
0.00254256
0.00250624
0.00248202
0.00246991
0.00246991
0.00246991
0.00245781
0.00242148
0.00242148
0.00240938
0.00239727
0.00237305
0.00237305
0.00236095
0.00236095
0.00232462
0.00231252
0.00230041
0.00227619
0.00227619
0.00226409
0.00226409
0.00226409
0.00226409
0.00225198
0.00225198
0.00222776
0.00222776
0.00222776
0.00220355
0.00217934
0.00217934
0.00214301
0.00214301
0.00213091
0.00210669
0.00209458
0.00209458
0.00207037
0.00207037
0.00205826
0.00203405
0.00202194
0.00200983
0.00197351
0.0019614
0.00194929
0.00192508
0.00191297
0.00187665
0.00186454
0.00184033
0.00184033
0.00184033
0.00182822
0.00182822
0.00180401
0.0017919
0.00176768
0.00176768
0.00173136
0.00171925
0.00171925
0.00170715
0.00169504
0.00169504
0.00169504
0.00167082
0.00167082
0.00167082
0.00167082
0.00164661
0.00162239
0.00162239
0.00162239
0.00159818
0.00159818
0.00159818
0.00159818
0.00158607
0.00157396
0.00156186
0.00154975
0.00154975
0.00154975
0.00154975
0.00154975
0.00153764
0.00153764
0.00153764
0.00152553
0.0014771
0.0014771
0.001465
0.001465
0.00145289
0.00145289
0.00142868
0.00142868
0.00142868
0.00142868
0.00142868
0.00140446
0.00140446
0.00140446
0.00140446
0.00139235
0.00139235
0.00138025
0.00138025
0.00136814
0.00136814
0.00135603
0.00134392
0.00133182
0.00133182
0.00133182
0.00133182
0.00133182
0.00133182
0.0013076
0.0013076
0.00129549
0.00129549
0.00129549
0.00127128
0.00125917
0.00124706
0.00123496
0.00121074
0.00121074
0.00121074
0.00118653
0.00118653
0.00117442
0.00117442
0.00116231
0.00116231
0.00116231
0.0011502
0.0011502
0.0011381
0.0011381
0.00112599
0.00112599
0.00111388
0.00111388
0.00111388
0.00110177
0.00108967
0.00108967
0.00108967
0.00106545
0.00106545
0.00106545
0.00105335
0.00104124
0.00102913
0.00101702
0.00101702
0.00101702
0.00101702
0.00101702
0.00101702
0.00101702
0.00100492
0.000992808
0.000992808
0.000992808
0.000992808
0.000992808
0.000980701
0.000968593
0.000968593
0.000968593
0.000968593
0.000944379
0.000944379
0.000932271
0.000932271
0.000932271
0.000920164
0.000920164
0.000920164
0.000895949
0.000895949
0.000895949
0.000895949
0.000883841
0.000883841
0.000883841
0.000871734
0.000871734
0.000871734
0.000871734
0.000871734
0.000871734
0.000871734
0.000859627
0.000859627
0.000847519
0.000847519
0.000847519
0.000835412
0.000835412
0.000823304
0.000823304
0.000823304
0.000823304
0.000823304
0.000823304
0.000811197
0.000811197
0.000811197
0.00079909
0.00079909
0.00079909
0.00079909
0.00079909
0.00079909
0.00079909
0.000786982
0.000786982
0.000786982
0.000786982
0.000774875
0.000774875
0.000774875
0.000774875
0.000774875
0.000774875
0.000774875
0.000762767
0.00075066
0.00075066
0.00075066
0.00075066
0.00075066
0.00075066
0.00075066
0.00075066
0.00075066
0.000726445
0.000726445
0.000726445
0.000726445
0.000726445
0.000726445
0.000726445
0.000726445
0.000726445
0.000726445
0.00070223
0.00070223
0.00070223
0.000690123
0.000690123
0.000678015
0.000678015
0.000678015
0.000678015
0.000678015
0.000678015
0.000665908
0.000665908
0.000653801
0.000653801
0.000653801
0.000653801
0.000653801
0.000653801
0.000653801
0.000629586
0.000629586
0.000629586
0.000629586
0.000629586
0.000629586
0.000629586
0.000629586
0.000629586
0.000629586
0.000629586
0.000629586
0.000605371
0.000605371
0.000605371
0.000605371
0.000605371
0.000605371
0.000605371
0.000605371
0.000605371
0.000605371
0.000605371
0.000605371
0.000605371
0.000593263
0.000593263
0.000593263
0.000581156
0.000581156
0.000581156
0.000581156
0.000581156
0.000581156
0.000581156
0.000569049
0.000556941
0.000556941
0.000556941
0.000556941
0.000556941
0.000556941
0.000556941
0.000556941
0.000556941
0.000556941
0.000556941
0.000556941
0.000556941
0.000556941
0.000556941
0.000556941
0.000544834
0.000544834
0.000544834
0.000544834
0.000532726
0.000532726
0.000532726
0.000532726
0.000532726
0.000532726
0.000532726
0.000532726
0.000532726
0.000532726
0.000532726
0.000532726
0.000532726
0.000532726
0.000532726
0.000532726
0.000532726
0.000520619
0.000520619
0.000508512
0.000508512
0.000508512
0.000508512
0.000508512
0.000508512
0.000508512
0.000508512
0.000508512
0.000508512
0.000508512
0.000508512
0.000508512
0.000508512
0.000508512
0.000508512
0.000508512
0.000508512
0.000508512
0.000508512
0.000508512
0.000508512
0.000508512
0.000508512
0.000496404
0.000496404
0.000496404
0.000496404
0.000496404
0.000496404
0.000484297
0.000484297
0.000484297
0.000484297
0.000484297
0.000484297
0.000484297
0.000484297
0.000484297
0.000484297
0.000484297
0.000484297
0.000472189
0.000460082
0.000460082
0.000460082
0.000460082
0.000460082
0.000460082
0.000460082
0.000460082
0.000460082
0.000447974
0.000447974
0.000435867
0.000435867
0.000435867
0.000435867
0.000435867
0.000435867
0.000435867
0.000435867
0.000435867
0.000435867
0.000435867
0.000435867
0.000435867
0.000435867
0.000435867
0.000435867
0.000435867
0.000435867
0.000435867
0.000435867
0.00042376
0.00042376
0.00042376
0.00042376
0.000411652
0.000411652
0.000411652
0.000411652
0.000411652
0.000411652
0.000411652
0.000411652
0.000411652
0.000411652
0.000411652
0.000411652
0.000399545
0.000399545
0.000387437
0.000387437
0.000387437
0.000387437
0.000387437
0.000387437
0.000387437
0.000387437
0.000387437
0.000387437
0.000387437
0.000387437
0.000387437
0.000387437
0.000387437
0.000387437
0.000387437
0.000387437
0.000387437
0.000387437
0.000387437
0.000387437
0.000387437
0.00037533
0.00037533
0.000363223
0.000363223
0.000363223
0.000363223
0.000363223
0.000363223
0.000363223
0.000363223
0.000363223
0.000363223
0.000363223
0.000363223
0.000363223
0.000363223
0.000363223
0.000363223
0.000363223
0.000363223
0.000363223
0.000363223
0.000363223
0.000363223
0.000363223
0.000363223
0.000363223
0.000363223
0.000363223
0.000363223
0.000363223
0.000363223
0.000363223
0.000363223
0.000363223
0.000363223
0.000363223
0.000351115
0.000351115
0.000351115
0.000351115
0.000339008
0.000339008
0.000339008
0.000339008
0.000339008
0.000339008
0.0003269
0.0003269
0.000314793
0.000314793
0.000314793
0.000314793
0.000314793
0.000314793
0.000314793
0.000314793
0.000314793
0.000314793
0.000314793
0.000314793
0.000314793
0.000314793
0.000314793
0.000314793
0.000314793
0.000314793
0.000314793
0.000314793
0.000302685
0.000290578
0.000290578
0.000290578
0.000290578
0.000290578
0.000290578
0.000290578
0.000290578
0.000290578
0.000290578
0.000290578
0.000290578
0.000290578
0.000290578
0.000290578
0.000290578
0.000290578
0.000290578
0.000290578
0.000290578
0.000290578
0.000290578
0.000290578
0.000290578
0.000290578
0.000290578
0.000290578
0.000290578
0.000290578
0.000290578
0.000290578
0.000290578
0.000290578
0.000290578
0.000290578
0.000290578
0.000290578
0.000290578
0.000290578
0.000290578
0.000290578
0.000290578
0.000290578
0.000290578
0.000290578
0.000290578
0.000290578
0.000290578
0.000290578
0.000278471
0.000278471
0.000266363
0.000266363
0.000266363
0.000266363
0.000266363
0.000266363
0.000266363
0.000266363
0.000266363
0.000266363
0.000266363
0.000266363
0.000266363
0.000266363
0.000266363
0.000254256
0.000254256
0.000254256
0.000242148
0.000242148
0.000242148
0.000242148
0.000242148
0.000242148
0.000242148
0.000242148
0.000242148
0.000242148
0.000242148
0.000242148
0.000242148
0.000242148
0.000242148
0.000242148
0.000242148
0.000242148
0.000242148
0.000242148
0.000242148
0.000242148
0.000242148
0.000242148
0.000242148
0.000242148
0.000242148
0.000242148
0.000242148
0.000242148
0.000242148
0.000242148
0.000242148
0.000242148
0.000242148
0.000242148
0.000242148
0.000242148
0.000242148
0.000242148
0.000242148
0.000242148
0.000242148
0.000242148
0.000242148
0.000242148
0.000242148
0.000242148
0.000242148
0.000242148
0.000242148
0.000242148
0.000242148
0.000242148
0.000242148
0.000242148
0.000242148
0.000242148
0.000230041
0.000230041
0.000217934
0.000217934
0.000217934
0.000217934
0.000217934
0.000217934
0.000217934
0.000217934
0.000217934
0.000217934
0.000217934
0.000217934
0.000217934
0.000217934
0.000217934
0.000217934
0.000217934
0.000217934
0.000217934
0.000217934
0.000217934
0.000217934
0.000217934
0.000217934
0.000217934
0.000217934
0.000217934
0.000217934
0.000217934
0.000217934
0.000217934
0.000217934
0.000217934
0.000217934
0.000217934
0.000217934
0.000217934
0.000217934
0.000217934
0.000217934
0.000217934
0.000217934
0.000217934
0.000217934
0.000217934
0.000217934
0.000217934
0.000217934
0.000217934
0.000217934
0.000217934
0.000217934
0.000217934
0.000217934
0.000217934
0.000217934
0.000217934
0.000217934
0.000217934
0.000217934
0.000217934
0.000205826
0.000205826
0.000205826
0.000205826
0.000193719
0.000193719
0.000193719
0.000193719
0.000193719
0.000193719
0.000193719
0.000193719
0.000193719
0.000193719
0.000193719
0.000193719
0.000193719
0.000193719
0.000193719
0.000193719
0.000193719
0.000193719
0.000193719
0.000193719
0.000193719
0.000193719
0.000193719
0.000193719
0.000193719
0.000193719
0.000193719
0.000193719
0.000181611
0.000181611
0.000181611
0.000181611
0.000181611
0.000181611
0.000169504
0.000169504
0.000169504
0.000169504
0.000169504
0.000169504
0.000169504
0.000169504
0.000169504
0.000169504
0.000169504
0.000169504
0.000169504
0.000169504
0.000169504
0.000169504
0.000169504
0.000169504
0.000169504
0.000169504
0.000169504
0.000169504
0.000169504
0.000169504
0.000169504
0.000169504
0.000169504
0.000169504
0.000169504
0.000169504
0.000169504
0.000169504
0.000169504
0.000169504
0.000169504
0.000169504
0.000169504
0.000169504
0.000169504
0.000169504
0.000169504
0.000169504
0.000169504
0.000169504
0.000169504
0.000169504
0.000169504
0.000169504
0.000169504
0.000169504
0.000157396
0.000145289
0.000145289
0.000145289
0.000145289
0.000145289
0.000145289
0.000145289
0.000145289
0.000145289
0.000145289
0.000145289
0.000145289
0.000145289
0.000145289
0.000145289
0.000145289
0.000145289
0.000145289
0.000145289
0.000145289
0.000145289
0.000145289
0.000145289
0.000145289
0.000145289
0.000145289
0.000145289
0.000145289
0.000145289
0.000145289
0.000145289
0.000145289
0.000145289
0.000145289
0.000145289
0.000145289
0.000145289
0.000145289
0.000145289
0.000145289
0.000145289
0.000145289
0.000145289
0.000145289
0.000145289
0.000145289
0.000145289
0.000145289
0.000145289
0.000145289
0.000145289
0.000145289
0.000145289
0.000145289
0.000145289
0.000145289
0.000145289
0.000145289
0.000145289
0.000145289
0.000145289
0.000145289
0.000145289
0.000145289
0.000145289
0.000145289
0.000145289
0.000145289
0.000145289
0.000145289
0.000145289
0.000145289
0.000145289
0.000145289
0.000145289
0.000145289
0.000145289
0.000145289
0.000145289
0.000145289
0.000145289
0.000145289
0.000145289
0.000145289
0.000145289
0.000145289
0.000145289
0.000145289
0.000145289
0.000145289
0.000145289
0.000145289
0.000145289
0.000145289
0.000145289
0.000145289
0.000145289
0.000145289
0.000145289
0.000145289
0.000145289
0.000145289
0.000145289
0.000145289
0.000145289
0.000145289
0.000145289
0.000145289
0.000145289
0.000145289
0.000145289
0.000145289
0.000145289
0.000145289
0.000145289
0.000145289
0.000145289
0.000145289
0.000145289
0.000145289
0.000145289
0.000145289
0.000145289
0.000145289
0.000145289
0.000145289
0.000145289
0.000145289
0.000145289
0.000145289
0.000145289
0.000145289
0.000145289
0.000145289
0.000145289
0.000145289
0.000145289
0.000145289
0.000145289
0.000145289
0.000145289
0.000145289
0.000145289
0.000145289
0.000145289
0.000145289
0.000145289
0.000145289
0.000145289
0.000145289
0.000145289
0.000145289
0.000145289
0.000145289
0.000145289
0.000145289
0.000145289
0.000145289
0.000145289
0.000145289
0.000145289
0.000145289
0.000145289
0.000145289
0.000145289
0.000145289
0.000145289
0.000145289
0.000145289
0.000145289
0.000145289
0.000145289
0.000145289
0.000145289
0.000145289
0.000145289
0.000145289
0.000145289
0.000145289
0.000145289
0.000145289
0.000145289
0.000145289
0.000145289
0.000145289
0.000145289
0.000145289
0.000145289
0.000145289
0.000145289
0.000145289
0.000145289
0.000145289
0.000145289
0.000145289
0.000145289
0.000145289
0.000145289
0.000145289
0.000145289
0.000145289
0.000145289
0.000145289
0.000145289
0.000145289
0.000145289
0.000145289
0.000145289
0.000145289
0.000145289
0.000145289
0.000145289
0.000145289
0.000145289
0.000145289
0.000145289
0.000145289
0.000145289
0.000145289
0.000145289
0.000145289
0.000145289
0.000145289
0.000145289
0.000145289
0.000145289
0.000145289
0.000145289
0.000145289
0.000145289
0.000145289
0.000145289
0.000145289
0.000145289
0.000145289
0.000145289
0.000145289
0.000145289
0.000145289
0.000145289
0.000145289
0.000145289
0.000145289
0.000145289
0.000145289
0.000145289
0.000145289
0.000145289
0.000145289
0.000145289
0.000133182
0.000121074
0.000121074
0.000121074
0.000121074
0.000121074
0.000121074
0.000121074
0.000121074
0.000121074
0.000121074
0.000121074
0.000121074
0.000121074
0.000121074
0.000121074
0.000121074
0.000121074
0.000121074
0.000121074
0.000121074
0.000121074
0.000121074
0.000121074
0.000121074
0.000121074
0.000121074
0.000121074
0.000121074
0.000121074
0.000108967
0.000108967
0.000108967
9.68593e-05
9.68593e-05
9.68593e-05
9.68593e-05
9.68593e-05
9.68593e-05
9.68593e-05
9.68593e-05
9.68593e-05
9.68593e-05
9.68593e-05
9.68593e-05
9.68593e-05
9.68593e-05
9.68593e-05
9.68593e-05
9.68593e-05
9.68593e-05
9.68593e-05
9.68593e-05
9.68593e-05
9.68593e-05
9.68593e-05
9.68593e-05
9.68593e-05
9.68593e-05
9.68593e-05
9.68593e-05
9.68593e-05
9.68593e-05
9.68593e-05
9.68593e-05
9.68593e-05
9.68593e-05
9.68593e-05
9.68593e-05
9.68593e-05
9.68593e-05
9.68593e-05
9.68593e-05
9.68593e-05
9.68593e-05
9.68593e-05
9.68593e-05
9.68593e-05
9.68593e-05
9.68593e-05
9.68593e-05
9.68593e-05
9.68593e-05
9.68593e-05
9.68593e-05
9.68593e-05
9.68593e-05
9.68593e-05
9.68593e-05
9.68593e-05
9.68593e-05
9.68593e-05
9.68593e-05
9.68593e-05
9.68593e-05
9.68593e-05
9.68593e-05
9.68593e-05
9.68593e-05
9.68593e-05
9.68593e-05
9.68593e-05
9.68593e-05
9.68593e-05
9.68593e-05
9.68593e-05
9.68593e-05
9.68593e-05
9.68593e-05
9.68593e-05
9.68593e-05
9.68593e-05
9.68593e-05
9.68593e-05
9.68593e-05
9.68593e-05
9.68593e-05
9.68593e-05
9.68593e-05
9.68593e-05
9.68593e-05
9.68593e-05
9.68593e-05
9.68593e-05
8.47519e-05
8.47519e-05
8.47519e-05
7.26445e-05
7.26445e-05
7.26445e-05
7.26445e-05
7.26445e-05
7.26445e-05
7.26445e-05
7.26445e-05
7.26445e-05
7.26445e-05
7.26445e-05
7.26445e-05
7.26445e-05
7.26445e-05
7.26445e-05
7.26445e-05
7.26445e-05
7.26445e-05
7.26445e-05
7.26445e-05
7.26445e-05
7.26445e-05
7.26445e-05
7.26445e-05
7.26445e-05
7.26445e-05
7.26445e-05
7.26445e-05
7.26445e-05
7.26445e-05
7.26445e-05
7.26445e-05
7.26445e-05
7.26445e-05
7.26445e-05
7.26445e-05
7.26445e-05
7.26445e-05
7.26445e-05
7.26445e-05
7.26445e-05
7.26445e-05
7.26445e-05
7.26445e-05
7.26445e-05
7.26445e-05
7.26445e-05
7.26445e-05
7.26445e-05
7.26445e-05
7.26445e-05
7.26445e-05
7.26445e-05
7.26445e-05
7.26445e-05
7.26445e-05
7.26445e-05
7.26445e-05
7.26445e-05
7.26445e-05
7.26445e-05
7.26445e-05
7.26445e-05
7.26445e-05
7.26445e-05
7.26445e-05
7.26445e-05
7.26445e-05
7.26445e-05
7.26445e-05
7.26445e-05
7.26445e-05
7.26445e-05
7.26445e-05
7.26445e-05
7.26445e-05
7.26445e-05
7.26445e-05
7.26445e-05
7.26445e-05
7.26445e-05
7.26445e-05
7.26445e-05
7.26445e-05
7.26445e-05
7.26445e-05
7.26445e-05
7.26445e-05
7.26445e-05
7.26445e-05
7.26445e-05
7.26445e-05
7.26445e-05
7.26445e-05
7.26445e-05
7.26445e-05
7.26445e-05
7.26445e-05
7.26445e-05
7.26445e-05
7.26445e-05
7.26445e-05
7.26445e-05
7.26445e-05
7.26445e-05
7.26445e-05
7.26445e-05
7.26445e-05
7.26445e-05
7.26445e-05
7.26445e-05
7.26445e-05
7.26445e-05
7.26445e-05
7.26445e-05
7.26445e-05
7.26445e-05
7.26445e-05
7.26445e-05
7.26445e-05
7.26445e-05
7.26445e-05
7.26445e-05
7.26445e-05
7.26445e-05
7.26445e-05
7.26445e-05
7.26445e-05
7.26445e-05
7.26445e-05
7.26445e-05
7.26445e-05
7.26445e-05
7.26445e-05
7.26445e-05
7.26445e-05
7.26445e-05
7.26445e-05
7.26445e-05
7.26445e-05
7.26445e-05
7.26445e-05
7.26445e-05
7.26445e-05
7.26445e-05
7.26445e-05
7.26445e-05
7.26445e-05
7.26445e-05
7.26445e-05
7.26445e-05
7.26445e-05
7.26445e-05
7.26445e-05
7.26445e-05
7.26445e-05
7.26445e-05
7.26445e-05
7.26445e-05
7.26445e-05
7.26445e-05
7.26445e-05
7.26445e-05
7.26445e-05
7.26445e-05
7.26445e-05
7.26445e-05
7.26445e-05
7.26445e-05
7.26445e-05
7.26445e-05
7.26445e-05
7.26445e-05
7.26445e-05
7.26445e-05
7.26445e-05
7.26445e-05
7.26445e-05
7.26445e-05
7.26445e-05
7.26445e-05
7.26445e-05
7.26445e-05
7.26445e-05
7.26445e-05
7.26445e-05
7.26445e-05
7.26445e-05
7.26445e-05
7.26445e-05
7.26445e-05
7.26445e-05
7.26445e-05
7.26445e-05
7.26445e-05
7.26445e-05
7.26445e-05
7.26445e-05
7.26445e-05
7.26445e-05
7.26445e-05
7.26445e-05
7.26445e-05
7.26445e-05
7.26445e-05
7.26445e-05
7.26445e-05
7.26445e-05
7.26445e-05
7.26445e-05
7.26445e-05
7.26445e-05
7.26445e-05
7.26445e-05
7.26445e-05
7.26445e-05
7.26445e-05
7.26445e-05
7.26445e-05
7.26445e-05
7.26445e-05
7.26445e-05
7.26445e-05
7.26445e-05
7.26445e-05
7.26445e-05
7.26445e-05
7.26445e-05
7.26445e-05
7.26445e-05
7.26445e-05
7.26445e-05
7.26445e-05
7.26445e-05
7.26445e-05
7.26445e-05
7.26445e-05
7.26445e-05
7.26445e-05
7.26445e-05
7.26445e-05
7.26445e-05
7.26445e-05
7.26445e-05
7.26445e-05
7.26445e-05
7.26445e-05
7.26445e-05
7.26445e-05
7.26445e-05
7.26445e-05
7.26445e-05
7.26445e-05
7.26445e-05
7.26445e-05
7.26445e-05
7.26445e-05
7.26445e-05
7.26445e-05
7.26445e-05
7.26445e-05
7.26445e-05
7.26445e-05
7.26445e-05
7.26445e-05
7.26445e-05
7.26445e-05
7.26445e-05
7.26445e-05
7.26445e-05
7.26445e-05
7.26445e-05
7.26445e-05
7.26445e-05
7.26445e-05
7.26445e-05
7.26445e-05
7.26445e-05
7.26445e-05
7.26445e-05
7.26445e-05
7.26445e-05
7.26445e-05
7.26445e-05
7.26445e-05
7.26445e-05
7.26445e-05
7.26445e-05
7.26445e-05
7.26445e-05
7.26445e-05
7.26445e-05
7.26445e-05
7.26445e-05
7.26445e-05
7.26445e-05
7.26445e-05
7.26445e-05
7.26445e-05
7.26445e-05
7.26445e-05
7.26445e-05
7.26445e-05
7.26445e-05
7.26445e-05
7.26445e-05
7.26445e-05
7.26445e-05
7.26445e-05
7.26445e-05
7.26445e-05
7.26445e-05
7.26445e-05
7.26445e-05
7.26445e-05
7.26445e-05
7.26445e-05
7.26445e-05
7.26445e-05
7.26445e-05
7.26445e-05
7.26445e-05
7.26445e-05
7.26445e-05
7.26445e-05
7.26445e-05
7.26445e-05
7.26445e-05
7.26445e-05
7.26445e-05
7.26445e-05
7.26445e-05
7.26445e-05
7.26445e-05
7.26445e-05
7.26445e-05
7.26445e-05
7.26445e-05
7.26445e-05
7.26445e-05
7.26445e-05
7.26445e-05
7.26445e-05
7.26445e-05
7.26445e-05
7.26445e-05
7.26445e-05
7.26445e-05
7.26445e-05
7.26445e-05
7.26445e-05
7.26445e-05
7.26445e-05
7.26445e-05
7.26445e-05
7.26445e-05
7.26445e-05
7.26445e-05
7.26445e-05
7.26445e-05
7.26445e-05
7.26445e-05
7.26445e-05
7.26445e-05
7.26445e-05
7.26445e-05
7.26445e-05
7.26445e-05
7.26445e-05
7.26445e-05
7.26445e-05
7.26445e-05
7.26445e-05
7.26445e-05
7.26445e-05
7.26445e-05
7.26445e-05
7.26445e-05
7.26445e-05
7.26445e-05
7.26445e-05
7.26445e-05
7.26445e-05
7.26445e-05
7.26445e-05
7.26445e-05
7.26445e-05
7.26445e-05
7.26445e-05
7.26445e-05
7.26445e-05
7.26445e-05
7.26445e-05
7.26445e-05
7.26445e-05
7.26445e-05
7.26445e-05
7.26445e-05
7.26445e-05
7.26445e-05
7.26445e-05
7.26445e-05
7.26445e-05
7.26445e-05
7.26445e-05
7.26445e-05
7.26445e-05
7.26445e-05
7.26445e-05
7.26445e-05
7.26445e-05
7.26445e-05
7.26445e-05
7.26445e-05
7.26445e-05
7.26445e-05
7.26445e-05
7.26445e-05
7.26445e-05
7.26445e-05
7.26445e-05
7.26445e-05
7.26445e-05
7.26445e-05
7.26445e-05
7.26445e-05
7.26445e-05
7.26445e-05
7.26445e-05
7.26445e-05
7.26445e-05
7.26445e-05
7.26445e-05
7.26445e-05
7.26445e-05
7.26445e-05
7.26445e-05
7.26445e-05
7.26445e-05
7.26445e-05
7.26445e-05
7.26445e-05
7.26445e-05
7.26445e-05
7.26445e-05
7.26445e-05
7.26445e-05
7.26445e-05
7.26445e-05
7.26445e-05
7.26445e-05
7.26445e-05
7.26445e-05
7.26445e-05
7.26445e-05
7.26445e-05
7.26445e-05
7.26445e-05
7.26445e-05
7.26445e-05
7.26445e-05
7.26445e-05
7.26445e-05
7.26445e-05
7.26445e-05
7.26445e-05
7.26445e-05
6.05371e-05
4.84297e-05
4.84297e-05
4.84297e-05
4.84297e-05
4.84297e-05
4.84297e-05
4.84297e-05
4.84297e-05
4.84297e-05
4.84297e-05
4.84297e-05
4.84297e-05
4.84297e-05
4.84297e-05
4.84297e-05
4.84297e-05
4.84297e-05
4.84297e-05
4.84297e-05
4.84297e-05
4.84297e-05
4.84297e-05
4.84297e-05
4.84297e-05
4.84297e-05
4.84297e-05
4.84297e-05
4.84297e-05
4.84297e-05
4.84297e-05
4.84297e-05
4.84297e-05
4.84297e-05
4.84297e-05
4.84297e-05
4.84297e-05
4.84297e-05
4.84297e-05
4.84297e-05
4.84297e-05
4.84297e-05
4.84297e-05
4.84297e-05
4.84297e-05
4.84297e-05
4.84297e-05
4.84297e-05
4.84297e-05
4.84297e-05
4.84297e-05
4.84297e-05
4.84297e-05
4.84297e-05
4.84297e-05
4.84297e-05
4.84297e-05
4.84297e-05
4.84297e-05
4.84297e-05
4.84297e-05
4.84297e-05
4.84297e-05
4.84297e-05
4.84297e-05
4.84297e-05
4.84297e-05
4.84297e-05
4.84297e-05
4.84297e-05
4.84297e-05
4.84297e-05
4.84297e-05
4.84297e-05
4.84297e-05
4.84297e-05
4.84297e-05
4.84297e-05
4.84297e-05
4.84297e-05
4.84297e-05
4.84297e-05
4.84297e-05
4.84297e-05
4.84297e-05
4.84297e-05
4.84297e-05
4.84297e-05
4.84297e-05
4.84297e-05
4.84297e-05
4.84297e-05
4.84297e-05
4.84297e-05
4.84297e-05
4.84297e-05
4.84297e-05
4.84297e-05
4.84297e-05
4.84297e-05
4.84297e-05
4.84297e-05
4.84297e-05
4.84297e-05
4.84297e-05
4.84297e-05
4.84297e-05
4.84297e-05
4.84297e-05
4.84297e-05
4.84297e-05
4.84297e-05
4.84297e-05
4.84297e-05
4.84297e-05
4.84297e-05
4.84297e-05
4.84297e-05
4.84297e-05
4.84297e-05
4.84297e-05
4.84297e-05
4.84297e-05
4.84297e-05
4.84297e-05
4.84297e-05
4.84297e-05
4.84297e-05
4.84297e-05
4.84297e-05
4.84297e-05
4.84297e-05
4.84297e-05
4.84297e-05
4.84297e-05
4.84297e-05
4.84297e-05
4.84297e-05
4.84297e-05
4.84297e-05
4.84297e-05
4.84297e-05
4.84297e-05
4.84297e-05
4.84297e-05
4.84297e-05
4.84297e-05
4.84297e-05
4.84297e-05
4.84297e-05
4.84297e-05
4.84297e-05
4.84297e-05
4.84297e-05
4.84297e-05
4.84297e-05
4.84297e-05
4.84297e-05
4.84297e-05
4.84297e-05
4.84297e-05
2.42148e-05
2.42148e-05
2.42148e-05
2.42148e-05
2.42148e-05
2.42148e-05
2.42148e-05
2.42148e-05
2.42148e-05
2.42148e-05
2.42148e-05
2.42148e-05
2.42148e-05
2.42148e-05
2.42148e-05
2.42148e-05
2.42148e-05
2.42148e-05
2.42148e-05
2.42148e-05
2.42148e-05
2.42148e-05
2.42148e-05
2.42148e-05
2.42148e-05
2.42148e-05
2.42148e-05
2.42148e-05
2.42148e-05
2.42148e-05
2.42148e-05
2.42148e-05
2.42148e-05
2.42148e-05
2.42148e-05
2.42148e-05
2.42148e-05
2.42148e-05
2.42148e-05
2.42148e-05
2.42148e-05
2.42148e-05
2.42148e-05
2.42148e-05
2.42148e-05
2.42148e-05
2.42148e-05
2.42148e-05
2.42148e-05
2.42148e-05
2.42148e-05
2.42148e-05
2.42148e-05
2.42148e-05
2.42148e-05
2.42148e-05
2.42148e-05
2.42148e-05
2.42148e-05
2.42148e-05
2.42148e-05
2.42148e-05
2.42148e-05
2.42148e-05
2.42148e-05
2.42148e-05
2.42148e-05
2.42148e-05
2.42148e-05
2.42148e-05
2.42148e-05
2.42148e-05
2.42148e-05
2.42148e-05
2.42148e-05
2.42148e-05
2.42148e-05
2.42148e-05
2.42148e-05
2.42148e-05
2.42148e-05
2.42148e-05
2.42148e-05
2.42148e-05
2.42148e-05
2.42148e-05
2.42148e-05
2.42148e-05
2.42148e-05
2.42148e-05
2.42148e-05
2.42148e-05
2.42148e-05
2.42148e-05
2.42148e-05
2.42148e-05
2.42148e-05
2.42148e-05
2.42148e-05
2.42148e-05
2.42148e-05
2.42148e-05
2.42148e-05
2.42148e-05
2.42148e-05
2.42148e-05
2.42148e-05
2.42148e-05
2.42148e-05
2.42148e-05
2.42148e-05
2.42148e-05
2.42148e-05
2.42148e-05
2.42148e-05
2.42148e-05
2.42148e-05
2.42148e-05
2.42148e-05
2.42148e-05
2.42148e-05
2.42148e-05
2.42148e-05
2.42148e-05
2.42148e-05
2.42148e-05
2.42148e-05
2.42148e-05
2.42148e-05
2.42148e-05
2.42148e-05
2.42148e-05
2.42148e-05
2.42148e-05
2.42148e-05
2.42148e-05
2.42148e-05
2.42148e-05
2.42148e-05
2.42148e-05
2.42148e-05
2.42148e-05
2.42148e-05
2.42148e-05
2.42148e-05
2.42148e-05
2.42148e-05
2.42148e-05
2.42148e-05
2.42148e-05
2.42148e-05
2.42148e-05
2.42148e-05
2.42148e-05
2.42148e-05
2.42148e-05
2.42148e-05
2.42148e-05
2.42148e-05
2.42148e-05
2.42148e-05
2.42148e-05
2.42148e-05
2.42148e-05
2.42148e-05
2.42148e-05
2.42148e-05
2.42148e-05
2.42148e-05
2.42148e-05
2.42148e-05
2.42148e-05
2.42148e-05
2.42148e-05
2.42148e-05
2.42148e-05
2.42148e-05
2.42148e-05
2.42148e-05
2.42148e-05
2.42148e-05
2.42148e-05
2.42148e-05
2.42148e-05
2.42148e-05
2.42148e-05
2.42148e-05
2.42148e-05
2.42148e-05
2.42148e-05
2.42148e-05
2.42148e-05
2.42148e-05
2.42148e-05
2.42148e-05
2.42148e-05
2.42148e-05
2.42148e-05
2.42148e-05
2.42148e-05
2.42148e-05
2.42148e-05
2.42148e-05
2.42148e-05
2.42148e-05
2.42148e-05
2.42148e-05
2.42148e-05
2.42148e-05
2.42148e-05
2.42148e-05
2.42148e-05
2.42148e-05
2.42148e-05
2.42148e-05
2.42148e-05
2.42148e-05
2.42148e-05
2.42148e-05
2.42148e-05
2.42148e-05
2.42148e-05
2.42148e-05
2.42148e-05
2.42148e-05
2.42148e-05
2.42148e-05
2.42148e-05
2.42148e-05
2.42148e-05
2.42148e-05
2.42148e-05
2.42148e-05
2.42148e-05
2.42148e-05
2.42148e-05
2.42148e-05
2.42148e-05
2.42148e-05
2.42148e-05
2.42148e-05
2.42148e-05
2.42148e-05
2.42148e-05
2.42148e-05
2.42148e-05
2.42148e-05
2.42148e-05
2.42148e-05
2.42148e-05
2.42148e-05
2.42148e-05
2.42148e-05
2.42148e-05
2.42148e-05
2.42148e-05
2.42148e-05
2.42148e-05
2.42148e-05
2.42148e-05
2.42148e-05
2.42148e-05
2.42148e-05
2.42148e-05
2.42148e-05
2.42148e-05
2.42148e-05
2.42148e-05
2.42148e-05
2.42148e-05
2.42148e-05
2.42148e-05
2.42148e-05
2.42148e-05
2.42148e-05
2.42148e-05
2.42148e-05
2.42148e-05
2.42148e-05
2.42148e-05
2.42148e-05
2.42148e-05
2.42148e-05
2.42148e-05
2.42148e-05
2.42148e-05
2.42148e-05
2.42148e-05
2.42148e-05
2.42148e-05
2.42148e-05
2.42148e-05
2.42148e-05
2.42148e-05
2.42148e-05
2.42148e-05
2.42148e-05
2.42148e-05
2.42148e-05
2.42148e-05
2.42148e-05
2.42148e-05
2.42148e-05
2.42148e-05
2.42148e-05
2.42148e-05
2.42148e-05
2.42148e-05
2.42148e-05
2.42148e-05
2.42148e-05
2.42148e-05
2.42148e-05
2.42148e-05
2.42148e-05
2.42148e-05
2.42148e-05
2.42148e-05
2.42148e-05
2.42148e-05
2.42148e-05
2.42148e-05
2.42148e-05
2.42148e-05
2.42148e-05
2.42148e-05
2.42148e-05
2.42148e-05
2.42148e-05
2.42148e-05
2.42148e-05
2.42148e-05
2.42148e-05
2.42148e-05
2.42148e-05
2.42148e-05
2.42148e-05
2.42148e-05
2.42148e-05
2.42148e-05
2.42148e-05
2.42148e-05
2.42148e-05
2.42148e-05
2.42148e-05
2.42148e-05
2.42148e-05
2.42148e-05
2.42148e-05
2.42148e-05
2.42148e-05
2.42148e-05
2.42148e-05
2.42148e-05
2.42148e-05
2.42148e-05
2.42148e-05
2.42148e-05
2.42148e-05
2.42148e-05
2.42148e-05
2.42148e-05
2.42148e-05
2.42148e-05
2.42148e-05
2.42148e-05
2.42148e-05
2.42148e-05
2.42148e-05
2.42148e-05
2.42148e-05
2.42148e-05
2.42148e-05
2.42148e-05
2.42148e-05
2.42148e-05
2.42148e-05
2.42148e-05
2.42148e-05
2.42148e-05
2.42148e-05
2.42148e-05
2.42148e-05
2.42148e-05
2.42148e-05
2.42148e-05
2.42148e-05
2.42148e-05
2.42148e-05
2.42148e-05
2.42148e-05
2.42148e-05
2.42148e-05
2.42148e-05
2.42148e-05
2.42148e-05
2.42148e-05
2.42148e-05
2.42148e-05
2.42148e-05
2.42148e-05
2.42148e-05
2.42148e-05
2.42148e-05
2.42148e-05
2.42148e-05
2.42148e-05
2.42148e-05
2.42148e-05
2.42148e-05
2.42148e-05
2.42148e-05
2.42148e-05
2.42148e-05
2.42148e-05
2.42148e-05
2.42148e-05
2.42148e-05
2.42148e-05
2.42148e-05
2.42148e-05
2.42148e-05
2.42148e-05
2.42148e-05
2.42148e-05
2.42148e-05
2.42148e-05
2.42148e-05
2.42148e-05
2.42148e-05
2.42148e-05
2.42148e-05
2.42148e-05
2.42148e-05
2.42148e-05
2.42148e-05
2.42148e-05
2.42148e-05
2.42148e-05
2.42148e-05
2.42148e-05
2.42148e-05
2.42148e-05
2.42148e-05
2.42148e-05
2.42148e-05
2.42148e-05
2.42148e-05
2.42148e-05
2.42148e-05
2.42148e-05
2.42148e-05
2.42148e-05
2.42148e-05
2.42148e-05
2.42148e-05
2.42148e-05
2.42148e-05
2.42148e-05
2.42148e-05
2.42148e-05
2.42148e-05
2.42148e-05
2.42148e-05
2.42148e-05
2.42148e-05
2.42148e-05
2.42148e-05
2.42148e-05
2.42148e-05
2.42148e-05
2.42148e-05
2.42148e-05
2.42148e-05
2.42148e-05
2.42148e-05
2.42148e-05
2.42148e-05
2.42148e-05
2.42148e-05
2.42148e-05
2.42148e-05
2.42148e-05
2.42148e-05
2.42148e-05
2.42148e-05
2.42148e-05
2.42148e-05
2.42148e-05
2.42148e-05
2.42148e-05
2.42148e-05
2.42148e-05
2.42148e-05
2.42148e-05
2.42148e-05
2.42148e-05
2.42148e-05
2.42148e-05
2.42148e-05
2.42148e-05
2.42148e-05
2.42148e-05
2.42148e-05
2.42148e-05
2.42148e-05
2.42148e-05
2.42148e-05
2.42148e-05
2.42148e-05
2.42148e-05
2.42148e-05
2.42148e-05
2.42148e-05
2.42148e-05
2.42148e-05
2.42148e-05
2.42148e-05
2.42148e-05
2.42148e-05
2.42148e-05
2.42148e-05
2.42148e-05
2.42148e-05
2.42148e-05
2.42148e-05
2.42148e-05
2.42148e-05
2.42148e-05
2.42148e-05
2.42148e-05
2.42148e-05
2.42148e-05
2.42148e-05
2.42148e-05
2.42148e-05
2.42148e-05
2.42148e-05
2.42148e-05
2.42148e-05
2.42148e-05
2.42148e-05
2.42148e-05
2.42148e-05
2.42148e-05
2.42148e-05
2.42148e-05
2.42148e-05
2.42148e-05
2.42148e-05
2.42148e-05
2.42148e-05
2.42148e-05
2.42148e-05
2.42148e-05
2.42148e-05
2.42148e-05
2.42148e-05
2.42148e-05
2.42148e-05
2.42148e-05
2.42148e-05
2.42148e-05
2.42148e-05
2.42148e-05
2.42148e-05
2.42148e-05
2.42148e-05
2.42148e-05
2.42148e-05
2.42148e-05
2.42148e-05
2.42148e-05
2.42148e-05
2.42148e-05
2.42148e-05
2.42148e-05
2.42148e-05
2.42148e-05
2.42148e-05
2.42148e-05
2.42148e-05
2.42148e-05
2.42148e-05
2.42148e-05
2.42148e-05
2.42148e-05
2.42148e-05
2.42148e-05
2.42148e-05
2.42148e-05
2.42148e-05
2.42148e-05
2.42148e-05
2.42148e-05
2.42148e-05
2.42148e-05
2.42148e-05
2.42148e-05
2.42148e-05
2.42148e-05
2.42148e-05
2.42148e-05
2.42148e-05
2.42148e-05
2.42148e-05
2.42148e-05
2.42148e-05
2.42148e-05
2.42148e-05
2.42148e-05
2.42148e-05
2.42148e-05
2.42148e-05
2.42148e-05
2.42148e-05
2.42148e-05
2.42148e-05
2.42148e-05
2.42148e-05
2.42148e-05
2.42148e-05
2.42148e-05
2.42148e-05
2.42148e-05
2.42148e-05
2.42148e-05
2.42148e-05
2.42148e-05
2.42148e-05
2.42148e-05
2.42148e-05
2.42148e-05
2.42148e-05
2.42148e-05
2.42148e-05
2.42148e-05
2.42148e-05
2.42148e-05
2.42148e-05
2.42148e-05
2.42148e-05
2.42148e-05
2.42148e-05
2.42148e-05
2.42148e-05
2.42148e-05
2.42148e-05
2.42148e-05
2.42148e-05
2.42148e-05
2.42148e-05
2.42148e-05
2.42148e-05
2.42148e-05
2.42148e-05
2.42148e-05
2.42148e-05
2.42148e-05
2.42148e-05
2.42148e-05
2.42148e-05
2.42148e-05
2.42148e-05
2.42148e-05
2.42148e-05
2.42148e-05
2.42148e-05
2.42148e-05
2.42148e-05
2.42148e-05
2.42148e-05
2.42148e-05
2.42148e-05
2.42148e-05
2.42148e-05
2.42148e-05
2.42148e-05
2.42148e-05
2.42148e-05
2.42148e-05
2.42148e-05
2.42148e-05
2.42148e-05
2.42148e-05
2.42148e-05
2.42148e-05
2.42148e-05
2.42148e-05
2.42148e-05
2.42148e-05
2.42148e-05
2.42148e-05
2.42148e-05
2.42148e-05
2.42148e-05
2.42148e-05
2.42148e-05
2.42148e-05
2.42148e-05
2.42148e-05
2.42148e-05
2.42148e-05
2.42148e-05
2.42148e-05
2.42148e-05
2.42148e-05
2.42148e-05
2.42148e-05
2.42148e-05
2.42148e-05
2.42148e-05
2.42148e-05
2.42148e-05
2.42148e-05
2.42148e-05
2.42148e-05
2.42148e-05
2.42148e-05
2.42148e-05
2.42148e-05
2.42148e-05
2.42148e-05
2.42148e-05
2.42148e-05
2.42148e-05
2.42148e-05
2.42148e-05
2.42148e-05
2.42148e-05
2.42148e-05
2.42148e-05
2.42148e-05
2.42148e-05
2.42148e-05
2.42148e-05
2.42148e-05
2.42148e-05
2.42148e-05
2.42148e-05
2.42148e-05
2.42148e-05
2.42148e-05
2.42148e-05
2.42148e-05
2.42148e-05
2.42148e-05
2.42148e-05
2.42148e-05
2.42148e-05
2.42148e-05
2.42148e-05
2.42148e-05
2.42148e-05
2.42148e-05
2.42148e-05
2.42148e-05
2.42148e-05
2.42148e-05
2.42148e-05
2.42148e-05
2.42148e-05
2.42148e-05
2.42148e-05
2.42148e-05
2.42148e-05
2.42148e-05
2.42148e-05
2.42148e-05
2.42148e-05
2.42148e-05
2.42148e-05
2.42148e-05
2.42148e-05
2.42148e-05
2.42148e-05
2.42148e-05
2.42148e-05
2.42148e-05
2.42148e-05
2.42148e-05
2.42148e-05
2.42148e-05
2.42148e-05
2.42148e-05
2.42148e-05
2.42148e-05
2.42148e-05
2.42148e-05
2.42148e-05
2.42148e-05
2.42148e-05
2.42148e-05
2.42148e-05
2.42148e-05
2.42148e-05
2.42148e-05
2.42148e-05
2.42148e-05
2.42148e-05
2.42148e-05
2.42148e-05
2.42148e-05
2.42148e-05
2.42148e-05
2.42148e-05
2.42148e-05
2.42148e-05
2.42148e-05
2.42148e-05
2.42148e-05
2.42148e-05
2.42148e-05
2.42148e-05
2.42148e-05
2.42148e-05
2.42148e-05
2.42148e-05
2.42148e-05
2.42148e-05
2.42148e-05
2.42148e-05
2.42148e-05
2.42148e-05
2.42148e-05
2.42148e-05
2.42148e-05
2.42148e-05
2.42148e-05
2.42148e-05
2.42148e-05
2.42148e-05
2.42148e-05
2.42148e-05
2.42148e-05
2.42148e-05
2.42148e-05
2.42148e-05
2.42148e-05
2.42148e-05
2.42148e-05
2.42148e-05
2.42148e-05
2.42148e-05
2.42148e-05
2.42148e-05
2.42148e-05
2.42148e-05
2.42148e-05
2.42148e-05
2.42148e-05
2.42148e-05
2.42148e-05
2.42148e-05
2.42148e-05
2.42148e-05
2.42148e-05
2.42148e-05
2.42148e-05
2.42148e-05
2.42148e-05
2.42148e-05
2.42148e-05
2.42148e-05
2.42148e-05
2.42148e-05
2.42148e-05
2.42148e-05
2.42148e-05
2.42148e-05
2.42148e-05
2.42148e-05
2.42148e-05
2.42148e-05
2.42148e-05
2.42148e-05
2.42148e-05
2.42148e-05
2.42148e-05
2.42148e-05
2.42148e-05
2.42148e-05
2.42148e-05
2.42148e-05
2.42148e-05
2.42148e-05
2.42148e-05
2.42148e-05
2.42148e-05
2.42148e-05
2.42148e-05
2.42148e-05
2.42148e-05
2.42148e-05
2.42148e-05
2.42148e-05
2.42148e-05
2.42148e-05
2.42148e-05
2.42148e-05
2.42148e-05
2.42148e-05
2.42148e-05
2.42148e-05
2.42148e-05
2.42148e-05
2.42148e-05
2.42148e-05
2.42148e-05
2.42148e-05
2.42148e-05
2.42148e-05
2.42148e-05
2.42148e-05
2.42148e-05
2.42148e-05
2.42148e-05
2.42148e-05
2.42148e-05
2.42148e-05
2.42148e-05
2.42148e-05
2.42148e-05
2.42148e-05
2.42148e-05
2.42148e-05
2.42148e-05
2.42148e-05
2.42148e-05
2.42148e-05
2.42148e-05
2.42148e-05
2.42148e-05
2.42148e-05
2.42148e-05
2.42148e-05
2.42148e-05
2.42148e-05
2.42148e-05
2.42148e-05
2.42148e-05
2.42148e-05
2.42148e-05
2.42148e-05
2.42148e-05
2.42148e-05
2.42148e-05
2.42148e-05
2.42148e-05
2.42148e-05
2.42148e-05
2.42148e-05
2.42148e-05
2.42148e-05
2.42148e-05
2.42148e-05
2.42148e-05
2.42148e-05
2.42148e-05
2.42148e-05
2.42148e-05
2.42148e-05
2.42148e-05
2.42148e-05
2.42148e-05
2.42148e-05
2.42148e-05
2.42148e-05
2.42148e-05
2.42148e-05
2.42148e-05
2.42148e-05
2.42148e-05
2.42148e-05
2.42148e-05
2.42148e-05
2.42148e-05
2.42148e-05
2.42148e-05
2.42148e-05
2.42148e-05
2.42148e-05
2.42148e-05
2.42148e-05
2.42148e-05
2.42148e-05
2.42148e-05
2.42148e-05
2.42148e-05
2.42148e-05
2.42148e-05
2.42148e-05
2.42148e-05
2.42148e-05
2.42148e-05
2.42148e-05
2.42148e-05
2.42148e-05
2.42148e-05
2.42148e-05
2.42148e-05
2.42148e-05
2.42148e-05
2.42148e-05
2.42148e-05
0
