*Vertices 1697
1
121
13
44
15
12
24
22
13
31
6
23
1
50
73
9
40
35
23
14
10
10
10
19
10
19
21
4
96
25
7
7
9
38
3
4
11
23
68
33
71
6
4
4
8
14
62
49
1
1
5
11
9
30
21
65
7
27
9
1
20
94
14
19
11
14
17
8
8
8
8
8
17
21
53
8
10
5
7
13
4
4
4
5
21
18
26
38
16
40
12
3
3
14
13
3
2
26
10
9
3
18
7
65
22
5
25
9
9
11
9
4
11
5
17
4
2
1
3
11
13
67
55
15
34
43
12
11
7
4
42
34
54
17
44
4
5
1
54
25
3
5
5
6
4
8
6
54
18
9
2
13
3
6
15
78
11
5
7
12
10
5
46
17
17
14
7
27
7
27
14
89
3
12
52
20
22
10
29
6
5
6
108
80
86
25
3
9
1
2
18
5
6
10
36
8
39
9
7
29
11
6
6
28
13
61
13
12
53
7
7
19
25
4
4
4
4
22
7
48
22
66
35
8
21
8
13
16
9
4
4
6
4
9
7
24
15
12
5
5
8
8
8
8
9
23
20
27
32
10
4
10
21
2
10
3
8
18
10
3
11
26
6
7
5
13
10
10
1
1
2
2
21
7
1
2
2
5
5
15
14
4
3
3
6
19
3
17
3
1
17
16
31
6
75
9
5
1
7
1
7
7
20
8
7
1
9
5
19
13
2
61
16
31
41
26
20
8
7
7
7
9
1
1
5
15
7
12
34
2
5
12
5
7
7
6
7
2
28
6
2
24
15
3
22
26
10
14
11
2
12
26
17
4
5
16
16
12
12
6
30
27
5
14
13
10
10
1
3
1
1
2
3
5
11
33
10
21
7
6
10
4
16
27
19
3
2
2
2
14
4
7
16
29
7
4
11
24
7
6
11
6
3
8
21
3
2
4
6
13
2
13
10
7
2
1
1
1
7
7
7
7
7
11
7
7
4
7
16
55
9
5
24
4
5
14
13
4
2
1
6
8
18
3
19
12
53
3
5
4
12
13
5
8
9
22
6
13
15
6
7
7
3
3
14
9
29
5
14
13
4
2
3
6
12
9
19
7
6
5
16
74
24
12
14
4
9
1
7
11
3
4
8
33
25
9
4
2
4
9
1
1
2
2
2
7
7
7
4
1
53
14
14
14
18
14
16
7
4
10
25
5
14
17
21
1
5
5
5
11
22
7
21
22
15
14
2
2
2
6
3
7
6
4
8
29
7
1
1
9
14
56
15
3
4
4
12
7
29
20
20
8
3
3
2
1
8
17
4
8
7
9
4
2
2
2
9
2
19
15
6
1
9
4
3
11
14
14
23
19
11
6
2
5
3
7
10
15
3
7
2
4
5
5
4
12
15
20
3
3
7
7
7
7
4
2
17
6
9
6
10
38
1
2
1
2
5
9
5
8
8
9
22
15
6
6
6
6
6
8
13
19
22
5
19
15
25
5
9
1
2
10
4
6
4
3
6
3
4
3
3
2
7
3
6
30
19
9
11
3
1
10
5
5
17
12
14
9
9
9
9
5
13
2
8
31
20
19
7
15
3
5
4
9
10
12
12
22
34
5
29
4
9
6
6
4
4
1
1
3
4
3
4
22
10
6
8
2
6
3
2
3
8
5
7
6
6
6
1
1
3
15
16
11
11
35
9
6
4
11
9
9
9
9
5
16
5
16
1
2
2
6
7
4
5
17
6
16
11
36
4
6
5
6
12
18
6
3
9
17
4
6
6
3
13
4
4
2
1
1
5
16
7
11
8
4
6
13
7
9
31
8
12
8
11
5
8
4
7
4
4
5
12
4
6
6
1
2
7
10
10
12
4
2
2
5
9
2
2
7
36
1
5
4
3
3
17
11
2
14
3
4
2
2
2
1
2
4
7
2
4
4
16
5
11
3
2
3
11
13
9
5
7
3
2
6
1
7
1
1
2
3
3
3
6
8
9
1
1
4
1
19
13
6
1
5
5
9
10
14
6
6
10
23
3
8
8
4
8
5
11
4
14
9
5
11
31
5
5
11
4
13
10
6
7
3
3
5
4
2
14
12
7
12
7
17
7
4
5
6
2
4
1
2
3
2
4
1
1
29
2
5
1
7
3
5
13
18
2
2
4
11
6
13
1
11
3
2
27
7
7
19
23
12
2
2
2
8
5
8
9
6
5
1
2
4
5
19
1
7
4
10
5
5
2
2
2
2
2
2
1
1
3
10
10
9
3
8
1
3
1
5
9
8
11
2
2
8
4
8
6
8
8
6
10
2
2
2
2
17
5
2
14
4
29
28
28
28
28
30
28
28
28
28
32
28
4
13
11
11
4
7
12
4
3
2
3
26
10
16
18
12
14
9
4
8
9
21
6
10
7
7
1
12
2
6
7
2
2
3
5
1
7
7
8
6
3
3
3
2
2
2
1
1
3
2
2
6
6
6
1
5
14
1
2
5
6
1
1
2
2
5
2
2
9
8
8
4
4
4
7
8
2
10
14
7
1
6
15
6
6
14
1
1
4
9
17
9
6
4
4
1
11
9
2
7
4
4
4
6
9
3
3
6
3
2
4
1
7
3
3
2
5
6
5
2
1
1
1
7
7
5
5
5
12
7
5
5
3
1
2
13
3
4
5
5
2
3
12
7
4
4
9
6
11
1
1
2
10
5
7
3
1
2
2
13
6
13
1
2
2
7
9
10
5
10
6
6
6
9
6
3
1
1
10
10
5
5
2
4
4
2
1
1
2
6
7
5
3
2
1
5
1
1
3
3
15
20
13
4
5
5
5
7
4
8
1
2
9
12
3
3
3
2
9
9
9
5
5
1
17
2
2
5
5
3
3
6
4
2
8
15
6
11
1
4
16
6
3
1
1
1
1
2
2
1
1
13
12
12
12
12
2
2
1
1
16
13
13
13
13
3
5
5
6
4
5
6
1
11
11
5
11
14
2
2
5
9
17
9
9
12
3
6
1
3
6
2
2
2
2
2
3
3
3
10
4
6
4
4
2
2
12
8
15
8
17
5
9
9
2
6
6
4
3
1
5
13
4
4
1
6
1
5
5
5
5
5
1
3
3
3
6
4
2
7
6
3
5
8
5
3
5
5
24
7
5
6
1
3
5
2
1
1
2
2
2
1
1
1
12
3
5
10
9
7
1
2
1
1
4
4
5
4
6
4
4
6
5
3
3
1
1
9
6
6
6
17
1
3
1
1
2
1
2
2
2
7
7
4
1
1
2
4
5
5
5
5
8
8
2
2
2
20
6
2
1
4
9
4
4
1
1
1
6
17
17
18
8
8
4
4
2
2
1
3
2
3
3
1
3
1
3
5
5
5
5
5
8
5
5
2
1
2
2
2
1
7
3
3
2
1
9
8
5
5
5
5
5
4
1
4
1
12
11
11
11
11
11
11
4
6
9
10
10
19
19
3
2
4
3
4
1
1
14
9
1
1
1
14
1
1
5
9
1
2
6
8
1
4
7
2
2
2
2
2
3
2
2
13
8
5
5
5
2
2
2
6
6
5
2
2
2
1
5
5
7
3
1
3
3
2
2
3
3
2
6
10
5
5
5
3
3
10
5
1
1
3
6
3
6
2
5
2
3
3
3
3
2
4
1
1
1
6
2
1
4
6
2
2
4
8
11
11
6
1
1
12
6
6
2
2
4
10
5
6
1
2
2
4
2
2
2
4
4
4
1
2
1
2
2
4
2
8
5
3
1
5
5
5
1
1
4
3
3
2
1
1
4
1
1
3
2
2
8
2
1
3
3
3
1
2
1
2
3
1
11
9
9
9
9
9
9
1
1
1
3
1
1
4
5
2
2
2
3
4
2
