*Vertices 287
0.040114
0.0375932
0.0307979
0.0246602
0.023345
0.0198378
0.019509
0.018413
0.018413
0.0176458
0.0176458
0.0172074
0.0170978
0.0153441
0.0151249
0.0146865
0.0145769
0.0139193
0.0129329
0.0126041
0.0124945
0.0121657
0.0120561
0.0120561
0.0119465
0.0113985
0.0113985
0.0109601
0.0108505
0.0106313
0.0103025
0.0099737
0.00964489
0.00898729
0.00876808
0.00876808
0.00876808
0.00854888
0.00854888
0.00843928
0.00811048
0.00811048
0.00789128
0.00789128
0.00767207
0.00756247
0.00745287
0.00712407
0.00712407
0.00712407
0.00679527
0.00657606
0.00646646
0.00624726
0.00613766
0.00613766
0.00602806
0.00580886
0.00548005
0.00548005
0.00515125
0.00493205
0.00493205
0.00482245
0.00471285
0.00460324
0.00438404
0.00416484
0.00405524
0.00405524
0.00394564
0.00394564
0.00372644
0.00372644
0.00350723
0.00339763
0.00339763
0.00339763
0.00339763
0.00328803
0.00328803
0.00328803
0.00284963
0.00284963
0.00284963
0.00284963
0.00284963
0.00274003
0.00274003
0.00274003
0.00274003
0.00263043
0.00263043
0.00263043
0.00241122
0.00230162
0.00230162
0.00230162
0.00230162
0.00219202
0.00219202
0.00219202
0.00219202
0.00219202
0.00219202
0.00219202
0.00219202
0.00219202
0.00219202
0.00219202
0.00219202
0.00197282
0.00197282
0.00197282
0.00186322
0.00175362
0.00175362
0.00164402
0.00164402
0.00153441
0.00153441
0.00153441
0.00153441
0.00153441
0.00153441
0.00153441
0.00142481
0.00131521
0.00131521
0.00131521
0.00131521
0.00131521
0.00131521
0.00131521
0.00131521
0.00131521
0.00131521
0.00120561
0.00120561
0.00120561
0.00109601
0.00109601
0.00109601
0.00109601
0.00109601
0.00109601
0.000986409
0.000986409
0.000876808
0.000876808
0.000876808
0.000876808
0.000876808
0.000767207
0.000767207
0.000657606
0.000657606
0.000657606
0.000657606
0.000657606
0.000657606
0.000657606
0.000657606
0.000657606
0.000657606
0.000657606
0.000657606
0.000657606
0.000657606
0.000657606
0.000657606
0.000657606
0.000657606
0.000657606
0.000657606
0.000657606
0.000657606
0.000657606
0.000657606
0.000657606
0.000657606
0.000657606
0.000657606
0.000657606
0.000657606
0.000657606
0.000657606
0.000657606
0.000657606
0.000657606
0.000438404
0.000438404
0.000438404
0.000438404
0.000438404
0.000438404
0.000438404
0.000438404
0.000219202
0.000219202
0.000219202
0.000219202
0.000219202
0.000219202
0.000219202
0.000219202
0.000219202
0.000219202
0.000219202
0.000219202
0.000219202
0.000219202
0.000219202
0.000219202
0.000219202
0.000219202
0.000219202
0.000219202
0.000219202
0.000219202
0.000219202
0.000219202
0.000219202
0.000219202
0.000219202
0.000219202
0.000219202
0.000219202
0.000219202
0.000219202
0.000219202
0.000219202
0.000219202
0.000219202
0.000219202
0.000219202
0.000219202
0.000219202
0.000219202
0.000219202
0.000219202
0.000219202
0.000219202
0.000219202
0.000219202
0.000219202
0.000219202
0.000219202
0
0
0
0
0
0
0
0
0
0
0
0
0
0
0
0
0
0
0
0
0
0
0
0
0
0
0
0
0
0
0
0
0
0
0
0
0
0
0
