*Vertices 1644
4
4
24
23
22
22
7
5
5
31
7
17
29
2
20
6
33
5
4
13
2
2
37
15
28
32
6
16
12
24
25
15
10
8
34
12
8
8
8
8
13
3
3
8
4
4
1
1
2
7
3
20
11
29
8
2
2
2
4
2
4
25
15
4
15
10
3
7
5
5
14
3
7
4
7
4
10
5
5
14
32
4
1
10
3
1
5
15
3
3
2
4
14
23
1
21
2
4
20
12
13
2
2
10
28
21
6
12
11
14
10
5
7
1
2
6
11
8
5
4
11
3
21
19
2
27
6
10
3
11
9
3
3
11
5
15
23
7
7
14
22
11
7
7
13
5
7
15
34
1
1
24
1
2
2
6
6
6
6
6
20
4
13
13
10
10
10
10
10
10
10
12
10
6
14
38
9
6
3
3
16
3
2
2
9
2
2
13
10
10
10
10
10
10
10
10
10
10
10
3
1
3
3
3
3
5
4
4
14
24
19
3
3
3
3
3
3
29
6
1
1
1
8
4
4
8
8
2
14
10
1
13
7
12
7
7
7
7
4
4
4
4
3
3
14
8
8
9
10
27
4
6
21
3
12
2
2
2
21
34
15
58
18
37
33
7
23
2
10
5
3
3
2
70
2
9
38
23
6
12
22
11
1
7
11
4
2
35
11
5
2
8
8
8
8
1
11
12
18
4
4
6
19
9
11
10
2
25
16
2
2
2
6
13
19
1
9
0
3
2
18
0
9
3
3
3
7
2
14
11
8
1
1
5
16
4
2
2
16
4
4
5
2
2
10
4
3
3
10
9
5
3
1
10
1
7
14
1
4
4
4
4
4
4
4
4
4
6
6
3
4
1
4
15
4
4
4
19
7
11
3
3
3
3
3
4
16
5
25
3
3
3
4
4
4
4
4
2
2
2
2
2
2
3
3
2
5
3
20
11
24
11
6
6
2
11
3
5
3
1
2
2
2
3
3
3
0
17
10
5
5
14
5
1
2
2
10
1
5
2
8
1
2
1
1
19
36
6
2
5
4
4
5
4
3
1
2
10
6
2
2
2
5
2
2
3
3
3
7
2
5
6
15
8
44
1
22
5
5
0
5
5
3
3
3
3
2
1
1
2
7
5
3
5
5
2
12
6
14
6
0
1
6
9
1
11
1
25
5
5
5
19
35
2
2
2
2
3
11
2
2
2
1
1
1
2
1
1
9
0
0
7
11
11
3
1
5
8
5
5
7
8
8
1
7
2
2
2
2
2
6
6
3
13
6
3
4
17
8
6
3
16
16
13
17
1
2
2
2
6
4
2
8
5
5
5
5
5
11
5
5
3
1
5
1
3
3
7
3
20
31
10
5
2
9
3
1
2
5
13
3
4
4
7
4
1
1
6
3
8
1
1
11
8
6
3
6
3
3
7
7
10
6
6
21
2
16
9
13
10
15
6
1
1
1
4
4
1
1
1
1
1
1
1
12
2
1
1
11
3
19
11
3
3
8
8
4
4
4
3
5
5
3
3
3
4
4
4
3
12
0
4
3
2
9
17
25
4
3
2
2
14
2
2
2
10
2
2
4
7
2
2
3
7
7
20
8
3
8
6
8
6
6
9
2
3
1
1
4
8
3
3
3
1
1
17
4
4
4
5
3
3
3
2
0
5
2
11
11
1
10
5
25
14
15
3
3
3
3
7
4
7
11
4
2
3
3
4
2
5
5
0
3
4
4
3
3
3
7
2
4
2
8
13
10
1
2
1
1
3
3
7
1
1
1
1
2
5
18
3
3
1
4
1
2
2
8
2
4
4
6
4
2
2
2
3
3
3
7
2
2
2
1
1
4
2
7
7
2
9
20
2
2
2
0
6
4
3
2
2
1
4
4
4
4
15
2
2
2
1
1
1
1
2
1
3
3
3
1
1
6
0
0
2
0
0
1
1
2
2
2
4
6
3
3
1
8
2
7
4
5
5
2
2
2
3
3
3
3
1
1
4
4
2
6
6
3
12
5
5
5
5
2
2
6
1
1
1
1
3
3
3
22
3
3
4
4
4
4
4
4
2
4
6
9
8
12
24
2
3
3
4
10
4
4
7
2
5
4
1
6
6
6
9
6
9
4
7
2
6
1
6
6
16
15
12
12
2
2
2
5
3
2
2
2
1
2
2
2
23
8
3
3
7
6
3
3
3
5
3
3
1
7
7
7
7
7
7
7
7
1
1
2
2
3
2
3
3
3
3
5
8
8
2
2
1
1
3
3
4
4
5
5
5
2
5
5
5
5
8
10
10
10
10
10
10
9
3
0
2
2
1
1
4
1
2
4
2
5
5
2
2
2
4
4
4
4
4
4
2
2
7
7
7
7
7
7
7
7
0
2
2
2
2
3
0
4
4
12
4
4
3
1
3
14
3
7
2
3
2
2
3
3
3
1
1
1
2
2
2
4
5
7
1
1
1
1
1
4
4
4
4
4
4
4
2
2
2
3
3
3
1
1
1
1
4
4
4
4
4
5
5
5
2
3
5
5
5
0
5
0
0
6
6
13
1
3
2
3
10
16
2
10
4
4
4
10
10
10
10
10
10
11
10
10
10
8
2
3
4
2
15
2
2
2
10
1
3
3
9
7
5
2
3
3
3
3
3
3
1
1
2
2
2
2
3
3
2
1
1
2
3
3
2
2
2
4
4
7
4
3
3
2
3
3
9
3
2
2
2
7
0
5
4
4
17
4
4
2
2
2
7
9
4
4
4
1
1
7
12
24
1
9
3
4
4
4
4
4
4
4
4
4
3
5
5
5
5
6
3
2
1
2
2
2
0
3
3
1
7
4
4
4
4
2
8
3
1
3
3
3
1
3
3
3
3
3
4
4
4
2
2
6
1
2
3
3
4
4
4
4
4
3
2
3
3
1
4
11
5
5
3
1
1
4
4
7
1
1
3
2
1
4
3
2
3
2
2
2
2
3
3
3
9
7
2
2
2
1
1
1
1
1
1
1
1
1
4
2
2
5
3
2
2
3
5
5
13
2
2
2
3
3
3
1
1
2
2
2
1
3
3
3
3
13
9
9
13
9
13
9
9
5
5
5
5
5
5
3
3
3
3
2
2
2
14
14
14
14
14
14
14
14
14
14
14
14
14
14
1
1
3
3
1
1
1
0
0
0
0
0
0
4
0
4
4
4
4
4
2
2
2
2
2
5
5
5
4
4
4
4
4
4
4
2
2
2
2
2
2
2
2
3
1
1
2
2
2
2
2
2
2
2
2
0
1
3
2
5
6
6
6
6
6
1
1
1
5
5
5
5
5
1
1
3
3
5
6
2
3
3
2
2
2
2
2
5
7
5
3
3
1
1
2
3
3
3
3
1
1
8
4
2
3
3
2
2
2
3
2
2
2
6
6
6
6
6
6
6
2
1
3
3
3
5
5
5
5
5
5
4
4
2
3
4
3
3
2
1
2
2
2
5
4
4
4
7
4
7
2
2
1
3
3
5
3
1
1
2
2
3
3
3
3
4
4
5
3
7
1
4
4
4
4
4
2
2
3
2
2
2
1
7
3
3
3
3
4
4
4
4
4
4
2
1
2
2
2
3
3
3
0
1
2
1
1
1
1
1
4
4
4
4
3
2
2
2
4
4
4
4
2
2
1
3
3
3
4
4
2
2
5
1
1
1
3
1
0
0
0
0
0
2
2
2
0
0
6
6
6
4
4
3
3
3
2
2
3
3
4
4
4
4
2
