64 3.1889640207164 0.13265306122449 13 3 3.13581462037113 R5
12 2.72217861468648 0.13265306122449 13 4.5 3.1224989991992 R5
118 2.61861468283191 0.0739644970414201 25 9 6.11010092660779 R5
189 2.5298221281347 0.21875 7 3 1.58113883008419 R5
408 2.41105512446041 0.197530864197531 8 3.4 1.90787840283389 R2
186 1.73205080756888 0.641975308641975 4 2.5 0.866025403784439 R3
110 1.4142135623731 0.444444444444444 2 1.33333333333333 0.471404520791032 R2
254 1.35680105059994 0.277777777777778 5 3.2 1.32664991614216 R2
397 1.33630620956212 0.277777777777778 5 2.5 1.87082869338697 R2
256 0.603022689155527 0.32 4 3.2 1.32664991614216 R2
85 0.593080252618911 0.402777777777778 9 6.8 3.70944739819828 R2
184 0.509135204604504 0.541322314049587 13 10.3157894736842 5.27209767079627 R2
11 0.480384461415261 0.244897959183674 6 4.5 3.1224989991992 R2
13 0.480384461415261 0.493827160493827 6 4.5 3.1224989991992 R2
14 0.427695651466403 0.620498614958449 11 8.15384615384616 6.65462423196374 R3
3 0.297219149138882 0.37037037037037 7 5.75 4.20565096031518 R2
4 0.297219149138882 0.37037037037037 7 5.75 4.20565096031518 R2
28 0.078086880944303 0.53125 5 4.72727272727273 3.49261322041792 R2
248 0.0594438298277764 0.244897959183674 6 5.75 4.20565096031518 R2
219 0.0477273959903348 0.586666666666667 8 7.8 4.19046536795139 R2
241 1.05367121277235e-08 0.244897959183674 6 6 8.42936970217881e-08 R2
308 0 0.277777777777778 5 5 2 R2
395 -0.31889640207164 0.444444444444444 2 3 3.13581462037113 R2
22 -0.473933019192501 0.277777777777778 5 8.15384615384616 6.65462423196374 R2
700 -0.577350269189626 0.625 2 2.5 0.866025403784439 R3
699 -0.577350269189626 0.625 2 2.5 0.866025403784439 R3
185 -0.577350269189626 0.64 2 2.5 0.866025403784439 R3
190 -0.632455532033676 0.444444444444444 2 3 1.58113883008419 R2
191 -0.632455532033676 0.444444444444444 2 3 1.58113883008419 R2
443 -0.78086880944303 0.64 2 4.72727272727273 3.49261322041792 R3
197 -1 0.444444444444444 2 3 1 R2
407 -1.37248713299344 0.444444444444444 2 4.25 1.6393596310755 R2
671 -1.41421356237309 0.5 1 2 0.707106781186548 R2
309 -1.5 0.444444444444444 2 5 2 R2
