1 4.22764404329542 0 23 4.63636363636363 4.34370447832738 R5
6 3.38829830018325 0 20 5.75 4.20565096031518 R5
64 3.1889640207164 0.13265306122449 13 3 3.13581462037113 R5
388 3.11224457107381 0 15 4.93333333333333 3.23453585885552 R5
12 2.72217861468648 0.13265306122449 13 4.5 3.1224989991992 R5
118 2.61861468283191 0.0739644970414201 25 9 6.11010092660779 R5
82 2.55430157219917 0 7 3.23076923076923 1.47564046871161 R5
189 2.5298221281347 0.21875 7 3 1.58113883008419 R5
408 2.41105512446041 0.197530864197531 8 3.4 1.90787840283389 R2
23 2.36863538864386 0 13 4.72727272727273 3.49261322041792 R1
276 2.23606797749979 0 8 4.66666666666667 1.49071198499986 R1
96 2.23606797749978 0 8 4.66666666666667 1.49071198499986 R1
51 2.21564683762799 0 10 4 2.70801280154532 R1
20 2.19848432637882 0 7 2.85714285714286 1.88441513689613 R1
220 2.1954602155554 0 17 7.8 4.19046536795139 R1
18 2.12132034355964 0 5 2 1.4142135623731 R1
608 2.11057941204434 0 6 3.2 1.32664991614216 R1
34 2.08068154767439 0 22 8.15384615384616 6.65462423196374 R1
264 2.03040612184061 0 10 4.72727272727273 2.59688306492467 R1
557 2 0 9 5 2 R1
157 1.98248141432386 0 13 6.5 3.278719262151 R1
175 1.96579584705606 0 11 5.16666666666667 2.96741563579415 R1
41 1.96579584705606 0 11 5.16666666666667 2.96741563579415 R1
625 1.94665705356915 0 13 7.85714285714286 2.64189171555813 R1
143 1.88982236504614 0 7 3.25 1.98431348329844 R1
421 1.87082869338697 0 6 2.5 1.87082869338697 R1
182 1.84894690328381 0 8 3.8 2.27156333832011 R1
124 1.80029759444694 0 20 9 6.11010092660779 R1
485 1.78885438199983 0 6 3.71428571428571 1.27775312999988 R1
186 1.73205080756888 0.641975308641975 4 2.5 0.866025403784439 R3
249 1.73205080756888 0 6 4 1.15470053837925 R1
55 1.64532909873291 0 9 4.72727272727273 2.59688306492467 R1
35 1.62986721234494 0 19 8.15384615384616 6.65462423196374 R1
410 1.58113883008419 0 3 2 0.632455532033676 R1
529 1.4142135623731 0 2 1.33333333333333 0.471404520791032 R1
110 1.4142135623731 0.444444444444444 2 1.33333333333333 0.471404520791032 R2
512 1.41421356237309 0 3 2 0.707106781186548 R1
114 1.41421356237309 0 3 2 0.707106781186548 R1
385 1.41421356237309 0 6 4 1.4142135623731 R1
195 1.41421356237309 0 3 2 0.707106781186548 R1
386 1.41421356237309 0 6 4 1.4142135623731 R1
79 1.41421356237309 0 3 2 0.707106781186548 R1
476 1.41421356237309 0 6 4 1.4142135623731 R1
375 1.41421356237309 0 3 2 0.707106781186548 R1
473 1.41421356237309 0 6 4 1.4142135623731 R1
183 1.408721450121 0 7 3.8 2.27156333832011 R1
336 1.37649440322337 0 6 3.6 1.74355957741627 R1
254 1.35680105059994 0.277777777777778 5 3.2 1.32664991614216 R2
139 1.35680105059994 0 5 3.2 1.32664991614216 R1
31 1.34164078649987 0 5 3.5 1.11803398874989 R1
397 1.33630620956212 0.277777777777778 5 2.5 1.87082869338697 R2
58 1.2247448713916 0 5 4.4 0.48989794855663 R1
59 1.2247448713916 0 5 4.4 0.48989794855663 R1
306 1.22474487139159 0 3 2 0.816496580927726 R1
208 1.22474487139159 0 7 5.2 1.46969384566991 R1
24 1.22336113479408 0 9 4.72727272727273 3.49261322041792 R1
337 1.19895788082818 0 5 3.23076923076923 1.47564046871161 R1
135 1.19895788082818 0 5 3.23076923076923 1.47564046871161 R1
230 1.18321595661992 0 7 4.66666666666667 1.97202659436654 R1
123 1.14564392373896 0 16 9 6.11010092660779 R1
580 1.14366560431481 0 7 4.28571428571429 2.37332110369088 R1
578 1.14366560431481 0 7 4.28571428571429 2.37332110369088 R1
579 1.14366560431481 0 7 4.28571428571429 2.37332110369088 R1
128 1.1322441186361 0 11 6.8 3.70944739819828 R1
153 1.125 0 5 3.2 1.6 R1
152 1.125 0 5 3.2 1.6 R1
52 1.10782341881399 0 7 4 2.70801280154532 R1
329 1.07816866857424 0 16 10.3157894736842 5.27209767079627 R1
350 1.0690449676497 0 4 2.66666666666667 1.24721912892465 R1
571 1.06748999232823 0 6 4.25 1.6393596310755 R1
159 1.06748999232823 0 10 6.5 3.278719262151 R1
199 1 0 4 3 1 R1
198 1 0 4 3 1 R1
564 1 0 2 1.5 0.5 R1
450 1 0 2 1.5 0.5 R1
181 0.968495996958187 0 6 3.8 2.27156333832011 R1
611 0.948100995161559 0 8 4.93333333333333 3.23453585885552 R1
599 0.888490847250997 0 15 10.3157894736842 5.27209767079627 R1
304 0.878509986795855 0 14 8.15384615384616 6.65462423196374 R1
263 0.875175052517506 0 7 4.72727272727273 2.59688306492467 R1
140 0.818317088384971 0 14 9 6.11010092660779 R1
335 0.802955068546966 0 5 3.6 1.74355957741627 R1
132 0.774370443573913 0 8 4.63636363636363 4.34370447832738 R1
548 0.707106781186548 0 3 2.66666666666667 0.471404520791032 R1
253 0.707106781186548 0 3 2.66666666666667 0.471404520791032 R1
547 0.707106781186548 0 3 2.66666666666667 0.471404520791032 R1
252 0.707106781186548 0 3 2.66666666666667 0.471404520791032 R1
69 0.707106781186547 0 4 3.33333333333333 0.942809041582064 R1
70 0.707106781186547 0 4 3.33333333333333 0.942809041582064 R1
67 0.702959491566638 0 7 5.14285714285714 2.64189171555813 R1
68 0.702959491566638 0 7 5.14285714285714 2.64189171555813 R1
65 0.702959491566638 0 7 5.14285714285714 2.64189171555813 R1
66 0.702959491566638 0 7 5.14285714285714 2.64189171555813 R1
591 0.698813025927751 0 14 10.3157894736842 5.27209767079627 R1
229 0.676123403782814 0 6 4.66666666666667 1.97202659436654 R1
231 0.676123403782814 0 6 4.66666666666667 1.97202659436654 R1
457 0.638937627174094 0 7 4.93333333333333 3.23453585885552 R1
284 0.617821551931903 0 7 5.16666666666667 2.96741563579415 R1
256 0.603022689155527 0.32 4 3.2 1.32664991614216 R2
127 0.593080252618911 0 9 6.8 3.70944739819828 R1
85 0.593080252618911 0.402777777777778 9 6.8 3.70944739819828 R2
206 0.544331053951816 0 6 5.2 1.46969384566991 R1
207 0.544331053951816 0 6 5.2 1.46969384566991 R1
227 0.54415220359248 0 7 4.63636363636363 4.34370447832738 R1
226 0.534994468449988 0 8 5.75 4.20565096031518 R1
370 0.525001355893682 0 10 7.8 4.19046536795139 R1
371 0.525001355893682 0 10 7.8 4.19046536795139 R1
369 0.525001355893682 0 10 7.8 4.19046536795139 R1
184 0.509135204604504 0.541322314049587 13 10.3157894736842 5.27209767079627 R2
594 0.509135204604504 0 13 10.3157894736842 5.27209767079627 R1
598 0.509135204604504 0 13 10.3157894736842 5.27209767079627 R1
595 0.509135204604504 0 13 10.3157894736842 5.27209767079627 R1
602 0.509135204604504 0 13 10.3157894736842 5.27209767079627 R1
593 0.509135204604504 0 13 10.3157894736842 5.27209767079627 R1
601 0.509135204604504 0 13 10.3157894736842 5.27209767079627 R1
596 0.509135204604504 0 13 10.3157894736842 5.27209767079627 R1
600 0.509135204604504 0 13 10.3157894736842 5.27209767079627 R1
592 0.509135204604504 0 13 10.3157894736842 5.27209767079627 R1
597 0.509135204604504 0 13 10.3157894736842 5.27209767079627 R1
730 0.5 0 6 5 2 R1
732 0.5 0 6 5 2 R1
731 0.5 0 6 5 2 R1
734 0.5 0 6 5 2 R1
733 0.5 0 6 5 2 R1
729 0.5 0 6 5 2 R1
11 0.480384461415261 0.244897959183674 6 4.5 3.1224989991992 R2
278 0.480384461415261 0 6 4.5 3.1224989991992 R1
13 0.480384461415261 0.493827160493827 6 4.5 3.1224989991992 R2
572 0.457495710997814 0 5 4.25 1.6393596310755 R1
569 0.457495710997814 0 5 4.25 1.6393596310755 R1
573 0.457495710997814 0 5 4.25 1.6393596310755 R1
574 0.457495710997814 0 5 4.25 1.6393596310755 R1
570 0.457495710997814 0 5 4.25 1.6393596310755 R1
72 0.447213595499958 0 4 3.5 1.11803398874989 R1
634 0.4325904563487 0 9 7.85714285714286 2.64189171555813 R1
627 0.4325904563487 0 9 7.85714285714286 2.64189171555813 R1
628 0.4325904563487 0 9 7.85714285714286 2.64189171555813 R1
630 0.4325904563487 0 9 7.85714285714286 2.64189171555813 R1
633 0.4325904563487 0 9 7.85714285714286 2.64189171555813 R1
629 0.4325904563487 0 9 7.85714285714286 2.64189171555813 R1
632 0.4325904563487 0 9 7.85714285714286 2.64189171555813 R1
631 0.4325904563487 0 9 7.85714285714286 2.64189171555813 R1
626 0.4325904563487 0 9 7.85714285714286 2.64189171555813 R1
14 0.427695651466403 0.620498614958449 11 8.15384615384616 6.65462423196374 R3
145 0.377964473009227 0 4 3.25 1.98431348329844 R1
144 0.377964473009227 0 4 3.25 1.98431348329844 R1
142 0.377964473009227 0 4 3.25 1.98431348329844 R1
146 0.377964473009227 0 4 3.25 1.98431348329844 R1
27 0.364405444406747 0 6 4.72727272727273 3.49261322041792 R1
411 0.329774259186629 0 6 4.93333333333333 3.23453585885552 R1
361 0.324442842261525 0 6 5.14285714285714 2.64189171555813 R1
98 0.31889640207164 0 4 3 3.13581462037113 R1
536 0.314485451016575 0 4 3.4 1.90787840283389 R1
535 0.314485451016575 0 4 3.4 1.90787840283389 R1
534 0.314485451016575 0 4 3.4 1.90787840283389 R1
533 0.314485451016575 0 4 3.4 1.90787840283389 R1
404 0.313933963611046 0 6 4.63636363636363 4.34370447832738 R1
5 0.297219149138882 0 7 5.75 4.20565096031518 R1
3 0.297219149138882 0.37037037037037 7 5.75 4.20565096031518 R2
4 0.297219149138882 0.37037037037037 7 5.75 4.20565096031518 R2
555 0.277424206356586 0 10 8.15384615384616 6.65462423196374 R1
554 0.277424206356586 0 10 8.15384615384616 6.65462423196374 R1
349 0.267261241912425 0 3 2.66666666666667 1.24721912892465 R1
639 0.267261241912424 0 3 2.5 1.87082869338697 R1
489 0.223606797749979 0 4 3.71428571428571 1.27775312999988 R1
486 0.223606797749979 0 4 3.71428571428571 1.27775312999988 R1
488 0.223606797749979 0 4 3.71428571428571 1.27775312999988 R1
487 0.223606797749979 0 4 3.71428571428571 1.27775312999988 R1
273 0.223606797749979 0 5 4.66666666666667 1.49071198499986 R1
272 0.223606797749979 0 5 4.66666666666667 1.49071198499986 R1
275 0.223606797749979 0 5 4.66666666666667 1.49071198499986 R1
274 0.223606797749979 0 5 4.66666666666667 1.49071198499986 R1
271 0.223606797749979 0 5 4.66666666666667 1.49071198499986 R1
93 0.223606797749979 0 5 4.66666666666667 1.49071198499986 R1
97 0.223606797749979 0 5 4.66666666666667 1.49071198499986 R1
94 0.223606797749979 0 5 4.66666666666667 1.49071198499986 R1
95 0.223606797749979 0 5 4.66666666666667 1.49071198499986 R1
92 0.223606797749979 0 5 4.66666666666667 1.49071198499986 R1
119 0.163663417676994 0 10 9 6.11010092660779 R1
122 0.163663417676994 0 10 9 6.11010092660779 R1
121 0.163663417676994 0 10 9 6.11010092660779 R1
141 0.163663417676994 0 10 9 6.11010092660779 R1
356 0.160128153805087 0 5 4.5 3.1224989991992 R1
222 0.152498570332605 0 7 6.5 3.278719262151 R1
311 0.0880450906325622 0 4 3.8 2.27156333832011 R1
29 0.078086880944303 0 5 4.72727272727273 3.49261322041792 R1
26 0.078086880944303 0 5 4.72727272727273 3.49261322041792 R1
28 0.078086880944303 0.53125 5 4.72727272727273 3.49261322041792 R2
447 0.0758098043578905 0 3 2.85714285714286 1.88441513689613 R1
445 0.0758098043578905 0 3 2.85714285714286 1.88441513689613 R1
446 0.0758098043578905 0 3 2.85714285714286 1.88441513689613 R1
661 0.0594438298277764 0 6 5.75 4.20565096031518 R1
248 0.0594438298277764 0.244897959183674 6 5.75 4.20565096031518 R2
219 0.0477273959903348 0.586666666666667 8 7.8 4.19046536795139 R2
351 0.0206108911991642 0 5 4.93333333333333 3.23453585885552 R1
576 0.0206108911991642 0 5 4.93333333333333 3.23453585885552 R1
448 0.0206108911991642 0 5 4.93333333333333 3.23453585885552 R1
241 1.05367121277235e-08 0.244897959183674 6 6 8.42936970217881e-08 R2
244 1.05367121277235e-08 0 6 6 8.42936970217881e-08 R1
240 1.05367121277235e-08 0 6 6 8.42936970217881e-08 R1
246 1.05367121277235e-08 0 6 6 8.42936970217881e-08 R1
243 1.05367121277235e-08 0 6 6 8.42936970217881e-08 R1
245 1.05367121277235e-08 0 6 6 8.42936970217881e-08 R1
242 1.05367121277235e-08 0 6 6 8.42936970217881e-08 R1
437 3.84592537276712e-16 0 4 4 1.15470053837925 R1
436 3.84592537276712e-16 0 4 4 1.15470053837925 R1
247 3.84592537276712e-16 0 4 4 1.15470053837925 R1
435 3.84592537276712e-16 0 4 4 1.15470053837925 R1
194 0 0 2 2 0.707106781186548 R1
665 0 0 3 3 1.58113883008419 R1
409 0 0 2 2 0.632455532033676 R1
471 0 0 5 5 5.96046447753906e-08 R1
364 0 0 5 5 5.96046447753906e-08 R1
367 0 0 5 5 5.96046447753906e-08 R1
679 0 0 4 4 2.70801280154532 R1
113 0 0 2 2 0.707106781186548 R1
467 0 0 5 5 5.96046447753906e-08 R1
302 0 0 2 2 0.707106781186548 R1
100 0 0 3 3 3.13581462037113 R1
484 0 0 2 2 0.632455532033676 R1
305 0 0 2 2 0.816496580927726 R1
308 0 0.277777777777778 5 5 2 R2
678 0 0 4 4 2.70801280154532 R1
363 0 0 5 5 5.96046447753906e-08 R1
518 0 0 2 2 1.4142135623731 R1
362 0 0 5 5 5.96046447753906e-08 R1
366 0 0 5 5 5.96046447753906e-08 R1
667 0 0 3 3 1.58113883008419 R1
468 0 0 5 5 5.96046447753906e-08 R1
724 0 0 2 2 0.707106781186548 R1
666 0 0 3 3 1.58113883008419 R1
677 0 0 4 4 2.70801280154532 R1
112 0 0 2 2 0.707106781186548 R1
126 0 0 5 5 5.96046447753906e-08 R1
483 0 0 2 2 0.632455532033676 R1
99 0 0 3 3 3.13581462037113 R1
526 0 0 2 2 1.4142135623731 R1
514 0 0 2 2 0.707106781186548 R1
725 0 0 2 2 0.707106781186548 R1
513 0 0 2 2 0.707106781186548 R1
365 0 0 5 5 5.96046447753906e-08 R1
470 0 0 5 5 5.96046447753906e-08 R1
469 0 0 5 5 5.96046447753906e-08 R1
303 0 0 2 2 0.707106781186548 R1
196 0 0 2 2 0.707106781186548 R1
728 -0.0561655956301725 0 5 5.16666666666667 2.96741563579415 R1
727 -0.0561655956301725 0 5 5.16666666666667 2.96741563579415 R1
640 -0.0561655956301725 0 5 5.16666666666667 2.96741563579415 R1
402 -0.125 0 3 3.2 1.6 R1
129 -0.146502516351821 0 4 4.63636363636363 4.34370447832738 R1
202 -0.146502516351821 0 4 4.63636363636363 4.34370447832738 R1
131 -0.146502516351821 0 4 4.63636363636363 4.34370447832738 R1
201 -0.146502516351821 0 4 4.63636363636363 4.34370447832738 R1
405 -0.146502516351821 0 4 4.63636363636363 4.34370447832738 R1
148 -0.146502516351821 0 4 4.63636363636363 4.34370447832738 R1
203 -0.146502516351821 0 4 4.63636363636363 4.34370447832738 R1
204 -0.146502516351821 0 4 4.63636363636363 4.34370447832738 R1
147 -0.146502516351821 0 4 4.63636363636363 4.34370447832738 R1
149 -0.146502516351821 0 4 4.63636363636363 4.34370447832738 R1
406 -0.146502516351821 0 4 4.63636363636363 4.34370447832738 R1
130 -0.146502516351821 0 4 4.63636363636363 4.34370447832738 R1
637 -0.150755672288881 0 3 3.2 1.32664991614216 R1
609 -0.150755672288881 0 3 3.2 1.32664991614216 R1
137 -0.150755672288881 0 3 3.2 1.32664991614216 R1
636 -0.150755672288881 0 3 3.2 1.32664991614216 R1
610 -0.150755672288881 0 3 3.2 1.32664991614216 R1
635 -0.150755672288881 0 3 3.2 1.32664991614216 R1
255 -0.150755672288882 0 3 3.2 1.32664991614216 R1
257 -0.150755672288882 0 3 3.2 1.32664991614216 R1
223 -0.152498570332605 0 6 6.5 3.278719262151 R1
156 -0.152498570332605 0 6 6.5 3.278719262151 R1
84 -0.156385810542806 0 3 3.23076923076923 1.47564046871161 R1
83 -0.156385810542806 0 3 3.23076923076923 1.47564046871161 R1
413 -0.156385810542806 0 3 3.23076923076923 1.47564046871161 R1
81 -0.156385810542806 0 3 3.23076923076923 1.47564046871161 R1
414 -0.156385810542806 0 3 3.23076923076923 1.47564046871161 R1
295 -0.160128153805088 0 4 4.5 3.1224989991992 R1
296 -0.160128153805088 0 4 4.5 3.1224989991992 R1
297 -0.160128153805088 0 4 4.5 3.1224989991992 R1
657 -0.178331489483329 0 5 5.75 4.20565096031518 R1
660 -0.178331489483329 0 5 5.75 4.20565096031518 R1
658 -0.178331489483329 0 5 5.75 4.20565096031518 R1
659 -0.178331489483329 0 5 5.75 4.20565096031518 R1
218 -0.190909583961339 0 7 7.8 4.19046536795139 R1
221 -0.190909583961339 0 7 7.8 4.19046536795139 R1
442 -0.209656967344384 0 3 3.4 1.90787840283389 R1
400 -0.209656967344384 0 3 3.4 1.90787840283389 R1
516 -0.267261241912424 0 2 2.5 1.87082869338697 R1
32 -0.280056016805602 0 4 4.72727272727273 2.59688306492467 R1
261 -0.280056016805602 0 4 4.72727272727273 2.59688306492467 R1
262 -0.280056016805602 0 4 4.72727272727273 2.59688306492467 R1
33 -0.280056016805602 0 4 4.72727272727273 2.59688306492467 R1
612 -0.288552476788301 0 4 4.93333333333333 3.23453585885552 R1
638 -0.288552476788301 0 4 4.93333333333333 3.23453585885552 R1
395 -0.31889640207164 0.444444444444444 2 3 3.13581462037113 R2
508 -0.31889640207164 0 2 3 3.13581462037113 R1
507 -0.31889640207164 0 2 3 3.13581462037113 R1
504 -0.31889640207164 0 2 3 3.13581462037113 R1
63 -0.31889640207164 0 2 3 3.13581462037113 R1
694 -0.323661574082684 0 6 8.15384615384616 6.65462423196374 R1
120 -0.327326835353988 0 7 9 6.11010092660779 R1
125 -0.327326835353988 0 7 9 6.11010092660779 R1
236 -0.338061701891407 0 4 4.66666666666667 1.97202659436654 R1
235 -0.338061701891407 0 4 4.66666666666667 1.97202659436654 R1
695 -0.344123600805843 0 3 3.6 1.74355957741627 R1
696 -0.344123600805843 0 3 3.6 1.74355957741627 R1
180 -0.35218036253025 0 3 3.8 2.27156333832011 R1
200 -0.35218036253025 0 3 3.8 2.27156333832011 R1
497 -0.39315916941121 0 4 5.16666666666667 2.96741563579415 R1
498 -0.39315916941121 0 4 5.16666666666667 2.96741563579415 R1
499 -0.39315916941121 0 4 5.16666666666667 2.96741563579415 R1
2 -0.416106808794435 0 4 5.75 4.20565096031518 R1
431 -0.447213595499958 0 3 3.5 1.11803398874989 R1
46 -0.454858826147342 0 2 2.85714285714286 1.88441513689613 R1
22 -0.473933019192501 0.277777777777778 5 8.15384615384616 6.65462423196374 R2
163 -0.490990253030983 0 6 9 6.11010092660779 R1
165 -0.490990253030983 0 6 9 6.11010092660779 R1
164 -0.490990253030983 0 6 9 6.11010092660779 R1
251 -0.494550245980586 0 3 4.72727272727273 3.49261322041792 R1
740 -0.541736338885961 0 3 4.28571428571429 2.37332110369088 R1
700 -0.577350269189626 0.625 2 2.5 0.866025403784439 R3
699 -0.577350269189626 0.625 2 2.5 0.866025403784439 R3
185 -0.577350269189626 0.64 2 2.5 0.866025403784439 R3
389 -0.597715844775765 0 3 4.93333333333333 3.23453585885552 R1
456 -0.597715844775765 0 3 4.93333333333333 3.23453585885552 R1
387 -0.597715844775765 0 3 4.93333333333333 3.23453585885552 R1
390 -0.597715844775765 0 3 4.93333333333333 3.23453585885552 R1
87 -0.606938996314688 0 2 4.63636363636363 4.34370447832738 R1
116 -0.606938996314688 0 2 4.63636363636363 4.34370447832738 R1
117 -0.606938996314688 0 2 4.63636363636363 4.34370447832738 R1
88 -0.606938996314688 0 2 4.63636363636363 4.34370447832738 R1
434 -0.632455532033676 0 2 3 1.58113883008419 R1
433 -0.632455532033676 0 2 3 1.58113883008419 R1
190 -0.632455532033676 0.444444444444444 2 3 1.58113883008419 R2
191 -0.632455532033676 0.444444444444444 2 3 1.58113883008419 R2
524 -0.637792804143281 0 1 3 3.13581462037113 R1
115 -0.637792804143281 0 1 3 3.13581462037113 R1
577 -0.637792804143281 0 1 3 3.13581462037113 R1
582 -0.665133039913304 0 3 4.72727272727273 2.59688306492467 R1
672 -0.665133039913304 0 3 4.72727272727273 2.59688306492467 R1
706 -0.707106781186547 0 3 4 1.4142135623731 R1
685 -0.707106781186547 0 1 2 1.4142135623731 R1
474 -0.707106781186547 0 3 4 1.4142135623731 R1
541 -0.707106781186547 0 1 2 1.4142135623731 R1
705 -0.707106781186547 0 3 4 1.4142135623731 R1
478 -0.707106781186547 0 3 4 1.4142135623731 R1
384 -0.707106781186547 0 3 4 1.4142135623731 R1
475 -0.707106781186547 0 3 4 1.4142135623731 R1
17 -0.707106781186547 0 1 2 1.4142135623731 R1
383 -0.707106781186547 0 3 4 1.4142135623731 R1
477 -0.707106781186547 0 3 4 1.4142135623731 R1
675 -0.707106781186548 0 1 1.33333333333333 0.471404520791032 R1
298 -0.707106781186548 0 1 1.33333333333333 0.471404520791032 R1
530 -0.707106781186548 0 1 1.33333333333333 0.471404520791032 R1
111 -0.707106781186548 0 1 1.33333333333333 0.471404520791032 R1
500 -0.733799385705343 0 2 3.4 1.90787840283389 R1
168 -0.738548945875996 0 2 4 2.70801280154532 R1
167 -0.738548945875996 0 2 4 2.70801280154532 R1
53 -0.738548945875996 0 2 4 2.70801280154532 R1
542 -0.75 0 2 3.2 1.6 R1
151 -0.754829412424069 0 4 6.8 3.70944739819828 R1
525 -0.762492851663023 0 4 6.5 3.278719262151 R1
443 -0.78086880944303 0.64 2 4.72727272727273 3.49261322041792 R3
25 -0.78086880944303 0 2 4.72727272727273 3.49261322041792 R1
312 -0.792405815693063 0 2 3.8 2.27156333832011 R1
313 -0.792405815693063 0 2 3.8 2.27156333832011 R1
707 -0.792405815693063 0 2 3.8 2.27156333832011 R1
357 -0.800640769025436 0 2 4.5 3.1224989991992 R1
108 -0.800640769025436 0 2 4.5 3.1224989991992 R1
422 -0.801783725737273 0 1 2.5 1.87082869338697 R1
581 -0.801783725737273 0 1 2.5 1.87082869338697 R1
396 -0.801783725737273 0 1 2.5 1.87082869338697 R1
618 -0.801783725737273 0 1 2.5 1.87082869338697 R1
260 -0.816496580927724 0 4 5.2 1.46969384566991 R1
62 -0.816496580927735 0 4 4.4 0.48989794855663 R1
61 -0.816496580927735 0 4 4.4 0.48989794855663 R1
60 -0.816496580927735 0 4 4.4 0.48989794855663 R1
741 -0.818317088384971 0 4 9 6.11010092660779 R1
136 -0.834057656228298 0 2 3.23076923076923 1.47564046871161 R1
338 -0.834057656228298 0 2 3.23076923076923 1.47564046871161 R1
735 -0.834057656228298 0 2 3.23076923076923 1.47564046871161 R1
134 -0.834057656228298 0 2 3.23076923076923 1.47564046871161 R1
736 -0.834057656228298 0 2 3.23076923076923 1.47564046871161 R1
228 -0.837157236296121 0 1 4.63636363636363 4.34370447832738 R1
80 -0.837157236296121 0 1 4.63636363636363 4.34370447832738 R1
698 -0.891657447416646 0 2 5.75 4.20565096031518 R1
224 -0.891657447416646 0 2 5.75 4.20565096031518 R1
225 -0.891657447416646 0 2 5.75 4.20565096031518 R1
138 -0.90453403373329 0 2 3.2 1.32664991614216 R1
217 -0.90682052381636 0 4 7.8 4.19046536795139 R1
393 -0.90682052381636 0 4 7.8 4.19046536795139 R1
568 -0.90687921276323 0 2 4.93333333333333 3.23453585885552 R1
154 -0.924747354521953 0 2 8.15384615384616 6.65462423196374 R1
36 -0.924747354521953 0 2 8.15384615384616 6.65462423196374 R1
133 -0.924747354521953 0 2 8.15384615384616 6.65462423196374 R1
155 -0.924747354521953 0 2 8.15384615384616 6.65462423196374 R1
722 -0.963086824686153 0 2 4.28571428571429 2.37332110369088 R1
704 -0.963086824686153 0 2 4.28571428571429 2.37332110369088 R1
723 -0.963086824686153 0 2 4.28571428571429 2.37332110369088 R1
233 -0.981980506061965 0 3 9 6.11010092660779 R1
234 -0.981980506061965 0 3 9 6.11010092660779 R1
232 -0.981980506061965 0 3 9 6.11010092660779 R1
19 -0.985527456652574 0 1 2.85714285714286 1.88441513689613 R1
549 -0.985527456652574 0 1 2.85714285714286 1.88441513689613 R1
737 -1 0 1 1.5 0.5 R1
324 -1 0 2 3 1 R1
563 -1 0 1 1.5 0.5 R1
197 -1 0.444444444444444 2 3 1 R2
558 -1 0 3 5 2 R1
556 -1 0 3 5 2 R1
57 -1.05021006302101 0 2 4.72727272727273 2.59688306492467 R1
56 -1.05021006302101 0 2 4.72727272727273 2.59688306492467 R1
285 -1.06714631697329 0 2 5.16666666666667 2.96741563579415 R1
174 -1.06714631697329 0 2 5.16666666666667 2.96741563579415 R1
286 -1.06714631697329 0 2 5.16666666666667 2.96741563579415 R1
74 -1.06718737290547 0 1 4.72727272727273 3.49261322041792 R1
607 -1.06718737290547 0 1 4.72727272727273 3.49261322041792 R1
418 -1.06748999232823 0 3 6.5 3.278719262151 R1
158 -1.06748999232823 0 3 6.5 3.278719262151 R1
162 -1.07501879963177 0 1 8.15384615384616 6.65462423196374 R1
169 -1.10782341881399 0 1 4 2.70801280154532 R1
171 -1.11803398874989 0 3 4.66666666666667 1.49071198499986 R1
172 -1.11803398874989 0 3 4.66666666666667 1.49071198499986 R1
170 -1.11803398874989 0 3 4.66666666666667 1.49071198499986 R1
281 -1.11803398874989 0 3 4.66666666666667 1.49071198499986 R1
282 -1.11803398874989 0 3 4.66666666666667 1.49071198499986 R1
283 -1.11803398874989 0 3 4.66666666666667 1.49071198499986 R1
689 -1.12089707663561 0 1 4.5 3.1224989991992 R1
109 -1.12089707663561 0 1 4.5 3.1224989991992 R1
444 -1.12943276672775 0 1 5.75 4.20565096031518 R1
270 -1.13389341902768 0 1 3.25 1.98431348329844 R1
193 -1.13389341902768 0 1 3.25 1.98431348329844 R1
166 -1.13389341902768 0 1 3.25 1.98431348329844 R1
539 -1.14564392373896 0 2 9 6.11010092660779 R1
449 -1.21604258075069 0 1 4.93333333333333 3.23453585885552 R1
412 -1.22474487139159 0 1 2 0.816496580927726 R1
575 -1.23263126885587 0 1 3.8 2.27156333832011 R1
674 -1.2579418040663 0 1 3.4 1.90787840283389 R1
401 -1.2579418040663 0 1 3.4 1.90787840283389 R1
586 -1.33630620956212 0 1 2.66666666666667 1.24721912892465 R1
538 -1.34164078649987 0 2 3.71428571428571 1.27775312999988 R1
537 -1.34164078649987 0 2 3.71428571428571 1.27775312999988 R1
73 -1.34164078649987 0 2 3.5 1.11803398874989 R1
407 -1.37248713299344 0.444444444444444 2 4.25 1.6393596310755 R2
403 -1.375 0 1 3.2 1.6 R1
71 -1.41421356237309 0 2 3.33333333333333 0.942809041582064 R1
622 -1.41421356237309 0 2 2.66666666666667 0.471404520791032 R1
546 -1.41421356237309 0 2 2.66666666666667 0.471404520791032 R1
327 -1.41421356237309 0 1 2 0.707106781186548 R1
644 -1.41421356237309 0 1 2 0.707106781186548 R1
376 -1.41421356237309 0 1 2 0.707106781186548 R1
78 -1.41421356237309 0 1 2 0.707106781186548 R1
671 -1.41421356237309 0.5 1 2 0.707106781186548 R2
649 -1.45999279017687 0 4 7.85714285714286 2.64189171555813 R1
648 -1.45999279017687 0 4 7.85714285714286 2.64189171555813 R1
647 -1.45999279017687 0 4 7.85714285714286 2.64189171555813 R1
646 -1.45999279017687 0 4 7.85714285714286 2.64189171555813 R1
517 -1.49120227015865 0 1 3.6 1.74355957741627 R1
205 -1.49691039836749 0 3 5.2 1.46969384566991 R1
307 -1.5 0 2 5 2 R1
309 -1.5 0.444444444444444 2 5 2 R2
482 -1.56357521144986 0 1 6.8 3.70944739819828 R1
684 -1.56814040426404 0 1 5.14285714285714 2.64189171555813 R1
432 -1.56814040426404 0 1 5.14285714285714 2.64189171555813 R1
520 -1.57732082995121 0 2 10.3157894736842 5.27209767079627 R1
683 -1.57732082995121 0 2 10.3157894736842 5.27209767079627 R1
682 -1.57732082995121 0 2 10.3157894736842 5.27209767079627 R1
521 -1.58113883008419 0 1 2 0.632455532033676 R1
374 -1.62273146367138 0 1 7.8 4.19046536795139 R1
676 -1.6583123951777 0 1 3.2 1.32664991614216 R1
662 -1.6583123951777 0 1 3.2 1.32664991614216 R1
250 -1.73205080756888 0 2 4 1.15470053837925 R1
623 -1.76699865127446 0 1 10.3157894736842 5.27209767079627 R1
328 -1.76699865127446 0 1 10.3157894736842 5.27209767079627 R1
334 -1.85933936040274 0 1 4.66666666666667 1.97202659436654 R1
522 -1.98248141432386 0 1 4.25 1.6393596310755 R1
