1801 0
5006 0
3074 0
10309 0
3509 0
3163 0
4863 0
1178 0
4628 0
6459 0
1387 0
6862 0
1932 0
458 2
7004 0
2634 0
1785 0
4361 0
1250 1
2507 0
4893 0
3957 0
1630 0
3497 0
6531 0
4340 0
3185 0
3109 0
7022 0
3919 0
728 1
1244 0
1638 1
5060 0
3936 0
29 4
350 2
4087 0
1969 1
6233 0
1810 0
2203 0
4358 0
2754 0
1546 0
2994 0
3256 0
4003 0
311 2
4537 0
4836 0
3844 0
825 1
917 0
3431 0
4977 0
495 0
4501 0
3889 0
3302 0
2086 0
1322 1
7337 0
1816 0
2460 0
4293 0
2699 1
5067 0
1259 0
9961 0
5464 0
3574 0
3824 0
2976 0
5401 0
3475 0
4319 0
3421 0
2274 0
6894 0
2002 0
4591 0
4902 0
1203 0
4261 0
2088 0
1068 0
9617 0
10919 0
4429 0
486 1
1354 0
2134 0
4066 0
4213 0
8 3
7479 0
2359 1
10220 0
10380 0
5309 0
10611 0
2045 0
686 1
5310 0
3149 0
6375 0
943 0
1887 1
9683 0
1585 0
4709 0
4993 0
4474 0
7098 0
2705 0
690 1
61 1
4475 0
7419 0
5215 0
4094 0
3540 0
2394 0
1266 1
5780 0
3326 0
3419 0
10586 0
5433 0
2654 0
4209 0
4144 0
4784 0
3627 0
39 3
558 1
3200 0
5443 0
8806 0
9859 0
573 2
2710 0
1084 0
6824 0
4570 0
5324 0
10238 0
3446 0
638 1
2350 0
2479 0
1 5
506 2
4184 0
2937 0
661 0
3157 0
2845 0
2482 1
1935 0
2719 0
2690 0
581 1
2727 0
4046 0
4676 0
4200 0
4567 0
678 1
6837 0
4328 0
3862 0
1517 0
6780 0
2808 0
3025 0
1975 0
2910 0
1973 0
1991 0
927 0
6797 0
3180 0
2302 0
4827 0
3849 0
2745 0
652 0
7194 0
2400 0
2034 0
4445 0
3851 0
2029 0
3552 0
844 0
4447 0
10862 0
2723 0
4218 0
10344 0
272 1
4930 0
775 0
2518 0
20 2
2376 0
1983 0
5263 0
3100 0
3787 0
3562 0
4304 0
1627 0
468 1
3030 0
1019 0
700 1
7247 0
78 2
3369 0
6274 0
413 2
294 1
764 1
5342 0
7575 0
4953 0
2075 1
10327 0
9109 0
4582 0
1981 0
3638 0
2081 0
606 1
4416 0
2522 0
3559 0
1855 0
9223 0
432 1
10083 0
4235 0
5349 0
5217 0
2415 0
708 1
2583 0
2589 0
3286 0
2814 0
4764 0
710 0
1656 0
7087 0
856 1
5105 0
1664 1
112 2
3211 0
191 2
4613 0
3612 0
588 1
1684 1
5097 0
756 1
262 3
1944 0
5165 0
6959 0
4422 0
2590 0
542 1
3750 0
3114 0
5337 0
4649 0
2099 0
7123 0
2476 0
2988 0
170 3
4873 0
1921 0
26 3
4923 0
2116 0
7299 0
2250 0
526 1
1901 0
6966 0
3500 0
10578 0
7409 0
359 0
1229 0
10334 0
2614 0
2608 0
1001 0
3694 0
232 1
3458 0
3054 1
1182 0
225 1
6744 0
1447 0
207 2
142 1
10450 0
1510 1
5392 0
48 3
3641 0
7202 0
3585 0
3170 0
10537 0
5288 0
1988 1
3923 0
3730 0
3135 0
3665 0
4356 0
7054 0
4343 0
7041 0
4376 1
659 0
2774 0
2763 0
1141 0
984 1
1155 0
3372 0
788 0
1485 0
128 3
4797 0
7530 0
10751 0
5238 0
4115 0
1313 0
278 1
1617 0
3521 1
490 1
1843 0
10389 0
2626 0
1112 1
7361 0
1294 0
7967 0
461 2
2712 0
1562 0
1426 0
7352 0
3451 0
4640 0
7111 0
1358 1
782 2
5225 0
3647 0
2281 0
1557 1
1486 0
6874 0
425 0
4987 0
2056 0
6883 0
5223 0
3607 0
2876 0
7426 0
3648 0
781 1
6889 0
3015 0
6490 0
5589 0
1950 0
6987 0
2782 0
5044 0
2037 0
5327 0
532 2
1193 1
3963 0
2455 1
55 1
3592 0
1890 0
1681 0
872 0
395 1
1146 1
89 2
988 1
5848 0
4342 0
3584 0
2295 0
1550 0
1454 0
6969 0
2533 0
3960 0
5117 0
7454 0
4434 0
1584 0
7174 0
1675 0
649 0
7219 0
2150 0
1318 0
642 1
1764 0
3348 0
1908 0
2792 0
10912 0
1718 1
1098 1
10190 0
3003 0
4849 0
2665 0
5018 0
4609 0
7272 0
184 1
776 0
3738 0
1570 1
2673 1
1269 0
181 2
412 1
1671 0
4242 0
830 0
4933 0
3721 0
2062 0
3935 0
5204 0
1101 1
326 2
6471 0
6989 0
1165 0
2886 0
2543 0
5129 0
5224 0
3940 0
335 1
6660 0
3531 0
7212 0
7189 0
4681 0
4287 0
10345 0
5362 0
4481 0
1867 0
4742 0
3969 0
4664 0
2505 0
4856 0
3533 1
2936 0
440 0
1289 0
2525 0
7159 0
6113 0
841 0
1898 1
4668 0
1044 1
3513 0
9160 0
1751 0
4029 0
91 2
2137 0
7402 0
4116 0
467 0
2121 0
474 1
7146 0
3563 0
6024 0
563 0
2919 0
3248 0
2953 0
4058 1
6947 0
6915 0
7549 0
7334 0
6851 0
3489 0
68 5
2514 0
7209 0
10215 0
5338 0
5081 0
5934 0
4176 0
7164 0
3628 0
7262 0
7557 0
3807 0
3995 0
222 1
2911 0
2418 0
3132 0
305 2
928 0
7274 0
1644 1
1526 0
4560 0
10451 0
4276 0
3245 0
217 2
7143 0
4815 0
4076 0
281 1
158 2
10422 0
3832 0
3412 0
4928 0
7382 0
3658 0
1418 0
36 2
5150 0
1368 0
748 1
472 2
8446 0
1655 0
1943 0
5077 0
711 1
132 1
1791 1
6905 0
5412 0
3779 0
3747 0
2180 0
1428 0
2769 0
4081 1
5369 0
1018 0
4992 0
1125 0
2279 0
741 1
998 0
2806 0
7439 0
4831 0
7385 0
3032 0
1789 0
4621 0
3880 0
4757 0
3192 0
3947 0
2076 1
4294 0
10498 0
6858 0
6733 0
1545 0
1838 0
1058 0
1773 1
4989 0
3883 0
3166 0
3704 0
7279 0
5417 0
6211 0
3392 0
2860 0
3141 0
1535 1
3775 0
5299 0
4978 0
5258 0
1335 0
4652 0
7412 0
3780 0
10891 0
3974 0
4847 0
3409 0
5240 0
3918 0
5419 0
5442 0
5011 0
5270 0
165 2
6588 0
2351 0
729 1
4509 0
2 5
4229 0
6319 0
2125 0
11005 0
2553 0
1231 1
2979 0
3270 0
2446 0
973 1
2961 0
2569 0
7028 0
1046 0
319 0
2571 0
4021 0
1179 0
2857 0
1922 0
735 2
3048 0
2948 0
7104 0
1271 0
6921 0
4566 0
344 2
4682 0
7445 0
7324 0
7129 0
2103 0
2949 0
1710 1
4783 0
2224 0
1133 1
2421 0
209 1
2837 0
7442 0
4456 0
1118 1
1575 0
5152 0
2428 0
6938 0
4718 0
4460 0
5080 0
7131 0
4191 0
600 0
80 1
336 1
457 0
1301 0
4998 0
5247 0
383 0
4945 0
3817 0
1873 0
2497 0
3651 0
6842 0
92 1
5354 0
3687 0
4791 0
1212 0
2253 0
2787 0
2433 0
1164 0
1477 1
6954 0
2824 0
4597 0
505 0
6310 0
2739 0
670 0
8429 0
1094 0
419 1
995 1
837 0
2015 0
4521 0
7073 0
149 1
625 1
3208 0
6836 0
6398 0
406 1
7088 0
2289 0
4798 0
3283 1
2312 0
19 4
3096 0
3637 0
365 1
1030 1
2730 0
763 1
3255 0
3332 0
4632 0
2021 0
3430 0
4590 0
3318 0
5193 0
570 1
7118 0
3123 0
1880 0
3761 0
5191 0
252 1
4883 0
3389 0
4063 0
883 1
4805 0
4610 0
1998 0
5387 0
2930 0
1367 1
3825 0
5236 0
7169 0
10765 0
1070 0
3117 0
3618 0
3275 0
2463 0
4332 0
2493 0
105 2
4500 0
2380 0
111 3
3549 0
408 1
5038 0
5410 0
7241 0
3577 0
7527 0
7434 0
2777 0
7010 0
559 1
3601 0
5301 0
580 0
2800 0
4956 0
7049 0
2523 0
5103 0
4618 0
3808 0
1257 0
31 3
4717 0
4093 0
2307 0
2706 0
7039 0
7513 0
9200 0
4439 0
5444 0
3336 0
2133 0
4629 0
5104 0
968 0
675 0
7300 0
4969 0
4722 0
431 1
3541 0
382 1
7191 0
3487 0
2846 0
7134 0
4729 0
7019 0
4329 0
3863 0
139 2
129 3
4662 0
3008 0
926 0
1246 1
1083 0
1293 0
4000 0
1792 0
3024 0
662 1
168 3
4789 0
1518 0
3447 0
3444 0
178 1
3156 0
2728 0
3992 0
10619 0
3439 0
124 2
6267 0
1429 0
1974 0
2536 0
4988 0
3611 0
6875 0
4350 0
2483 1
1374 0
2807 0
2303 0
2259 0
2212 0
716 2
1886 0
7222 0
1972 1
5294 0
940 0
685 0
4169 0
21 1
4862 0
5313 0
523 0
2377 0
3823 0
4360 0
3975 0
6344 0
1460 0
10329 0
453 1
2500 0
10308 0
3937 0
1202 0
3162 0
3895 0
3303 0
351 2
2838 0
595 0
6996 0
2926 0
1854 0
1498 1
835 1
6863 0
1267 1
11052 0
4620 0
4015 0
113 2
901 1
2191 0
7021 0
1056 0
7032 0
3664 0
10377 0
3108 0
4365 0
6970 0
10821 0
5066 0
2753 0
1473 0
881 1
2461 0
6880 0
3186 0
10744 0
405 0
507 1
7033 0
3843 0
1734 0
3565 0
3230 0
7042 0
1258 0
10641 0
4030 1
7009 0
2313 0
392 1
3653 0
7484 0
2242 0
6998 0
5463 0
2254 0
3354 0
6895 0
813 0
2014 0
644 1
2477 0
5140 0
1820 0
3360 0
7294 0
5308 0
5182 0
2110 0
5275 0
1342 0
2457 0
1802 0
4185 0
4359 0
1968 1
2775 0
7494 0
4009 0
4065 0
2273 0
3476 1
791 0
3330 0
1355 0
3640 0
2231 1
3617 0
3095 0
3231 0
916 0
2043 0
3646 0
4857 0
4828 0
329 1
525 1
4476 0
787 1
27 3
1902 0
2331 0
1561 0
5255 0
7503 0
5216 0
1866 1
2001 1
3736 0
3731 0
4394 0
1310 1
5901 0
3459 1
2115 1
4703 0
4357 0
4578 0
4234 0
3695 0
1239 0
3035 0
6939 0
769 0
1181 0
1809 0
803 1
2744 0
2559 0
4796 0
4133 0
3199 0
4669 0
5287 0
60 1
1245 1
1400 0
1067 1
691 1
2615 0
7273 0
5173 0
1676 0
1388 1
3134 0
346 2
5245 0
3085 0
5453 0
3171 0
10664 0
427 2
5121 0
4735 0
82 2
3464 0
2202 0
650 2
4635 0
1154 1
7318 0
895 1
1763 0
4499 0
5237 0
10999 0
69 3
4299 0
1910 0
2762 0
3076 0
224 2
3608 0
10845 0
7558 0
3264 0
2711 0
3501 0
1982 0
5226 0
2393 0
3423 0
426 0
4127 0
1435 0
279 1
2408 0
7139 0
483 2
498 1
3520 0
2055 0
1487 1
4311 0
4698 0
2028 0
1540 0
3075 0
7360 0
7218 0
1606 1
2064 0
6156 0
99 1
4767 0
5424 0
3553 0
5218 0
1933 0
4892 0
2022 0
790 1
5164 0
533 1
2080 0
10240 0
4448 0
3551 0
1122 0
2416 0
4643 0
1053 1
462 1
414 2
3852 0
6359 0
6923 0
4558 0
263 2
7550 0
3746 0
4385 0
4536 0
3361 1
2985 0
3593 0
4979 0
6656 0
10863 0
7400 0
3210 0
3673 0
7260 0
1409 0
4417 0
4581 0
1716 0
4219 0
293 1
1272 0
1663 1
2888 0
3818 0
469 1
635 1
6350 0
1088 0
5373 0
1566 1
979 1
3950 0
3737 0
709 1
3603 0
40 2
310 1
192 1
1115 1
4421 0
7124 0
4406 0
4320 0
3529 0
4303 0
3764 0
1707 0
2293 0
3103 0
267 2
543 1
1892 1
2044 1
4561 0
4553 0
4231 0
1437 0
2813 0
4648 0
2724 0
2517 0
757 0
7547 0
2577 0
9 2
7379 0
3359 0
1740 0
1600 0
6417 0
603 1
5423 0
90 3
4712 0
3514 0
565 0
3102 0
3247 0
7401 0
850 0
4057 0
4683 0
2696 0
4997 0
1360 1
3620 0
233 1
6981 0
1490 0
2198 1
2947 0
4199 0
4480 0
10342 0
2288 1
2954 0
11 1
5120 0
842 0
7145 0
2000 1
3340 0
2531 0
7121 0
7211 0
199 2
4972 0
1899 0
4606 0
1929 0
1737 0
4814 0
10870 0
3143 0
5128 0
3411 0
6507 0
3284 0
7048 0
3223 0
3244 0
2122 0
2280 0
280 1
273 2
10137 0
471 0
6914 0
3498 0
4991 0
4177 0
1509 0
2262 1
9475 0
7089 0
2912 0
1325 0
1643 0
131 3
7119 0
1565 1
4277 0
4075 0
1502 1
1872 0
7097 0
4743 0
4665 0
3488 0
2935 0
6949 0
7489 0
2513 0
3875 0
37 3
855 0
3659 0
5078 0
1706 0
1839 0
1788 1
2186 0
680 2
3962 0
7346 0
1147 0
7173 0
7259 0
2783 0
334 1
4870 0
3902 0
2292 0
3582 0
1997 0
4675 0
5256 0
6888 0
7383 0
7181 0
1680 1
2879 0
1139 1
1319 1
1826 0
4043 0
2454 1
2077 0
2036 0
1747 0
10266 0
6988 0
820 1
1799 0
1194 0
1552 0
7271 0
3716 0
7307 0
4433 0
41 3
3014 0
3084 0
1453 0
866 0
10594 0
2223 0
5118 0
3532 0
770 1
3380 0
4292 0
1097 0
641 2
4734 0
838 0
2664 0
616 0
2962 0
5019 0
1121 1
870 1
4245 0
11074 0
896 1
3530 0
2903 0
3672 0
10924 0
4934 0
2165 0
5096 0
2347 0
6470 0
4310 0
777 1
5045 0
9341 0
3609 0
2786 0
3968 0
1672 1
2325 0
1685 1
1891 0
3941 0
4924 0
2768 0
562 1
5203 0
10935 0
2269 0
1102 1
183 1
7027 0
2544 0
1478 0
7002 0
2541 0
362 1
439 2
1379 0
2607 0
3345 0
4598 0
4839 0
10255 0
3798 0
2496 0
407 1
5351 0
3686 0
4374 0
18 3
376 2
4511 0
1167 0
1393 0
609 1
7105 0
4790 0
3652 0
3373 0
5248 0
10998 0
10679 0
148 2
10159 0
1343 1
2489 0
4948 0
7234 0
2655 0
726 1
2509 0
2703 0
2955 0
4919 0
4210 0
964 0
4110 0
157 1
6948 0
2009 0
1909 0
7179 0
4192 0
935 2
2627 0
3576 0
1213 1
1093 1
81 2
6955 0
1300 0
624 1
2598 0
7433 0
371 1
10120 0
6967 0
204 1
5190 0
1041 0
6872 0
1990 0
4611 0
7242 0
3254 0
814 0
5235 0
2492 0
5192 0
2109 0
884 0
5133 0
4927 0
3539 0
6205 0
4910 0
749 0
345 1
3323 0
4408 0
4846 0
613 0
5141 0
5181 0
6841 0
952 0
2691 0
4804 0
4498 0
1071 1
3058 0
5286 0
4331 0
7248 0
253 1
10670 0
7252 0
4158 0
5388 0
3278 0
2427 0
6602 0
7223 0
63 1
5009 0
1637 0
179 1
1105 1
3705 0
10497 0
1334 1
3948 0
2499 0
3776 0
2096 0
2805 0
1784 0
938 1
3882 0
4016 0
2149 1
1830 0
1620 0
2241 0
3060 0
3917 1
3167 0
7456 0
6142 0
7163 0
2370 0
929 0
5199 0
2554 1
1583 0
1538 1
7289 0
258 1
2620 0
5158 0
4022 0
7399 0
2138 0
1055 0
3610 0
4050 0
2447 0
7376 0
141 3
3140 1
3043 0
4939 0
4520 0
1230 0
2793 0
1917 0
2993 0
5865 0
1713 1
3590 0
7446 0
1060 0
3722 0
3759 0
2420 0
7066 0
2104 0
2894 0
2126 0
4450 0
2858 0
900 1
318 2
2526 0
972 0
473 2
2572 0
1774 0
3 3
248 2
3888 0
6469 0
802 1
4782 0
3420 0
2063 0
6922 0
3723 0
5130 0
3269 0
2632 0
10456 0
1049 1
4544 0
10416 0
4869 0
2812 0
1488 0
560 1
2830 0
898 1
798 2
10355 0
3892 0
2725 0
3670 0
4932 0
7391 0
4316 0
7239 0
1273 1
2516 0
451 1
2616 0
3362 0
1408 0
2448 0
2969 0
4249 0
2721 0
4557 0
3595 0
578 1
4788 0
11034 0
4909 0
4418 0
4384 0
695 0
3331 0
5372 0
5335 0
5167 0
5148 0
9906 0
540 0
9144 0
1615 0
3137 0
3065 0
1732 0
2073 1
861 1
3706 0
337 2
2406 0
3172 0
76 1
2718 0
982 0
571 1
1190 0
5428 0
2592 0
7200 0
1171 1
1345 1
2290 0
4431 0
10601 0
1123 0
236 2
758 0
706 1
14 2
4550 0
4761 0
10960 0
2587 1
1608 0
2328 0
3232 0
2474 0
2889 0
234 2
3786 1
594 0
2924 0
10789 0
1438 1
6957 0
1903 0
6746 0
4766 0
4580 0
7045 0
5213 0
7504 0
4302 0
3554 0
6936 0
3116 0
2776 0
4443 0
4759 0
1000 0
43 4
6012 0
2582 1
3502 0
1728 0
3955 0
5367 0
3763 0
288 1
193 1
119 1
4875 0
9802 0
3925 0
5227 0
4981 0
3374 0
1180 0
4730 0
10213 0
430 2
3602 0
447 1
3258 0
1446 0
4438 0
2118 0
415 2
6881 0
3987 0
1292 0
2597 0
7180 0
5441 0
1356 1
5208 0
1871 0
438 2
1153 1
5209 0
5399 0
4569 0
1022 2
4463 0
4395 0
2795 0
953 1
4830 0
6031 0
1560 0
6968 0
7225 0
3912 0
4820 0
1762 0
784 2
260 1
5172 0
6300 0
3080 0
2061 0
1844 0
7186 0
1144 1
762 0
1723 0
2047 0
11020 0
144 2
4619 0
5281 0
3696 0
906 1
2205 0
1349 0
177 3
2213 0
3346 0
2940 0
22 3
205 2
3072 0
4345 0
7316 0
3296 0
2681 0
1260 1
874 1
4795 0
493 2
1708 0
2220 0
3719 0
1436 0
2528 0
1677 1
2174 0
4699 0
1320 1
1026 1
4493 0
2752 0
1390 0
6913 0
1993 0
10268 0
1499 0
3544 0
1469 0
4674 0
919 1
400 1
1268 0
633 0
1372 0
2023 0
7551 0
1977 0
4387 0
1669 0
1825 0
3445 0
1285 1
5468 0
3309 0
7335 0
3594 0
3757 0
1549 0
1959 0
1242 1
1208 1
1874 0
1803 0
3542 0
1201 0
519 1
5070 0
5069 0
3300 0
17 3
2451 0
4092 1
3337 0
5466 0
7059 0
1274 0
5119 0
110 3
4861 0
2356 0
4721 0
2210 0
2658 0
3700 0
9686 0
10198 0
646 0
5322 0
4005 0
1220 0
5266 0
3663 0
5276 0
7031 0
2652 0
2337 1
4626 0
5014 0
2243 0
1288 1
1087 1
810 0
5425 0
33 4
1587 1
4351 0
6462 0
6990 0
227 1
10217 0
4829 0
1860 0
4577 0
5379 0
2013 0
264 2
806 1
4477 0
4960 0
1885 0
4899 0
2905 0
1817 0
7499 0
5300 0
2707 0
4854 0
556 1
3998 0
717 1
2817 0
671 2
1511 1
5436 0
2249 0
3353 1
2423 0
1605 0
663 0
4301 0
6892 0
2431 1
5050 0
1945 0
969 0
4326 0
5184 0
5802 0
4295 0
1946 0
2276 1
4207 0
4089 0
1501 0
549 2
3465 1
3629 0
7018 0
946 2
7230 0
2644 0
1361 0
7020 0
3864 1
3155 0
7510 0
5079 0
7327 0
3773 0
5025 0
3280 0
1465 0
2990 0
1397 1
3678 0
941 1
6826 0
583 1
4848 0
3436 0
5063 0
7535 0
1869 0
591 1
6860 0
2304 0
3846 0
7096 0
3481 0
2804 0
2341 1
3583 0
4078 0
4149 0
5123 0
4990 0
1920 0
102 3
3827 0
5157 0
4589 0
2992 0
5414 0
4942 0
2639 0
1218 1
3483 0
2398 0
4409 0
5036 0
259 2
5290 0
1625 0
163 1
1106 1
3898 1
1836 0
10472 0
1531 0
2731 0
10988 0
5160 0
3976 0
2929 0
7071 0
2738 0
7447 0
1333 0
5179 0
7478 0
2770 0
3859 0
7288 0
3087 0
442 0
4044 0
2156 0
4492 0
1577 0
1572 1
2851 0
6771 0
886 1
4733 0
1329 0
2835 0
7375 0
3728 0
5440 0
4186 0
3568 0
3777 0
320 2
7102 0
3528 0
3756 0
811 1
465 2
249 2
1612 0
819 1
5280 0
1177 1
1189 0
3680 0
1748 0
2127 0
858 1
3768 0
5131 0
385 1
1479 0
7440 0
1359 0
5095 0
7436 0
2578 0
5344 0
971 0
7213 0
7469 0
4781 0
4716 0
6818 0
7520 0
847 0
479 1
1166 1
2166 0
3091 0
1378 1
1054 0
7038 0
2821 0
2101 0
619 0
3616 0
4996 0
621 1
3797 1
7537 0
7389 0
2310 0
2495 0
4908 0
3395 0
3052 0
2322 0
2438 0
3334 0
4179 0
4778 0
6801 0
7312 0
5355 0
377 1
7267 0
602 1
2050 0
3815 0
1311 0
1787 1
5057 0
612 2
1391 1
936 0
3579 0
5234 0
5110 0
4510 0
2794 0
701 0
10299 0
3710 0
6251 0
214 1
3630 0
8427 0
7176 0
2708 0
1650 0
2789 0
6999 0
2074 1
2539 0
2547 0
731 1
3639 0
2779 0
4281 0
2139 0
768 0
1928 1
1092 1
2255 0
1756 0
3877 0
1636 0
2491 0
7086 0
4885 0
6971 0
10314 0
4976 0
338 1
761 0
3105 0
576 2
4748 0
1775 1
738 0
1415 1
484 1
3408 0
1078 1
2334 0
1243 0
2530 1
4833 0
623 1
4091 0
3885 0
1512 0
2956 0
4502 0
2564 0
2382 0
2946 0
328 1
4462 0
1223 0
628 1
7525 0
7347 0
4014 0
3538 0
733 1
5003 0
6249 0
3745 0
630 0
997 1
7015 0
5001 0
4947 0
6840 0
3394 0
608 0
3263 0
1234 1
1649 1
2226 0
2878 0
7368 0
4108 0
4535 0
1474 1
125 3
44 2
7258 0
1687 0
2152 1
7404 0
5312 0
7207 0
1188 0
3142 0
5016 0
7455 0
2008 0
2862 0
10572 0
7138 0
10595 0
714 1
1564 1
6935 0
4364 0
7293 0
2663 0
9754 0
5008 0
10522 0
4690 0
7428 0
4631 0
397 1
1096 0
5368 0
3285 0
2934 0
1657 0
10827 0
3009 0
4432 0
2185 0
1191 1
2717 0
6825 0
823 0
4659 0
4666 0
771 0
401 2
186 1
7270 0
1797 0
1119 1
1914 0
3039 0
6940 0
1705 0
3000 0
7512 0
915 1
2978 0
5390 0
5260 0
9370 0
1586 1
4037 0
9114 0
1986 0
1456 0
2606 0
7471 0
2060 0
3561 0
1551 1
9672 0
3981 0
6857 0
7001 0
8188 0
4607 0
2904 0
5042 0
3643 0
5325 0
10631 0
2346 0
561 0
2195 0
2112 0
2555 0
5202 0
2221 0
2982 0
3718 1
1307 3
1812 0
1769 0
2475 1
1875 0
3834 0
7148 0
5087 0
1673 0
4084 0
4027 0
297 2
963 1
4959 0
4931 0
2031 0
7236 0
980 1
1596 0
5169 0
2697 0
2097 0
1651 1
1569 0
2542 1
2123 0
9991 0
530 1
3701 0
3805 0
3067 1
2675 0
7308 0
470 1
6830 0
1524 0
6756 0
5142 0
2360 0
1287 0
4650 0
2403 0
654 0
7153 0
2261 0
156 2
283 2
3993 0
7304 0
4178 0
3414 0
4278 0
7150 0
7040 0
7480 0
1744 0
864 1
7206 0
2913 0
5138 0
1170 0
8897 0
3382 0
1896 0
5985 0
2895 0
1686 0
1042 0
38 2
3874 0
196 2
4745 0
4817 0
4143 0
1169 1
118 2
3816 0
9682 0
1674 1
4872 0
1065 0
1659 0
767 0
2173 0
4396 0
1020 0
84 2
805 2
4068 0
437 1
194 1
2749 0
3503 0
1768 0
2395 0
1021 0
5094 0
4212 0
4937 0
934 1
1989 0
4035 0
3537 0
4821 0
948 1
4120 0
2160 0
5228 0
3785 0
2450 0
6827 0
1398 0
3986 0
226 2
4982 0
527 1
1430 0
1145 0
1870 0
5214 0
10777 0
2466 0
62 4
833 1
5112 0
7427 0
4794 0
4513 0
2743 0
4588 0
3276 0
3649 0
548 2
6505 0
2575 0
3450 0
4641 0
3697 0
1110 0
2204 0
3466 0
1999 0
3632 0
783 1
1357 1
6953 0
1152 1
4684 0
789 1
49 2
2046 0
2967 0
4860 0
2117 0
7110 0
10697 0
4398 1
1934 0
715 0
3615 0
2201 0
1916 1
1722 0
23 3
364 1
3069 0
3931 0
950 0
4568 0
2680 0
2957 0
1678 0
1445 2
1845 0
1025 0
4692 0
3429 0
3580 0
3073 0
4375 0
1992 0
6912 0
2478 1
1466 0
7498 0
4248 0
2340 0
4534 0
778 1
3555 0
10383 0
720 1
5166 0
4430 0
460 1
2449 0
4627 0
244 1
5072 0
10297 0
3744 0
4838 0
2811 0
6672 0
3854 0
5149 0
4901 0
1607 0
1386 0
1536 0
2617 0
3893 0
452 1
295 3
579 1
7051 0
3956 0
7377 0
1618 0
4701 0
3136 0
3301 0
77 1
541 1
6873 0
4317 0
3890 0
5061 0
897 1
1628 0
3219 0
10672 0
3871 0
3911 0
3671 0
7231 0
237 2
2584 1
2722 0
2371 1
2519 0
2923 0
6958 0
5200 0
2610 0
416 1
2950 0
3212 0
4407 0
100 3
914 0
4756 0
300 1
1439 0
4419 0
3654 0
2405 1
4710 0
6330 0
2232 0
3642 0
4646 0
2432 0
1407 1
3946 0
496 0
2829 0
605 1
5289 0
2987 0
6166 0
2581 1
7355 0
4760 0
4855 0
1699 0
42 1
10399 0
759 0
4898 0
10212 0
1228 0
235 1
2291 0
2591 0
1931 0
5917 0
694 1
5426 0
1103 0
5371 0
4444 0
4268 0
2244 0
3148 0
3788 0
265 1
296 1
7201 0
171 1
5435 0
3999 0
5449 0
4206 0
4327 0
6838 0
2687 0
6745 0
7313 0
2012 0
5111 0
582 1
11064 0
3257 0
1884 0
5296 0
4868 0
4167 0
5303 0
10722 0
557 1
3621 0
2726 0
7193 0
441 1
6182 0
7430 0
4041 0
3325 0
7047 0
672 1
983 0
4257 0
3806 0
3689 0
4482 0
3496 0
5391 0
751 1
7132 0
7251 0
1746 0
7224 0
10532 0
3356 0
4551 0
2167 1
1980 0
2275 0
4004 0
4890 0
5024 0
677 1
907 1
10060 0
7257 0
1868 0
3480 0
3154 0
1210 1
590 2
5062 0
10379 0
664 1
1790 0
4363 0
2264 0
6920 0
79 1
3845 0
1420 1
3295 0
352 2
3437 0
2502 0
3865 0
126 3
1034 1
2803 0
2875 0
5819 0
1533 1
3679 0
651 1
176 2
6991 0
4660 0
3145 0
947 1
256 1
2810 0
5071 0
920 1
428 1
4840 0
2305 0
4545 0
3758 0
4344 0
5273 0
6542 0
500 1
1221 0
1757 0
1200 0
4193 0
918 1
1413 1
5336 0
4386 0
7326 0
7539 0
1275 1
2107 0
6960 0
2211 0
1598 0
3453 0
4941 0
1856 0
1491 0
1362 1
1804 1
632 1
1371 0
2357 0
394 1
2484 0
5068 0
2659 0
7017 0
513 1
4954 0
3938 0
50 3
2645 1
1519 1
2633 0
3173 0
7246 0
10773 0
797 1
2197 0
3543 0
6972 0
4318 0
5207 0
1236 0
5323 0
11016 0
2413 0
645 1
10865 0
2566 0
4400 0
10704 0
9789 0
1176 1
2881 0
5015 0
7037 0
1039 0
1815 1
3662 0
1005 0
4723 0
4280 0
28 1
2089 1
10283 0
2087 1
3474 0
4575 0
215 2
687 1
3320 0
5106 0
9610 0
2184 0
2298 0
3161 0
2336 1
4424 0
5465 0
2190 0
826 1
3990 0
1344 0
2494 0
5467 0
7344 0
3840 0
5265 0
2329 0
3338 0
7030 0
4437 0
2980 0
2653 0
5056 0
2548 0
620 0
5356 0
6890 0
5088 0
7240 0
2625 0
4090 0
10001 0
3400 0
937 0
5143 0
3266 0
730 0
16 3
921 0
3833 0
2880 0
5233 0
2311 1
3631 0
5002 0
10470 0
2556 0
994 0
5360 0
1786 2
2320 0
6847 0
2140 0
2788 0
2440 1
5257 0
6924 0
1523 1
3578 0
6405 0
4667 0
93 1
3055 0
3040 0
2429 0
374 1
2790 0
429 1
3876 1
1306 0
4576 0
3688 0
7388 0
3767 0
3097 0
1328 1
409 1
4049 0
1091 0
5353 0
7137 0
4594 0
1962 1
1958 1
812 0
489 1
585 1
3711 0
1392 0
4633 0
1080 0
4724 0
2819 0
732 1
6906 0
4653 0
2233 0
622 0
5389 0
6961 0
6200 0
6831 0
970 1
2381 0
1416 0
2771 0
2256 0
1658 0
2057 0
1635 0
1237 0
6937 0
5315 0
2361 0
5089 0
2490 0
7348 0
2563 1
3086 0
5000 0
7208 0
6861 0
4333 0
4929 0
5194 0
3991 0
7528 0
4461 0
270 2
6870 0
6791 0
2840 0
5037 0
1602 0
4226 0
2007 1
1332 1
5409 0
7287 0
5139 0
5341 0
1399 0
7540 0
1117 0
740 0
103 3
6859 0
871 0
5374 0
3393 0
10484 0
10576 0
4528 0
2039 0
6212 0
4891 0
5411 0
3826 0
5178 0
4042 0
3363 0
1219 0
2534 0
3774 0
1704 0
1749 0
10760 0
688 0
750 0
1126 1
6738 0
2128 0
3926 0
1534 1
2570 0
1915 1
3729 0
4523 0
7492 0
7103 0
2737 0
804 1
83 3
5728 0
3375 0
4503 0
1385 0
2672 0
10378 0
1818 0
2094 0
962 0
7435 0
1837 0
3778 0
143 2
7384 0
3090 0
4020 0
2323 0
6157 0
2822 0
3049 0
1051 0
3033 0
518 0
7374 0
4802 0
5268 0
2914 0
1211 0
2906 0
2732 0
2852 0
3221 1
2155 0
1711 1
2399 1
1542 1
2991 0
4780 0
2102 0
2836 0
478 1
3720 1
3242 0
384 1
836 1
4052 0
4028 0
7403 0
6767 0
3068 1
3989 0
1735 0
5250 0
3512 0
7237 0
11004 0
2030 0
2286 0
1595 0
7519 0
1750 0
4715 0
1610 0
7268 0
779 1
343 1
981 0
697 1
3001 0
857 1
707 1
1010 1
7309 0
3310 0
4279 0
4077 0
261 0
4083 0
4685 0
2439 1
3739 0
321 1
3209 0
2896 0
1079 0
7154 0
2422 0
5183 0
4884 0
3407 0
7079 0
1590 0
7072 0
1652 1
4816 0
3980 0
2933 0
760 1
863 0
4975 0
531 0
2469 0
3317 0
1745 0
2594 0
3966 0
2111 0
3702 0
1897 0
721 1
2124 0
3482 0
282 2
669 0
420 0
3622 0
989 0
1348 0
4630 0
2372 1
2945 0
4673 0
7147 0
1137 1
577 1
3511 0
10214 0
7305 0
3504 0
4843 0
3381 0
852 1
10634 0
643 2
7317 0
4341 0
1120 0
1475 1
5402 0
1187 1
2092 0
2968 0
1251 1
2456 0
3904 0
7291 0
1192 0
879 1
3899 0
3017 0
1095 1
3104 0
3961 0
2975 0
1444 0
1883 0
1846 1
4832 0
133 1
2515 0
2600 0
4616 0
5017 0
1828 0
2605 0
56 2
3977 0
3006 0
306 2
70 3
4038 0
7095 0
9483 0
166 1
2225 1
1578 1
30 2
4352 0
466 1
134 4
3038 0
618 1
2151 0
4732 0
848 0
3290 0
7183 0
10612 0
3717 0
1904 0
5043 0
1761 0
2196 0
1323 1
7296 0
1455 0
6856 0
6868 0
1492 0
2662 0
7332 0
6438 0
3560 0
1134 0
3853 0
4455 0
5201 0
4131 0
1100 1
1377 0
7175 0
4663 0
185 2
5122 0
1719 0
2716 0
4 1
7505 0
7529 0
127 2
6942 0
71 1
1648 0
1481 0
3596 0
2927 0
2266 0
10618 0
2915 1
4564 0
512 0
463 0
5408 0
517 1
10296 0
4963 0
5345 0
722 1
3588 0
1363 0
1109 2
3051 0
2067 1
1597 0
4060 0
2154 0
4171 0
742 2
6911 0
10401 0
58 3
153 1
2932 0
4980 0
2387 0
4086 0
101 3
340 2
4362 0
3906 0
3655 0
7204 0
4012 0
2425 0
3536 0
1703 0
4671 0
5073 0
5084 0
4018 0
3571 0
2510 0
1172 1
2458 0
834 0
4912 0
285 1
7345 0
2441 1
4397 0
5171 0
2414 0
1216 0
3879 0
4657 0
2194 0
4423 0
2285 0
3092 0
1135 1
7458 0
2864 0
10570 0
4198 0
96 2
1667 0
3836 0
2114 0
5085 0
569 1
3111 0
4269 0
1396 1
1760 1
391 1
2033 0
4335 0
5251 0
5048 0
2676 0
2907 0
180 2
1375 0
4353 0
1877 1
2939 0
246 2
10225 0
2227 1
4001 0
1168 1
4102 0
4323 0
536 2
4661 0
1767 0
1653 0
7497 0
2237 0
5186 0
1688 0
7125 0
5378 0
7481 0
6855 0
11026 0
3311 0
1458 1
2958 0
444 0
508 1
1336 0
4025 0
7278 0
3260 0
1089 1
12 4
3036 0
1554 1
2168 0
7364 0
4137 0
3518 0
3707 0
6852 0
7463 0
7405 0
4806 0
3343 0
3413 0
6951 0
4036 0
10211 0
875 1
1522 0
3467 0
116 1
136 1
1197 0
4390 0
1580 0
3274 0
2419 0
2146 0
308 0
4604 0
3485 0
7142 0
7314 0
3802 0
5113 0
4811 0
3004 0
6867 0
3676 0
5295 0
3939 0
7303 0
3027 0
301 2
4686 0
51 1
1758 0
1822 0
456 0
3063 0
7216 0
7533 0
1033 1
7093 0
6762 0
4059 0
2736 0
10740 0
2258 0
10246 0
1539 1
796 1
2349 0
6702 0
6054 0
366 1
1541 1
4506 0
3727 0
5358 0
6196 0
3527 0
5136 0
2343 0
6821 0
5034 0
4889 0
3044 0
2108 0
888 0
7541 0
3771 0
7052 0
3743 0
1011 0
1754 0
4515 0
10460 0
3683 0
1161 0
2093 1
1927 0
4779 0
3406 0
1380 1
2853 0
990 1
349 1
1442 1
2218 1
2316 1
1614 0
4949 0
7422 0
1743 0
4772 0
3970 0
5162 0
6832 0
4770 0
3364 0
7101 0
4401 0
4995 0
1383 0
137 3
1414 0
4504 0
666 1
7443 0
3794 0
860 1
1074 0
2308 1
3884 0
1063 1
1567 0
7113 0
1776 0
2565 0
7546 0
2158 0
3047 0
2576 0
4938 0
3829 0
2362 1
3287 1
7084 0
10705 0
2796 0
1601 0
7076 0
5041 0
323 2
6904 0
1834 0
2142 0
545 2
2467 0
5292 0
2733 0
187 2
10478 0
10503 0
7310 0
4625 0
2326 1
7166 0
1283 1
3089 0
7108 0
6909 0
212 1
3384 0
2436 0
1331 0
6934 0
6390 0
4019 0
5108 0
2383 0
1305 1
5416 0
961 1
7354 0
4539 0
2686 0
3234 0
2882 0
1662 1
10371 0
574 1
5365 0
3397 0
660 1
6985 0
977 2
4916 0
566 2
3928 0
5093 0
4067 0
7349 0
2765 0
2299 0
108 2
2820 0
604 1
4940 0
6900 0
6475 0
477 0
7233 0
6591 0
4880 0
1338 0
2623 0
330 0
360 1
1857 0
7416 0
3416 0
7475 0
5254 0
3160 0
3279 0
2321 0
3377 0
1076 0
3082 0
7517 0
766 0
4595 0
449 1
10178 0
1574 0
3506 0
1579 1
7438 0
4587 0
9903 0
9795 0
4484 0
682 2
353 2
2971 0
3633 0
375 0
2989 0
3944 0
2409 0
2833 0
3914 0
7265 0
3692 0
5406 0
3726 0
10710 0
501 1
10815 0
2944 0
3144 0
5059 0
2650 0
155 3
387 1
1913 0
626 0
11050 0
4944 0
7156 0
257 2
951 1
4750 0
85 4
809 1
2200 0
1156 0
6926 0
3614 0
3057 0
7026 0
3812 0
736 0
9536 0
539 1
2847 0
3233 0
5023 0
7295 0
3339 0
6347 0
5012 0
4369 0
1698 1
520 1
4533 0
7329 0
3820 0
7227 0
4617 0
57 2
2642 0
2354 0
4714 0
3790 1
3479 0
3660 0
3435 0
175 1
6871 0
584 0
3307 0
35 2
2453 0
1882 0
1421 0
4033 0
2827 0
665 2
6321 0
3021 0
1476 0
2758 0
1207 0
2641 1
2670 0
5100 0
3007 0
904 1
3848 0
930 1
5274 0
2972 0
648 0
2006 0
2245 0
6627 0
3178 0
4453 0
2130 0
1028 1
4973 0
1589 1
198 0
7245 0
2550 0
1059 0
2683 0
5206 0
3713 0
3349 1
7057 0
3644 0
913 1
7007 0
2019 1
3983 0
202 1
361 1
4313 0
2468 0
4436 0
3282 0
4801 0
1819 0
2183 0
1459 1
5279 0
1984 1
7491 0
10548 0
307 2
3472 0
6229 0
154 2
1467 0
1463 0
2041 0
6796 0
5320 0
4324 0
5405 0
704 0
2801 0
7060 0
1462 0
681 0
4752 0
4478 0
3062 0
1029 0
5 2
2715 0
2694 0
2105 0
3292 0
3455 0
554 1
1957 0
552 2
2657 0
4006 0
7373 0
3766 0
1623 0
74 2
890 1
3699 0
1926 1
299 1
2024 0
1282 0
1694 0
7321 0
1350 1
7069 0
7333 0
3183 0
1240 1
2815 0
3079 0
481 1
867 1
3355 0
1976 0
3669 0
3442 0
817 0
2751 0
10913 0
3470 0
7187 0
7518 0
229 2
4719 0
673 0
10668 0
3322 0
4204 0
2059 1
315 1
1827 0
4842 0
2501 0
2366 0
1947 0
1347 0
3971 0
25 3
1504 0
3350 0
2270 1
6828 0
1253 0
4852 0
5469 0
2648 0
3932 0
1730 0
5314 0
3784 0
46 3
4479 0
3623 0
1316 1
1851 1
4542 0
3327 0
2630 0
2373 0
2263 1
3386 0
5302 0
6992 0
3505 0
317 1
6878 0
1254 1
1642 1
3712 0
6839 0
4555 0
892 1
4622 0
3954 0
2071 0
546 1
537 1
10761 0
5816 0
4072 0
1007 0
3896 0
1443 0
1833 1
3298 0
4441 0
1186 1
3119 0
7220 0
3566 0
7152 0
5241 0
529 1
3556 0
4309 0
2573 0
987 0
2984 0
7544 0
1150 1
3988 0
10469 0
4122 0
4347 0
4314 0
10262 0
10224 0
4239 0
2390 0
908 0
2580 0
7292 0
4900 0
3127 0
284 1
247 2
903 2
3870 0
5125 0
5397 0
3927 0
4389 0
289 3
7094 0
4411 0
2119 0
3891 0
808 1
845 1
5997 0
1847 0
7393 0
147 1
1249 0
5211 0
1142 0
6846 0
4952 0
4708 0
5267 0
2095 1
1291 0
2601 0
2599 0
3227 0
7012 0
6759 0
2960 0
5346 0
1052 0
4522 0
4250 0
1493 1
5438 0
2397 0
974 1
2629 0
7081 0
1668 1
1715 0
1613 0
9580 0
4247 0
6278 0
636 1
6675 0
5064 0
1104 1
1406 0
7120 0
5092 0
11031 0
7534 0
1905 0
117 1
2207 0
3754 0
10258 0
7215 0
5283 0
6597 0
2472 0
5460 0
821 1
696 0
4586 0
1721 1
3376 0
10849 0
2179 0
2172 0
1431 1
1489 0
3050 0
4565 0
1805 0
3226 0
1727 0
6646 0
2922 0
5333 0
5229 0
4967 0
2178 0
1225 0
290 2
2909 0
5220 0
210 2
712 1
10312 0
6722 0
5381 0
3365 0
2560 0
2702 0
4529 0
2593 0
5074 0
7046 0
1895 0
2920 0
5305 0
2038 1
4465 0
3799 0
4399 0
1159 0
2048 0
655 1
3110 0
421 2
2332 0
10784 0
271 1
6973 0
3742 0
1024 1
4822 0
3174 0
2867 0
491 1
2871 0
1863 0
10333 0
4495 0
13 3
3953 0
4672 0
1514 1
840 0
1647 0
4693 0
597 0
4372 0
4541 0
1411 0
1480 0
6962 0
4793 0
3581 0
7013 0
3265 0
242 1
32 2
1588 0
7092 0
443 1
7338 0
2234 1
1795 0
7387 0
5252 0
7449 0
6869 0
10407 0
6721 0
6854 0
4391 0
3519 0
3273 0
846 1
7277 0
7080 0
7311 0
1689 0
3484 0
1861 0
2825 0
3312 0
1296 0
7195 0
3415 0
1553 1
2161 0
2897 0
4051 0
7114 0
1303 1
4738 0
1654 1
5432 0
6740 0
10781 0
3494 0
7432 0
3510 0
4638 0
15 2
3268 0
4624 0
7255 0
6725 0
3016 0
7406 0
2236 0
1506 0
7141 0
4026 0
2855 0
4810 0
2145 0
859 0
3693 0
4284 0
739 0
4507 0
876 0
7367 0
3967 0
4751 0
135 3
3344 0
3913 0
4687 0
145 3
2674 0
7151 0
1131 1
3624 0
7266 0
772 0
1876 0
3803 0
1759 0
7536 0
4651 0
9489 0
7315 0
2032 0
4605 0
3026 0
1528 0
653 1
1692 0
6919 0
4866 0
2677 0
5439 0
509 1
3708 0
6834 0
1015 0
976 1
367 1
7450 0
11041 0
1821 0
6910 0
3589 0
743 0
2265 0
7342 0
2129 0
723 0
3597 0
6941 0
1040 1
1755 0
488 1
1138 0
1012 0
2182 0
1032 0
6701 0
4071 0
152 3
2931 0
3855 0
342 1
1419 0
862 0
4943 0
341 1
6232 0
3586 0
2883 0
2189 0
2287 0
2540 1
10521 0
2284 1
3793 0
64 1
10400 0
4085 0
5124 0
45 1
7198 0
6975 0
4426 0
5334 0
4824 0
1173 1
4656 0
309 2
1963 0
10905 0
2085 1
1733 0
6943 0
5028 0
2113 0
7485 0
2153 0
3383 0
6534 0
824 0
120 2
2568 0
1148 1
7238 0
2386 0
254 1
2841 0
1321 1
4670 0
3945 0
2442 0
4214 0
7457 0
1987 1
4911 0
3570 0
2602 0
851 0
399 1
2296 0
1811 0
4964 0
436 1
4412 0
5427 0
5114 0
213 2
94 3
4818 0
1450 0
3011 0
568 1
2668 0
2863 0
3098 0
2411 0
3905 0
4334 0
1129 0
7178 0
1143 1
6964 0
2848 0
1961 1
386 1
1457 1
200 3
1261 0
5155 0
1352 0
1621 1
2970 0
4467 0
161 2
5145 0
7516 0
109 3
5232 0
4464 0
2318 0
2651 0
7526 0
7476 0
2764 0
4526 0
7395 0
2797 0
1556 0
3682 0
5051 0
4593 0
7160 0
7320 0
3378 0
1766 0
5049 0
4034 0
7467 0
3982 0
4454 0
5282 0
6884 0
10315 0
4787 0
3153 1
911 2
2072 0
3507 0
7523 0
3121 0
3427 0
2624 1
4079 0
7553 0
2965 0
1157 1
1470 1
4907 0
5058 0
6986 0
7130 0
7285 0
4835 0
9455 0
10167 0
2100 0
6829 0
1006 1
7025 0
3813 0
4531 0
996 0
3005 0
3656 0
4596 0
1840 0
2069 1
956 1
3933 0
629 1
4915 0
372 1
4525 0
2951 0
10736 0
3204 0
10602 0
4771 0
1330 1
1661 0
1284 0
7357 0
3041 0
10730 0
7351 0
3772 0
5137 0
4935 0
3526 0
1160 0
869 1
1592 0
5886 0
6833 0
5005 0
10357 0
5134 0
2997 0
4888 0
3828 0
1697 0
7542 0
1770 1
4494 0
2735 0
6898 0
1209 1
7077 0
7390 0
991 1
3535 0
931 0
2348 0
615 0
2246 0
476 1
6903 0
7185 0
1198 1
4505 0
3319 0
3755 0
1626 0
7444 0
2219 0
2141 0
5413 0
1077 0
2464 0
2854 0
7140 0
1781 0
1299 0
7506 0
7109 0
967 1
1611 0
2157 0
5109 0
322 1
3046 0
7085 0
575 0
1835 0
4101 0
3850 0
10809 0
4886 0
10956 0
7126 0
6848 0
6866 0
699 1
5195 0
960 1
818 0
1038 1
2363 0
2908 0
3088 0
5910 0
1777 0
354 1
10566 0
3878 0
4483 0
5291 0
1064 1
10915 0
4758 0
10622 0
7070 0
7165 0
2734 0
1217 0
3288 0
2750 0
2527 0
4165 0
1850 0
6974 0
1346 0
1964 0
3396 0
4768 0
7356 0
2818 0
2424 0
3471 0
891 1
1004 0
2106 0
1013 1
7538 0
1693 0
316 1
4549 0
1806 0
4013 0
1738 0
10322 0
2025 0
7369 0
1370 0
3920 0
4809 0
7256 0
3668 0
2649 0
3804 0
511 2
2367 0
899 0
3443 0
3259 0
3573 0
2437 1
3131 0
2689 0
3765 0
6899 0
10325 0
4254 0
1979 0
5437 0
7188 0
3066 1
2485 0
1948 0
795 1
4402 0
794 0
4983 0
4853 0
10237 0
944 1
1780 0
5304 0
1113 1
3405 0
5107 0
674 1
4470 0
1317 1
5298 0
957 1
2430 0
3996 0
2943 0
2596 0
1503 1
5185 0
4543 0
10216 0
5242 0
502 2
1286 1
314 1
6993 0
1796 0
3385 0
5339 0
2998 0
2638 0
355 1
553 1
2058 0
3546 0
1252 0
2877 0
555 1
2643 0
1037 1
7372 0
6879 0
5317 0
4164 0
3328 0
195 1
5321 0
2005 0
2828 0
7226 0
679 0
831 0
5013 0
1960 0
2355 0
1241 1
647 1
1441 1
4753 0
1206 0
5328 0
4368 0
1027 0
423 2
1953 1
2757 1
4823 0
1222 0
3473 0
7011 0
174 1
1571 0
422 2
7421 0
905 0
3308 0
7554 0
10607 0
3681 0
52 4
302 1
1451 0
2452 0
3842 0
3358 0
593 1
188 2
7472 0
5221 0
5400 0
402 2
3152 0
1940 0
3366 0
1641 0
7005 0
640 1
1384 1
1468 0
5205 0
2068 0
1726 0
7061 0
1464 0
1494 0
10632 0
4428 0
7058 0
7008 0
4354 0
3426 0
2018 0
1906 1
464 1
2977 0
2011 0
5430 0
5052 0
6 4
3452 0
3867 0
4435 0
1304 1
2327 0
3569 0
3179 0
7286 0
6977 0
1593 0
705 1
4763 0
4381 0
1720 0
3053 0
2206 0
2177 0
4471 0
912 1
7330 0
785 1
1432 0
4574 0
599 2
1930 0
587 1
1235 1
3814 0
10757 0
298 2
95 2
3291 0
923 0
243 2
3835 0
4731 0
2051 0
2682 0
5382 0
4968 0
753 0
2404 1
2171 0
2611 1
106 3
4425 0
65 3
5249 0
7343 0
203 1
6114 0
4373 0
1023 1
2742 0
4702 0
2473 0
86 3
2084 0
1199 0
10875 0
1158 1
2170 0
656 2
2335 0
2921 0
4726 0
3468 0
435 1
10519 0
10652 0
3195 0
1482 0
885 1
1412 0
1709 1
4896 0
5075 0
339 1
228 1
10684 0
3783 0
268 2
7281 0
829 1
2872 0
3677 0
596 1
1297 0
2090 0
1521 0
5029 0
1862 0
2352 0
3495 0
5420 0
1082 1
121 3
1066 0
7477 0
7486 0
487 1
494 1
3333 0
1956 1
10332 0
238 0
2778 0
2235 0
3175 0
3604 0
4819 0
873 0
10514 0
11039 0
3081 0
4792 0
448 1
3634 0
5115 0
3760 0
2631 0
2278 0
7571 0
4152 0
4639 0
4647 0
3297 0
10436 0
5407 0
11022 0
1532 1
4246 0
713 1
7036 0
6185 0
3557 0
4233 0
2839 0
4532 0
1679 0
4238 0
4346 0
10817 0
4215 0
6845 0
1262 1
1290 0
7170 0
7024 0
1527 0
2162 0
1132 0
4308 0
4707 0
5022 0
5259 0
5398 0
3847 0
1925 1
2574 0
6552 0
2916 0
6927 0
3126 0
547 2
631 0
1544 0
1616 0
4694 0
396 1
1422 1
482 1
949 0
7429 0
499 1
3432 0
4713 0
4556 0
5262 0
4970 0
3856 0
1047 1
10263 0
1276 0
909 0
4121 0
4315 0
1124 0
2618 0
75 3
2588 0
7490 0
1163 0
450 1
7496 0
1702 0
4518 0
4951 0
1405 0
4442 0
5161 0
7328 0
4141 0
5212 0
1729 0
7214 0
5343 0
146 1
1351 0
356 0
2396 0
2720 0
5377 0
528 2
164 2
4325 0
3897 0
807 0
2040 0
2678 0
5030 0
7249 0
2898 0
4379 0
882 0
1050 0
7290 0
6928 0
4054 0
1031 1
7217 0
4585 0
2942 0
6849 0
3401 0
3139 0
454 1
2538 0
1364 0
4845 0
7074 0
634 1
2551 0
8731 0
7378 0
4774 0
978 0
3324 0
3741 0
4813 0
3752 0
2144 0
10421 0
325 2
378 1
7263 0
889 0
4926 0
5198 0
1233 0
6121 0
5135 0
3972 0
1162 0
10583 0
211 2
684 1
2831 0
7168 0
3315 0
7192 0
5404 0
4946 0
1924 0
5032 0
3042 0
1214 1
389 1
1660 0
3525 0
7082 0
3887 0
5875 0
966 1
7023 0
5146 0
2314 0
2216 0
992 1
1954 1
7127 0
2843 1
218 1
5918 0
2345 0
6902 0
3124 0
9573 0
5418 0
5261 0
3391 0
2973 0
2999 0
4602 0
2567 0
4321 0
10274 0
6052 0
9692 0
3289 0
3158 0
2767 0
2188 0
1778 0
3667 0
7509 0
1859 0
2339 0
6865 0
160 1
3782 0
98 1
7177 0
7350 0
2901 0
1048 1
1278 0
2434 1
1381 0
1061 1
2054 0
3792 0
3735 0
2785 0
3635 0
3732 0
3224 0
10858 0
4921 0
1555 0
586 2
2870 0
4337 0
410 1
2859 0
999 0
3019 0
1185 0
2169 0
6286 0
4637 0
7522 0
1741 1
4211 0
1130 0
1315 0
4599 0
189 1
4918 0
2330 0
2849 0
7548 0
480 1
6169 0
3810 0
107 2
2385 1
87 1
4099 0
4339 0
1832 1
6191 0
3796 0
221 1
7254 0
3147 0
3176 0
4486 0
1424 0
417 1
7115 0
7172 0
4623 0
7056 0
4547 0
1530 0
5246 0
2504 0
4388 0
6980 0
3819 0
2798 0
734 1
2952 0
2621 0
3724 0
6736 0
7543 0
1440 0
2524 0
381 2
9917 0
1471 1
5020 0
1814 0
5340 0
2966 0
4330 0
7424 0
3379 0
373 0
5385 0
2078 0
5359 0
773 1
1247 1
7319 0
1309 0
1752 0
1576 0
3448 1
7133 0
6136 0
4508 0
5091 0
5352 0
2874 0
6918 0
1622 0
7441 0
3685 0
4457 0
975 1
3605 0
5271 0
7162 0
1911 0
2856 0
2199 0
5004 0
3709 0
3002 0
6710 0
7396 0
3113 0
1893 0
10432 0
1646 0
3010 0
534 0
746 1
3572 0
4286 0
5701 0
3690 0
744 0
151 2
5347 0
7068 0
1952 0
4562 0
287 1
4914 0
6032 0
475 0
2595 0
932 1
3858 0
515 1
1525 0
7199 0
4047 0
2545 0
2761 0
4871 0
1107 1
138 1
2996 0
3499 0
3838 0
724 1
3598 0
5370 0
7301 0
3958 0
3534 0
1195 0
5082 0
3831 0
1327 0
2192 0
4655 0
2667 0
333 1
7144 0
1995 0
6945 0
4080 0
4040 0
4427 0
7149 0
4451 0
3985 0
2780 0
7483 0
446 0
2181 0
2229 0
1582 0
2842 1
1599 1
3013 0
2306 0
1149 0
2900 0
2283 0
2603 0
2407 0
4955 0
2695 0
1238 0
1559 0
2866 0
1793 0
7 2
1701 1
7157 0
2443 0
5027 0
7339 0
1937 0
4688 0
255 3
5364 0
2230 0
4274 0
5154 0
4740 0
182 1
3422 0
4146 0
3809 0
6380 0
10043 0
815 2
3486 0
167 0
7210 0
7431 0
692 0
6442 0
4961 0
1907 1
3564 0
854 0
4971 0
3120 0
6072 0
3769 0
1174 0
4023 0
510 2
393 0
3020 0
3262 0
658 1
274 1
7276 0
3550 0
4786 0
4392 0
877 1
1508 0
3034 0
1128 1
1771 0
7407 0
2891 0
4737 0
4074 0
3515 0
1724 0
1520 0
3965 0
8849 0
6835 0
4056 0
2148 0
303 1
250 2
5127 0
6931 0
614 0
2963 0
1765 0
2959 0
6850 0
5046 0
7091 0
130 2
6320 0
1373 1
53 2
2925 0
1302 0
7488 0
5329 0
9971 0
2239 0
4966 0
7284 0
4517 0
3341 0
3029 0
2392 0
3587 0
4255 0
1879 0
3313 0
1824 0
2917 0
4135 0
2342 0
3516 0
832 1
2135 0
3916 0
828 0
276 2
2465 0
1831 1
3949 0
3523 0
3868 0
4614 0
1404 0
1543 1
424 1
4124 0
7500 0
1402 0
4936 0
4985 0
2402 0
2986 0
10453 0
1841 0
347 1
4865 0
3558 0
3294 0
4307 0
434 0
2586 0
1184 1
865 0
3165 0
4134 0
4654 0
7298 0
3129 0
3929 0
689 1
3462 0
1116 1
5231 0
4413 0
10310 0
2869 0
5047 0
1725 0
4965 0
6978 0
7555 0
2379 0
727 2
6511 0
939 1
5222 0
4600 0
2619 0
4095 0
1670 0
2010 0
4858 0
2834 1
3342 0
10696 0
1127 1
1537 0
4415 0
894 1
4850 0
3425 0
1298 1
140 2
2222 0
1900 0
6154 0
7495 0
954 1
3460 0
4524 0
5376 0
801 0
4950 0
7468 0
5393 0
985 1
754 1
3151 0
10797 0
3061 0
1563 1
10925 0
1003 0
4147 0
4355 0
1800 0
4230 0
1717 1
4349 0
2557 0
698 0
1634 1
7122 0
524 1
1848 1
2176 0
7235 0
4882 0
2714 0
7067 0
4380 0
4706 0
3418 0
10904 0
598 1
2486 0
780 1
7470 0
2317 0
3547 0
3277 0
5331 0
3490 0
240 2
1433 0
1666 0
2209 0
230 0
115 2
2374 0
922 0
2319 0
2741 0
3740 0
2628 0
1072 1
2470 0
1394 0
7044 0
2772 0
4878 0
1277 0
3456 0
1086 0
7532 0
564 0
4488 0
3070 1
3951 0
2562 0
7359 0
3094 0
1967 0
2850 0
657 1
1865 0
1783 0
4642 0
503 1
4181 0
5383 0
4126 0
1483 0
4069 0
5090 0
3800 0
1996 1
10386 0
4695 0
4584 0
9436 0
1036 1
3492 0
1265 0
10658 0
2065 0
544 1
4696 0
5285 0
6956 0
4370 0
3253 0
4527 0
4634 0
1196 1
1114 1
2389 0
7050 0
4497 0
3657 0
239 1
122 3
2635 0
5421 0
269 2
878 1
2277 0
363 1
4264 0
2353 0
4140 0
3215 0
2159 0
3059 0
4876 0
5243 0
4834 0
4725 0
1449 0
4538 0
2873 0
4062 0
3591 0
1314 1
2748 0
1798 0
10066 0
5102 0
522 0
1423 0
3352 1
2412 0
667 0
1280 0
7116 0
313 2
2017 0
6917 0
10219 0
4322 0
4031 1
3023 0
2884 0
2661 0
6876 0
7136 0
3841 0
7035 0
1324 0
3077 0
3305 0
10711 0
9879 0
5021 0
7197 0
3477 0
459 2
7182 0
4267 0
7323 0
3715 0
1495 0
1753 0
7006 0
2688 0
4367 0
8559 0
5055 0
1919 0
2756 0
1938 0
4244 0
5277 0
3441 0
404 1
7229 0
516 1
2004 1
1813 0
4754 0
8804 0
3861 0
702 2
2297 0
4383 0
6896 0
2163 0
2214 0
6907 0
357 1
4679 0
10443 0
4008 0
1941 1
2826 0
7106 0
455 3
7371 0
5395 0
4895 0
4472 0
2132 0
7243 0
3181 0
2612 0
6994 0
5180 0
3751 0
2272 0
1889 1
2692 0
7414 0
2646 0
10 5
4762 0
550 1
10500 0
2083 0
7331 0
1081 0
6677 0
7340 0
958 1
1736 1
592 1
3299 0
4420 0
5445 0
10311 0
1978 0
7362 0
2364 0
1640 0
10231 0
173 2
4118 0
10477 0
66 4
2709 0
7280 0
2026 0
3130 0
5272 0
793 1
1205 1
1696 0
3168 0
3674 0
3625 0
6982 0
5580 0
6822 0
59 2
4728 0
4572 0
4546 0
3388 0
2091 0
3329 0
7461 0
1971 0
5316 0
2358 0
1226 1
1949 0
1256 1
2498 0
2247 0
1853 1
1016 0
219 2
4958 0
2300 0
2480 0
799 0
3734 0
925 1
10588 0
390 2
5319 0
2368 0
3357 0
1515 0
1955 0
9977 0
945 1
2784 1
206 1
5153 0
959 0
3791 1
3194 0
4917 0
358 1
331 1
2746 0
3606 0
6984 0
737 0
5284 0
6965 0
4338 0
2228 0
3037 0
2070 0
5099 0
7161 0
7465 0
7413 0
6843 0
4112 0
5366 0
3830 0
220 2
4336 0
7283 0
1312 1
6065 0
5293 0
6882 0
7253 0
5386 0
4473 0
2365 1
7100 0
1263 0
7460 0
10486 0
4612 0
10210 0
4170 0
4017 0
7107 0
7462 0
6149 0
572 0
3762 0
5415 0
3984 0
4159 0
5269 0
5253 0
7029 0
2549 0
1448 0
3795 0
3146 0
4913 0
7275 0
1573 0
1472 0
3684 0
2020 0
7155 0
3770 0
4485 0
3524 0
2622 0
7521 0
2799 0
3725 0
1772 1
418 2
2324 0
4466 0
933 0
2217 0
2333 0
348 2
10953 0
7053 0
7423 0
4785 0
2052 1
7353 0
4496 0
1090 1
993 0
2868 0
627 0
1308 0
5357 0
2503 0
6844 0
4458 0
388 1
1425 2
5350 0
5053 0
4826 0
4190 0
3083 0
1842 0
6530 0
485 2
2143 0
3316 0
3881 0
1270 1
1645 1
5318 0
3508 0
324 2
1389 0
9362 0
10584 0
637 1
2066 0
5031 0
5147 0
752 0
2679 0
6554 0
1232 1
2899 0
2941 0
3045 1
379 2
7282 0
1639 0
1035 1
3872 0
5197 0
3367 0
5132 0
3964 0
10360 0
1894 0
535 2
3138 0
683 1
6901 0
2260 0
1215 0
4378 0
2995 0
3886 0
1712 0
2344 0
765 1
5033 0
2552 0
2521 0
5007 0
312 1
6933 0
7167 0
4452 0
1002 0
2435 0
4837 0
370 2
7508 0
3398 0
10946 0
567 2
4925 0
3749 0
3115 0
4897 0
380 1
965 1
1279 1
2079 0
2974 0
1395 0
286 2
1075 0
2426 0
800 1
3125 0
4469 0
1365 0
6443 0
3613 0
7083 0
1779 0
4563 0
7128 0
1568 0
607 1
1807 0
2902 0
3093 0
2508 0
7397 0
5264 0
1073 1
2187 0
3399 0
3860 0
2844 1
3575 0
5230 0
816 1
5307 0
3031 0
4260 0
4010 0
7075 0
3159 0
1062 1
10245 0
6864 0
7392 0
3112 0
3169 0
1700 1
2609 0
7381 0
10403 0
10599 0
445 1
3261 0
10859 0
2131 1
1339 0
10423 0
5363 0
9952 0
2338 0
4002 0
3866 0
4741 0
3781 0
2120 1
4603 0
7099 0
1858 0
4636 0
718 1
2147 0
1581 1
4689 0
3997 0
1507 1
1604 1
6163 0
868 2
4592 0
4096 0
4736 0
1140 1
3417 0
4922 0
275 1
5189 0
2035 1
197 3
3626 0
3314 0
4459 0
2208 1
1731 1
7158 0
853 1
4024 0
5187 0
7487 0
1500 2
4812 0
4393 0
2136 0
4175 0
2685 0
3410 0
3517 0
3028 0
1295 0
2832 0
3978 0
5403 0
1111 1
3281 0
3249 0
4055 0
3271 0
4608 0
2238 0
7408 0
6853 0
6219 0
1878 0
2388 0
2938 0
1690 0
2964 1
5126 0
3915 0
4516 0
10462 0
7090 0
617 0
4136 0
3943 0
5151 0
6932 0
5244 0
3801 0
4061 0
10552 0
2918 0
7515 0
5704 0
3821 0
251 1
1594 1
369 1
4986 0
10648 0
1548 0
3900 0
5434 0
4053 0
6435 0
1823 0
2267 0
2537 0
5026 0
887 0
6613 0
72 2
1496 0
1682 0
2781 0
1108 1
1014 0
2282 0
843 1
2760 0
2529 0
4677 0
2315 0
2257 0
610 2
514 1
3973 0
6454 0
2444 0
3921 0
725 1
4088 0
4290 0
7336 0
1994 0
5348 0
6083 0
3907 0
3857 0
1136 0
4048 0
1175 0
5429 0
4011 0
1683 0
1326 0
3714 0
1382 1
1452 0
2384 0
2637 1
589 2
3101 0
2098 0
3837 0
150 1
3018 0
245 2
7000 0
2511 0
2604 0
4974 0
7171 0
7203 0
2546 0
6946 0
3012 0
4994 0
2666 0
10676 0
332 1
3599 0
1099 1
1965 0
5311 0
34 4
745 1
4962 0
3691 0
3650 0
2656 0
2082 0
3056 0
1410 0
2613 0
3789 0
2693 0
4449 0
1434 1
6279 0
2713 0
4182 0
2471 0
1547 0
3457 0
7531 0
1045 0
10289 0
1619 0
4265 0
5219 0
1069 0
1224 0
368 1
4007 0
3078 0
10903 0
4705 0
611 0
1849 0
10022 0
849 2
4680 0
492 1
2740 0
208 2
2271 1
3225 0
292 2
2773 1
4039 0
2445 1
291 2
7232 0
3703 0
3071 0
114 3
3272 1
5384 0
1939 0
4894 0
73 3
67 2
3335 0
10750 0
3636 0
241 5
3133 0
2561 0
7394 0
327 2
4697 0
1970 0
2391 0
4125 0
4559 0
1281 1
8617 0
1864 0
3214 0
4554 0
4765 0
3675 0
3491 0
1603 1
1881 0
7261 0
3952 0
4403 0
10218 0
24 1
2375 0
2759 0
7014 0
3321 0
2049 0
104 2
3197 0
1558 0
3370 0
5239 0
5422 0
3493 0
4881 0
4371 0
10387 0
10452 0
1513 0
2175 1
1264 1
4468 0
747 0
159 2
10677 0
4905 0
1633 0
47 3
4540 0
5332 0
10819 0
1427 0
1942 0
1484 0
3619 0
1017 1
10331 0
1057 0
2042 0
538 1
3748 0
5375 0
4711 0
521 1
1923 0
162 2
433 1
880 1
6095 0
3461 0
1912 0
2164 0
786 1
986 0
3293 0
5396 0
1008 1
4530 0
3022 0
4082 0
201 1
1401 1
719 1
4645 0
1529 0
902 1
827 1
266 1
7451 0
1353 0
1742 1
3128 0
2585 0
6979 0
4404 0
1624 0
7297 0
4864 0
2892 0
4440 0
1695 0
6950 0
97 2
2983 0
2378 0
3645 0
668 0
774 0
5101 0
3463 0
910 1
2701 0
1341 0
693 1
4601 0
5098 0
4123 0
2684 0
6929 0
893 1
3979 0
2309 0
3959 0
7341 0
4348 0
4414 0
6823 0
5065 0
4859 0
2558 1
6885 0
5210 0
4851 0
1085 0
755 0
1714 0
3942 0
1403 0
5394 0
7545 0
2268 0
9426 0
1497 0
497 3
7244 0
4615 0
169 2
411 1
2579 0
398 1
2016 0
7325 0
3934 0
3182 0
942 0
955 0
1376 1
7358 0
1888 0
3267 0
2369 0
7482 0
2647 1
10746 0
190 2
2816 0
1808 0
2802 0
822 0
1739 0
601 1
231 0
10545 0
4700 0
551 0
4720 0
504 1
7365 0
3753 0
2823 0
3894 0
3177 0
7190 0
3387 0
4583 0
10610 0
1966 0
11017 0
7302 0
6995 0
1665 1
1782 0
5446 0
3873 0
2698 1
2252 1
2506 0
3403 0
792 1
6461 0
3122 0
1248 1
4727 0
5076 0
3368 0
4205 0
3994 0
2401 0
1516 1
3733 0
924 0
2053 0
2462 0
5010 0
4064 0
2301 0
4775 0
2027 0
2481 1
7043 0
4904 0
172 1
4045 0
3922 0
1366 1
5431 0
4252 0
223 2
1255 1
1043 0
7370 0
4999 0
7264 0
2660 0
4571 0
6916 0
6976 0
1852 0
3548 0
3449 0
639 0
1505 0
2248 0
4844 0
2809 0
4957 0
5306 0
1227 0
1417 0
216 2
3351 1
3478 0
5116 0
3600 0
1951 0
6586 0
5326 0
2766 0
3661 0
4032 0
7135 0
2928 0
1794 1
4755 0
2193 1
2636 0
3522 0
676 2
277 2
3306 0
2640 0
2700 0
1183 0
6877 0
7034 0
2747 0
4312 0
7556 0
2215 0
2671 1
123 1
304 2
2417 0
2294 0
1369 0
54 2
1151 1
3347 0
1204 0
839 1
2520 0
88 3
5175 0
1009 2
10227 0
4825 0
403 2
7117 0
3438 0
5278 0
1829 0
3698 0
5876 0
1629 0
1918 0
2755 0
6576 0
4197 0
4487 0
3150 0
4678 0
703 0
7003 0
2729 0
4366 0
3454 0
7228 0
6897 0
4382 0
6626 0
3304 1
2885 0
3106 0
1461 1
2488 0
2487 0
3188 0
7322 0
3869 0
1985 1
2669 0
1691 0
3567 0
2003 1
3666 0
