1801 8
5006 6
3074 5
10309 3
3509 5
3163 6
4863 5
1178 16
4628 7
6459 3
1387 8
6862 5
1932 9
458 23
7004 3
2634 8
1785 8
4361 5
1250 19
2507 6
4893 4
3957 5
1630 9
3497 6
6531 4
4340 6
3185 7
3109 7
7022 3
3919 7
728 24
1244 12
1638 15
5060 5
3936 5
29 64
350 39
4087 7
1969 14
6233 4
1810 12
2203 9
4358 7
2754 9
1546 10
2994 11
3256 4
4003 6
311 41
4537 5
4836 5
3844 4
825 18
917 16
3431 8
4977 6
495 13
4501 6
3889 6
3302 8
2086 16
1322 23
7337 3
1816 12
2460 7
4293 6
2699 16
5067 4
1259 14
9961 3
5464 5
3574 5
3824 5
2976 6
5401 4
3475 6
4319 6
3421 7
2274 9
6894 3
2002 10
4591 5
4902 5
1203 15
4261 4
2088 12
1068 23
9617 3
10919 3
4429 5
486 37
1354 8
2134 12
4066 3
4213 5
8 127
7479 4
2359 11
10220 4
10380 3
5309 3
10611 3
2045 7
686 22
5310 3
3149 10
6375 4
943 22
1887 13
9683 3
1585 12
4709 5
4993 6
4474 6
7098 4
2705 7
690 32
61 41
4475 5
7419 3
5215 5
4094 5
3540 9
2394 6
1266 14
5780 4
3326 6
3419 7
10586 3
5433 6
2654 11
4209 5
4144 5
4784 4
3627 5
39 89
558 24
3200 6
5443 6
8806 3
9859 4
573 31
2710 8
1084 16
6824 5
4570 3
5324 5
10238 3
3446 7
638 24
2350 7
2479 14
1 155
506 37
4184 6
2937 6
661 34
3157 12
2845 9
2482 17
1935 8
2719 8
2690 9
581 43
2727 5
4046 7
4676 5
4200 4
4567 5
678 24
6837 5
4328 7
3862 4
1517 19
6780 4
2808 7
3025 7
1975 14
2910 9
1973 14
1991 11
927 18
6797 3
3180 9
2302 11
4827 5
3849 7
2745 7
652 16
7194 3
2400 6
2034 11
4445 6
3851 6
2029 7
3552 8
844 21
4447 3
10862 3
2723 7
4218 4
10344 3
272 30
4930 4
775 16
2518 6
20 73
2376 11
1983 13
5263 5
3100 6
3787 8
3562 5
4304 4
1627 15
468 23
3030 5
1019 17
700 24
7247 3
78 53
3369 3
6274 4
413 29
294 25
764 22
5342 4
7575 3
4953 6
2075 17
10327 3
9109 4
4582 4
1981 6
3638 5
2081 14
606 29
4416 4
2522 6
3559 5
1855 8
9223 4
432 31
10083 3
4235 6
5349 5
5217 4
2415 9
708 18
2583 9
2589 11
3286 7
2814 7
4764 4
710 13
1656 6
7087 4
856 24
5105 5
1664 14
112 61
3211 7
191 47
4613 6
3612 5
588 41
1684 17
5097 4
756 21
262 53
1944 12
5165 4
6959 3
4422 4
2590 9
542 24
3750 5
3114 5
5337 4
4649 7
2099 9
7123 4
2476 11
2988 6
170 29
4873 3
1921 10
26 74
4923 4
2116 14
7299 3
2250 8
526 24
1901 11
6966 3
3500 7
10578 3
7409 3
359 29
1229 24
10334 3
2614 7
2608 11
1001 28
3694 8
232 31
3458 7
3054 10
1182 12
225 35
6744 4
1447 11
207 45
142 44
10450 3
1510 14
5392 5
48 65
3641 5
7202 3
3585 5
3170 9
10537 3
5288 3
1988 22
3923 3
3730 6
3135 10
3665 8
4356 7
7054 4
4343 6
7041 5
4376 8
659 16
2774 5
2763 7
1141 11
984 28
1155 11
3372 7
788 11
1485 14
128 56
4797 4
7530 3
10751 3
5238 3
4115 4
1313 20
278 41
1617 12
3521 9
490 28
1843 11
10389 3
2626 4
1112 20
7361 3
1294 15
7967 3
461 31
2712 7
1562 6
1426 17
7352 4
3451 7
4640 4
7111 4
1358 23
782 26
5225 4
3647 5
2281 10
1557 14
1486 11
6874 5
425 23
4987 6
2056 9
6883 5
5223 5
3607 7
2876 7
7426 3
3648 6
781 25
6889 4
3015 6
6490 4
5589 4
1950 16
6987 3
2782 11
5044 6
2037 13
5327 5
532 38
1193 19
3963 5
2455 15
55 58
3592 6
1890 18
1681 14
872 17
395 21
1146 17
89 46
988 19
5848 4
4342 8
3584 5
2295 9
1550 10
1454 13
6969 3
2533 6
3960 6
5117 3
7454 3
4434 5
1584 19
7174 4
1675 7
649 17
7219 4
2150 12
1318 12
642 32
1764 17
3348 9
1908 14
2792 6
10912 3
1718 18
1098 12
10190 3
3003 8
4849 5
2665 8
5018 6
4609 5
7272 3
184 45
776 21
3738 5
1570 19
2673 15
1269 19
181 27
412 43
1671 13
4242 4
830 13
4933 4
3721 8
2062 10
3935 5
5204 4
1101 22
326 43
6471 4
6989 5
1165 19
2886 6
2543 8
5129 5
5224 4
3940 5
335 27
6660 4
3531 8
7212 3
7189 3
4681 5
4287 6
10345 3
5362 4
4481 7
1867 8
4742 4
3969 7
4664 4
2505 6
4856 4
3533 11
2936 5
440 29
1289 21
2525 10
7159 3
6113 4
841 16
1898 14
4668 4
1044 19
3513 4
9160 3
1751 15
4029 7
91 65
2137 9
7402 3
4116 5
467 25
2121 9
474 32
7146 4
3563 6
6024 4
563 17
2919 6
3248 6
2953 8
4058 10
6947 3
6915 3
7549 4
7334 3
6851 6
3489 8
68 81
2514 6
7209 3
10215 4
5338 5
5081 5
5934 4
4176 4
7164 4
3628 7
7262 4
7557 4
3807 10
3995 5
222 35
2911 8
2418 8
3132 6
305 36
928 15
7274 4
1644 15
1526 20
4560 5
10451 3
4276 6
3245 6
217 38
7143 4
4815 4
4076 4
281 45
158 64
10422 3
3832 4
3412 6
4928 5
7382 3
3658 5
1418 10
36 57
5150 7
1368 20
748 18
472 37
8446 3
1655 9
1943 12
5077 5
711 28
132 39
1791 14
6905 5
5412 3
3779 8
3747 4
2180 11
1428 10
2769 8
4081 8
5369 4
1018 26
4992 5
1125 14
2279 7
741 18
998 14
2806 6
7439 3
4831 4
7385 3
3032 6
1789 15
4621 7
3880 9
4757 4
3192 6
3947 5
2076 14
4294 5
10498 3
6858 5
6733 3
1545 22
1838 7
1058 9
1773 13
4989 7
3883 8
3166 5
3704 7
7279 3
5417 4
6211 4
3392 6
2860 6
3141 8
1535 16
3775 4
5299 4
4978 6
5258 4
1335 10
4652 4
7412 3
3780 8
10891 3
3974 6
4847 4
3409 6
5240 4
3918 5
5419 3
5442 5
5011 6
5270 4
165 47
6588 3
2351 9
729 21
4509 4
2 96
4229 4
6319 4
2125 7
11005 3
2553 7
1231 26
2979 7
3270 7
2446 9
973 19
2961 7
2569 8
7028 5
1046 11
319 26
2571 7
4021 7
1179 8
2857 10
1922 10
735 25
3048 7
2948 6
7104 4
1271 10
6921 3
4566 3
344 40
4682 4
7445 3
7324 3
7129 4
2103 8
2949 7
1710 15
4783 4
2224 12
1133 23
2421 8
209 33
2837 7
7442 3
4456 5
1118 15
1575 18
5152 7
2428 6
6938 4
4718 4
4460 5
5080 5
7131 3
4191 6
600 12
80 37
336 37
457 29
1301 13
4998 6
5247 4
383 21
4945 6
3817 9
1873 9
2497 9
3651 6
6842 5
92 67
5354 3
3687 6
4791 4
1212 10
2253 6
2787 10
2433 13
1164 15
1477 14
6954 3
2824 6
4597 7
505 19
6310 4
2739 8
670 10
8429 3
1094 13
419 32
995 22
837 15
2015 19
4521 4
7073 4
149 62
625 26
3208 6
6836 5
6398 3
406 39
7088 4
2289 8
4798 4
3283 8
2312 11
19 79
3096 7
3637 5
365 27
1030 18
2730 6
763 26
3255 6
3332 6
4632 6
2021 8
3430 5
4590 4
3318 5
5193 5
570 26
7118 3
3123 6
1880 8
3761 5
5191 4
252 30
4883 3
3389 8
4063 8
883 18
4805 4
4610 6
1998 5
5387 3
2930 7
1367 18
3825 5
5236 4
7169 3
10765 3
1070 14
3117 6
3618 4
3275 9
2463 6
4332 7
2493 10
105 53
4500 6
2380 16
111 54
3549 7
408 34
5038 3
5410 5
7241 3
3577 5
7527 3
7434 4
2777 8
7010 3
559 28
3601 7
5301 5
580 16
2800 6
4956 6
7049 5
2523 6
5103 4
4618 6
3808 5
1257 9
31 75
4717 4
4093 3
2307 15
2706 6
7039 5
7513 3
9200 3
4439 6
5444 5
3336 5
2133 8
4629 7
5104 3
968 8
675 19
7300 3
4969 6
4722 4
431 20
3541 8
382 33
7191 4
3487 7
2846 6
7134 3
4729 4
7019 3
4329 7
3863 8
139 68
129 45
4662 4
3008 6
926 12
1246 16
1083 8
1293 9
4000 5
1792 9
3024 9
662 30
168 65
4789 4
1518 9
3447 10
3444 8
178 46
3156 6
2728 7
3992 3
10619 3
3439 5
124 62
6267 4
1429 13
1974 11
2536 6
4988 7
3611 5
6875 5
4350 7
2483 12
1374 7
2807 7
2303 11
2259 12
2212 13
716 27
1886 10
7222 3
1972 15
5294 5
940 18
685 21
4169 5
21 45
4862 4
5313 3
523 17
2377 7
3823 8
4360 7
3975 5
6344 4
1460 8
10329 3
453 21
2500 6
10308 3
3937 8
1202 13
3162 5
3895 7
3303 6
351 30
2838 9
595 19
6996 3
2926 8
1854 17
1498 17
835 26
6863 5
1267 17
11052 3
4620 6
4015 6
113 67
901 25
2191 7
7021 3
1056 21
7032 5
3664 8
10377 3
3108 5
4365 8
6970 3
10821 3
5066 4
2753 7
1473 21
881 19
2461 6
6880 5
3186 6
10744 3
405 16
507 34
7033 4
3843 5
1734 12
3565 5
3230 6
7042 4
1258 16
10641 3
4030 9
7009 3
2313 13
392 35
3653 5
7484 4
2242 9
6998 4
5463 5
2254 7
3354 9
6895 3
813 20
2014 15
644 37
2477 9
5140 5
1820 13
3360 8
7294 3
5308 4
5182 5
2110 18
5275 4
1342 9
2457 7
1802 9
4185 6
4359 7
1968 10
2775 6
7494 3
4009 5
4065 7
2273 11
3476 8
791 18
3330 5
1355 13
3640 6
2231 13
3617 5
3095 7
3231 7
916 20
2043 7
3646 5
4857 4
4828 3
329 31
525 31
4476 7
787 19
27 88
1902 8
2331 9
1561 12
5255 4
7503 3
5216 5
1866 22
2001 19
3736 6
3731 7
4394 5
1310 18
5901 4
3459 12
2115 11
4703 5
4357 6
4578 4
4234 4
3695 8
1239 18
3035 4
6939 3
769 20
1181 10
1809 9
803 24
2744 9
2559 11
4796 4
4133 6
3199 6
4669 4
5287 5
60 50
1245 20
1400 29
1067 20
691 27
2615 8
7273 3
5173 3
1676 18
1388 13
3134 7
346 32
5245 5
3085 12
5453 4
3171 9
10664 3
427 25
5121 3
4735 4
82 44
3464 9
2202 8
650 37
4635 4
1154 15
7318 4
895 17
1763 13
4499 7
5237 5
10999 3
69 59
4299 5
1910 11
2762 14
3076 7
224 47
3608 7
10845 3
7558 4
3264 8
2711 11
3501 7
1982 10
5226 4
2393 5
3423 5
426 18
4127 6
1435 18
279 25
2408 16
7139 3
483 33
498 30
3520 8
2055 13
1487 15
4311 6
4698 5
2028 8
1540 14
3075 6
7360 4
7218 4
1606 17
2064 10
6156 4
99 70
4767 4
5424 4
3553 8
5218 4
1933 7
4892 5
2022 7
790 24
5164 3
533 38
2080 13
10240 3
4448 5
3551 6
1122 22
2416 11
4643 4
1053 12
462 25
414 40
3852 5
6359 4
6923 5
4558 4
263 48
7550 3
3746 4
4385 5
4536 5
3361 10
2985 5
3593 6
4979 5
6656 4
10863 3
7400 4
3210 8
3673 8
7260 4
1409 12
4417 5
4581 4
1716 13
4219 5
293 27
1272 10
1663 19
2888 6
3818 8
469 41
635 23
6350 3
1088 13
5373 3
1566 15
979 20
3950 4
3737 5
709 17
3603 6
40 51
310 32
192 27
1115 21
4421 5
7124 4
4406 6
4320 7
3529 6
4303 5
3764 3
1707 11
2293 11
3103 6
267 43
543 34
1892 12
2044 9
4561 5
4553 5
4231 6
1437 11
2813 6
4648 5
2724 9
2517 7
757 19
7547 3
2577 6
9 73
7379 4
3359 7
1740 13
1600 8
6417 4
603 23
5423 5
90 51
4712 4
3514 5
565 22
3102 6
3247 6
7401 3
850 16
4057 7
4683 5
2696 12
4997 6
1360 16
3620 7
233 34
6981 4
1490 24
2198 23
2947 5
4199 3
4480 6
10342 3
2288 17
2954 11
11 92
5120 3
842 14
7145 4
2000 16
3340 7
2531 6
7121 3
7211 4
199 50
4972 6
1899 11
4606 5
1929 16
1737 11
4814 4
10870 3
3143 10
5128 4
3411 5
6507 4
3284 7
7048 4
3223 8
3244 6
2122 9
2280 5
280 52
273 48
10137 3
471 24
6914 3
3498 6
4991 7
4177 5
1509 14
2262 10
9475 4
7089 3
2912 8
1325 15
1643 13
131 44
7119 3
1565 16
4277 5
4075 5
1502 22
1872 10
7097 4
4743 4
4665 4
3488 6
2935 6
6949 3
7489 3
2513 9
3875 8
37 84
855 11
3659 5
5078 5
1706 11
1839 9
1788 15
2186 14
680 29
3962 4
7346 3
1147 21
7173 3
7259 3
2783 12
334 37
4870 5
3902 6
2292 9
3582 6
1997 8
4675 4
5256 4
6888 4
7383 3
7181 3
1680 14
2879 6
1139 22
1319 20
1826 10
4043 7
2454 18
2077 12
2036 19
1747 7
10266 3
6988 3
820 25
1799 12
1194 10
1552 10
7271 3
3716 6
7307 3
4433 5
41 83
3014 4
3084 9
1453 8
866 13
10594 3
2223 16
5118 4
3532 10
770 29
3380 7
4292 5
1097 16
641 32
4734 4
838 22
2664 9
616 19
2962 10
5019 5
1121 24
870 22
4245 4
11074 3
896 22
3530 8
2903 8
3672 8
10924 3
4934 6
2165 9
5096 5
2347 9
6470 4
4310 7
777 27
5045 4
9341 3
3609 6
2786 8
3968 6
1672 14
2325 14
1685 16
1891 10
3941 4
4924 5
2768 8
562 31
5203 5
10935 3
2269 14
1102 21
183 40
7027 5
2544 7
1478 14
7002 3
2541 11
362 28
439 21
1379 17
2607 12
3345 8
4598 7
4839 5
10255 3
3798 8
2496 11
407 30
5351 4
3686 10
4374 7
18 60
376 37
4511 4
1167 15
1393 12
609 13
7105 3
4790 5
3652 5
3373 6
5248 5
10998 3
10679 3
148 58
10159 3
1343 16
2489 5
4948 6
7234 4
2655 11
726 19
2509 6
2703 8
2955 10
4919 4
4210 5
964 14
4110 6
157 58
6948 4
2009 14
1909 13
7179 3
4192 6
935 24
2627 7
3576 6
1213 20
1093 27
81 44
6955 3
1300 9
624 25
2598 7
7433 3
371 46
10120 3
6967 3
204 36
5190 5
1041 17
6872 6
1990 8
4611 7
7242 4
3254 6
814 17
5235 4
2492 9
5192 4
2109 13
884 10
5133 5
4927 4
3539 9
6205 4
4910 5
749 20
345 33
3323 6
4408 5
4846 5
613 21
5141 5
5181 5
6841 5
952 15
2691 13
4804 5
4498 5
1071 26
3058 7
5286 4
4331 6
7248 4
253 41
10670 3
7252 3
4158 5
5388 4
3278 10
2427 7
6602 4
7223 4
63 83
5009 6
1637 16
179 51
1105 23
3705 9
10497 3
1334 16
3948 4
2499 9
3776 7
2096 14
2805 11
1784 9
938 18
3882 6
4016 5
2149 12
1830 14
1620 18
2241 6
3060 12
3917 9
3167 5
7456 3
6142 4
7163 4
2370 9
929 12
5199 5
2554 10
1583 7
1538 15
7289 3
258 32
2620 6
5158 4
4022 7
7399 3
2138 8
1055 20
3610 6
4050 8
2447 8
7376 3
141 70
3140 12
3043 5
4939 6
4520 4
1230 14
2793 6
1917 16
2993 9
5865 4
1713 18
3590 5
7446 3
1060 15
3722 11
3759 7
2420 10
7066 4
2104 11
2894 6
2126 14
4450 3
2858 11
900 31
318 30
2526 7
972 22
473 36
2572 6
1774 11
3 122
248 46
3888 8
6469 3
802 26
4782 4
3420 6
2063 8
6922 3
3723 6
5130 4
3269 8
2632 8
10456 3
1049 27
4544 5
10416 3
4869 4
2812 6
1488 19
560 24
2830 6
898 29
798 26
10355 3
3892 6
2725 6
3670 6
4932 5
7391 3
4316 7
7239 3
1273 19
2516 8
451 21
2616 9
3362 11
1408 12
2448 7
2969 8
4249 5
2721 7
4557 5
3595 6
578 22
4788 4
11034 3
4909 4
4418 4
4384 4
695 16
3331 5
5372 4
5335 3
5167 5
5148 6
9906 3
540 24
9144 3
1615 12
3137 8
3065 11
1732 7
2073 16
861 15
3706 6
337 59
2406 10
3172 8
76 58
2718 9
982 13
571 29
1190 13
5428 5
2592 8
7200 4
1171 26
1345 24
2290 6
4431 6
10601 3
1123 13
236 52
758 16
706 16
14 67
4550 4
4761 4
10960 3
2587 14
1608 8
2328 7
3232 6
2474 7
2889 7
234 41
3786 8
594 21
2924 5
10789 3
1438 15
6957 4
1903 11
6746 4
4766 5
4580 5
7045 4
5213 5
7504 3
4302 5
3554 8
6936 4
3116 6
2776 6
4443 6
4759 5
1000 15
43 61
6012 4
2582 11
3502 5
1728 15
3955 5
5367 4
3763 5
288 39
193 34
119 45
4875 4
9802 3
3925 6
5227 5
4981 6
3374 6
1180 11
4730 4
10213 4
430 30
3602 7
447 23
3258 7
1446 11
4438 6
2118 13
415 32
6881 5
3987 4
1292 7
2597 15
7180 3
5441 5
1356 14
5208 5
1871 6
438 45
1153 28
5209 4
5399 4
4569 5
1022 19
4463 3
4395 5
2795 7
953 19
4830 4
6031 3
1560 20
6968 3
7225 3
3912 5
4820 5
1762 12
784 24
260 47
5172 4
6300 4
3080 5
2061 11
1844 8
7186 3
1144 15
762 17
1723 11
2047 4
11020 3
144 42
4619 5
5281 5
3696 5
906 28
2205 6
1349 10
177 34
2213 11
3346 10
2940 6
22 73
205 44
3072 7
4345 8
7316 3
3296 9
2681 8
1260 17
874 32
4795 4
493 33
1708 14
2220 9
3719 8
1436 10
2528 6
1677 14
2174 8
4699 4
1320 22
1026 25
4493 5
2752 8
1390 10
6913 5
1993 12
10268 3
1499 16
3544 7
1469 18
4674 4
919 27
400 31
1268 19
633 20
1372 12
2023 7
7551 3
1977 12
4387 3
1669 11
1825 8
3445 10
1285 17
5468 5
3309 5
7335 3
3594 5
3757 4
1549 6
1959 13
1242 23
1208 23
1874 5
1803 8
3542 7
1201 13
519 29
5070 4
5069 3
3300 8
17 59
2451 6
4092 8
3337 4
5466 6
7059 3
1274 11
5119 4
110 50
4861 5
2356 11
4721 4
2210 10
2658 6
3700 6
9686 3
10198 3
646 22
5322 4
4005 6
1220 17
5266 5
3663 7
5276 4
7031 5
2652 11
2337 12
4626 6
5014 6
2243 7
1288 27
1087 17
810 15
5425 3
33 89
1587 21
4351 6
6462 4
6990 3
227 37
10217 4
4829 5
1860 10
4577 5
5379 3
2013 15
264 43
806 30
4477 9
4960 6
1885 15
4899 5
2905 4
1817 12
7499 4
5300 5
2707 6
4854 5
556 35
3998 5
717 20
2817 6
671 31
1511 19
5436 6
2249 7
3353 9
2423 7
1605 15
663 17
4301 5
6892 5
2431 9
5050 5
1945 9
969 16
4326 7
5184 4
5802 4
4295 6
1946 11
2276 16
4207 5
4089 5
1501 16
549 30
3465 10
3629 4
7018 4
946 24
7230 3
2644 8
1361 8
7020 4
3864 9
3155 7
7510 3
5079 3
7327 3
3773 4
5025 5
3280 8
1465 11
2990 8
1397 13
3678 8
941 17
6826 5
583 21
4848 4
3436 6
5063 6
7535 3
1869 12
591 40
6860 5
2304 11
3846 5
7096 4
3481 7
2804 6
2341 12
3583 5
4078 4
4149 6
5123 4
4990 5
1920 7
102 40
3827 5
5157 4
4589 6
2992 8
5414 5
4942 6
2639 10
1218 17
3483 12
2398 8
4409 6
5036 6
259 33
5290 3
1625 9
163 66
1106 21
3898 8
1836 11
10472 3
1531 18
2731 5
10988 3
5160 4
3976 4
2929 8
7071 4
2738 5
7447 4
1333 15
5179 5
7478 3
2770 13
3859 5
7288 4
3087 9
442 21
4044 7
2156 7
4492 3
1577 7
1572 19
2851 7
6771 3
886 23
4733 4
1329 8
2835 9
7375 3
3728 5
5440 6
4186 4
3568 7
3777 7
320 26
7102 4
3528 7
3756 4
811 27
465 28
249 31
1612 7
819 19
5280 5
1177 14
1189 11
3680 9
1748 7
2127 11
858 28
3768 4
5131 3
385 27
1479 13
7440 4
1359 20
5095 6
7436 3
2578 5
5344 3
971 14
7213 3
7469 4
4781 5
4716 4
6818 4
7520 3
847 13
479 29
1166 20
2166 12
3091 12
1378 15
1054 13
7038 5
2821 8
2101 6
619 12
3616 5
4996 6
621 29
3797 9
7537 3
7389 3
2310 7
2495 14
4908 4
3395 7
3052 6
2322 7
2438 11
3334 7
4179 6
4778 4
6801 3
7312 4
5355 5
377 26
7267 4
602 17
2050 12
3815 8
1311 21
1787 16
5057 4
612 32
1391 17
936 24
3579 5
5234 3
5110 3
4510 4
2794 6
701 24
10299 3
3710 5
6251 4
214 39
3630 6
8427 3
7176 4
2708 10
1650 21
2789 12
6999 3
2074 12
2539 8
2547 10
731 24
3639 7
2779 6
4281 4
2139 9
768 21
1928 15
1092 22
2255 8
1756 8
3877 5
1636 12
2491 12
7086 4
4885 4
6971 3
10314 3
4976 7
338 39
761 16
3105 6
576 36
4748 5
1775 19
738 19
1415 14
484 36
3408 4
1078 19
2334 13
1243 14
2530 10
4833 4
623 16
4091 3
3885 6
1512 16
2956 8
4502 5
2564 9
2382 8
2946 6
328 26
4462 5
1223 20
628 21
7525 3
7347 3
4014 4
3538 10
733 21
5003 6
6249 4
3745 4
630 15
997 18
7015 4
5001 6
4947 6
6840 5
3394 5
608 21
3263 5
1234 15
1649 17
2226 8
2878 5
7368 3
4108 5
4535 5
1474 20
125 62
44 93
7258 3
1687 8
2152 14
7404 3
5312 3
7207 3
1188 19
3142 8
5016 6
7455 3
2008 12
2862 5
10572 3
7138 4
10595 3
714 27
1564 11
6935 3
4364 8
7293 3
2663 9
9754 3
5008 6
10522 3
4690 5
7428 4
4631 6
397 26
1096 14
5368 3
3285 6
2934 10
1657 9
10827 3
3009 7
4432 4
2185 11
1191 11
2717 13
6825 5
823 13
4659 5
4666 5
771 18
401 42
186 38
7270 3
1797 11
1119 22
1914 17
3039 5
6940 3
1705 7
3000 9
7512 3
915 20
2978 9
5390 3
5260 4
9370 3
1586 17
4037 6
9114 3
1986 11
1456 10
2606 11
7471 3
2060 8
3561 6
1551 21
9672 3
3981 4
6857 5
7001 3
8188 3
4607 7
2904 7
5042 5
3643 4
5325 4
10631 3
2346 12
561 31
2195 10
2112 11
2555 4
5202 4
2221 14
2982 6
3718 9
1307 25
1812 14
1769 7
2475 14
1875 12
3834 6
7148 4
5087 4
1673 17
4084 7
4027 5
297 40
963 17
4959 5
4931 3
2031 7
7236 4
980 25
1596 14
5169 3
2697 14
2097 10
1651 12
1569 10
2542 10
2123 8
9991 3
530 37
3701 8
3805 6
3067 10
2675 9
7308 4
470 35
6830 5
1524 10
6756 3
5142 6
2360 11
1287 22
4650 4
2403 8
654 18
7153 3
2261 9
156 66
283 36
3993 4
7304 3
4178 4
3414 5
4278 5
7150 4
7040 5
7480 3
1744 8
864 28
7206 4
2913 11
5138 6
1170 15
8897 3
3382 7
1896 8
5985 5
2895 4
1686 8
1042 15
38 70
3874 6
196 52
4745 4
4817 5
4143 5
1169 18
118 58
3816 8
9682 3
1674 22
4872 5
1065 9
1659 13
767 15
2173 8
4396 5
1020 13
84 74
805 24
4068 6
437 33
194 47
2749 6
3503 6
1768 11
2395 6
1021 11
5094 5
4212 5
4937 6
934 20
1989 13
4035 7
3537 10
4821 5
948 19
4120 5
2160 11
5228 5
3785 7
2450 9
6827 5
1398 17
3986 5
226 32
4982 6
527 31
1430 12
1145 18
1870 9
5214 3
10777 3
2466 8
62 60
833 20
5112 3
7427 4
4794 5
4513 5
2743 4
4588 4
3276 8
3649 3
548 29
6505 3
2575 5
3450 9
4641 4
3697 9
1110 11
2204 6
3466 7
1999 12
3632 5
783 17
1357 25
6953 3
1152 17
4684 5
789 23
49 34
2046 6
2967 6
4860 5
2117 14
7110 3
10697 3
4398 9
1934 7
715 18
3615 5
2201 10
1916 16
1722 11
23 55
364 27
3069 7
3931 7
950 10
4568 4
2680 7
2957 9
1678 12
1445 18
1845 13
1025 7
4692 5
3429 4
3580 6
3073 6
4375 6
1992 14
6912 4
2478 10
1466 7
7498 3
4248 6
2340 7
4534 3
778 25
3555 8
10383 3
720 16
5166 5
4430 5
460 26
2449 13
4627 7
244 27
5072 4
10297 3
3744 4
4838 5
2811 7
6672 4
3854 6
5149 5
4901 4
1607 7
1386 8
1536 13
2617 5
3893 10
452 34
295 38
579 27
7051 5
3956 7
7377 3
1618 13
4701 5
3136 5
3301 8
77 58
541 30
6873 5
4317 7
3890 9
5061 6
897 28
1628 13
3219 6
10672 3
3871 8
3911 5
3671 10
7231 4
237 45
2584 13
2722 9
2371 16
2519 8
2923 5
6958 3
5200 5
2610 9
416 33
2950 10
3212 6
4407 6
100 48
914 12
4756 4
300 23
1439 20
4419 6
3654 3
2405 14
4710 5
6330 4
2232 8
3642 5
4646 6
2432 10
1407 24
3946 6
496 21
2829 6
605 25
5289 3
2987 6
6166 4
2581 10
7355 3
4760 4
4855 5
1699 12
42 77
10399 3
759 10
4898 4
10212 4
1228 19
235 37
2291 6
2591 11
1931 12
5917 4
694 21
5426 3
1103 13
5371 3
4444 5
4268 5
2244 10
3148 7
3788 7
265 39
296 43
7201 4
171 50
5435 5
3999 5
5449 5
4206 5
4327 7
6838 5
2687 6
6745 4
7313 4
2012 18
5111 3
582 28
11064 3
3257 10
1884 9
5296 4
4868 5
4167 4
5303 5
10722 3
557 32
3621 5
2726 7
7193 3
441 27
6182 4
7430 3
4041 6
3325 4
7047 5
672 22
983 12
4257 6
3806 6
3689 7
4482 7
3496 7
5391 3
751 23
7132 4
7251 4
1746 11
7224 3
10532 3
3356 11
4551 6
2167 10
1980 10
2275 10
4004 5
4890 5
5024 4
677 15
907 18
10060 3
7257 3
1868 9
3480 8
3154 9
1210 28
590 24
5062 3
10379 3
664 28
1790 12
4363 8
2264 13
6920 3
79 55
3845 5
1420 29
3295 10
352 41
3437 8
2502 6
3865 8
126 57
1034 22
2803 8
2875 7
5819 4
1533 15
3679 7
651 20
176 34
6991 3
4660 4
3145 8
947 27
256 30
2810 5
5071 3
920 20
428 18
4840 4
2305 8
4545 5
3758 5
4344 8
5273 4
6542 4
500 39
1221 13
1757 10
1200 18
4193 5
918 27
1413 16
5336 5
4386 5
7326 3
7539 4
1275 24
2107 12
6960 3
2211 13
1598 14
3453 7
4941 6
1856 9
1491 15
1362 19
1804 14
632 29
1371 13
2357 10
394 25
2484 8
5068 4
2659 6
7017 5
513 33
4954 6
3938 5
50 68
2645 12
1519 15
2633 11
3173 10
7246 4
10773 3
797 21
2197 10
3543 5
6972 3
4318 8
5207 5
1236 15
5323 5
11016 3
2413 7
645 33
10865 3
2566 5
4400 6
10704 3
9789 4
1176 18
2881 7
5015 5
7037 4
1039 23
1815 14
3662 3
1005 13
4723 4
4280 6
28 96
2089 14
10283 3
2087 13
3474 4
4575 4
215 60
687 19
3320 7
5106 4
9610 3
2184 14
2298 7
3161 7
2336 17
4424 6
5465 4
2190 8
826 12
3990 4
1344 17
2494 13
5467 4
7344 4
3840 8
5265 5
2329 4
3338 5
7030 4
4437 4
2980 6
2653 8
5056 6
2548 8
620 17
5356 3
6890 3
5088 4
7240 4
2625 7
4090 7
10001 4
3400 6
937 12
5143 5
3266 9
730 14
16 108
921 22
3833 6
2880 5
5233 5
2311 12
3631 7
5002 6
10470 3
2556 7
994 15
5360 3
1786 17
2320 6
6847 5
2140 5
2788 9
2440 10
5257 5
6924 5
1523 14
3578 6
6405 4
4667 5
93 48
3055 12
3040 6
2429 8
374 33
2790 8
429 31
3876 9
1306 18
4576 4
3688 9
7388 3
3767 5
3097 6
1328 23
409 38
4049 8
1091 22
5353 4
7137 3
4594 4
1962 13
1958 16
812 20
489 26
585 15
3711 4
1392 9
4633 6
1080 12
4724 4
2819 5
732 20
6906 5
4653 5
2233 10
622 29
5389 4
6961 3
6200 4
6831 5
970 15
2381 11
1416 10
2771 9
2256 8
1658 10
2057 13
1635 10
1237 16
6937 4
5315 5
2361 12
5089 4
2490 7
7348 4
2563 10
3086 9
5000 6
7208 4
6861 5
4333 7
4929 4
5194 5
3991 4
7528 3
4461 5
270 31
6870 5
6791 4
2840 8
5037 5
1602 13
4226 6
2007 10
1332 16
5409 4
7287 3
5139 6
5341 4
1399 12
7540 3
1117 13
740 16
103 63
6859 5
871 11
5374 3
3393 6
10484 3
10576 3
4528 6
2039 12
6212 4
4891 5
5411 4
3826 7
5178 4
4042 7
3363 11
1219 13
2534 7
3774 7
1704 7
1749 9
10760 3
688 14
750 16
1126 20
6738 4
2128 11
3926 4
1534 17
2570 9
1915 14
3729 4
4523 4
7492 3
7103 3
2737 7
804 20
83 48
5728 4
3375 6
4503 7
1385 15
2672 8
10378 3
1818 11
2094 7
962 14
7435 4
1837 7
3778 7
143 45
7384 3
3090 8
4020 6
2323 9
6157 4
2822 6
3049 9
1051 15
3033 4
518 14
7374 3
4802 4
5268 3
2914 10
1211 13
2906 7
2732 5
2852 7
3221 10
2155 6
1711 17
2399 11
1542 20
2991 8
4780 5
2102 7
2836 9
478 28
3720 9
3242 6
384 27
836 24
4052 7
4028 5
7403 3
6767 4
3068 12
3989 5
1735 10
5250 5
3512 8
7237 3
11004 3
2030 9
2286 9
1595 19
7519 4
1750 8
4715 4
1610 11
7268 3
779 29
343 36
981 9
697 23
3001 6
857 17
707 16
1010 22
7309 3
3310 9
4279 7
4077 3
261 25
4083 6
4685 4
2439 13
3739 6
321 30
3209 7
2896 9
1079 10
7154 4
2422 5
5183 4
4884 3
3407 8
7079 4
1590 11
7072 4
1652 11
4816 4
3980 5
2933 5
760 25
863 15
4975 5
531 9
2469 6
3317 4
1745 17
2594 9
3966 5
2111 13
3702 7
1897 7
721 18
2124 12
3482 7
282 30
669 16
420 14
3622 6
989 13
1348 15
4630 7
2372 12
2945 7
4673 4
7147 3
1137 11
577 17
3511 7
10214 4
7305 3
3504 5
4843 4
3381 8
852 33
10634 3
643 33
7317 3
4341 8
1120 19
1475 26
5402 4
1187 21
2092 11
2968 8
1251 14
2456 6
3904 8
7291 3
1192 20
879 20
3899 7
3017 7
1095 23
3104 4
3961 6
2975 13
1444 13
1883 7
1846 11
4832 5
133 71
2515 6
2600 7
4616 6
5017 6
1828 10
2605 7
56 65
3977 6
3006 8
306 38
70 61
4038 6
7095 4
9483 3
166 39
2225 19
1578 17
30 72
4352 7
466 21
134 50
3038 6
618 24
2151 12
4732 4
848 11
3290 7
7183 4
10612 3
3717 7
1904 13
5043 5
1761 16
2196 11
1323 22
7296 4
1455 12
6856 5
6868 5
1492 13
2662 8
7332 3
6438 4
3560 6
1134 13
3853 6
4455 4
5201 5
4131 5
1100 27
1377 23
7175 3
4663 4
185 43
5122 4
1719 8
2716 11
4 79
7505 3
7529 3
127 57
6942 3
71 52
1648 8
1481 9
3596 7
2927 10
2266 11
10618 3
2915 13
4564 6
512 28
463 14
5408 4
517 20
10296 3
4963 6
5345 4
722 23
3588 7
1363 11
1109 18
3051 8
2067 10
1597 11
4060 7
2154 12
4171 5
742 34
6911 4
10401 3
58 74
153 66
2932 6
4980 7
2387 6
4086 6
101 51
340 36
4362 8
3906 5
3655 6
7204 3
4012 5
2425 6
3536 7
1703 7
4671 4
5073 4
5084 4
4018 6
3571 6
2510 7
1172 15
2458 7
834 13
4912 3
285 39
7345 4
2441 14
4397 6
5171 5
2414 11
1216 17
3879 7
4657 5
2194 17
4423 6
2285 14
3092 14
1135 16
7458 3
2864 7
10570 3
4198 6
96 40
1667 12
3836 6
2114 11
5085 5
569 24
3111 7
4269 5
1396 19
1760 21
391 24
2033 11
4335 8
5251 4
5048 5
2676 6
2907 6
180 39
1375 12
4353 7
1877 13
2939 7
246 44
10225 3
2227 10
4001 6
1168 13
4102 6
4323 7
536 30
4661 5
1767 10
1653 15
7497 4
2237 7
5186 5
1688 8
7125 3
5378 4
7481 3
6855 5
11026 3
3311 7
1458 17
2958 10
444 14
508 27
1336 15
4025 7
7278 4
3260 6
1089 23
12 102
3036 6
1554 15
2168 18
7364 4
4137 5
3518 9
3707 5
6852 5
7463 4
7405 4
4806 4
3343 8
3413 7
6951 3
4036 5
10211 4
875 20
1522 17
3467 8
116 37
136 33
1197 12
4390 6
1580 16
3274 11
2419 10
2146 7
308 23
4604 6
3485 6
7142 3
7314 3
3802 8
5113 4
4811 4
3004 6
6867 5
3676 8
5295 3
3939 4
7303 3
3027 9
301 62
4686 5
51 46
1758 10
1822 13
456 13
3063 5
7216 3
7533 4
1033 22
7093 4
6762 4
4059 9
2736 5
10740 3
2258 9
10246 3
1539 19
796 17
2349 7
6702 4
6054 4
366 26
1541 15
4506 6
3727 4
5358 5
6196 4
3527 8
5136 6
2343 8
6821 5
5034 7
4889 4
3044 5
2108 9
888 11
7541 3
3771 6
7052 5
3743 5
1011 20
1754 14
4515 4
10460 3
3683 9
1161 11
2093 18
1927 12
4779 4
3406 5
1380 16
2853 6
990 30
349 43
1442 17
2218 18
2316 11
1614 13
4949 6
7422 4
1743 11
4772 5
3970 4
5162 4
6832 5
4770 5
3364 11
7101 4
4401 6
4995 6
1383 21
137 53
1414 8
4504 6
666 32
7443 4
3794 9
860 26
1074 12
2308 15
3884 5
1063 16
1567 13
7113 4
1776 8
2565 9
7546 3
2158 7
3047 7
2576 7
4938 6
3829 4
2362 17
3287 8
7084 4
10705 3
2796 7
1601 10
7076 4
5041 4
323 40
6904 3
1834 9
2142 9
545 36
2467 7
5292 3
2733 7
187 43
10478 3
10503 3
7310 3
4625 6
2326 9
7166 4
1283 14
3089 7
7108 4
6909 3
212 28
3384 8
2436 12
1331 18
6934 3
6390 3
4019 6
5108 5
2383 5
1305 24
5416 3
961 19
7354 3
4539 7
2686 6
3234 6
2882 5
1662 18
10371 3
574 23
5365 5
3397 4
660 38
6985 3
977 23
4916 5
566 33
3928 5
5093 4
4067 6
7349 4
2765 13
2299 6
108 51
2820 9
604 33
4940 6
6900 3
6475 4
477 21
7233 3
6591 4
4880 5
1338 9
2623 6
330 16
360 27
1857 8
7416 3
3416 5
7475 3
5254 5
3160 8
3279 8
2321 10
3377 7
1076 12
3082 5
7517 4
766 18
4595 4
449 22
10178 3
1574 18
3506 6
1579 14
7438 3
4587 3
9903 3
9795 3
4484 7
682 29
353 42
2971 11
3633 5
375 29
2989 10
3944 5
2409 11
2833 6
3914 5
7265 3
3692 7
5406 3
3726 6
10710 3
501 26
10815 3
2944 6
3144 7
5059 4
2650 13
155 55
387 34
1913 10
626 12
11050 3
4944 6
7156 4
257 44
951 16
4750 5
85 65
809 23
2200 7
1156 13
6926 3
3614 4
3057 10
7026 5
3812 5
736 21
9536 3
539 17
2847 5
3233 6
5023 4
7295 3
3339 6
6347 4
5012 6
4369 7
1698 16
520 25
4533 3
7329 3
3820 7
7227 4
4617 6
57 65
2642 5
2354 5
4714 4
3790 9
3479 10
3660 5
3435 6
175 45
6871 4
584 21
3307 7
35 73
2453 10
1882 8
1421 15
4033 9
2827 7
665 37
6321 4
3021 8
1476 22
2758 11
1207 22
2641 13
2670 15
5100 4
3007 7
904 25
3848 4
930 18
5274 5
2972 10
648 16
2006 8
2245 9
6627 4
3178 8
4453 4
2130 9
1028 14
4973 6
1589 15
198 19
7245 4
2550 11
1059 18
2683 7
5206 5
3713 6
3349 8
7057 4
3644 4
913 13
7007 3
2019 22
3983 5
202 31
361 16
4313 6
2468 7
4436 4
3282 5
4801 4
1819 11
2183 10
1459 17
5279 5
1984 12
7491 3
10548 3
307 25
3472 5
6229 4
154 47
1467 15
1463 9
2041 10
6796 4
5320 3
4324 7
5405 4
704 17
2801 8
7060 3
1462 14
681 18
4752 5
4478 6
3062 9
1029 17
5 85
2715 5
2694 10
2105 9
3292 7
3455 8
554 21
1957 8
552 25
2657 6
4006 3
7373 3
3766 7
1623 8
74 67
890 17
3699 6
1926 19
299 29
2024 7
1282 20
1694 16
7321 4
1350 20
7069 4
7333 3
3183 7
1240 15
2815 6
3079 8
481 29
867 18
3355 7
1976 8
3669 6
3442 4
817 20
2751 6
10913 3
3470 6
7187 3
7518 3
229 44
4719 5
673 25
10668 3
3322 5
4204 5
2059 11
315 39
1827 7
4842 5
2501 7
2366 7
1947 10
1347 13
3971 5
25 47
1504 13
3350 8
2270 17
6828 5
1253 13
4852 5
5469 3
2648 9
3932 6
1730 10
5314 3
3784 8
46 75
4479 8
3623 7
1316 28
1851 10
4542 4
3327 6
2630 7
2373 6
2263 11
3386 9
5302 3
6992 3
3505 5
317 25
6878 5
1254 20
1642 20
3712 6
6839 5
4555 6
892 21
4622 7
3954 4
2071 10
546 27
537 24
10761 3
5816 4
4072 5
1007 21
3896 10
1443 13
1833 13
3298 11
4441 4
1186 13
3119 6
7220 4
3566 5
7152 3
5241 4
529 22
3556 7
4309 6
2573 9
987 15
2984 5
7544 3
1150 19
3988 5
10469 3
4122 5
4347 6
4314 7
10262 3
10224 3
4239 6
2390 6
908 19
2580 10
7292 3
4900 4
3127 6
284 41
247 37
903 21
3870 7
5125 5
5397 4
3927 5
4389 4
289 37
7094 3
4411 5
2119 12
3891 7
808 17
845 23
5997 3
1847 12
7393 3
147 67
1249 17
5211 4
1142 16
6846 4
4952 6
4708 4
5267 3
2095 18
1291 24
2601 8
2599 6
3227 8
7012 4
6759 4
2960 8
5346 3
1052 19
4522 4
4250 5
1493 16
5438 6
2397 11
974 16
2629 8
7081 4
1668 15
1715 12
1613 9
9580 4
4247 4
6278 4
636 26
6675 4
5064 4
1104 18
1406 14
7120 4
5092 5
11031 3
7534 3
1905 14
117 34
2207 8
3754 5
10258 3
7215 4
5283 5
6597 4
2472 10
5460 4
821 33
696 15
4586 5
1721 15
3376 5
10849 3
2179 8
2172 8
1431 18
1489 12
3050 9
4565 5
1805 7
3226 5
1727 12
6646 3
2922 7
5333 5
5229 5
4967 6
2178 9
1225 10
290 35
2909 7
5220 4
210 49
712 17
10312 3
6722 4
5381 5
3365 10
2560 11
2702 8
4529 5
2593 9
5074 4
7046 5
1895 9
2920 6
5305 5
2038 8
4465 4
3799 7
4399 5
1159 22
2048 11
655 24
3110 6
421 22
2332 7
10784 3
271 55
6973 3
3742 5
1024 17
4822 5
3174 7
2867 6
491 28
2871 7
1863 15
10333 3
4495 3
13 80
3953 7
4672 4
1514 25
840 19
1647 9
4693 5
597 23
4372 6
4541 4
1411 8
1480 8
6962 3
4793 4
3581 5
7013 4
3265 11
242 30
32 55
1588 11
7092 4
443 29
7338 3
2234 21
1795 9
7387 4
5252 5
7449 4
6869 5
10407 3
6721 4
6854 5
4391 5
3519 6
3273 6
846 22
7277 3
7080 4
7311 3
1689 7
3484 7
1861 13
2825 6
3312 6
1296 12
7195 3
3415 5
1553 20
2161 9
2897 11
4051 6
7114 4
1303 16
4738 4
1654 19
5432 5
6740 4
10781 3
3494 7
7432 3
3510 5
4638 4
15 78
3268 7
4624 7
7255 3
6725 4
3016 6
7406 3
2236 8
1506 9
7141 3
4026 7
2855 5
4810 5
2145 9
859 15
3693 8
4284 6
739 13
4507 7
876 13
7367 3
3967 5
4751 5
135 52
3344 7
3913 6
4687 4
145 77
2674 12
7151 4
1131 14
3624 7
7266 4
772 12
1876 13
3803 8
1759 13
7536 3
4651 6
9489 3
7315 3
2032 5
4605 7
3026 6
1528 10
653 22
1692 13
6919 4
4866 5
2677 8
5439 6
509 23
3708 5
6834 5
1015 9
976 13
367 24
7450 3
11041 3
1821 12
6910 3
3589 5
743 24
2265 9
7342 3
2129 13
723 15
3597 7
6941 3
1040 27
1755 10
488 17
1138 15
1012 19
2182 11
1032 14
6701 3
4071 5
152 54
2931 6
3855 5
342 34
1419 16
862 21
4943 6
341 36
6232 4
3586 5
2883 4
2189 11
2287 8
2540 11
10521 3
2284 11
3793 8
64 56
10400 3
4085 5
5124 4
45 64
7198 4
6975 3
4426 6
5334 5
4824 5
1173 18
4656 4
309 36
1963 9
10905 3
2085 14
1733 7
6943 3
5028 3
2113 12
7485 3
2153 10
3383 11
6534 3
824 21
120 33
2568 9
1148 23
7238 4
2386 6
254 30
2841 11
1321 24
4670 4
3945 6
2442 9
4214 6
7457 3
1987 14
4911 4
3570 5
2602 6
851 15
399 30
2296 8
1811 11
4964 6
436 36
4412 5
5427 5
5114 5
213 31
94 71
4818 4
1450 11
3011 6
568 20
2668 10
2863 8
3098 6
2411 7
3905 6
4334 6
1129 9
7178 3
1143 20
6964 3
2848 8
1961 14
386 34
1457 25
200 48
1261 12
5155 3
1352 17
1621 15
2970 8
4467 6
161 38
5145 5
7516 3
109 50
5232 5
4464 5
2318 14
2651 11
7526 3
7476 3
2764 10
4526 5
7395 3
2797 6
1556 11
3682 6
5051 5
4593 5
7160 3
7320 4
3378 5
1766 9
5049 3
4034 6
7467 3
3982 5
4454 6
5282 4
6884 5
10315 3
4787 4
3153 10
911 28
2072 10
3507 6
7523 3
3121 7
3427 6
2624 11
4079 5
7553 3
2965 8
1157 15
1470 20
4907 5
5058 5
6986 3
7130 4
7285 3
4835 4
9455 3
10167 3
2100 8
6829 5
1006 17
7025 4
3813 6
4531 4
996 14
3005 5
3656 6
4596 6
1840 7
2069 14
956 22
3933 6
629 27
4915 4
372 30
4525 4
2951 7
10736 3
3204 7
10602 3
4771 5
1330 16
1661 17
1284 12
7357 3
3041 8
10730 3
7351 3
3772 3
5137 7
4935 6
3526 9
1160 9
869 33
1592 7
5886 4
6833 5
5005 6
10357 3
5134 5
2997 9
4888 4
3828 5
1697 13
7542 3
1770 13
4494 5
2735 5
6898 4
1209 20
7077 3
7390 4
991 17
3535 11
931 25
2348 7
615 13
2246 9
476 28
6903 3
7185 4
1198 23
4505 5
3319 7
3755 5
1626 16
7444 4
2219 7
2141 8
5413 4
1077 13
2464 8
2854 5
7140 4
1781 10
1299 19
7506 3
7109 4
967 21
1611 7
2157 9
5109 5
322 26
3046 7
7085 4
575 20
1835 8
4101 5
3850 7
10809 3
4886 4
10956 3
7126 4
6848 5
6866 5
699 21
5195 4
960 18
818 16
1038 21
2363 12
2908 7
3088 11
5910 4
1777 10
354 39
10566 3
3878 9
4483 5
5291 5
1064 20
10915 3
4758 4
10622 3
7070 4
7165 4
2734 5
1217 14
3288 5
2750 9
2527 6
4165 5
1850 12
6974 4
1346 13
1964 7
3396 7
4768 4
7356 3
2818 7
2424 7
3471 4
891 25
1004 14
2106 6
1013 27
7538 4
1693 17
316 46
4549 4
1806 12
4013 6
1738 11
10322 3
2025 7
7369 3
1370 12
3920 5
4809 5
7256 3
3668 8
2649 10
3804 6
511 25
2367 12
899 17
3443 8
3259 9
3573 5
2437 15
3131 6
2689 9
3765 5
6899 4
10325 3
4254 4
1979 8
5437 6
7188 4
3066 13
2485 9
1948 10
795 20
4402 5
794 7
4983 7
4853 4
10237 3
944 22
1780 7
5304 4
1113 20
3405 5
5107 4
674 31
4470 5
1317 34
5298 4
957 25
2430 7
3996 5
2943 6
2596 7
1503 19
5185 4
4543 6
10216 4
5242 5
502 25
1286 16
314 37
6993 3
1796 13
3385 5
5339 4
2998 8
2638 10
355 28
553 26
2058 16
3546 7
1252 13
2877 4
555 31
2643 12
1037 15
7372 3
6879 5
5317 3
4164 6
3328 6
195 49
5321 3
2005 9
2828 5
7226 4
679 25
831 17
5013 6
1960 10
2355 8
1241 15
647 33
1441 14
4753 5
1206 17
5328 4
4368 6
1027 16
423 32
1953 16
2757 11
4823 4
1222 11
3473 6
7011 4
174 34
1571 10
422 35
7421 4
905 19
3308 5
7554 3
10607 3
3681 7
52 61
302 33
1451 10
2452 10
3842 6
3358 9
593 23
188 43
7472 3
5221 4
5400 5
402 39
3152 9
1940 11
3366 8
1641 14
7005 4
640 21
1384 14
1468 14
5205 5
2068 10
1726 10
7061 3
1464 12
1494 13
10632 3
4428 4
7058 4
7008 3
4354 7
3426 5
2018 11
1906 12
464 30
2977 8
2011 12
5430 6
5052 6
6 153
3452 7
3867 7
4435 5
1304 21
2327 16
3569 5
3179 11
7286 3
6977 3
1593 17
705 26
4763 4
4381 4
1720 8
3053 7
2206 7
2177 9
4471 8
912 25
7330 4
785 23
1432 18
4574 4
599 26
1930 12
587 39
1235 18
3814 5
10757 3
298 38
95 55
3291 5
923 19
243 37
3835 5
4731 5
2051 20
2682 7
5382 3
4968 6
753 13
2404 13
2171 8
2611 15
106 52
4425 5
65 53
5249 4
7343 3
203 59
6114 4
4373 6
1023 18
2742 6
4702 5
2473 9
86 49
2084 12
1199 7
10875 3
1158 16
2170 12
656 25
2335 10
2921 6
4726 4
3468 6
435 27
10519 3
10652 3
3195 5
1482 11
885 17
1412 13
1709 13
4896 5
5075 4
339 44
228 42
10684 3
3783 6
268 54
7281 4
829 19
2872 11
3677 6
596 20
1297 16
2090 15
1521 9
5029 4
1862 10
2352 7
3495 7
5420 4
1082 18
121 65
1066 8
7477 3
7486 4
487 21
494 28
3333 5
1956 10
10332 3
238 32
2778 9
2235 8
3175 10
3604 5
4819 5
873 20
10514 3
11039 3
3081 8
4792 5
448 28
3634 5
5115 4
3760 5
2631 6
2278 10
7571 3
4152 4
4639 5
4647 7
3297 5
10436 3
5407 5
11022 3
1532 17
4246 5
713 29
7036 4
6185 4
3557 7
4233 5
2839 10
4532 6
1679 17
4238 6
4346 7
10817 3
4215 6
6845 5
1262 25
1290 14
7170 4
7024 5
1527 12
2162 13
1132 21
4308 6
4707 5
5022 4
5259 4
5398 4
3847 5
1925 17
2574 5
6552 4
2916 9
6927 4
3126 5
547 31
631 18
1544 18
1616 12
4694 4
396 41
1422 17
482 19
949 22
7429 3
499 27
3432 7
4713 4
4556 5
5262 4
4970 6
3856 5
1047 22
10263 3
1276 16
909 15
4121 5
4315 8
1124 19
2618 6
75 79
2588 10
7490 3
1163 14
450 35
7496 3
1702 10
4518 6
4951 6
1405 16
4442 4
5161 4
7328 4
4141 6
5212 5
1729 17
7214 3
5343 5
146 58
1351 12
356 21
2396 8
2720 11
5377 4
528 34
164 56
4325 7
3897 7
807 16
2040 9
2678 7
5030 4
7249 3
2898 10
4379 4
882 15
1050 14
7290 4
6928 4
4054 9
1031 22
7217 3
4585 5
2942 7
6849 5
3401 7
3139 10
454 29
2538 6
1364 9
4845 4
7074 4
634 26
2551 9
8731 4
7378 3
4774 3
978 12
3324 4
3741 6
4813 6
3752 4
2144 8
10421 3
325 40
378 33
7263 3
889 17
4926 4
5198 4
1233 11
6121 4
5135 6
3972 6
1162 15
10583 3
211 36
684 25
2831 7
7168 4
3315 5
7192 4
5404 4
4946 6
1924 12
5032 3
3042 5
1214 19
389 36
1660 13
3525 7
7082 4
3887 7
5875 4
966 21
7023 3
5146 6
2314 14
2216 14
992 17
1954 15
7127 3
2843 8
218 37
5918 4
2345 8
6902 5
3124 5
9573 3
5418 4
5261 4
3391 9
2973 10
2999 6
4602 6
2567 7
4321 7
10274 3
6052 4
9692 3
3289 6
3158 7
2767 10
2188 9
1778 11
3667 7
7509 3
1859 12
2339 9
6865 5
160 34
3782 8
98 62
7177 4
7350 3
2901 6
1048 31
1278 13
2434 9
1381 8
1061 18
2054 11
3792 9
3735 5
2785 11
3635 5
3732 4
3224 7
10858 3
4921 4
1555 15
586 28
2870 8
4337 8
410 52
2859 6
999 17
3019 8
1185 15
2169 13
6286 4
4637 4
7522 3
1741 12
4211 4
1130 12
1315 13
4599 7
189 49
4918 5
2330 8
2849 6
7548 3
480 30
6169 4
3810 6
107 51
2385 10
87 61
4099 6
4339 6
1832 17
6191 4
3796 8
221 51
7254 4
3147 8
3176 6
4486 5
1424 10
417 40
7115 3
7172 4
4623 7
7056 4
4547 6
1530 13
5246 4
2504 6
4388 4
6980 3
3819 6
2798 6
734 21
2952 7
2621 7
3724 9
6736 4
7543 3
1440 18
2524 6
381 24
9917 3
1471 15
5020 6
1814 14
5340 5
2966 10
4330 7
7424 4
3379 5
373 17
5385 3
2078 10
5359 4
773 16
1247 21
7319 4
1309 13
1752 12
1576 11
3448 10
7133 3
6136 4
4508 6
5091 4
5352 3
2874 9
6918 4
1622 9
7441 4
3685 7
4457 6
975 17
3605 6
5271 5
7162 4
1911 12
2856 8
2199 7
5004 6
3709 5
3002 7
6710 4
7396 3
3113 4
1893 9
10432 3
1646 14
3010 6
534 16
746 28
3572 6
4286 5
5701 4
3690 7
744 12
151 49
5347 3
7068 4
1952 5
4562 5
287 25
4914 5
6032 4
475 19
2595 8
932 35
3858 6
515 22
1525 15
7199 3
4047 6
2545 7
2761 8
4871 4
1107 25
138 61
2996 12
3499 4
3838 4
724 19
3598 5
5370 5
7301 3
3958 5
3534 9
1195 19
5082 6
3831 5
1327 11
2192 8
4655 4
2667 11
333 23
7144 4
1995 8
6945 3
4080 5
4040 6
4427 6
7149 4
4451 4
3985 6
2780 10
7483 4
446 14
2181 12
2229 10
1582 10
2842 13
1599 17
3013 8
2306 7
1149 22
2900 10
2283 12
2603 11
2407 8
4955 6
2695 7
1238 10
1559 16
2866 7
1793 21
7 113
1701 23
7157 3
2443 9
5027 6
7339 3
1937 12
4688 4
255 40
5364 4
2230 11
4274 6
5154 6
4740 5
182 50
3422 5
4146 6
3809 6
6380 3
10043 3
815 23
3486 6
167 19
7210 3
7431 3
692 12
6442 4
4961 6
1907 15
3564 7
854 13
4971 6
3120 6
6072 4
3769 5
1174 13
4023 7
510 26
393 18
3020 8
3262 3
658 22
274 45
7276 3
3550 7
4786 4
4392 3
877 18
1508 9
3034 7
1128 26
1771 15
7407 3
2891 6
4737 5
4074 5
3515 5
1724 17
1520 11
3965 5
8849 3
6835 5
4056 7
2148 10
303 33
250 33
5127 5
6931 3
614 20
2963 11
1765 13
2959 12
6850 5
5046 5
7091 3
130 54
6320 4
1373 13
53 85
2925 10
1302 12
7488 3
5329 4
9971 3
2239 10
4966 6
7284 3
4517 4
3341 8
3029 8
2392 9
3587 5
4255 6
1879 7
3313 6
1824 8
2917 6
4135 6
2342 8
3516 6
832 29
2135 7
3916 7
828 11
276 40
2465 7
1831 13
3949 5
3523 8
3868 8
4614 5
1404 9
1543 17
424 27
4124 6
7500 3
1402 11
4936 6
4985 7
2402 5
2986 7
10453 3
1841 9
347 33
4865 4
3558 6
3294 6
4307 7
434 27
2586 10
1184 24
865 6
3165 5
4134 5
4654 4
7298 3
3129 6
3929 6
689 26
3462 10
1116 21
5231 3
4413 6
10310 3
2869 7
5047 6
1725 9
4965 6
6978 3
7555 3
2379 11
727 26
6511 4
939 25
5222 5
4600 7
2619 5
4095 5
1670 13
2010 11
4858 4
2834 10
3342 8
10696 3
1127 23
1537 11
4415 5
894 15
4850 5
3425 6
1298 17
140 50
2222 10
1900 10
6154 3
7495 3
954 24
3460 10
4524 5
5376 3
801 14
4950 5
7468 4
5393 4
985 15
754 23
3151 10
10797 3
3061 9
1563 14
10925 3
1003 12
4147 5
4355 7
1800 8
4230 5
1717 17
4349 8
2557 13
698 26
1634 13
7122 3
524 24
1848 14
2176 8
7235 3
4882 5
2714 5
7067 4
4380 5
4706 4
3418 7
10904 3
598 19
2486 6
780 19
7470 4
2317 12
3547 7
3277 8
5331 3
3490 5
240 66
1433 9
1666 12
2209 11
230 19
115 62
2374 12
922 16
2319 9
2741 5
3740 5
2628 7
1072 20
2470 6
1394 12
7044 4
2772 10
4878 4
1277 15
3456 7
1086 16
7532 3
564 19
4488 4
3070 13
3951 6
2562 14
7359 3
3094 6
1967 9
2850 8
657 18
1865 8
1783 7
4642 4
503 24
4181 5
5383 4
4126 5
1483 10
4069 5
5090 5
3800 6
1996 12
10386 3
4695 4
4584 5
9436 3
1036 26
3492 5
1265 26
10658 3
2065 8
544 23
4696 5
5285 5
6956 3
4370 7
3253 6
4527 4
4634 3
1196 20
1114 32
2389 8
7050 4
4497 5
3657 4
239 48
122 64
2635 9
5421 3
269 34
878 28
2277 12
363 48
4264 5
2353 9
4140 5
3215 5
2159 6
3059 8
4876 5
5243 5
4834 4
4725 5
1449 10
4538 5
2873 7
4062 7
3591 5
1314 23
2748 6
1798 11
10066 4
5102 5
522 13
1423 11
3352 10
2412 6
667 13
1280 18
7116 4
313 37
2017 11
6917 3
10219 4
4322 7
4031 9
3023 6
2884 5
2661 8
6876 5
7136 4
3841 7
7035 4
1324 14
3077 6
3305 7
10711 3
9879 3
5021 6
7197 3
3477 9
459 35
7182 3
4267 5
7323 4
3715 7
1495 11
1753 14
7006 3
2688 7
4367 6
8559 4
5055 4
1919 6
2756 9
1938 12
4244 6
5277 5
3441 5
404 31
7229 3
516 31
2004 18
1813 17
4754 4
8804 4
3861 5
702 26
2297 6
4383 4
6896 3
2163 14
2214 13
6907 5
357 41
4679 5
10443 3
4008 6
1941 16
2826 4
7106 3
455 46
7371 3
5395 3
4895 4
4472 5
2132 13
7243 4
3181 12
2612 16
6994 4
5180 5
3751 4
2272 8
1889 14
2692 10
7414 3
2646 13
10 110
4762 3
550 22
10500 3
2083 8
7331 4
1081 9
6677 4
7340 4
958 17
1736 14
592 22
3299 8
4420 4
5445 5
10311 3
1978 10
7362 3
2364 11
1640 16
10231 3
173 62
4118 6
10477 3
66 81
2709 9
7280 3
2026 7
3130 4
5272 4
793 20
1205 15
1696 9
3168 6
3674 8
3625 6
6982 3
5580 4
6822 6
59 65
4728 4
4572 3
4546 4
3388 4
2091 13
3329 7
7461 3
1971 13
5316 4
2358 12
1226 12
1949 17
1256 13
2498 9
2247 7
1853 20
1016 14
219 42
4958 6
2300 6
2480 16
799 22
3734 6
925 19
10588 3
390 35
5319 5
2368 16
3357 10
1515 10
1955 16
9977 3
945 19
2784 11
206 43
5153 6
959 12
3791 9
3194 4
4917 4
358 28
331 36
2746 5
3606 6
6984 4
737 16
5284 5
6965 3
4338 4
2228 12
3037 6
2070 10
5099 5
7161 4
7465 3
7413 4
6843 5
4112 5
5366 5
3830 6
220 37
4336 6
7283 3
1312 17
6065 4
5293 5
6882 5
7253 3
5386 3
4473 7
2365 12
7100 4
1263 21
7460 3
10486 3
4612 7
10210 4
4170 5
4017 3
7107 3
7462 3
6149 4
572 16
3762 5
5415 4
3984 4
4159 6
5269 4
5253 5
7029 5
2549 9
1448 10
3795 9
3146 12
4913 5
7275 4
1573 15
1472 14
3684 8
2020 7
7155 4
3770 3
4485 3
3524 8
2622 7
7521 3
2799 8
3725 8
1772 16
418 37
2324 11
4466 7
933 12
2217 13
2333 12
348 26
10953 3
7053 3
7423 3
4785 5
2052 15
7353 3
4496 4
1090 20
993 10
2868 7
627 12
1308 11
5357 3
2503 7
6844 4
4458 3
388 34
1425 27
5350 5
5053 5
4826 5
4190 4
3083 10
1842 9
6530 4
485 31
2143 8
3316 6
3881 6
1270 16
1645 17
5318 4
3508 5
324 46
1389 13
9362 3
10584 3
637 23
2066 7
5031 3
5147 7
752 14
2679 6
6554 4
1232 14
2899 8
2941 5
3045 9
379 43
7282 3
1639 17
1035 26
3872 8
5197 4
3367 9
5132 3
3964 6
10360 3
1894 10
535 37
3138 7
683 21
6901 4
2260 10
1215 11
4378 5
2995 9
3886 10
1712 16
2344 8
765 24
5033 6
2552 9
2521 6
5007 6
312 17
6933 3
7167 3
4452 5
1002 14
2435 8
4837 4
370 39
7508 3
3398 6
10946 3
567 31
4925 6
3749 6
3115 4
4897 4
380 33
965 17
1279 17
2079 18
2974 8
1395 17
286 34
1075 15
2426 7
800 32
3125 7
4469 6
1365 16
6443 4
3613 5
7083 3
1779 6
4563 4
7128 4
1568 14
607 20
1807 8
2902 15
3093 6
2508 6
7397 3
5264 5
1073 16
2187 11
3399 7
3860 4
2844 9
3575 5
5230 4
816 32
5307 3
3031 9
4260 6
4010 5
7075 4
3159 9
1062 17
10245 3
6864 5
7392 4
3112 7
3169 6
1700 20
2609 13
7381 4
10403 3
10599 3
445 18
3261 8
10859 3
2131 16
1339 9
10423 3
5363 4
9952 3
2338 11
4002 5
3866 7
4741 5
3781 7
2120 11
4603 7
7099 4
1858 9
4636 4
718 26
2147 12
1581 23
4689 4
3997 4
1507 15
1604 12
6163 4
868 33
4592 3
4096 5
4736 5
1140 17
3417 3
4922 4
275 49
5189 5
2035 11
197 57
3626 6
3314 5
4459 5
2208 11
1731 19
7158 3
853 25
4024 7
5187 4
7487 3
1500 16
4812 5
4393 5
2136 7
4175 6
2685 6
3410 4
3517 5
3028 6
1295 13
2832 6
3978 5
5403 4
1111 21
3281 8
3249 8
4055 5
3271 10
4608 7
2238 6
7408 3
6853 5
6219 4
1878 10
2388 7
2938 8
1690 11
2964 11
5126 5
3915 5
4516 4
10462 3
7090 4
617 11
4136 7
3943 7
5151 6
6932 3
5244 3
3801 7
4061 7
10552 3
2918 7
7515 4
5704 4
3821 8
251 33
1594 18
369 33
4986 6
10648 3
1548 12
3900 4
5434 5
4053 8
6435 4
1823 15
2267 11
2537 8
5026 4
887 20
6613 3
72 56
1496 11
1682 16
2781 6
1108 21
1014 8
2282 13
843 32
2760 8
2529 6
4677 5
2315 7
2257 6
610 41
514 20
3973 6
6454 4
2444 9
3921 7
725 16
4088 6
4290 5
7336 3
1994 8
5348 4
6083 3
3907 5
3857 6
1136 17
4048 8
1175 20
5429 5
4011 6
1683 7
1326 7
3714 6
1382 15
1452 10
2384 8
2637 14
589 25
3101 5
2098 7
3837 4
150 37
3018 7
245 29
7000 3
2511 6
2604 12
4974 6
7171 4
7203 4
2546 9
6946 3
3012 5
4994 6
2666 9
10676 3
332 22
3599 5
1099 19
1965 11
5311 5
34 63
745 21
4962 6
3691 8
3650 6
2656 8
2082 6
3056 10
1410 8
2613 9
3789 7
2693 11
4449 5
1434 14
6279 3
2713 12
4182 6
2471 7
1547 12
3457 7
7531 3
1045 14
10289 3
1619 11
4265 5
5219 5
1069 20
1224 12
368 26
4007 4
3078 6
10903 3
4705 4
611 21
1849 12
10022 3
849 19
4680 5
492 43
2740 7
208 35
2271 13
3225 6
292 33
2773 16
4039 6
2445 11
291 39
7232 3
3703 8
3071 8
114 65
3272 9
5384 4
1939 13
4894 4
73 69
67 47
3335 6
10750 3
3636 7
241 64
3133 5
2561 11
7394 4
327 41
4697 4
1970 17
2391 10
4125 5
4559 5
1281 20
8617 3
1864 12
3214 7
4554 3
4765 4
3675 8
3491 6
1603 14
1881 11
7261 3
3952 5
4403 6
10218 4
24 77
2375 9
2759 11
7014 3
3321 5
2049 10
104 28
3197 6
1558 14
3370 5
5239 3
5422 3
3493 6
4881 4
4371 7
10387 3
10452 3
1513 15
2175 11
1264 15
4468 6
747 15
159 62
10677 3
4905 6
1633 9
47 55
4540 4
5332 5
10819 3
1427 14
1942 15
1484 10
3619 5
1017 20
10331 3
1057 19
2042 11
538 26
3748 6
5375 4
4711 4
521 21
1923 10
162 44
433 31
880 21
6095 4
3461 9
1912 10
2164 14
786 23
986 17
3293 6
5396 4
1008 17
4530 4
3022 5
4082 7
201 43
1401 11
719 18
4645 5
1529 12
902 17
827 28
266 42
7451 4
1353 21
1742 13
3128 7
2585 14
6979 4
4404 6
1624 13
7297 3
4864 5
2892 7
4440 4
1695 15
6950 3
97 50
2983 7
2378 10
3645 7
668 15
774 22
5101 3
3463 7
910 23
2701 8
1341 8
693 21
4601 6
5098 3
4123 5
2684 7
6929 3
893 16
3979 5
2309 11
3959 4
7341 3
4348 7
4414 5
6823 5
5065 4
4859 4
2558 8
6885 5
5210 5
4851 4
1085 12
755 19
1714 15
3942 7
1403 10
5394 5
7545 4
2268 15
9426 3
1497 13
497 29
7244 4
4615 7
169 47
411 29
2579 14
398 18
2016 7
7325 4
3934 5
3182 13
942 20
955 22
1376 19
7358 3
1888 13
3267 9
2369 7
7482 3
2647 11
10746 3
190 47
2816 7
1808 8
2802 6
822 28
1739 15
601 27
231 24
10545 3
4700 5
551 11
4720 5
504 36
7365 4
3753 4
2823 6
3894 8
3177 13
7190 4
3387 8
4583 5
10610 3
1966 6
11017 3
7302 4
6995 3
1665 17
1782 10
5446 6
3873 5
2698 14
2252 11
2506 8
3403 4
792 18
6461 4
3122 9
1248 16
4727 5
5076 5
3368 8
4205 5
3994 6
2401 6
1516 19
3733 6
924 22
2053 19
2462 9
5010 6
4064 7
2301 7
4775 5
2027 5
2481 14
7043 4
4904 5
172 31
4045 8
3922 6
1366 18
5431 5
4252 5
223 58
1255 19
1043 14
7370 3
4999 6
7264 3
2660 6
4571 4
6916 3
6976 3
1852 17
3548 4
3449 7
639 27
1505 16
2248 8
4844 5
2809 8
4957 6
5306 4
1227 19
1417 8
216 35
3351 10
3478 6
5116 3
3600 5
1951 11
6586 4
5326 5
2766 13
3661 5
4032 8
7135 4
2928 7
1794 18
4755 4
2193 12
2636 9
3522 8
676 33
277 48
3306 5
2640 12
2700 10
1183 12
6877 5
7034 5
2747 7
4312 6
7556 4
2215 13
2671 13
123 35
304 39
2417 14
2294 7
1369 7
54 29
1151 18
3347 9
1204 11
839 17
2520 6
88 64
5175 3
1009 29
10227 3
4825 5
403 27
7117 4
3438 4
5278 4
1829 8
3698 7
5876 4
1629 7
1918 9
2755 9
6576 4
4197 6
4487 4
3150 9
4678 5
703 21
7003 4
2729 7
4366 7
3454 9
7228 4
6897 5
4382 5
6626 3
3304 13
2885 5
3106 4
1461 18
2488 8
2487 8
3188 7
7322 3
3869 8
1985 10
2669 12
1691 10
3567 6
2003 16
3666 7
