coauthor;frequency
7;1
9;3
10;4
11;8
12;8
13;10
14;9
15;12
16;13
17;13
18;12
19;14
20;14
21;12
22;11
23;15
24;13
25;11
26;6
27;13
28;9
29;12
30;13
31;11
32;10
33;11
34;11
35;2
36;11
37;3
38;11
39;12
40;15
41;11
42;4
43;1
44;3
45;9
46;8
47;9
48;6
49;9
50;7
51;1
52;9
53;4
54;6
55;3
56;4
57;4
58;2
59;2
60;1
61;3
62;6
63;6
64;1
65;2
66;3
67;3
68;3
69;1
70;2
71;3
72;4
73;2
74;1
75;2
76;2
78;5
79;4
80;1
81;1
82;3
83;1
84;2
86;3
87;3
88;3
89;2
90;1
94;3
95;1
97;2
99;1
100;2
101;2
102;1
103;2
104;2
105;2
106;1
107;1
109;1
110;1
111;1
117;1
118;1
122;1
123;1
127;1
130;1
140;1
144;2
145;1
152;1
160;1
245;1
