coauthor;frequency
6;1
7;2
8;4
9;5
10;7
11;5
12;7
13;9
14;7
15;13
16;8
17;11
18;19
19;12
20;12
21;17
22;15
23;18
24;12
25;12
26;11
27;16
28;12
29;16
30;11
31;10
32;15
33;11
34;16
35;16
36;16
37;6
38;11
39;6
40;13
41;11
42;7
43;4
44;7
45;9
46;11
47;10
48;6
49;9
50;7
51;6
52;10
53;6
54;6
55;7
56;2
57;4
58;6
59;2
60;1
61;2
62;6
63;5
64;1
65;3
66;6
67;4
68;2
69;3
70;2
71;3
72;5
73;3
74;2
75;7
76;1
77;3
78;5
79;4
80;1
81;1
82;2
83;1
84;4
86;2
87;2
88;2
89;3
90;1
93;1
94;3
95;2
97;2
98;1
99;2
100;2
101;2
102;1
103;2
104;2
105;2
106;1
107;1
110;1
111;1
117;1
118;1
122;1
123;1
125;1
127;1
130;1
133;1
144;2
145;1
152;1
160;1
245;1
