57 2.52693135241159 0.291666666666667 10 3.11111111111111 2.72618758808562 R5
6 2.44948974278318 0.408163265306122 10 4 2.44948974278318 R2
196 2.44948974278318 0.244897959183674 6 3.42857142857143 1.04978131833565 R2
216 2.11695098702863 0.444444444444444 6 3.25 1.29903810567666 R2
218 0.692868274048339 0.277777777777778 5 3.11111111111111 2.72618758808562 R2
58 -0.0407569572969613 0.375 3 3.11111111111111 2.72618758808562 R2
217 -0.407569572969612 0.444444444444444 2 3.11111111111111 2.72618758808562 R2
194 -0.408248290463863 0.375 3 3.42857142857143 1.04978131833565 R2
197 -0.408248290463863 0.375 3 3.42857142857143 1.04978131833565 R2
195 -0.408248290463863 0.375 3 3.42857142857143 1.04978131833565 R2
142 -0.408248290463863 0.48 3 3.42857142857143 1.04978131833565 R2
