57 2.52693135241159 0.291666666666667 10 3.11111111111111 2.72618758808562 R5
6 2.44948974278318 0.408163265306122 10 4 2.44948974278318 R2
196 2.44948974278318 0.244897959183674 6 3.42857142857143 1.04978131833565 R2
159 2.25143632315937 0 9 3.75 2.3318447632722 R1
216 2.11695098702863 0.444444444444444 6 3.25 1.29903810567666 R2
41 1.78885438199983 0 6 3.71428571428571 1.27775312999988 R1
56 1.75411603861406 0 9 5 2.28035085019828 R1
69 1.73205080756888 0 3 1.5 0.866025403784439 R1
166 1.73205080756888 0 3 1.5 0.866025403784439 R1
101 1.41421356237309 0 3 2 0.707106781186548 R1
147 1.41421356237309 0 3 2 0.707106781186548 R1
121 1.41421356237309 0 3 2 0.707106781186548 R1
96 1.41421356237309 0 3 2 0.707106781186548 R1
26 1.41421356237309 0 2 1.33333333333333 0.471404520791032 R1
108 1.41421356237309 0 3 2 0.707106781186548 R1
137 1.34164078649987 0 4 2.5 1.11803398874989 R1
86 1.22474487139159 0 4 2.8 0.979795897113271 R1
10 1.22474487139159 0 4 2.8 0.979795897113271 R1
50 1.0690449676497 0 5 3.66666666666667 1.24721912892465 R1
4 1.0690449676497 0 5 3.66666666666667 1.24721912892465 R1
32 1 0 4 3.5 0.5 R1
89 1 0 5 3.5 1.5 R1
31 1 0 4 3.5 0.5 R1
88 1 0 5 3.5 1.5 R1
27 0.877058019307029 0 7 5 2.28035085019828 R1
247 0.877058019307029 0 7 5 2.28035085019828 R1
249 0.877058019307029 0 7 5 2.28035085019828 R1
63 0.707106781186554 0 5 4.66666666666667 0.471404520791027 R1
64 0.707106781186554 0 5 4.66666666666667 0.471404520791027 R1
78 0.707106781186547 0 4 3.33333333333333 0.942809041582064 R1
77 0.707106781186547 0 4 3.33333333333333 0.942809041582064 R1
218 0.692868274048339 0.277777777777778 5 3.11111111111111 2.72618758808562 R2
143 0.577350269189626 0 4 3.25 1.29903810567666 R1
157 0.536056267418897 0 5 3.75 2.3318447632722 R1
158 0.536056267418897 0 5 3.75 2.3318447632722 R1
262 0.447213595499958 0 3 2.5 1.11803398874989 R1
49 0.408248290463863 0 5 4 2.44948974278318 R1
47 0.408248290463863 0 5 4 2.44948974278318 R1
48 0.408248290463863 0 5 4 2.44948974278318 R1
45 0.408248290463863 0 5 4 2.44948974278318 R1
46 0.408248290463863 0 5 4 2.44948974278318 R1
226 0.267261241912424 0 4 3.66666666666667 1.24721912892465 R1
15 0.267261241912424 0 4 3.66666666666667 1.24721912892465 R1
14 0.267261241912424 0 4 3.66666666666667 1.24721912892465 R1
224 0.267261241912424 0 4 3.66666666666667 1.24721912892465 R1
227 0.267261241912424 0 4 3.66666666666667 1.24721912892465 R1
225 0.267261241912424 0 4 3.66666666666667 1.24721912892465 R1
12 0.267261241912424 0 4 3.66666666666667 1.24721912892465 R1
13 0.267261241912424 0 4 3.66666666666667 1.24721912892465 R1
39 0.223606797749979 0 4 3.71428571428571 1.27775312999988 R1
40 0.223606797749979 0 4 3.71428571428571 1.27775312999988 R1
42 0.223606797749979 0 4 3.71428571428571 1.27775312999988 R1
38 0.223606797749979 0 4 3.71428571428571 1.27775312999988 R1
11 0.204124145231931 0 3 2.8 0.979795897113271 R1
186 0.204124145231931 0 3 2.8 0.979795897113271 R1
184 0.204124145231931 0 3 2.8 0.979795897113271 R1
8 0.204124145231931 0 3 2.8 0.979795897113271 R1
185 0.204124145231931 0 3 2.8 0.979795897113271 R1
9 0.204124145231931 0 3 2.8 0.979795897113271 R1
200 0 0 5 5 5.96046447753906e-08 R1
233 0 0 2 2 0.707106781186548 R1
95 0 0 2 2 0.707106781186548 R1
109 0 0 2 2 0.707106781186548 R1
203 0 0 5 5 5.96046447753906e-08 R1
199 0 0 5 5 5.96046447753906e-08 R1
198 0 0 5 5 5.96046447753906e-08 R1
110 0 0 2 2 0.707106781186548 R1
202 0 0 5 5 5.96046447753906e-08 R1
234 0 0 2 2 0.707106781186548 R1
99 0 0 2 2 0.707106781186548 R1
201 0 0 5 5 5.96046447753906e-08 R1
97 0 0 2 2 0.707106781186548 R1
100 0 0 2 2 0.707106781186548 R1
120 0 0 2 2 0.707106781186548 R1
122 0 0 2 2 0.707106781186548 R1
58 -0.0407569572969613 0.375 3 3.11111111111111 2.72618758808562 R2
59 -0.0407569572969613 0 3 3.11111111111111 2.72618758808562 R1
268 -0.192450089729875 0 3 3.25 1.29903810567666 R1
223 -0.192450089729875 0 3 3.25 1.29903810567666 R1
221 -0.192450089729875 0 3 3.25 1.29903810567666 R1
222 -0.192450089729875 0 3 3.25 1.29903810567666 R1
267 -0.192450089729875 0 3 3.25 1.29903810567666 R1
160 -0.321633760451338 0 3 3.75 2.3318447632722 R1
271 -0.407569572969612 0 2 3.11111111111111 2.72618758808562 R1
217 -0.407569572969612 0.444444444444444 2 3.11111111111111 2.72618758808562 R2
194 -0.408248290463863 0.375 3 3.42857142857143 1.04978131833565 R2
197 -0.408248290463863 0.375 3 3.42857142857143 1.04978131833565 R2
282 -0.408248290463863 0 3 3.42857142857143 1.04978131833565 R1
195 -0.408248290463863 0.375 3 3.42857142857143 1.04978131833565 R2
142 -0.408248290463863 0.48 3 3.42857142857143 1.04978131833565 R2
283 -0.408248290463863 0 3 3.42857142857143 1.04978131833565 R1
294 -0.438529009653514 0 4 5 2.28035085019828 R1
292 -0.438529009653514 0 4 5 2.28035085019828 R1
170 -0.438529009653514 0 4 5 2.28035085019828 R1
293 -0.438529009653514 0 4 5 2.28035085019828 R1
310 -0.447213595499958 0 2 2.5 1.11803398874989 R1
298 -0.577350269189626 0 1 1.5 0.866025403784439 R1
273 -0.577350269189626 0 1 1.5 0.866025403784439 R1
181 -0.577350269189626 0 1 1.5 0.866025403784439 R1
167 -0.577350269189626 0 1 1.5 0.866025403784439 R1
70 -0.577350269189626 0 1 1.5 0.866025403784439 R1
239 -0.577350269189626 0 1 1.5 0.866025403784439 R1
163 -0.707106781186547 0 1 1.33333333333333 0.471404520791032 R1
25 -0.707106781186547 0 1 1.33333333333333 0.471404520791032 R1
279 -0.750478774386456 0 2 3.75 2.3318447632722 R1
215 -0.750478774386456 0 2 3.75 2.3318447632722 R1
301 -0.750478774386456 0 2 3.75 2.3318447632722 R1
183 -0.750478774386456 0 2 3.75 2.3318447632722 R1
165 -0.774382188642262 0 1 3.11111111111111 2.72618758808562 R1
228 -0.774382188642262 0 1 3.11111111111111 2.72618758808562 R1
193 -0.774382188642262 0 1 3.11111111111111 2.72618758808562 R1
148 -0.816496580927726 0 2 4 2.44948974278318 R1
5 -0.816496580927726 0 2 4 2.44948974278318 R1
7 -0.816496580927726 0 2 4 2.44948974278318 R1
149 -0.816496580927726 0 2 4 2.44948974278318 R1
248 -0.877058019307029 0 3 5 2.28035085019828 R1
29 -1 0 3 3.5 0.5 R1
179 -1 0 2 3.5 1.5 R1
30 -1 0 3 3.5 0.5 R1
132 -1 0 2 3.5 1.5 R1
19 -1.22474487139159 0 1 4 2.44948974278318 R1
236 -1.34164078649987 0 2 3.71428571428571 1.27775312999988 R1
237 -1.34164078649987 0 2 3.71428571428571 1.27775312999988 R1
136 -1.34164078649987 0 1 2.5 1.11803398874989 R1
79 -1.41421356237309 0 2 3.33333333333333 0.942809041582064 R1
291 -1.41421356237309 0 1 2 0.707106781186548 R1
311 -1.41421356237309 0 1 2 0.707106781186548 R1
145 -1.41421356237309 0 1 2 0.707106781186548 R1
176 -1.41421356237309 0 1 2 0.707106781186548 R1
146 -1.41421356237309 0 1 2 0.707106781186548 R1
175 -1.41421356237311 0 4 4.66666666666667 0.471404520791027 R1
144 -1.73205080756888 0 1 3.25 1.29903810567666 R1
28 -1.75411603861406 0 1 5 2.28035085019828 R1
87 -1.83711730708738 0 1 2.8 0.979795897113271 R1
94 -1.83711730708738 0 1 2.8 0.979795897113271 R1
3 -2.13808993529939 0 1 3.66666666666667 1.24721912892465 R1
51 -2.13808993529939 0 1 3.66666666666667 1.24721912892465 R1
