*Vertices 5100
0.0126493
0.00796084
0.00708002
0.00649466
0.00638874
0.0060654
0.00572534
0.00571976
0.00524033
0.0045825
0.00457693
0.00435393
0.00403617
0.00392467
0.00371283
0.00359018
0.00353444
0.00344524
0.00335604
0.00334489
0.00332259
0.00332259
0.00325569
0.00325012
0.00323897
0.00320552
0.00317207
0.00316092
0.00309402
0.0030773
0.0029881
0.0029435
0.0029435
0.00291006
0.00289891
0.00286546
0.00286546
0.00281528
0.00272609
0.00272609
0.00271494
0.00268149
0.00267591
0.00258672
0.00257557
0.00256999
0.00255884
0.00254769
0.00254769
0.00252539
0.00248637
0.00246407
0.00243062
0.00237487
0.00235257
0.00234142
0.00234142
0.0023024
0.00222993
0.00221878
0.0022132
0.00220763
0.00217975
0.00217418
0.0021686
0.00215746
0.00215188
0.00214631
0.00211286
0.00210728
0.00210171
0.00209613
0.00208498
0.00208498
0.00205711
0.00204596
0.00204596
0.00204038
0.00202923
0.00202923
0.00201808
0.00199579
0.00199021
0.00198464
0.00198464
0.00197349
0.00196234
0.00195676
0.00195119
0.00190101
0.00188986
0.00188986
0.00183969
0.00183969
0.00182297
0.00181739
0.00180624
0.00179509
0.00178394
0.00177837
0.00175607
0.00174492
0.00174492
0.00172819
0.00172819
0.00172262
0.00171704
0.00171704
0.00171147
0.00170032
0.00169475
0.0016836
0.00167802
0.00167802
0.00167245
0.0016613
0.00165572
0.00165572
0.00164457
0.001639
0.001639
0.00163342
0.0016167
0.00161112
0.00161112
0.00159997
0.00158882
0.00158325
0.00157767
0.00153865
0.00153308
0.00152193
0.00152193
0.00151635
0.0015052
0.0015052
0.0015052
0.00149963
0.0014829
0.0014829
0.00147733
0.00147175
0.0014606
0.00144388
0.00144388
0.0014383
0.0014383
0.0014383
0.00143273
0.00142715
0.00142715
0.001416
0.00141043
0.00140485
0.0013937
0.00137698
0.00134911
0.00133796
0.00133238
0.00133238
0.00133238
0.00132123
0.00131566
0.00131566
0.00131008
0.00131008
0.00130451
0.00130451
0.00129336
0.00129336
0.00128778
0.00128221
0.00127663
0.00127106
0.00127106
0.00126548
0.00126548
0.00126548
0.00126548
0.00124876
0.00124876
0.00124876
0.00123204
0.00122646
0.00121531
0.00120974
0.00120974
0.00120974
0.00120974
0.00119859
0.00119301
0.00119301
0.00119301
0.00118744
0.00118186
0.00118186
0.00117629
0.00117071
0.00117071
0.00115956
0.00115956
0.00115956
0.00115399
0.00114284
0.00113726
0.00113169
0.00112611
0.00112611
0.00112054
0.00111496
0.00110381
0.00110381
0.00109824
0.00109824
0.00109266
0.00109266
0.00109266
0.00108152
0.00108152
0.00107594
0.00107037
0.00107037
0.00106479
0.00106479
0.00105922
0.00105364
0.00105364
0.00104807
0.00104807
0.00104249
0.00102577
0.00102577
0.00102019
0.00101462
0.00100904
0.00100904
0.00100347
0.000997893
0.000992318
0.000992318
0.000992318
0.000986743
0.000986743
0.000981168
0.000981168
0.000964444
0.000958869
0.000958869
0.000947719
0.000947719
0.000947719
0.000947719
0.000942145
0.000942145
0.00093657
0.00093657
0.00093657
0.000930995
0.00092542
0.000919845
0.000919845
0.00091427
0.00091427
0.00091427
0.00091427
0.000908696
0.000903121
0.000903121
0.000897546
0.000891971
0.000886396
0.000880822
0.000880822
0.000875247
0.000875247
0.000869672
0.000869672
0.000869672
0.000869672
0.000864097
0.000864097
0.000864097
0.000858522
0.000858522
0.000852947
0.000852947
0.000847373
0.000847373
0.000841798
0.000836223
0.000836223
0.000836223
0.000836223
0.000830648
0.000825073
0.000825073
0.000825073
0.000825073
0.000825073
0.000819498
0.000819498
0.000813924
0.000813924
0.000808349
0.000808349
0.000808349
0.000808349
0.000802774
0.000802774
0.000802774
0.000791624
0.00078605
0.00078605
0.000780475
0.000780475
0.0007749
0.0007749
0.0007749
0.000769325
0.000769325
0.000769325
0.00076375
0.000758175
0.000758175
0.000747026
0.000747026
0.000747026
0.000747026
0.000741451
0.000741451
0.000741451
0.000741451
0.000735876
0.000735876
0.000730301
0.000724727
0.000724727
0.000719152
0.000719152
0.000713577
0.000713577
0.000713577
0.000713577
0.000708002
0.000708002
0.000708002
0.000708002
0.000702427
0.000702427
0.000702427
0.000702427
0.000702427
0.000702427
0.000696852
0.000696852
0.000691278
0.000691278
0.000691278
0.000691278
0.000691278
0.000680128
0.000680128
0.000674553
0.000674553
0.000674553
0.000668978
0.000668978
0.000668978
0.000668978
0.000663404
0.000663404
0.000657829
0.000657829
0.000657829
0.000657829
0.000657829
0.000657829
0.000657829
0.000657829
0.000652254
0.000646679
0.000646679
0.000646679
0.000641104
0.000641104
0.000641104
0.000641104
0.000641104
0.000641104
0.000635529
0.000635529
0.000629955
0.000629955
0.00062438
0.00062438
0.00062438
0.00062438
0.00062438
0.00061323
0.00061323
0.00061323
0.00061323
0.00061323
0.00061323
0.00061323
0.00061323
0.00061323
0.00061323
0.000602081
0.000602081
0.000602081
0.000602081
0.000602081
0.000602081
0.000596506
0.000590931
0.000590931
0.000590931
0.000590931
0.000585356
0.000585356
0.000579781
0.000579781
0.000579781
0.000579781
0.000579781
0.000574206
0.000574206
0.000574206
0.000568632
0.000568632
0.000568632
0.000563057
0.000563057
0.000563057
0.000557482
0.000557482
0.000557482
0.000551907
0.000546332
0.000546332
0.000546332
0.000546332
0.000540758
0.000540758
0.000540758
0.000535183
0.000535183
0.000535183
0.000535183
0.000535183
0.000535183
0.000535183
0.000535183
0.000529608
0.000524033
0.000524033
0.000524033
0.000524033
0.000524033
0.000512883
0.000512883
0.000512883
0.000512883
0.000507309
0.000507309
0.000507309
0.000507309
0.000507309
0.000507309
0.000501734
0.000501734
0.000501734
0.000501734
0.000501734
0.000501734
0.000501734
0.000501734
0.000501734
0.000496159
0.000496159
0.000496159
0.000490584
0.000490584
0.000490584
0.000490584
0.000490584
0.000490584
0.000490584
0.000490584
0.000490584
0.000490584
0.000485009
0.000485009
0.000485009
0.000485009
0.000479434
0.000479434
0.000479434
0.000479434
0.000479434
0.000479434
0.000479434
0.000479434
0.000479434
0.000479434
0.000479434
0.000479434
0.00047386
0.00047386
0.00047386
0.000468285
0.000468285
0.000468285
0.000468285
0.000468285
0.000468285
0.000468285
0.000468285
0.000468285
0.000468285
0.000468285
0.000468285
0.00046271
0.00046271
0.00046271
0.000457135
0.000457135
0.000457135
0.000457135
0.000457135
0.00045156
0.00045156
0.000445986
0.000445986
0.000445986
0.000445986
0.000445986
0.000445986
0.000445986
0.000445986
0.000440411
0.000440411
0.000440411
0.000440411
0.000440411
0.000440411
0.000434836
0.000434836
0.000434836
0.000434836
0.000434836
0.000434836
0.000429261
0.000429261
0.000429261
0.000429261
0.000423686
0.000423686
0.000423686
0.000423686
0.000423686
0.000423686
0.000423686
0.000418111
0.000418111
0.000418111
0.000418111
0.000418111
0.000418111
0.000412537
0.000412537
0.000412537
0.000412537
0.000412537
0.000412537
0.000412537
0.000412537
0.000412537
0.000412537
0.000412537
0.000406962
0.000406962
0.000406962
0.000406962
0.000401387
0.000401387
0.000401387
0.000401387
0.000401387
0.000401387
0.000401387
0.000401387
0.000401387
0.000401387
0.000401387
0.000401387
0.000395812
0.000395812
0.000390237
0.000390237
0.000390237
0.000390237
0.000390237
0.000390237
0.000390237
0.000390237
0.000390237
0.000390237
0.000390237
0.000390237
0.000390237
0.000390237
0.000384663
0.000384663
0.000379088
0.000379088
0.000379088
0.000379088
0.000379088
0.000373513
0.000373513
0.000373513
0.000373513
0.000373513
0.000373513
0.000367938
0.000367938
0.000367938
0.000367938
0.000367938
0.000367938
0.000367938
0.000367938
0.000367938
0.000362363
0.000362363
0.000362363
0.000362363
0.000362363
0.000362363
0.000362363
0.000362363
0.000362363
0.000356788
0.000356788
0.000356788
0.000356788
0.000356788
0.000356788
0.000356788
0.000356788
0.000351214
0.000351214
0.000351214
0.000351214
0.000345639
0.000345639
0.000345639
0.000345639
0.000345639
0.000345639
0.000345639
0.000345639
0.000345639
0.000345639
0.000345639
0.000345639
0.000345639
0.000345639
0.000345639
0.000345639
0.000345639
0.000345639
0.000345639
0.000345639
0.000340064
0.000340064
0.000340064
0.000334489
0.000334489
0.000334489
0.000334489
0.000334489
0.000334489
0.000334489
0.000334489
0.000334489
0.000334489
0.000334489
0.000334489
0.000334489
0.000334489
0.000334489
0.000328914
0.000328914
0.000328914
0.000328914
0.00032334
0.00032334
0.00032334
0.00032334
0.00032334
0.00032334
0.00032334
0.00032334
0.00032334
0.00032334
0.00032334
0.00032334
0.000317765
0.000317765
0.000317765
0.000317765
0.000317765
0.00031219
0.00031219
0.00031219
0.00031219
0.00031219
0.00031219
0.00031219
0.00031219
0.00031219
0.00031219
0.00031219
0.00031219
0.00031219
0.00031219
0.00031219
0.00031219
0.000306615
0.000306615
0.00030104
0.00030104
0.00030104
0.00030104
0.00030104
0.00030104
0.00030104
0.00030104
0.00030104
0.00030104
0.00030104
0.00030104
0.00030104
0.00030104
0.00030104
0.00030104
0.000295465
0.000295465
0.000289891
0.000289891
0.000289891
0.000289891
0.000289891
0.000289891
0.000289891
0.000289891
0.000289891
0.000289891
0.000289891
0.000289891
0.000289891
0.000289891
0.000289891
0.000289891
0.000284316
0.000284316
0.000284316
0.000284316
0.000284316
0.000284316
0.000278741
0.000278741
0.000278741
0.000278741
0.000278741
0.000278741
0.000278741
0.000278741
0.000278741
0.000278741
0.000278741
0.000278741
0.000278741
0.000278741
0.000278741
0.000278741
0.000278741
0.000278741
0.000278741
0.000278741
0.000278741
0.000278741
0.000278741
0.000278741
0.000278741
0.000278741
0.000278741
0.000278741
0.000278741
0.000278741
0.000273166
0.000273166
0.000273166
0.000273166
0.000273166
0.000273166
0.000273166
0.000267591
0.000267591
0.000267591
0.000267591
0.000267591
0.000267591
0.000267591
0.000267591
0.000267591
0.000267591
0.000267591
0.000267591
0.000267591
0.000267591
0.000267591
0.000267591
0.000267591
0.000267591
0.000267591
0.000267591
0.000267591
0.000262017
0.000256442
0.000256442
0.000256442
0.000256442
0.000256442
0.000256442
0.000256442
0.000256442
0.000256442
0.000256442
0.000250867
0.000250867
0.000250867
0.000250867
0.000250867
0.000245292
0.000245292
0.000245292
0.000245292
0.000245292
0.000245292
0.000245292
0.000245292
0.000245292
0.000245292
0.000245292
0.000245292
0.000245292
0.000245292
0.000245292
0.000245292
0.000245292
0.000245292
0.000245292
0.000245292
0.000245292
0.000245292
0.000245292
0.000245292
0.000245292
0.000239717
0.000239717
0.000239717
0.000239717
0.000239717
0.000239717
0.000239717
0.000234142
0.000234142
0.000234142
0.000234142
0.000234142
0.000234142
0.000234142
0.000234142
0.000234142
0.000234142
0.000234142
0.000234142
0.000234142
0.000234142
0.000234142
0.000234142
0.000234142
0.000234142
0.000234142
0.000234142
0.000234142
0.000234142
0.000234142
0.000234142
0.000234142
0.000234142
0.000234142
0.000234142
0.000234142
0.000234142
0.000234142
0.000234142
0.000234142
0.000234142
0.000234142
0.000234142
0.000234142
0.000234142
0.000234142
0.000228568
0.000228568
0.000228568
0.000222993
0.000222993
0.000222993
0.000222993
0.000222993
0.000222993
0.000222993
0.000222993
0.000222993
0.000222993
0.000222993
0.000222993
0.000222993
0.000222993
0.000222993
0.000222993
0.000222993
0.000222993
0.000222993
0.000222993
0.000222993
0.000222993
0.000222993
0.000222993
0.000222993
0.000222993
0.000222993
0.000222993
0.000222993
0.000222993
0.000222993
0.000222993
0.000222993
0.000222993
0.000222993
0.000222993
0.000217418
0.000217418
0.000217418
0.000211843
0.000211843
0.000211843
0.000211843
0.000211843
0.000211843
0.000211843
0.000211843
0.000211843
0.000211843
0.000211843
0.000211843
0.000211843
0.000211843
0.000211843
0.000211843
0.000211843
0.000211843
0.000211843
0.000211843
0.000206268
0.000206268
0.000206268
0.000206268
0.000206268
0.000206268
0.000200694
0.000200694
0.000200694
0.000200694
0.000200694
0.000200694
0.000200694
0.000200694
0.000200694
0.000200694
0.000200694
0.000200694
0.000200694
0.000200694
0.000200694
0.000200694
0.000200694
0.000200694
0.000200694
0.000200694
0.000200694
0.000200694
0.000195119
0.000195119
0.000195119
0.000195119
0.000189544
0.000189544
0.000189544
0.000189544
0.000189544
0.000189544
0.000189544
0.000189544
0.000189544
0.000189544
0.000189544
0.000189544
0.000183969
0.000183969
0.000183969
0.000183969
0.000178394
0.000178394
0.000178394
0.000178394
0.000178394
0.000178394
0.000178394
0.000178394
0.000178394
0.000178394
0.000178394
0.000178394
0.000178394
0.000178394
0.000178394
0.000178394
0.000178394
0.000178394
0.000178394
0.000178394
0.000178394
0.000178394
0.000178394
0.000178394
0.000178394
0.000178394
0.000178394
0.000178394
0.000178394
0.000178394
0.000178394
0.000178394
0.000178394
0.000178394
0.000178394
0.000178394
0.000178394
0.000178394
0.000178394
0.000178394
0.000178394
0.000178394
0.000178394
0.000178394
0.000178394
0.000178394
0.000178394
0.000178394
0.000178394
0.000178394
0.000178394
0.000178394
0.000178394
0.000178394
0.000172819
0.000172819
0.000172819
0.000172819
0.000167245
0.000167245
0.000167245
0.000167245
0.000167245
0.000167245
0.000167245
0.000167245
0.000167245
0.000167245
0.000167245
0.000167245
0.000167245
0.000167245
0.000167245
0.000167245
0.000167245
0.000167245
0.000167245
0.000167245
0.000167245
0.000167245
0.000167245
0.000167245
0.000167245
0.000167245
0.000167245
0.000167245
0.000167245
0.000167245
0.000167245
0.000167245
0.000167245
0.000167245
0.000167245
0.000167245
0.000167245
0.000167245
0.000167245
0.000167245
0.000167245
0.000167245
0.000167245
0.000167245
0.000167245
0.000167245
0.000167245
0.000167245
0.000167245
0.000167245
0.000167245
0.000167245
0.000167245
0.000167245
0.000167245
0.000167245
0.000167245
0.000167245
0.000167245
0.000167245
0.000167245
0.000167245
0.000167245
0.000167245
0.000167245
0.000167245
0.00016167
0.00016167
0.00016167
0.00016167
0.00016167
0.000156095
0.000156095
0.000156095
0.000156095
0.000156095
0.000156095
0.000156095
0.000156095
0.000156095
0.000156095
0.000156095
0.000156095
0.000156095
0.000156095
0.000156095
0.000156095
0.000156095
0.000156095
0.000156095
0.000156095
0.000156095
0.000156095
0.000156095
0.000156095
0.00015052
0.00015052
0.00015052
0.00015052
0.00015052
0.00015052
0.00015052
0.00015052
0.000144945
0.000144945
0.000144945
0.000144945
0.000144945
0.000144945
0.000144945
0.000144945
0.000144945
0.000144945
0.000144945
0.000144945
0.000144945
0.000144945
0.000144945
0.000144945
0.000144945
0.000144945
0.000144945
0.000144945
0.000144945
0.000144945
0.000144945
0.000144945
0.000144945
0.000144945
0.000144945
0.000144945
0.000144945
0.000144945
0.000144945
0.000144945
0.000144945
0.000144945
0.000144945
0.000144945
0.000144945
0.000144945
0.000144945
0.000144945
0.000144945
0.000144945
0.000144945
0.000144945
0.000144945
0.000144945
0.000144945
0.000144945
0.000144945
0.000144945
0.000144945
0.000144945
0.000144945
0.000144945
0.00013937
0.00013937
0.00013937
0.00013937
0.000133796
0.000133796
0.000133796
0.000133796
0.000133796
0.000133796
0.000133796
0.000133796
0.000133796
0.000133796
0.000133796
0.000133796
0.000133796
0.000133796
0.000133796
0.000133796
0.000133796
0.000133796
0.000133796
0.000133796
0.000133796
0.000133796
0.000133796
0.000133796
0.000133796
0.000133796
0.000133796
0.000133796
0.000133796
0.000133796
0.000133796
0.000133796
0.000133796
0.000133796
0.000133796
0.000133796
0.000133796
0.000133796
0.000133796
0.000133796
0.000133796
0.000133796
0.000133796
0.000133796
0.000133796
0.000133796
0.000133796
0.000133796
0.000133796
0.000133796
0.000133796
0.000133796
0.000133796
0.000133796
0.000133796
0.000133796
0.000133796
0.000133796
0.000133796
0.000133796
0.000133796
0.000133796
0.000133796
0.000133796
0.000133796
0.000133796
0.000133796
0.000133796
0.000133796
0.000133796
0.000133796
0.000133796
0.000133796
0.000133796
0.000133796
0.000133796
0.000133796
0.000133796
0.000133796
0.000133796
0.000133796
0.000128221
0.000128221
0.000128221
0.000122646
0.000122646
0.000122646
0.000122646
0.000122646
0.000122646
0.000122646
0.000122646
0.000122646
0.000122646
0.000122646
0.000122646
0.000122646
0.000122646
0.000122646
0.000122646
0.000122646
0.000122646
0.000122646
0.000122646
0.000122646
0.000122646
0.000122646
0.000122646
0.000122646
0.000122646
0.000122646
0.000122646
0.000122646
0.000122646
0.000122646
0.000122646
0.000122646
0.000122646
0.000117071
0.000117071
0.000117071
0.000117071
0.000117071
0.000111496
0.000111496
0.000111496
0.000111496
0.000111496
0.000111496
0.000111496
0.000111496
0.000111496
0.000111496
0.000111496
0.000111496
0.000111496
0.000111496
0.000111496
0.000111496
0.000111496
0.000111496
0.000111496
0.000111496
0.000111496
0.000111496
0.000111496
0.000111496
0.000111496
0.000111496
0.000111496
0.000111496
0.000111496
0.000111496
0.000111496
0.000111496
0.000111496
0.000111496
0.000111496
0.000111496
0.000111496
0.000111496
0.000111496
0.000111496
0.000111496
0.000111496
0.000111496
0.000111496
0.000111496
0.000111496
0.000111496
0.000111496
0.000111496
0.000111496
0.000111496
0.000111496
0.000111496
0.000111496
0.000111496
0.000111496
0.000111496
0.000111496
0.000111496
0.000111496
0.000111496
0.000111496
0.000111496
0.000111496
0.000111496
0.000111496
0.000111496
0.000111496
0.000111496
0.000111496
0.000111496
0.000111496
0.000111496
0.000111496
0.000111496
0.000111496
0.000111496
0.000111496
0.000111496
0.000111496
0.000111496
0.000111496
0.000111496
0.000111496
0.000111496
0.000111496
0.000111496
0.000111496
0.000111496
0.000111496
0.000111496
0.000111496
0.000111496
0.000111496
0.000111496
0.000111496
0.000111496
0.000111496
0.000111496
0.000111496
0.000111496
0.000111496
0.000111496
0.000111496
0.000111496
0.000111496
0.000111496
0.000111496
0.000111496
0.000111496
0.000111496
0.000111496
0.000111496
0.000111496
0.000111496
0.000111496
0.000111496
0.000111496
0.000111496
0.000111496
0.000111496
0.000111496
0.000111496
0.000111496
0.000111496
0.000111496
0.000111496
0.000111496
0.000111496
0.000111496
0.000111496
0.000111496
0.000105922
0.000105922
0.000105922
0.000100347
0.000100347
0.000100347
0.000100347
0.000100347
0.000100347
0.000100347
0.000100347
0.000100347
0.000100347
0.000100347
0.000100347
0.000100347
0.000100347
0.000100347
0.000100347
0.000100347
0.000100347
0.000100347
0.000100347
0.000100347
0.000100347
0.000100347
0.000100347
0.000100347
0.000100347
0.000100347
0.000100347
0.000100347
0.000100347
0.000100347
0.000100347
0.000100347
0.000100347
0.000100347
0.000100347
0.000100347
0.000100347
0.000100347
0.000100347
0.000100347
0.000100347
0.000100347
0.000100347
0.000100347
0.000100347
0.000100347
0.000100347
0.000100347
0.000100347
0.000100347
0.000100347
0.000100347
0.000100347
0.000100347
0.000100347
0.000100347
0.000100347
0.000100347
0.000100347
0.000100347
0.000100347
0.000100347
0.000100347
0.000100347
0.000100347
0.000100347
0.000100347
0.000100347
0.000100347
0.000100347
0.000100347
0.000100347
0.000100347
0.000100347
0.000100347
0.000100347
0.000100347
0.000100347
0.000100347
0.000100347
0.000100347
0.000100347
0.000100347
0.000100347
0.000100347
0.000100347
0.000100347
0.000100347
0.000100347
0.000100347
0.000100347
0.000100347
0.000100347
0.000100347
0.000100347
0.000100347
0.000100347
0.000100347
0.000100347
0.000100347
0.000100347
0.000100347
0.000100347
0.000100347
0.000100347
0.000100347
0.000100347
0.000100347
0.000100347
0.000100347
0.000100347
0.000100347
9.47719e-05
9.47719e-05
9.47719e-05
8.91971e-05
8.91971e-05
8.91971e-05
8.91971e-05
8.91971e-05
8.91971e-05
8.91971e-05
8.91971e-05
8.91971e-05
8.91971e-05
8.91971e-05
8.91971e-05
8.91971e-05
8.91971e-05
8.91971e-05
8.91971e-05
8.91971e-05
8.91971e-05
8.91971e-05
8.91971e-05
8.91971e-05
8.91971e-05
8.91971e-05
8.36223e-05
8.36223e-05
8.36223e-05
8.36223e-05
7.80475e-05
7.80475e-05
7.80475e-05
7.80475e-05
7.80475e-05
7.80475e-05
7.80475e-05
7.80475e-05
7.80475e-05
7.80475e-05
7.80475e-05
7.80475e-05
7.80475e-05
7.80475e-05
7.80475e-05
7.80475e-05
7.80475e-05
7.80475e-05
7.80475e-05
7.80475e-05
7.80475e-05
7.80475e-05
7.80475e-05
7.80475e-05
7.80475e-05
7.80475e-05
7.80475e-05
7.80475e-05
7.80475e-05
7.80475e-05
7.80475e-05
7.80475e-05
7.80475e-05
7.80475e-05
7.80475e-05
7.80475e-05
7.80475e-05
7.80475e-05
7.80475e-05
7.80475e-05
7.80475e-05
7.80475e-05
7.80475e-05
7.80475e-05
7.80475e-05
7.80475e-05
7.80475e-05
7.80475e-05
7.80475e-05
7.80475e-05
7.80475e-05
7.80475e-05
7.80475e-05
7.80475e-05
7.80475e-05
7.80475e-05
7.80475e-05
7.80475e-05
7.80475e-05
7.80475e-05
7.80475e-05
7.80475e-05
7.80475e-05
7.80475e-05
7.80475e-05
7.80475e-05
7.80475e-05
7.80475e-05
7.80475e-05
7.80475e-05
7.80475e-05
7.80475e-05
7.80475e-05
7.80475e-05
7.80475e-05
7.80475e-05
7.80475e-05
7.80475e-05
7.24727e-05
7.24727e-05
7.24727e-05
6.68978e-05
6.68978e-05
6.68978e-05
6.68978e-05
6.68978e-05
6.68978e-05
6.68978e-05
6.68978e-05
6.68978e-05
6.68978e-05
6.68978e-05
6.68978e-05
6.68978e-05
6.68978e-05
6.68978e-05
6.68978e-05
6.68978e-05
6.68978e-05
6.68978e-05
6.68978e-05
6.68978e-05
6.68978e-05
6.68978e-05
6.68978e-05
6.68978e-05
6.68978e-05
6.68978e-05
6.68978e-05
6.68978e-05
6.68978e-05
6.68978e-05
6.68978e-05
6.68978e-05
6.68978e-05
6.68978e-05
6.68978e-05
6.68978e-05
6.68978e-05
6.68978e-05
6.68978e-05
6.68978e-05
6.68978e-05
6.68978e-05
6.68978e-05
6.68978e-05
6.68978e-05
6.68978e-05
6.68978e-05
6.68978e-05
6.68978e-05
6.68978e-05
6.68978e-05
6.68978e-05
6.68978e-05
6.68978e-05
6.68978e-05
6.68978e-05
6.68978e-05
6.68978e-05
6.68978e-05
6.68978e-05
6.68978e-05
6.68978e-05
6.68978e-05
6.68978e-05
6.68978e-05
6.68978e-05
6.68978e-05
6.68978e-05
6.68978e-05
6.68978e-05
6.68978e-05
6.68978e-05
6.68978e-05
6.68978e-05
6.68978e-05
6.68978e-05
6.68978e-05
6.68978e-05
6.68978e-05
6.68978e-05
6.68978e-05
6.68978e-05
6.68978e-05
6.68978e-05
6.68978e-05
6.68978e-05
6.68978e-05
6.68978e-05
6.68978e-05
6.68978e-05
6.68978e-05
6.68978e-05
6.68978e-05
6.68978e-05
6.68978e-05
6.68978e-05
6.68978e-05
6.68978e-05
6.68978e-05
6.68978e-05
6.68978e-05
6.68978e-05
6.68978e-05
6.68978e-05
6.68978e-05
6.68978e-05
6.68978e-05
6.68978e-05
6.68978e-05
6.68978e-05
6.68978e-05
6.68978e-05
6.68978e-05
6.68978e-05
6.68978e-05
6.68978e-05
6.68978e-05
6.68978e-05
6.68978e-05
6.68978e-05
6.68978e-05
6.68978e-05
6.68978e-05
6.68978e-05
6.68978e-05
6.68978e-05
6.68978e-05
6.68978e-05
6.68978e-05
6.68978e-05
6.68978e-05
6.68978e-05
6.68978e-05
6.68978e-05
6.68978e-05
6.68978e-05
6.68978e-05
6.68978e-05
6.68978e-05
6.68978e-05
6.68978e-05
6.68978e-05
6.68978e-05
6.68978e-05
6.68978e-05
6.68978e-05
6.68978e-05
6.68978e-05
6.68978e-05
6.68978e-05
6.68978e-05
6.68978e-05
6.68978e-05
6.68978e-05
6.68978e-05
6.68978e-05
6.68978e-05
6.68978e-05
6.68978e-05
6.68978e-05
6.68978e-05
6.68978e-05
6.68978e-05
6.68978e-05
6.68978e-05
6.68978e-05
6.68978e-05
6.68978e-05
6.68978e-05
6.68978e-05
6.68978e-05
6.68978e-05
6.68978e-05
6.68978e-05
6.68978e-05
6.68978e-05
6.68978e-05
6.68978e-05
6.68978e-05
6.68978e-05
6.68978e-05
6.68978e-05
6.68978e-05
6.68978e-05
6.68978e-05
6.68978e-05
6.68978e-05
6.68978e-05
6.68978e-05
6.68978e-05
6.68978e-05
6.68978e-05
6.68978e-05
6.68978e-05
6.68978e-05
6.68978e-05
6.68978e-05
6.68978e-05
6.68978e-05
6.68978e-05
6.68978e-05
6.68978e-05
6.68978e-05
6.68978e-05
6.68978e-05
6.68978e-05
6.68978e-05
6.68978e-05
6.68978e-05
6.68978e-05
6.68978e-05
6.68978e-05
6.68978e-05
6.68978e-05
6.68978e-05
6.68978e-05
6.68978e-05
6.68978e-05
6.68978e-05
6.68978e-05
6.68978e-05
6.68978e-05
6.68978e-05
6.68978e-05
6.68978e-05
6.68978e-05
6.68978e-05
6.68978e-05
6.68978e-05
6.68978e-05
6.68978e-05
6.68978e-05
6.68978e-05
6.68978e-05
6.68978e-05
6.68978e-05
6.68978e-05
6.68978e-05
6.68978e-05
6.68978e-05
6.68978e-05
6.68978e-05
6.68978e-05
6.68978e-05
6.68978e-05
6.68978e-05
6.68978e-05
6.68978e-05
6.68978e-05
6.68978e-05
6.68978e-05
6.68978e-05
6.68978e-05
6.68978e-05
6.68978e-05
6.68978e-05
6.68978e-05
6.68978e-05
6.68978e-05
6.68978e-05
6.68978e-05
6.68978e-05
6.68978e-05
6.68978e-05
6.68978e-05
6.68978e-05
6.68978e-05
6.68978e-05
6.68978e-05
6.68978e-05
6.68978e-05
6.68978e-05
6.68978e-05
6.68978e-05
6.68978e-05
6.68978e-05
6.68978e-05
6.68978e-05
6.68978e-05
6.68978e-05
6.68978e-05
6.68978e-05
6.68978e-05
6.68978e-05
6.68978e-05
6.68978e-05
6.68978e-05
6.68978e-05
6.68978e-05
6.68978e-05
6.68978e-05
6.68978e-05
6.68978e-05
6.68978e-05
6.68978e-05
6.68978e-05
6.68978e-05
6.68978e-05
6.68978e-05
6.68978e-05
6.68978e-05
6.68978e-05
6.68978e-05
6.68978e-05
6.68978e-05
6.68978e-05
6.68978e-05
6.68978e-05
6.68978e-05
6.68978e-05
6.68978e-05
6.68978e-05
6.68978e-05
6.68978e-05
6.68978e-05
6.68978e-05
6.68978e-05
6.68978e-05
6.68978e-05
6.68978e-05
6.68978e-05
6.68978e-05
6.68978e-05
6.68978e-05
6.68978e-05
6.68978e-05
6.68978e-05
6.68978e-05
6.68978e-05
6.68978e-05
6.68978e-05
6.68978e-05
6.68978e-05
6.68978e-05
6.68978e-05
6.68978e-05
6.68978e-05
6.68978e-05
6.68978e-05
6.68978e-05
6.68978e-05
6.68978e-05
6.68978e-05
6.68978e-05
6.68978e-05
6.68978e-05
6.68978e-05
6.68978e-05
6.68978e-05
6.68978e-05
6.68978e-05
6.68978e-05
6.68978e-05
6.68978e-05
6.68978e-05
6.68978e-05
6.68978e-05
6.68978e-05
6.68978e-05
6.68978e-05
6.68978e-05
6.68978e-05
6.68978e-05
6.68978e-05
6.68978e-05
6.68978e-05
6.68978e-05
6.68978e-05
6.68978e-05
6.68978e-05
6.68978e-05
6.68978e-05
6.68978e-05
6.68978e-05
6.68978e-05
6.68978e-05
6.68978e-05
6.68978e-05
6.68978e-05
6.68978e-05
6.68978e-05
6.68978e-05
6.68978e-05
6.68978e-05
6.68978e-05
6.68978e-05
6.68978e-05
6.68978e-05
6.68978e-05
6.68978e-05
6.68978e-05
6.68978e-05
6.68978e-05
6.68978e-05
6.68978e-05
6.68978e-05
6.68978e-05
6.68978e-05
6.68978e-05
6.68978e-05
6.68978e-05
6.68978e-05
6.68978e-05
6.68978e-05
6.68978e-05
6.68978e-05
6.68978e-05
6.68978e-05
6.68978e-05
6.68978e-05
6.68978e-05
6.68978e-05
6.68978e-05
6.68978e-05
6.68978e-05
6.68978e-05
6.68978e-05
6.68978e-05
6.68978e-05
6.68978e-05
6.68978e-05
6.68978e-05
6.68978e-05
6.68978e-05
6.68978e-05
6.68978e-05
6.68978e-05
6.68978e-05
6.68978e-05
6.68978e-05
6.68978e-05
6.68978e-05
6.68978e-05
6.68978e-05
6.68978e-05
6.68978e-05
6.68978e-05
6.68978e-05
6.68978e-05
6.68978e-05
6.68978e-05
6.68978e-05
6.68978e-05
6.68978e-05
6.68978e-05
6.68978e-05
6.68978e-05
6.68978e-05
6.1323e-05
5.57482e-05
5.57482e-05
5.57482e-05
5.57482e-05
5.57482e-05
5.57482e-05
5.57482e-05
5.57482e-05
5.57482e-05
5.57482e-05
5.57482e-05
5.57482e-05
5.57482e-05
5.57482e-05
5.57482e-05
5.57482e-05
5.57482e-05
5.57482e-05
5.57482e-05
5.57482e-05
5.57482e-05
5.57482e-05
5.57482e-05
5.57482e-05
5.57482e-05
5.57482e-05
5.57482e-05
5.57482e-05
5.57482e-05
5.57482e-05
5.57482e-05
5.57482e-05
5.57482e-05
4.45986e-05
4.45986e-05
4.45986e-05
4.45986e-05
4.45986e-05
4.45986e-05
4.45986e-05
4.45986e-05
4.45986e-05
4.45986e-05
4.45986e-05
4.45986e-05
4.45986e-05
4.45986e-05
4.45986e-05
4.45986e-05
4.45986e-05
4.45986e-05
4.45986e-05
4.45986e-05
4.45986e-05
4.45986e-05
4.45986e-05
4.45986e-05
4.45986e-05
4.45986e-05
4.45986e-05
4.45986e-05
4.45986e-05
4.45986e-05
4.45986e-05
4.45986e-05
4.45986e-05
4.45986e-05
4.45986e-05
4.45986e-05
4.45986e-05
4.45986e-05
4.45986e-05
4.45986e-05
4.45986e-05
4.45986e-05
4.45986e-05
4.45986e-05
4.45986e-05
4.45986e-05
4.45986e-05
4.45986e-05
4.45986e-05
4.45986e-05
4.45986e-05
4.45986e-05
4.45986e-05
4.45986e-05
4.45986e-05
4.45986e-05
4.45986e-05
4.45986e-05
4.45986e-05
4.45986e-05
4.45986e-05
4.45986e-05
4.45986e-05
4.45986e-05
4.45986e-05
4.45986e-05
4.45986e-05
4.45986e-05
4.45986e-05
4.45986e-05
4.45986e-05
4.45986e-05
4.45986e-05
4.45986e-05
4.45986e-05
4.45986e-05
4.45986e-05
4.45986e-05
4.45986e-05
4.45986e-05
4.45986e-05
4.45986e-05
4.45986e-05
4.45986e-05
4.45986e-05
4.45986e-05
4.45986e-05
4.45986e-05
4.45986e-05
4.45986e-05
4.45986e-05
4.45986e-05
4.45986e-05
4.45986e-05
4.45986e-05
4.45986e-05
4.45986e-05
4.45986e-05
4.45986e-05
4.45986e-05
4.45986e-05
4.45986e-05
4.45986e-05
4.45986e-05
4.45986e-05
4.45986e-05
4.45986e-05
4.45986e-05
4.45986e-05
4.45986e-05
4.45986e-05
4.45986e-05
4.45986e-05
4.45986e-05
4.45986e-05
4.45986e-05
4.45986e-05
4.45986e-05
4.45986e-05
4.45986e-05
4.45986e-05
4.45986e-05
4.45986e-05
4.45986e-05
4.45986e-05
4.45986e-05
4.45986e-05
4.45986e-05
4.45986e-05
4.45986e-05
4.45986e-05
4.45986e-05
4.45986e-05
4.45986e-05
4.45986e-05
4.45986e-05
4.45986e-05
4.45986e-05
4.45986e-05
3.90237e-05
3.90237e-05
3.34489e-05
3.34489e-05
3.34489e-05
3.34489e-05
3.34489e-05
3.34489e-05
3.34489e-05
3.34489e-05
3.34489e-05
3.34489e-05
3.34489e-05
3.34489e-05
3.34489e-05
3.34489e-05
3.34489e-05
3.34489e-05
3.34489e-05
3.34489e-05
3.34489e-05
3.34489e-05
3.34489e-05
3.34489e-05
3.34489e-05
3.34489e-05
3.34489e-05
3.34489e-05
3.34489e-05
3.34489e-05
3.34489e-05
3.34489e-05
3.34489e-05
3.34489e-05
3.34489e-05
3.34489e-05
3.34489e-05
3.34489e-05
3.34489e-05
3.34489e-05
3.34489e-05
3.34489e-05
3.34489e-05
3.34489e-05
3.34489e-05
3.34489e-05
3.34489e-05
3.34489e-05
3.34489e-05
3.34489e-05
3.34489e-05
3.34489e-05
3.34489e-05
3.34489e-05
3.34489e-05
3.34489e-05
3.34489e-05
3.34489e-05
3.34489e-05
3.34489e-05
3.34489e-05
3.34489e-05
3.34489e-05
3.34489e-05
3.34489e-05
3.34489e-05
3.34489e-05
3.34489e-05
3.34489e-05
3.34489e-05
3.34489e-05
3.34489e-05
3.34489e-05
3.34489e-05
3.34489e-05
3.34489e-05
3.34489e-05
3.34489e-05
3.34489e-05
3.34489e-05
3.34489e-05
3.34489e-05
3.34489e-05
3.34489e-05
3.34489e-05
3.34489e-05
3.34489e-05
3.34489e-05
3.34489e-05
3.34489e-05
3.34489e-05
3.34489e-05
3.34489e-05
3.34489e-05
3.34489e-05
3.34489e-05
3.34489e-05
3.34489e-05
3.34489e-05
3.34489e-05
3.34489e-05
3.34489e-05
3.34489e-05
3.34489e-05
3.34489e-05
3.34489e-05
3.34489e-05
3.34489e-05
3.34489e-05
3.34489e-05
3.34489e-05
3.34489e-05
3.34489e-05
3.34489e-05
3.34489e-05
3.34489e-05
3.34489e-05
3.34489e-05
3.34489e-05
3.34489e-05
3.34489e-05
3.34489e-05
3.34489e-05
3.34489e-05
3.34489e-05
3.34489e-05
3.34489e-05
3.34489e-05
3.34489e-05
3.34489e-05
3.34489e-05
3.34489e-05
3.34489e-05
3.34489e-05
3.34489e-05
3.34489e-05
3.34489e-05
3.34489e-05
3.34489e-05
3.34489e-05
3.34489e-05
3.34489e-05
3.34489e-05
3.34489e-05
3.34489e-05
3.34489e-05
3.34489e-05
3.34489e-05
3.34489e-05
3.34489e-05
3.34489e-05
3.34489e-05
3.34489e-05
3.34489e-05
3.34489e-05
3.34489e-05
3.34489e-05
3.34489e-05
3.34489e-05
3.34489e-05
3.34489e-05
3.34489e-05
3.34489e-05
3.34489e-05
3.34489e-05
3.34489e-05
3.34489e-05
3.34489e-05
3.34489e-05
3.34489e-05
3.34489e-05
3.34489e-05
3.34489e-05
3.34489e-05
3.34489e-05
3.34489e-05
3.34489e-05
3.34489e-05
3.34489e-05
3.34489e-05
3.34489e-05
3.34489e-05
3.34489e-05
3.34489e-05
3.34489e-05
3.34489e-05
3.34489e-05
3.34489e-05
3.34489e-05
3.34489e-05
3.34489e-05
3.34489e-05
3.34489e-05
3.34489e-05
3.34489e-05
3.34489e-05
3.34489e-05
3.34489e-05
3.34489e-05
3.34489e-05
3.34489e-05
3.34489e-05
3.34489e-05
3.34489e-05
3.34489e-05
3.34489e-05
3.34489e-05
3.34489e-05
3.34489e-05
3.34489e-05
3.34489e-05
3.34489e-05
3.34489e-05
3.34489e-05
3.34489e-05
3.34489e-05
3.34489e-05
3.34489e-05
3.34489e-05
3.34489e-05
3.34489e-05
3.34489e-05
3.34489e-05
3.34489e-05
3.34489e-05
3.34489e-05
3.34489e-05
3.34489e-05
3.34489e-05
3.34489e-05
3.34489e-05
3.34489e-05
3.34489e-05
3.34489e-05
3.34489e-05
3.34489e-05
3.34489e-05
3.34489e-05
3.34489e-05
3.34489e-05
3.34489e-05
3.34489e-05
3.34489e-05
3.34489e-05
3.34489e-05
3.34489e-05
3.34489e-05
3.34489e-05
3.34489e-05
3.34489e-05
3.34489e-05
3.34489e-05
3.34489e-05
3.34489e-05
3.34489e-05
3.34489e-05
3.34489e-05
3.34489e-05
3.34489e-05
3.34489e-05
3.34489e-05
3.34489e-05
3.34489e-05
3.34489e-05
3.34489e-05
3.34489e-05
3.34489e-05
3.34489e-05
3.34489e-05
3.34489e-05
3.34489e-05
3.34489e-05
3.34489e-05
3.34489e-05
3.34489e-05
3.34489e-05
3.34489e-05
3.34489e-05
3.34489e-05
3.34489e-05
3.34489e-05
3.34489e-05
3.34489e-05
3.34489e-05
3.34489e-05
3.34489e-05
3.34489e-05
3.34489e-05
3.34489e-05
3.34489e-05
3.34489e-05
3.34489e-05
3.34489e-05
3.34489e-05
3.34489e-05
3.34489e-05
3.34489e-05
3.34489e-05
3.34489e-05
3.34489e-05
3.34489e-05
3.34489e-05
3.34489e-05
3.34489e-05
3.34489e-05
3.34489e-05
3.34489e-05
3.34489e-05
3.34489e-05
3.34489e-05
3.34489e-05
3.34489e-05
3.34489e-05
3.34489e-05
3.34489e-05
3.34489e-05
3.34489e-05
3.34489e-05
3.34489e-05
3.34489e-05
3.34489e-05
3.34489e-05
3.34489e-05
3.34489e-05
3.34489e-05
3.34489e-05
3.34489e-05
3.34489e-05
3.34489e-05
3.34489e-05
3.34489e-05
3.34489e-05
3.34489e-05
3.34489e-05
3.34489e-05
3.34489e-05
3.34489e-05
3.34489e-05
3.34489e-05
3.34489e-05
3.34489e-05
3.34489e-05
3.34489e-05
3.34489e-05
3.34489e-05
3.34489e-05
3.34489e-05
3.34489e-05
3.34489e-05
3.34489e-05
3.34489e-05
3.34489e-05
3.34489e-05
3.34489e-05
3.34489e-05
3.34489e-05
3.34489e-05
3.34489e-05
3.34489e-05
3.34489e-05
3.34489e-05
3.34489e-05
3.34489e-05
3.34489e-05
3.34489e-05
3.34489e-05
3.34489e-05
3.34489e-05
3.34489e-05
3.34489e-05
3.34489e-05
3.34489e-05
3.34489e-05
3.34489e-05
3.34489e-05
3.34489e-05
3.34489e-05
3.34489e-05
3.34489e-05
3.34489e-05
3.34489e-05
3.34489e-05
3.34489e-05
3.34489e-05
3.34489e-05
3.34489e-05
3.34489e-05
3.34489e-05
3.34489e-05
3.34489e-05
3.34489e-05
3.34489e-05
3.34489e-05
3.34489e-05
3.34489e-05
3.34489e-05
3.34489e-05
3.34489e-05
3.34489e-05
3.34489e-05
3.34489e-05
3.34489e-05
3.34489e-05
3.34489e-05
3.34489e-05
3.34489e-05
3.34489e-05
3.34489e-05
3.34489e-05
3.34489e-05
3.34489e-05
3.34489e-05
3.34489e-05
3.34489e-05
3.34489e-05
3.34489e-05
3.34489e-05
3.34489e-05
3.34489e-05
3.34489e-05
3.34489e-05
3.34489e-05
3.34489e-05
3.34489e-05
3.34489e-05
3.34489e-05
3.34489e-05
3.34489e-05
3.34489e-05
3.34489e-05
3.34489e-05
3.34489e-05
3.34489e-05
3.34489e-05
3.34489e-05
3.34489e-05
3.34489e-05
3.34489e-05
3.34489e-05
3.34489e-05
3.34489e-05
3.34489e-05
3.34489e-05
3.34489e-05
3.34489e-05
3.34489e-05
3.34489e-05
3.34489e-05
3.34489e-05
3.34489e-05
3.34489e-05
3.34489e-05
3.34489e-05
3.34489e-05
3.34489e-05
3.34489e-05
3.34489e-05
3.34489e-05
3.34489e-05
3.34489e-05
3.34489e-05
3.34489e-05
3.34489e-05
3.34489e-05
3.34489e-05
3.34489e-05
3.34489e-05
3.34489e-05
3.34489e-05
3.34489e-05
3.34489e-05
3.34489e-05
3.34489e-05
3.34489e-05
3.34489e-05
3.34489e-05
3.34489e-05
3.34489e-05
3.34489e-05
3.34489e-05
3.34489e-05
3.34489e-05
3.34489e-05
3.34489e-05
3.34489e-05
3.34489e-05
3.34489e-05
3.34489e-05
3.34489e-05
3.34489e-05
3.34489e-05
3.34489e-05
3.34489e-05
3.34489e-05
3.34489e-05
3.34489e-05
3.34489e-05
3.34489e-05
3.34489e-05
3.34489e-05
3.34489e-05
3.34489e-05
3.34489e-05
3.34489e-05
3.34489e-05
3.34489e-05
3.34489e-05
3.34489e-05
3.34489e-05
3.34489e-05
3.34489e-05
3.34489e-05
3.34489e-05
3.34489e-05
3.34489e-05
3.34489e-05
3.34489e-05
3.34489e-05
3.34489e-05
3.34489e-05
3.34489e-05
3.34489e-05
3.34489e-05
3.34489e-05
3.34489e-05
3.34489e-05
3.34489e-05
3.34489e-05
3.34489e-05
3.34489e-05
3.34489e-05
3.34489e-05
3.34489e-05
3.34489e-05
3.34489e-05
3.34489e-05
3.34489e-05
3.34489e-05
3.34489e-05
3.34489e-05
3.34489e-05
3.34489e-05
3.34489e-05
3.34489e-05
3.34489e-05
3.34489e-05
3.34489e-05
3.34489e-05
3.34489e-05
3.34489e-05
3.34489e-05
3.34489e-05
3.34489e-05
3.34489e-05
3.34489e-05
3.34489e-05
3.34489e-05
3.34489e-05
3.34489e-05
3.34489e-05
3.34489e-05
3.34489e-05
3.34489e-05
3.34489e-05
3.34489e-05
3.34489e-05
3.34489e-05
3.34489e-05
3.34489e-05
3.34489e-05
3.34489e-05
3.34489e-05
3.34489e-05
3.34489e-05
3.34489e-05
3.34489e-05
3.34489e-05
3.34489e-05
3.34489e-05
3.34489e-05
3.34489e-05
3.34489e-05
3.34489e-05
3.34489e-05
3.34489e-05
3.34489e-05
3.34489e-05
3.34489e-05
3.34489e-05
3.34489e-05
3.34489e-05
3.34489e-05
3.34489e-05
3.34489e-05
3.34489e-05
3.34489e-05
3.34489e-05
3.34489e-05
3.34489e-05
3.34489e-05
3.34489e-05
3.34489e-05
3.34489e-05
3.34489e-05
3.34489e-05
3.34489e-05
3.34489e-05
3.34489e-05
3.34489e-05
3.34489e-05
3.34489e-05
3.34489e-05
3.34489e-05
3.34489e-05
3.34489e-05
3.34489e-05
3.34489e-05
3.34489e-05
3.34489e-05
3.34489e-05
3.34489e-05
3.34489e-05
3.34489e-05
3.34489e-05
3.34489e-05
3.34489e-05
3.34489e-05
3.34489e-05
3.34489e-05
3.34489e-05
3.34489e-05
3.34489e-05
3.34489e-05
3.34489e-05
3.34489e-05
3.34489e-05
3.34489e-05
3.34489e-05
3.34489e-05
3.34489e-05
3.34489e-05
3.34489e-05
3.34489e-05
3.34489e-05
3.34489e-05
3.34489e-05
3.34489e-05
3.34489e-05
3.34489e-05
3.34489e-05
3.34489e-05
3.34489e-05
3.34489e-05
3.34489e-05
3.34489e-05
3.34489e-05
3.34489e-05
3.34489e-05
3.34489e-05
3.34489e-05
3.34489e-05
3.34489e-05
3.34489e-05
3.34489e-05
3.34489e-05
3.34489e-05
3.34489e-05
3.34489e-05
3.34489e-05
3.34489e-05
3.34489e-05
3.34489e-05
3.34489e-05
3.34489e-05
3.34489e-05
3.34489e-05
3.34489e-05
3.34489e-05
3.34489e-05
3.34489e-05
3.34489e-05
3.34489e-05
3.34489e-05
3.34489e-05
3.34489e-05
3.34489e-05
3.34489e-05
3.34489e-05
3.34489e-05
3.34489e-05
3.34489e-05
3.34489e-05
3.34489e-05
3.34489e-05
3.34489e-05
3.34489e-05
3.34489e-05
3.34489e-05
3.34489e-05
3.34489e-05
3.34489e-05
3.34489e-05
3.34489e-05
3.34489e-05
3.34489e-05
3.34489e-05
3.34489e-05
3.34489e-05
3.34489e-05
3.34489e-05
3.34489e-05
3.34489e-05
3.34489e-05
3.34489e-05
3.34489e-05
3.34489e-05
3.34489e-05
3.34489e-05
3.34489e-05
3.34489e-05
3.34489e-05
3.34489e-05
3.34489e-05
3.34489e-05
3.34489e-05
3.34489e-05
3.34489e-05
3.34489e-05
3.34489e-05
3.34489e-05
3.34489e-05
3.34489e-05
3.34489e-05
3.34489e-05
3.34489e-05
3.34489e-05
3.34489e-05
3.34489e-05
3.34489e-05
3.34489e-05
3.34489e-05
3.34489e-05
3.34489e-05
3.34489e-05
3.34489e-05
3.34489e-05
3.34489e-05
3.34489e-05
3.34489e-05
3.34489e-05
3.34489e-05
3.34489e-05
3.34489e-05
3.34489e-05
3.34489e-05
3.34489e-05
3.34489e-05
3.34489e-05
3.34489e-05
3.34489e-05
3.34489e-05
3.34489e-05
3.34489e-05
3.34489e-05
3.34489e-05
3.34489e-05
3.34489e-05
3.34489e-05
3.34489e-05
3.34489e-05
3.34489e-05
3.34489e-05
3.34489e-05
3.34489e-05
3.34489e-05
3.34489e-05
3.34489e-05
3.34489e-05
3.34489e-05
3.34489e-05
3.34489e-05
3.34489e-05
3.34489e-05
3.34489e-05
3.34489e-05
3.34489e-05
3.34489e-05
3.34489e-05
3.34489e-05
3.34489e-05
3.34489e-05
3.34489e-05
3.34489e-05
3.34489e-05
3.34489e-05
3.34489e-05
3.34489e-05
3.34489e-05
3.34489e-05
3.34489e-05
3.34489e-05
3.34489e-05
3.34489e-05
3.34489e-05
3.34489e-05
3.34489e-05
3.34489e-05
3.34489e-05
3.34489e-05
3.34489e-05
3.34489e-05
3.34489e-05
3.34489e-05
3.34489e-05
3.34489e-05
3.34489e-05
3.34489e-05
3.34489e-05
3.34489e-05
3.34489e-05
3.34489e-05
3.34489e-05
3.34489e-05
3.34489e-05
3.34489e-05
3.34489e-05
3.34489e-05
3.34489e-05
3.34489e-05
3.34489e-05
3.34489e-05
3.34489e-05
3.34489e-05
3.34489e-05
3.34489e-05
3.34489e-05
3.34489e-05
3.34489e-05
3.34489e-05
3.34489e-05
3.34489e-05
3.34489e-05
3.34489e-05
3.34489e-05
3.34489e-05
3.34489e-05
3.34489e-05
3.34489e-05
3.34489e-05
3.34489e-05
3.34489e-05
3.34489e-05
3.34489e-05
3.34489e-05
3.34489e-05
3.34489e-05
3.34489e-05
3.34489e-05
3.34489e-05
3.34489e-05
3.34489e-05
3.34489e-05
3.34489e-05
3.34489e-05
3.34489e-05
3.34489e-05
3.34489e-05
3.34489e-05
3.34489e-05
3.34489e-05
3.34489e-05
3.34489e-05
3.34489e-05
3.34489e-05
3.34489e-05
3.34489e-05
3.34489e-05
3.34489e-05
3.34489e-05
3.34489e-05
3.34489e-05
3.34489e-05
3.34489e-05
3.34489e-05
3.34489e-05
3.34489e-05
3.34489e-05
3.34489e-05
3.34489e-05
3.34489e-05
3.34489e-05
3.34489e-05
3.34489e-05
3.34489e-05
3.34489e-05
3.34489e-05
3.34489e-05
3.34489e-05
3.34489e-05
3.34489e-05
2.78741e-05
2.22993e-05
2.22993e-05
2.22993e-05
2.22993e-05
2.22993e-05
2.22993e-05
2.22993e-05
2.22993e-05
2.22993e-05
2.22993e-05
2.22993e-05
2.22993e-05
2.22993e-05
2.22993e-05
2.22993e-05
2.22993e-05
2.22993e-05
2.22993e-05
2.22993e-05
2.22993e-05
2.22993e-05
2.22993e-05
2.22993e-05
2.22993e-05
2.22993e-05
2.22993e-05
2.22993e-05
2.22993e-05
2.22993e-05
2.22993e-05
2.22993e-05
2.22993e-05
2.22993e-05
2.22993e-05
2.22993e-05
2.22993e-05
2.22993e-05
2.22993e-05
2.22993e-05
2.22993e-05
2.22993e-05
2.22993e-05
2.22993e-05
2.22993e-05
2.22993e-05
2.22993e-05
2.22993e-05
2.22993e-05
2.22993e-05
2.22993e-05
2.22993e-05
2.22993e-05
2.22993e-05
2.22993e-05
2.22993e-05
2.22993e-05
2.22993e-05
2.22993e-05
2.22993e-05
2.22993e-05
2.22993e-05
2.22993e-05
2.22993e-05
2.22993e-05
2.22993e-05
2.22993e-05
2.22993e-05
2.22993e-05
2.22993e-05
2.22993e-05
2.22993e-05
2.22993e-05
2.22993e-05
2.22993e-05
2.22993e-05
2.22993e-05
2.22993e-05
2.22993e-05
2.22993e-05
2.22993e-05
2.22993e-05
2.22993e-05
2.22993e-05
2.22993e-05
2.22993e-05
2.22993e-05
2.22993e-05
2.22993e-05
2.22993e-05
2.22993e-05
2.22993e-05
2.22993e-05
2.22993e-05
2.22993e-05
2.22993e-05
2.22993e-05
2.22993e-05
2.22993e-05
2.22993e-05
2.22993e-05
2.22993e-05
2.22993e-05
2.22993e-05
2.22993e-05
2.22993e-05
2.22993e-05
2.22993e-05
2.22993e-05
2.22993e-05
2.22993e-05
2.22993e-05
2.22993e-05
2.22993e-05
2.22993e-05
2.22993e-05
2.22993e-05
2.22993e-05
2.22993e-05
2.22993e-05
2.22993e-05
2.22993e-05
2.22993e-05
2.22993e-05
2.22993e-05
2.22993e-05
2.22993e-05
2.22993e-05
2.22993e-05
2.22993e-05
2.22993e-05
2.22993e-05
2.22993e-05
2.22993e-05
2.22993e-05
2.22993e-05
2.22993e-05
2.22993e-05
2.22993e-05
2.22993e-05
2.22993e-05
2.22993e-05
2.22993e-05
2.22993e-05
2.22993e-05
2.22993e-05
2.22993e-05
2.22993e-05
2.22993e-05
2.22993e-05
2.22993e-05
2.22993e-05
2.22993e-05
2.22993e-05
2.22993e-05
2.22993e-05
2.22993e-05
2.22993e-05
2.22993e-05
2.22993e-05
2.22993e-05
2.22993e-05
2.22993e-05
2.22993e-05
2.22993e-05
2.22993e-05
2.22993e-05
2.22993e-05
2.22993e-05
2.22993e-05
2.22993e-05
2.22993e-05
2.22993e-05
2.22993e-05
2.22993e-05
2.22993e-05
2.22993e-05
2.22993e-05
2.22993e-05
2.22993e-05
2.22993e-05
2.22993e-05
2.22993e-05
2.22993e-05
2.22993e-05
2.22993e-05
2.22993e-05
1.67245e-05
1.11496e-05
1.11496e-05
1.11496e-05
1.11496e-05
1.11496e-05
1.11496e-05
1.11496e-05
1.11496e-05
1.11496e-05
1.11496e-05
1.11496e-05
1.11496e-05
1.11496e-05
1.11496e-05
1.11496e-05
1.11496e-05
1.11496e-05
1.11496e-05
1.11496e-05
1.11496e-05
1.11496e-05
1.11496e-05
1.11496e-05
1.11496e-05
1.11496e-05
1.11496e-05
1.11496e-05
1.11496e-05
1.11496e-05
1.11496e-05
1.11496e-05
1.11496e-05
1.11496e-05
1.11496e-05
1.11496e-05
1.11496e-05
1.11496e-05
1.11496e-05
1.11496e-05
1.11496e-05
1.11496e-05
1.11496e-05
1.11496e-05
1.11496e-05
1.11496e-05
1.11496e-05
1.11496e-05
1.11496e-05
1.11496e-05
1.11496e-05
1.11496e-05
1.11496e-05
1.11496e-05
1.11496e-05
1.11496e-05
1.11496e-05
1.11496e-05
1.11496e-05
1.11496e-05
1.11496e-05
1.11496e-05
1.11496e-05
1.11496e-05
1.11496e-05
1.11496e-05
1.11496e-05
1.11496e-05
1.11496e-05
1.11496e-05
1.11496e-05
1.11496e-05
1.11496e-05
1.11496e-05
1.11496e-05
1.11496e-05
1.11496e-05
1.11496e-05
1.11496e-05
1.11496e-05
1.11496e-05
1.11496e-05
1.11496e-05
1.11496e-05
1.11496e-05
1.11496e-05
1.11496e-05
1.11496e-05
1.11496e-05
1.11496e-05
1.11496e-05
1.11496e-05
1.11496e-05
1.11496e-05
1.11496e-05
1.11496e-05
1.11496e-05
1.11496e-05
1.11496e-05
1.11496e-05
1.11496e-05
1.11496e-05
1.11496e-05
1.11496e-05
1.11496e-05
1.11496e-05
1.11496e-05
1.11496e-05
1.11496e-05
1.11496e-05
1.11496e-05
1.11496e-05
1.11496e-05
1.11496e-05
1.11496e-05
1.11496e-05
1.11496e-05
1.11496e-05
1.11496e-05
1.11496e-05
1.11496e-05
1.11496e-05
1.11496e-05
1.11496e-05
1.11496e-05
1.11496e-05
1.11496e-05
1.11496e-05
1.11496e-05
1.11496e-05
1.11496e-05
1.11496e-05
1.11496e-05
1.11496e-05
1.11496e-05
1.11496e-05
1.11496e-05
1.11496e-05
1.11496e-05
1.11496e-05
1.11496e-05
1.11496e-05
1.11496e-05
1.11496e-05
1.11496e-05
1.11496e-05
1.11496e-05
1.11496e-05
1.11496e-05
1.11496e-05
1.11496e-05
1.11496e-05
1.11496e-05
1.11496e-05
1.11496e-05
1.11496e-05
1.11496e-05
1.11496e-05
1.11496e-05
1.11496e-05
1.11496e-05
1.11496e-05
1.11496e-05
1.11496e-05
1.11496e-05
1.11496e-05
1.11496e-05
1.11496e-05
1.11496e-05
1.11496e-05
1.11496e-05
1.11496e-05
1.11496e-05
1.11496e-05
1.11496e-05
1.11496e-05
1.11496e-05
1.11496e-05
1.11496e-05
1.11496e-05
1.11496e-05
1.11496e-05
1.11496e-05
1.11496e-05
1.11496e-05
1.11496e-05
1.11496e-05
1.11496e-05
1.11496e-05
1.11496e-05
1.11496e-05
1.11496e-05
1.11496e-05
1.11496e-05
1.11496e-05
1.11496e-05
1.11496e-05
1.11496e-05
1.11496e-05
1.11496e-05
1.11496e-05
1.11496e-05
1.11496e-05
1.11496e-05
1.11496e-05
1.11496e-05
1.11496e-05
1.11496e-05
1.11496e-05
1.11496e-05
1.11496e-05
1.11496e-05
1.11496e-05
1.11496e-05
1.11496e-05
1.11496e-05
1.11496e-05
1.11496e-05
1.11496e-05
1.11496e-05
1.11496e-05
1.11496e-05
1.11496e-05
1.11496e-05
1.11496e-05
1.11496e-05
1.11496e-05
1.11496e-05
1.11496e-05
1.11496e-05
1.11496e-05
1.11496e-05
1.11496e-05
1.11496e-05
1.11496e-05
1.11496e-05
1.11496e-05
1.11496e-05
1.11496e-05
1.11496e-05
1.11496e-05
1.11496e-05
1.11496e-05
1.11496e-05
1.11496e-05
1.11496e-05
1.11496e-05
1.11496e-05
1.11496e-05
1.11496e-05
1.11496e-05
1.11496e-05
1.11496e-05
1.11496e-05
1.11496e-05
1.11496e-05
1.11496e-05
1.11496e-05
1.11496e-05
1.11496e-05
1.11496e-05
1.11496e-05
1.11496e-05
1.11496e-05
1.11496e-05
1.11496e-05
1.11496e-05
1.11496e-05
1.11496e-05
1.11496e-05
1.11496e-05
1.11496e-05
1.11496e-05
1.11496e-05
1.11496e-05
1.11496e-05
1.11496e-05
1.11496e-05
1.11496e-05
1.11496e-05
1.11496e-05
1.11496e-05
1.11496e-05
1.11496e-05
1.11496e-05
1.11496e-05
1.11496e-05
1.11496e-05
1.11496e-05
1.11496e-05
1.11496e-05
1.11496e-05
1.11496e-05
1.11496e-05
1.11496e-05
1.11496e-05
1.11496e-05
1.11496e-05
1.11496e-05
1.11496e-05
1.11496e-05
1.11496e-05
1.11496e-05
1.11496e-05
1.11496e-05
1.11496e-05
1.11496e-05
1.11496e-05
1.11496e-05
1.11496e-05
1.11496e-05
1.11496e-05
1.11496e-05
1.11496e-05
1.11496e-05
1.11496e-05
1.11496e-05
1.11496e-05
1.11496e-05
1.11496e-05
1.11496e-05
1.11496e-05
1.11496e-05
1.11496e-05
1.11496e-05
1.11496e-05
1.11496e-05
1.11496e-05
1.11496e-05
1.11496e-05
1.11496e-05
1.11496e-05
1.11496e-05
1.11496e-05
1.11496e-05
1.11496e-05
1.11496e-05
1.11496e-05
1.11496e-05
1.11496e-05
1.11496e-05
1.11496e-05
1.11496e-05
1.11496e-05
1.11496e-05
1.11496e-05
1.11496e-05
1.11496e-05
1.11496e-05
1.11496e-05
1.11496e-05
1.11496e-05
1.11496e-05
1.11496e-05
1.11496e-05
1.11496e-05
1.11496e-05
1.11496e-05
1.11496e-05
1.11496e-05
1.11496e-05
1.11496e-05
1.11496e-05
1.11496e-05
1.11496e-05
1.11496e-05
1.11496e-05
1.11496e-05
1.11496e-05
1.11496e-05
1.11496e-05
1.11496e-05
1.11496e-05
1.11496e-05
1.11496e-05
1.11496e-05
1.11496e-05
1.11496e-05
1.11496e-05
1.11496e-05
1.11496e-05
1.11496e-05
1.11496e-05
1.11496e-05
1.11496e-05
1.11496e-05
1.11496e-05
1.11496e-05
1.11496e-05
1.11496e-05
1.11496e-05
1.11496e-05
1.11496e-05
1.11496e-05
1.11496e-05
1.11496e-05
1.11496e-05
1.11496e-05
1.11496e-05
1.11496e-05
1.11496e-05
1.11496e-05
1.11496e-05
1.11496e-05
1.11496e-05
1.11496e-05
1.11496e-05
1.11496e-05
1.11496e-05
1.11496e-05
1.11496e-05
1.11496e-05
1.11496e-05
1.11496e-05
1.11496e-05
1.11496e-05
1.11496e-05
1.11496e-05
1.11496e-05
1.11496e-05
1.11496e-05
1.11496e-05
1.11496e-05
1.11496e-05
1.11496e-05
1.11496e-05
1.11496e-05
1.11496e-05
1.11496e-05
1.11496e-05
1.11496e-05
1.11496e-05
1.11496e-05
1.11496e-05
1.11496e-05
1.11496e-05
1.11496e-05
1.11496e-05
1.11496e-05
1.11496e-05
1.11496e-05
1.11496e-05
1.11496e-05
1.11496e-05
1.11496e-05
1.11496e-05
1.11496e-05
1.11496e-05
1.11496e-05
1.11496e-05
1.11496e-05
1.11496e-05
1.11496e-05
1.11496e-05
1.11496e-05
1.11496e-05
1.11496e-05
1.11496e-05
1.11496e-05
1.11496e-05
1.11496e-05
1.11496e-05
1.11496e-05
1.11496e-05
1.11496e-05
1.11496e-05
1.11496e-05
1.11496e-05
1.11496e-05
1.11496e-05
1.11496e-05
1.11496e-05
1.11496e-05
1.11496e-05
1.11496e-05
1.11496e-05
1.11496e-05
1.11496e-05
1.11496e-05
1.11496e-05
1.11496e-05
1.11496e-05
1.11496e-05
1.11496e-05
1.11496e-05
1.11496e-05
1.11496e-05
1.11496e-05
1.11496e-05
1.11496e-05
1.11496e-05
1.11496e-05
1.11496e-05
1.11496e-05
1.11496e-05
1.11496e-05
1.11496e-05
1.11496e-05
1.11496e-05
1.11496e-05
1.11496e-05
1.11496e-05
1.11496e-05
1.11496e-05
1.11496e-05
1.11496e-05
1.11496e-05
1.11496e-05
1.11496e-05
1.11496e-05
1.11496e-05
1.11496e-05
1.11496e-05
1.11496e-05
1.11496e-05
1.11496e-05
1.11496e-05
1.11496e-05
1.11496e-05
1.11496e-05
1.11496e-05
1.11496e-05
1.11496e-05
1.11496e-05
1.11496e-05
1.11496e-05
1.11496e-05
1.11496e-05
1.11496e-05
1.11496e-05
1.11496e-05
1.11496e-05
1.11496e-05
1.11496e-05
1.11496e-05
1.11496e-05
1.11496e-05
1.11496e-05
1.11496e-05
1.11496e-05
1.11496e-05
1.11496e-05
1.11496e-05
1.11496e-05
1.11496e-05
1.11496e-05
1.11496e-05
1.11496e-05
1.11496e-05
1.11496e-05
1.11496e-05
1.11496e-05
1.11496e-05
1.11496e-05
1.11496e-05
1.11496e-05
1.11496e-05
1.11496e-05
1.11496e-05
1.11496e-05
1.11496e-05
1.11496e-05
1.11496e-05
1.11496e-05
1.11496e-05
1.11496e-05
1.11496e-05
1.11496e-05
1.11496e-05
1.11496e-05
1.11496e-05
1.11496e-05
1.11496e-05
1.11496e-05
1.11496e-05
1.11496e-05
1.11496e-05
1.11496e-05
1.11496e-05
1.11496e-05
1.11496e-05
1.11496e-05
1.11496e-05
1.11496e-05
1.11496e-05
1.11496e-05
1.11496e-05
1.11496e-05
1.11496e-05
1.11496e-05
1.11496e-05
1.11496e-05
1.11496e-05
1.11496e-05
1.11496e-05
1.11496e-05
1.11496e-05
1.11496e-05
1.11496e-05
1.11496e-05
1.11496e-05
1.11496e-05
1.11496e-05
1.11496e-05
1.11496e-05
1.11496e-05
1.11496e-05
1.11496e-05
1.11496e-05
1.11496e-05
1.11496e-05
1.11496e-05
1.11496e-05
1.11496e-05
1.11496e-05
1.11496e-05
1.11496e-05
1.11496e-05
1.11496e-05
1.11496e-05
1.11496e-05
1.11496e-05
1.11496e-05
1.11496e-05
1.11496e-05
1.11496e-05
1.11496e-05
1.11496e-05
1.11496e-05
1.11496e-05
1.11496e-05
1.11496e-05
1.11496e-05
1.11496e-05
1.11496e-05
1.11496e-05
1.11496e-05
1.11496e-05
1.11496e-05
1.11496e-05
1.11496e-05
1.11496e-05
1.11496e-05
1.11496e-05
1.11496e-05
1.11496e-05
1.11496e-05
1.11496e-05
1.11496e-05
1.11496e-05
1.11496e-05
1.11496e-05
1.11496e-05
1.11496e-05
1.11496e-05
1.11496e-05
1.11496e-05
1.11496e-05
1.11496e-05
1.11496e-05
1.11496e-05
1.11496e-05
1.11496e-05
1.11496e-05
1.11496e-05
1.11496e-05
1.11496e-05
1.11496e-05
1.11496e-05
1.11496e-05
1.11496e-05
1.11496e-05
1.11496e-05
1.11496e-05
1.11496e-05
1.11496e-05
1.11496e-05
1.11496e-05
1.11496e-05
1.11496e-05
1.11496e-05
1.11496e-05
1.11496e-05
1.11496e-05
1.11496e-05
1.11496e-05
1.11496e-05
1.11496e-05
1.11496e-05
1.11496e-05
1.11496e-05
1.11496e-05
1.11496e-05
1.11496e-05
1.11496e-05
1.11496e-05
1.11496e-05
1.11496e-05
1.11496e-05
1.11496e-05
1.11496e-05
1.11496e-05
1.11496e-05
1.11496e-05
1.11496e-05
1.11496e-05
1.11496e-05
1.11496e-05
1.11496e-05
1.11496e-05
1.11496e-05
1.11496e-05
1.11496e-05
1.11496e-05
1.11496e-05
1.11496e-05
1.11496e-05
1.11496e-05
1.11496e-05
1.11496e-05
1.11496e-05
1.11496e-05
1.11496e-05
1.11496e-05
1.11496e-05
1.11496e-05
1.11496e-05
1.11496e-05
1.11496e-05
1.11496e-05
1.11496e-05
1.11496e-05
1.11496e-05
1.11496e-05
1.11496e-05
1.11496e-05
1.11496e-05
1.11496e-05
1.11496e-05
1.11496e-05
1.11496e-05
1.11496e-05
1.11496e-05
1.11496e-05
1.11496e-05
1.11496e-05
1.11496e-05
1.11496e-05
1.11496e-05
1.11496e-05
1.11496e-05
1.11496e-05
1.11496e-05
1.11496e-05
1.11496e-05
1.11496e-05
1.11496e-05
1.11496e-05
1.11496e-05
1.11496e-05
1.11496e-05
1.11496e-05
1.11496e-05
1.11496e-05
1.11496e-05
1.11496e-05
1.11496e-05
1.11496e-05
1.11496e-05
1.11496e-05
1.11496e-05
1.11496e-05
1.11496e-05
1.11496e-05
1.11496e-05
1.11496e-05
1.11496e-05
1.11496e-05
1.11496e-05
1.11496e-05
1.11496e-05
1.11496e-05
1.11496e-05
1.11496e-05
1.11496e-05
1.11496e-05
1.11496e-05
1.11496e-05
1.11496e-05
1.11496e-05
1.11496e-05
1.11496e-05
1.11496e-05
1.11496e-05
1.11496e-05
1.11496e-05
1.11496e-05
1.11496e-05
1.11496e-05
1.11496e-05
1.11496e-05
1.11496e-05
1.11496e-05
1.11496e-05
1.11496e-05
1.11496e-05
1.11496e-05
1.11496e-05
1.11496e-05
1.11496e-05
1.11496e-05
1.11496e-05
1.11496e-05
1.11496e-05
1.11496e-05
1.11496e-05
1.11496e-05
1.11496e-05
1.11496e-05
1.11496e-05
1.11496e-05
1.11496e-05
1.11496e-05
1.11496e-05
1.11496e-05
1.11496e-05
1.11496e-05
1.11496e-05
1.11496e-05
1.11496e-05
1.11496e-05
1.11496e-05
1.11496e-05
1.11496e-05
1.11496e-05
1.11496e-05
1.11496e-05
1.11496e-05
1.11496e-05
1.11496e-05
1.11496e-05
1.11496e-05
1.11496e-05
1.11496e-05
1.11496e-05
1.11496e-05
1.11496e-05
1.11496e-05
1.11496e-05
1.11496e-05
1.11496e-05
1.11496e-05
1.11496e-05
1.11496e-05
1.11496e-05
1.11496e-05
1.11496e-05
1.11496e-05
1.11496e-05
1.11496e-05
1.11496e-05
1.11496e-05
1.11496e-05
1.11496e-05
1.11496e-05
1.11496e-05
1.11496e-05
1.11496e-05
1.11496e-05
1.11496e-05
1.11496e-05
1.11496e-05
1.11496e-05
1.11496e-05
1.11496e-05
1.11496e-05
1.11496e-05
1.11496e-05
1.11496e-05
1.11496e-05
1.11496e-05
1.11496e-05
1.11496e-05
1.11496e-05
1.11496e-05
1.11496e-05
1.11496e-05
1.11496e-05
1.11496e-05
1.11496e-05
1.11496e-05
1.11496e-05
1.11496e-05
1.11496e-05
1.11496e-05
1.11496e-05
1.11496e-05
1.11496e-05
1.11496e-05
1.11496e-05
1.11496e-05
1.11496e-05
1.11496e-05
1.11496e-05
1.11496e-05
1.11496e-05
1.11496e-05
1.11496e-05
1.11496e-05
1.11496e-05
1.11496e-05
1.11496e-05
1.11496e-05
1.11496e-05
1.11496e-05
1.11496e-05
1.11496e-05
1.11496e-05
1.11496e-05
1.11496e-05
1.11496e-05
1.11496e-05
1.11496e-05
1.11496e-05
1.11496e-05
1.11496e-05
1.11496e-05
1.11496e-05
1.11496e-05
1.11496e-05
1.11496e-05
1.11496e-05
1.11496e-05
1.11496e-05
1.11496e-05
1.11496e-05
1.11496e-05
1.11496e-05
1.11496e-05
1.11496e-05
1.11496e-05
1.11496e-05
1.11496e-05
1.11496e-05
1.11496e-05
1.11496e-05
1.11496e-05
1.11496e-05
1.11496e-05
1.11496e-05
1.11496e-05
1.11496e-05
1.11496e-05
1.11496e-05
1.11496e-05
1.11496e-05
1.11496e-05
1.11496e-05
1.11496e-05
1.11496e-05
1.11496e-05
1.11496e-05
1.11496e-05
1.11496e-05
1.11496e-05
1.11496e-05
1.11496e-05
1.11496e-05
1.11496e-05
1.11496e-05
1.11496e-05
1.11496e-05
1.11496e-05
1.11496e-05
1.11496e-05
1.11496e-05
1.11496e-05
1.11496e-05
1.11496e-05
1.11496e-05
1.11496e-05
1.11496e-05
1.11496e-05
1.11496e-05
1.11496e-05
1.11496e-05
1.11496e-05
1.11496e-05
1.11496e-05
1.11496e-05
1.11496e-05
1.11496e-05
1.11496e-05
1.11496e-05
1.11496e-05
1.11496e-05
1.11496e-05
1.11496e-05
1.11496e-05
1.11496e-05
1.11496e-05
1.11496e-05
1.11496e-05
1.11496e-05
1.11496e-05
1.11496e-05
1.11496e-05
1.11496e-05
1.11496e-05
1.11496e-05
1.11496e-05
1.11496e-05
1.11496e-05
1.11496e-05
1.11496e-05
1.11496e-05
1.11496e-05
1.11496e-05
1.11496e-05
1.11496e-05
1.11496e-05
1.11496e-05
1.11496e-05
1.11496e-05
1.11496e-05
1.11496e-05
1.11496e-05
1.11496e-05
1.11496e-05
1.11496e-05
1.11496e-05
1.11496e-05
1.11496e-05
1.11496e-05
1.11496e-05
1.11496e-05
1.11496e-05
1.11496e-05
1.11496e-05
1.11496e-05
1.11496e-05
1.11496e-05
1.11496e-05
1.11496e-05
1.11496e-05
1.11496e-05
1.11496e-05
1.11496e-05
1.11496e-05
1.11496e-05
1.11496e-05
1.11496e-05
1.11496e-05
1.11496e-05
1.11496e-05
1.11496e-05
1.11496e-05
1.11496e-05
1.11496e-05
1.11496e-05
1.11496e-05
1.11496e-05
1.11496e-05
1.11496e-05
1.11496e-05
1.11496e-05
1.11496e-05
1.11496e-05
1.11496e-05
1.11496e-05
1.11496e-05
1.11496e-05
1.11496e-05
1.11496e-05
1.11496e-05
1.11496e-05
1.11496e-05
1.11496e-05
1.11496e-05
1.11496e-05
1.11496e-05
1.11496e-05
1.11496e-05
1.11496e-05
1.11496e-05
1.11496e-05
1.11496e-05
1.11496e-05
1.11496e-05
1.11496e-05
1.11496e-05
1.11496e-05
1.11496e-05
1.11496e-05
1.11496e-05
1.11496e-05
1.11496e-05
1.11496e-05
1.11496e-05
1.11496e-05
1.11496e-05
1.11496e-05
1.11496e-05
1.11496e-05
1.11496e-05
1.11496e-05
1.11496e-05
1.11496e-05
1.11496e-05
1.11496e-05
1.11496e-05
1.11496e-05
1.11496e-05
1.11496e-05
1.11496e-05
1.11496e-05
1.11496e-05
1.11496e-05
1.11496e-05
1.11496e-05
1.11496e-05
1.11496e-05
1.11496e-05
1.11496e-05
1.11496e-05
1.11496e-05
1.11496e-05
1.11496e-05
1.11496e-05
1.11496e-05
1.11496e-05
1.11496e-05
1.11496e-05
1.11496e-05
1.11496e-05
1.11496e-05
1.11496e-05
1.11496e-05
1.11496e-05
1.11496e-05
1.11496e-05
1.11496e-05
1.11496e-05
1.11496e-05
1.11496e-05
1.11496e-05
1.11496e-05
1.11496e-05
1.11496e-05
1.11496e-05
1.11496e-05
1.11496e-05
1.11496e-05
1.11496e-05
1.11496e-05
1.11496e-05
1.11496e-05
1.11496e-05
1.11496e-05
1.11496e-05
1.11496e-05
1.11496e-05
1.11496e-05
1.11496e-05
1.11496e-05
1.11496e-05
1.11496e-05
1.11496e-05
1.11496e-05
1.11496e-05
1.11496e-05
1.11496e-05
1.11496e-05
1.11496e-05
1.11496e-05
1.11496e-05
1.11496e-05
1.11496e-05
1.11496e-05
1.11496e-05
1.11496e-05
1.11496e-05
1.11496e-05
1.11496e-05
1.11496e-05
1.11496e-05
1.11496e-05
1.11496e-05
1.11496e-05
1.11496e-05
1.11496e-05
1.11496e-05
1.11496e-05
1.11496e-05
1.11496e-05
1.11496e-05
1.11496e-05
1.11496e-05
1.11496e-05
1.11496e-05
1.11496e-05
1.11496e-05
1.11496e-05
1.11496e-05
1.11496e-05
1.11496e-05
1.11496e-05
1.11496e-05
1.11496e-05
1.11496e-05
1.11496e-05
1.11496e-05
1.11496e-05
1.11496e-05
1.11496e-05
1.11496e-05
1.11496e-05
1.11496e-05
1.11496e-05
1.11496e-05
1.11496e-05
1.11496e-05
1.11496e-05
1.11496e-05
1.11496e-05
1.11496e-05
1.11496e-05
1.11496e-05
1.11496e-05
1.11496e-05
1.11496e-05
1.11496e-05
1.11496e-05
1.11496e-05
1.11496e-05
1.11496e-05
1.11496e-05
1.11496e-05
1.11496e-05
1.11496e-05
1.11496e-05
1.11496e-05
1.11496e-05
1.11496e-05
1.11496e-05
1.11496e-05
1.11496e-05
1.11496e-05
1.11496e-05
1.11496e-05
1.11496e-05
1.11496e-05
1.11496e-05
1.11496e-05
1.11496e-05
1.11496e-05
1.11496e-05
1.11496e-05
1.11496e-05
1.11496e-05
1.11496e-05
1.11496e-05
1.11496e-05
1.11496e-05
1.11496e-05
1.11496e-05
1.11496e-05
1.11496e-05
1.11496e-05
1.11496e-05
1.11496e-05
1.11496e-05
1.11496e-05
1.11496e-05
1.11496e-05
1.11496e-05
1.11496e-05
1.11496e-05
1.11496e-05
1.11496e-05
1.11496e-05
1.11496e-05
1.11496e-05
1.11496e-05
1.11496e-05
1.11496e-05
1.11496e-05
1.11496e-05
1.11496e-05
1.11496e-05
1.11496e-05
1.11496e-05
1.11496e-05
1.11496e-05
1.11496e-05
1.11496e-05
1.11496e-05
1.11496e-05
1.11496e-05
1.11496e-05
1.11496e-05
1.11496e-05
1.11496e-05
1.11496e-05
1.11496e-05
1.11496e-05
1.11496e-05
1.11496e-05
1.11496e-05
1.11496e-05
1.11496e-05
1.11496e-05
1.11496e-05
1.11496e-05
1.11496e-05
1.11496e-05
1.11496e-05
1.11496e-05
1.11496e-05
1.11496e-05
1.11496e-05
1.11496e-05
1.11496e-05
1.11496e-05
1.11496e-05
1.11496e-05
1.11496e-05
1.11496e-05
1.11496e-05
1.11496e-05
1.11496e-05
1.11496e-05
1.11496e-05
1.11496e-05
1.11496e-05
1.11496e-05
1.11496e-05
1.11496e-05
1.11496e-05
1.11496e-05
1.11496e-05
1.11496e-05
1.11496e-05
1.11496e-05
1.11496e-05
1.11496e-05
1.11496e-05
1.11496e-05
1.11496e-05
1.11496e-05
1.11496e-05
1.11496e-05
1.11496e-05
1.11496e-05
1.11496e-05
1.11496e-05
1.11496e-05
1.11496e-05
1.11496e-05
1.11496e-05
1.11496e-05
1.11496e-05
1.11496e-05
1.11496e-05
1.11496e-05
1.11496e-05
1.11496e-05
1.11496e-05
1.11496e-05
1.11496e-05
1.11496e-05
1.11496e-05
1.11496e-05
1.11496e-05
1.11496e-05
1.11496e-05
1.11496e-05
1.11496e-05
1.11496e-05
1.11496e-05
1.11496e-05
1.11496e-05
1.11496e-05
1.11496e-05
1.11496e-05
1.11496e-05
1.11496e-05
1.11496e-05
1.11496e-05
1.11496e-05
1.11496e-05
1.11496e-05
1.11496e-05
1.11496e-05
1.11496e-05
1.11496e-05
1.11496e-05
1.11496e-05
1.11496e-05
1.11496e-05
1.11496e-05
1.11496e-05
1.11496e-05
1.11496e-05
1.11496e-05
1.11496e-05
1.11496e-05
1.11496e-05
1.11496e-05
1.11496e-05
1.11496e-05
1.11496e-05
1.11496e-05
1.11496e-05
1.11496e-05
1.11496e-05
1.11496e-05
1.11496e-05
1.11496e-05
1.11496e-05
1.11496e-05
1.11496e-05
1.11496e-05
1.11496e-05
1.11496e-05
1.11496e-05
1.11496e-05
1.11496e-05
1.11496e-05
1.11496e-05
1.11496e-05
1.11496e-05
1.11496e-05
1.11496e-05
1.11496e-05
1.11496e-05
1.11496e-05
1.11496e-05
1.11496e-05
1.11496e-05
1.11496e-05
1.11496e-05
1.11496e-05
1.11496e-05
1.11496e-05
1.11496e-05
1.11496e-05
1.11496e-05
1.11496e-05
1.11496e-05
1.11496e-05
1.11496e-05
1.11496e-05
1.11496e-05
1.11496e-05
1.11496e-05
1.11496e-05
1.11496e-05
1.11496e-05
1.11496e-05
1.11496e-05
1.11496e-05
1.11496e-05
1.11496e-05
1.11496e-05
1.11496e-05
1.11496e-05
1.11496e-05
1.11496e-05
1.11496e-05
1.11496e-05
1.11496e-05
1.11496e-05
1.11496e-05
1.11496e-05
1.11496e-05
1.11496e-05
1.11496e-05
1.11496e-05
1.11496e-05
1.11496e-05
1.11496e-05
1.11496e-05
1.11496e-05
1.11496e-05
1.11496e-05
1.11496e-05
1.11496e-05
1.11496e-05
1.11496e-05
1.11496e-05
1.11496e-05
1.11496e-05
1.11496e-05
1.11496e-05
1.11496e-05
1.11496e-05
1.11496e-05
1.11496e-05
1.11496e-05
1.11496e-05
1.11496e-05
1.11496e-05
1.11496e-05
1.11496e-05
1.11496e-05
1.11496e-05
1.11496e-05
1.11496e-05
1.11496e-05
1.11496e-05
1.11496e-05
1.11496e-05
1.11496e-05
1.11496e-05
1.11496e-05
1.11496e-05
1.11496e-05
1.11496e-05
1.11496e-05
1.11496e-05
1.11496e-05
1.11496e-05
1.11496e-05
1.11496e-05
1.11496e-05
1.11496e-05
1.11496e-05
1.11496e-05
1.11496e-05
1.11496e-05
1.11496e-05
1.11496e-05
1.11496e-05
1.11496e-05
1.11496e-05
1.11496e-05
1.11496e-05
1.11496e-05
1.11496e-05
1.11496e-05
1.11496e-05
1.11496e-05
1.11496e-05
1.11496e-05
1.11496e-05
1.11496e-05
1.11496e-05
1.11496e-05
1.11496e-05
1.11496e-05
1.11496e-05
1.11496e-05
1.11496e-05
1.11496e-05
1.11496e-05
1.11496e-05
1.11496e-05
1.11496e-05
1.11496e-05
1.11496e-05
1.11496e-05
1.11496e-05
1.11496e-05
1.11496e-05
1.11496e-05
1.11496e-05
1.11496e-05
1.11496e-05
1.11496e-05
1.11496e-05
1.11496e-05
1.11496e-05
1.11496e-05
1.11496e-05
1.11496e-05
1.11496e-05
1.11496e-05
1.11496e-05
1.11496e-05
1.11496e-05
1.11496e-05
1.11496e-05
1.11496e-05
1.11496e-05
1.11496e-05
1.11496e-05
1.11496e-05
1.11496e-05
1.11496e-05
1.11496e-05
1.11496e-05
1.11496e-05
1.11496e-05
1.11496e-05
1.11496e-05
1.11496e-05
1.11496e-05
1.11496e-05
1.11496e-05
1.11496e-05
1.11496e-05
1.11496e-05
1.11496e-05
1.11496e-05
1.11496e-05
1.11496e-05
1.11496e-05
1.11496e-05
1.11496e-05
1.11496e-05
1.11496e-05
1.11496e-05
1.11496e-05
1.11496e-05
1.11496e-05
1.11496e-05
1.11496e-05
1.11496e-05
1.11496e-05
1.11496e-05
1.11496e-05
1.11496e-05
1.11496e-05
1.11496e-05
1.11496e-05
1.11496e-05
1.11496e-05
1.11496e-05
1.11496e-05
1.11496e-05
1.11496e-05
1.11496e-05
1.11496e-05
1.11496e-05
1.11496e-05
1.11496e-05
1.11496e-05
1.11496e-05
1.11496e-05
1.11496e-05
1.11496e-05
1.11496e-05
1.11496e-05
1.11496e-05
1.11496e-05
1.11496e-05
1.11496e-05
1.11496e-05
1.11496e-05
1.11496e-05
1.11496e-05
1.11496e-05
1.11496e-05
1.11496e-05
1.11496e-05
1.11496e-05
1.11496e-05
1.11496e-05
1.11496e-05
0
0
