127 0
1801 0
71 1
1648 0
1178 1
1387 1
512 0
1932 0
463 1
517 0
458 0
2634 0
1785 0
1250 0
1363 0
722 0
1109 1
4060 0
1597 0
728 0
3919 0
1244 0
742 0
29 1
350 0
1969 0
58 1
153 1
2754 0
1546 0
101 2
340 1
311 0
825 0
917 1
495 1
1322 0
4018 0
1172 0
2699 0
1259 0
834 0
285 0
1216 0
3879 0
1135 0
2002 0
1203 0
96 1
1068 0
486 0
1354 0
569 0
8 1
1396 0
686 0
1760 0
2033 0
391 0
943 1
2676 0
1887 0
2907 0
1375 0
180 0
1585 0
1877 0
246 1
2705 0
690 0
1168 0
61 1
536 0
1767 0
2237 0
1266 0
2654 0
1458 1
444 1
508 0
1336 0
39 0
3260 0
1089 0
558 0
12 1
1554 0
573 1
2710 0
1084 0
638 0
875 0
1 3
116 0
136 1
506 1
1197 0
1580 0
661 0
2719 0
1935 0
2690 0
581 1
2727 0
308 0
678 0
3862 0
2808 0
3004 0
1975 0
1973 0
1991 0
927 0
301 0
51 1
1758 0
1822 0
456 1
2745 0
652 0
1033 0
2034 0
3851 0
2029 0
796 0
366 0
844 0
2723 0
272 0
775 1
20 1
888 0
1983 0
1011 1
1754 0
1161 0
1019 0
700 0
1927 0
78 1
1380 0
2853 0
990 0
413 0
294 0
1442 0
349 0
764 0
3970 0
1981 0
2081 0
1383 0
606 1
137 2
1414 0
1855 0
432 0
666 0
860 0
1074 0
1063 0
1567 0
1776 0
708 1
2589 0
1601 0
710 0
323 0
856 0
2142 0
1834 0
112 0
545 0
191 2
2733 0
187 0
588 1
756 0
1283 0
262 0
1944 0
212 1
1331 0
2590 0
542 1
1305 0
961 0
2686 0
574 0
170 1
1921 0
660 0
26 3
977 0
2250 0
566 0
526 1
1901 0
4067 0
359 0
2765 0
1229 0
108 1
604 0
2608 0
2614 0
1001 0
232 1
477 0
1338 0
2623 0
1182 0
225 0
207 0
1447 0
142 1
330 2
48 0
1857 0
360 0
1988 0
1076 0
766 1
449 1
1574 0
1579 0
659 0
2763 0
2774 0
1141 0
682 1
353 0
375 0
984 0
1155 0
1485 0
788 0
128 1
501 0
1313 0
278 0
1617 0
490 1
1843 0
2650 0
155 1
387 0
1913 0
2626 0
1112 0
626 0
1294 0
461 0
2712 0
1426 0
1562 0
257 0
1358 0
782 0
951 0
85 0
809 0
1156 0
1557 0
1486 0
425 1
736 0
539 0
781 0
1950 0
520 0
2782 0
2037 0
532 0
1193 0
55 1
1890 0
1681 0
57 3
872 0
1146 0
395 0
89 1
175 1
584 0
988 0
35 2
1550 0
1421 0
1454 0
665 0
2758 0
1207 1
3960 0
2641 0
2670 0
1584 0
904 0
930 0
649 0
1318 0
642 0
648 1
2006 0
1764 0
1028 0
1589 0
198 1
1098 0
1059 0
2683 0
913 0
2019 0
202 0
361 2
184 0
776 0
1819 0
2183 0
1459 0
2673 0
1269 0
412 0
181 1
307 1
830 0
1463 0
154 0
2062 0
1101 0
704 1
326 0
1462 0
1165 0
681 0
335 0
1029 0
2715 0
5 2
2105 0
1957 0
554 1
2657 0
552 0
1867 0
74 0
890 0
440 0
1926 0
1289 0
299 0
2024 0
1282 1
841 0
1898 0
1044 0
1350 0
91 0
1240 0
467 0
481 0
474 0
867 0
1976 0
817 0
563 0
2751 0
229 1
673 0
68 3
315 1
1827 0
1947 0
1347 0
222 1
25 2
305 1
1253 0
928 0
1644 0
1526 0
217 0
281 0
158 1
46 0
1316 0
1851 0
1418 0
36 1
1368 0
748 0
472 0
1943 0
317 1
711 0
132 2
1791 0
1254 0
892 0
546 0
2769 0
1428 0
537 0
1018 0
1125 0
4072 0
1007 0
1443 0
741 0
1833 0
998 0
1186 0
3119 0
1789 0
3880 0
529 0
1545 0
1838 0
1058 0
1773 0
3883 0
987 0
1150 0
1335 0
908 0
284 1
1340 0
903 0
247 1
165 0
289 0
729 0
2 3
808 0
845 0
1847 0
1231 0
1249 0
147 2
973 1
1046 0
1142 0
1291 0
2599 0
2601 0
319 0
2857 0
1179 0
1052 0
1922 0
735 0
1493 0
974 0
2629 0
1271 0
344 0
636 1
1710 0
1406 0
1133 0
209 1
1905 0
1118 0
1575 0
117 0
80 1
600 1
336 0
457 0
1301 0
821 1
696 0
383 1
1873 0
1431 0
92 1
1489 0
1212 0
2253 0
1164 0
505 0
2739 0
670 0
1094 0
419 0
995 0
837 0
1225 0
290 1
625 0
149 1
712 1
210 1
406 0
19 1
2702 0
1030 0
365 0
2730 0
763 0
2593 0
2021 0
1895 0
570 1
1880 0
252 0
1159 0
883 0
655 0
421 1
1998 0
1367 0
271 0
1024 0
1070 0
491 0
1863 0
13 1
105 0
1514 0
840 0
597 0
111 2
1411 0
408 0
1480 0
2777 0
242 0
559 0
32 1
443 0
1795 0
580 0
1257 0
846 0
31 1
1861 0
2706 0
1296 0
1553 0
2161 0
1303 0
968 0
675 0
15 0
431 0
382 0
1506 0
4026 0
139 0
129 0
926 0
1246 0
859 0
739 0
1293 0
876 0
1792 0
2890 0
662 1
168 1
135 1
3913 0
145 1
178 1
2674 0
1131 0
2728 0
772 0
1876 0
124 0
1759 0
1429 0
1974 0
2032 0
1374 0
653 0
2677 0
509 1
1015 0
976 0
367 0
716 0
1886 0
1972 0
940 0
685 0
743 0
21 4
523 1
2377 0
3975 0
1460 0
453 0
723 0
2500 0
1202 0
3895 0
351 0
1040 0
595 0
1755 0
1138 0
488 1
1854 0
1012 0
1498 0
835 0
1267 0
1032 0
901 0
4015 0
113 0
152 1
342 0
862 0
1419 0
341 0
1056 0
64 1
2753 0
1473 0
881 0
45 0
405 0
507 1
1173 0
1963 0
309 0
1258 0
824 0
120 1
1148 1
254 2
392 1
1321 0
813 0
2602 0
644 0
851 0
1820 0
399 0
1811 0
436 0
1342 1
1802 0
1968 0
94 1
213 0
2775 0
1450 0
4009 0
4065 0
2668 0
568 1
1129 0
791 0
1143 0
1355 0
916 0
386 0
1961 0
1457 1
200 0
1261 0
1352 0
329 0
525 1
27 2
787 1
1902 0
161 0
1561 0
3909 0
1866 0
2001 0
1310 0
109 1
2651 0
1239 0
2764 0
769 0
1181 0
1556 0
1809 0
803 0
2744 0
60 0
1766 0
1245 0
691 0
1067 0
1400 0
2615 0
3982 0
1676 0
1388 0
346 0
911 0
427 0
82 1
650 0
1154 0
2624 0
895 0
1763 0
69 1
1157 0
1910 0
2762 0
224 0
2711 0
1982 0
1006 0
2393 0
426 0
996 0
1435 0
1840 0
279 0
956 0
3933 0
498 1
629 0
483 0
1487 0
372 0
1540 0
2028 0
1330 0
1284 1
1606 1
99 2
1160 0
869 0
1592 0
1933 0
790 0
2022 0
533 0
2080 0
1122 0
1053 0
414 0
462 0
1770 0
2735 0
1209 0
263 0
991 0
931 0
615 0
476 0
1198 0
1626 0
1409 0
1077 0
293 0
1272 0
1299 0
1781 0
967 0
2157 0
322 0
635 0
575 0
1088 0
1835 0
1566 0
3850 0
979 0
3950 0
709 0
40 1
310 0
192 0
699 0
1115 0
960 0
818 0
1038 0
267 1
543 1
1892 0
1777 0
354 0
1064 0
2724 0
2517 0
757 0
9 2
2734 0
1217 0
1740 0
1600 0
603 0
2750 0
90 1
1850 0
565 0
1964 0
850 0
1004 0
891 0
2696 0
1360 0
233 0
1013 0
1490 0
316 0
1806 0
2025 0
1370 0
11 2
2649 0
842 0
511 0
899 0
2000 0
2689 0
199 1
1979 0
1899 0
1929 0
1948 0
795 1
794 0
944 0
1780 0
1113 0
674 0
1317 0
957 0
280 0
273 1
471 1
2596 0
1936 0
1325 0
131 1
1565 0
502 0
1286 0
314 0
1502 0
2638 0
1872 0
355 0
553 0
1252 0
2643 0
555 0
1037 0
37 0
855 1
195 0
2005 0
1788 0
679 0
680 0
831 0
1147 0
1960 0
1241 0
2783 0
1441 0
647 1
334 1
1206 0
1997 0
1027 0
423 0
1953 0
1139 0
1319 0
2757 0
1826 0
4043 0
1222 0
2036 0
174 1
820 0
1799 0
1571 0
422 0
905 0
1194 0
1552 0
41 1
52 2
1451 0
302 1
866 0
1453 0
770 0
593 0
188 1
402 1
1940 0
1097 0
641 1
838 0
2664 0
616 1
640 0
870 0
1121 1
1384 0
896 1
1464 0
2165 0
1494 0
777 1
2018 0
1906 0
464 1
2011 0
1891 0
6 2
2768 0
562 1
1304 0
1102 0
183 1
362 0
439 0
1379 0
1593 0
2607 0
705 0
407 0
18 1
912 0
376 0
785 0
1432 0
1930 0
599 0
1167 0
1393 0
609 0
587 1
1235 0
95 1
298 2
923 0
243 0
2682 0
148 1
753 1
1343 0
2655 0
726 0
2703 0
106 0
2611 0
964 0
157 0
65 2
2009 0
1909 0
935 0
203 1
2627 0
3576 0
1213 0
1023 0
81 2
2742 0
1199 0
1300 0
624 0
86 1
2598 0
1158 0
371 1
656 0
204 0
1041 0
1990 0
435 1
814 0
1412 0
884 0
339 1
228 0
749 0
268 0
829 0
345 1
596 0
1297 0
1521 0
1862 0
613 0
1082 0
121 0
1066 1
952 0
2691 0
487 1
494 0
1071 0
1956 0
2778 0
238 1
873 0
253 1
448 1
2631 0
63 2
1637 0
179 0
1532 0
713 0
1334 0
1784 0
938 1
1679 0
3882 0
4016 0
1830 0
1262 0
3917 0
1290 0
1527 0
1132 0
929 0
1925 0
547 1
631 0
1616 0
1583 0
396 0
258 0
1422 0
482 0
2620 0
949 0
499 0
1047 0
1055 0
1276 0
141 0
909 0
2618 0
1124 0
1230 0
75 1
2588 0
1917 0
1163 0
450 1
1405 0
1060 0
3590 0
2126 0
900 0
318 0
972 0
473 0
3 3
1774 0
248 0
146 1
1351 0
802 0
356 0
2720 0
3924 0
2063 0
528 0
164 1
3897 0
807 0
2678 0
2632 0
1049 0
882 0
1050 0
1488 0
560 0
798 0
898 0
2725 0
1031 0
1273 0
451 1
454 0
2616 0
1364 0
1408 0
634 0
2721 0
578 1
695 0
978 0
325 0
378 0
889 0
1233 0
540 0
1162 0
211 1
684 0
2073 0
861 0
337 1
76 1
1924 0
2718 0
982 0
571 1
1214 0
1190 0
389 1
1660 0
1171 0
1345 0
966 0
1123 0
992 1
236 0
1954 0
758 0
218 0
706 0
14 1
2587 0
1608 0
234 0
594 0
1438 0
1903 0
2767 0
1778 0
1859 0
160 0
98 2
2776 0
1278 0
1048 0
2434 0
1381 0
1000 0
43 2
1061 0
3955 0
193 1
288 0
119 2
1555 0
586 0
410 0
999 0
1180 0
430 0
1185 0
447 0
1446 0
1315 0
1130 0
415 0
189 1
1292 0
480 1
107 1
1871 0
438 0
1153 0
87 2
1022 0
953 0
2704 0
221 2
3176 0
1424 0
417 1
1762 0
784 0
260 0
1844 0
1530 0
762 0
1144 0
734 0
2621 0
144 0
1440 0
381 0
1814 0
906 0
1349 0
177 0
373 0
773 0
1247 0
22 2
205 0
1309 0
1576 0
1260 0
874 0
975 0
493 0
1911 0
1436 0
1591 0
1320 0
1026 0
2752 0
1390 0
1993 0
1893 0
1499 0
1469 0
534 0
919 0
400 0
746 0
744 0
1268 0
633 0
1372 0
151 1
2023 0
1977 0
1825 0
1952 0
1285 0
287 0
475 1
932 1
2595 0
1549 0
1959 0
515 1
1242 0
2761 0
138 2
1208 0
1107 0
1874 0
1803 0
724 0
1201 0
519 0
1195 0
17 0
1327 0
1274 0
2667 0
110 0
333 0
1995 0
4040 0
2210 0
646 1
2780 0
446 0
1220 0
1582 0
1599 0
1149 0
2652 0
2695 0
1288 0
810 0
1238 0
33 2
1587 0
1559 0
7 2
1793 0
227 0
1860 0
1937 0
255 2
264 1
806 0
1885 0
182 1
1817 0
2707 0
556 0
717 1
3998 0
815 0
671 0
1511 0
167 1
692 0
1605 0
663 1
1907 0
854 0
1945 0
969 0
1174 0
1946 0
510 1
393 1
1501 0
658 0
274 1
549 0
877 0
1508 0
1771 0
1128 0
3930 0
946 0
1520 0
303 1
250 0
2644 0
1361 0
614 0
1765 0
2963 0
130 2
53 1
1373 0
1465 0
1302 0
1397 0
941 1
583 0
1879 0
1824 0
1869 0
591 0
832 0
3916 0
828 0
276 1
102 1
1920 0
1831 0
2639 0
1218 0
1404 0
1543 0
259 1
424 0
163 1
4070 0
3898 0
1106 0
1402 0
1836 0
1531 0
2731 0
1841 0
347 0
1333 0
2738 0
434 0
1184 0
865 0
2770 0
442 0
1577 0
1572 0
689 0
886 0
1116 0
1329 0
727 0
320 0
939 0
2619 0
811 0
249 1
465 0
819 1
1189 0
1177 0
1127 0
894 0
1298 0
858 0
140 0
1900 0
385 0
954 0
1479 0
1359 0
801 0
971 0
754 0
479 1
847 0
1166 0
1563 0
1003 0
1378 0
1054 0
1800 0
619 0
698 0
621 0
524 0
2714 0
598 1
780 0
240 1
1433 0
230 0
115 1
377 0
2050 0
602 0
922 0
1311 0
2741 0
2628 0
1072 0
1787 0
1394 0
612 0
2772 0
936 1
1391 0
1277 0
701 1
214 1
564 1
3951 0
2708 0
2789 0
731 1
1967 0
2779 0
657 0
2139 0
1865 0
1783 0
768 0
1928 0
1092 0
503 0
1756 0
338 1
761 0
1996 0
576 0
1775 0
738 0
1415 0
484 1
1036 0
1078 0
1243 0
1265 0
544 0
623 0
1196 0
1114 0
328 0
239 0
122 1
2635 0
269 0
628 0
878 0
1223 0
363 0
2277 0
733 1
630 1
997 0
1449 0
608 0
4062 0
1234 0
1314 0
2748 0
1798 0
125 1
522 0
1632 0
44 2
1423 0
667 1
1188 0
2008 0
714 0
1280 0
1564 0
313 1
2017 0
2663 0
2661 0
1324 0
397 0
2717 0
1191 0
459 0
823 0
1495 0
771 0
401 1
186 1
2688 0
1797 0
1119 0
1914 0
1919 0
2756 0
1938 0
915 0
1986 0
1456 0
404 0
2606 0
516 0
2004 0
1813 0
1551 0
702 0
2297 0
561 0
357 0
1307 0
1812 0
4008 0
1941 0
1769 0
455 0
1875 0
297 1
963 0
2612 0
2031 0
1889 0
2692 0
2646 0
10 3
1596 0
980 0
550 0
2697 0
1081 0
958 0
1569 0
592 0
1978 0
173 0
530 1
66 0
2709 0
2675 0
470 1
2026 0
1524 0
3130 0
793 0
1287 0
1205 0
654 0
283 1
156 1
3993 0
59 2
1971 0
1226 0
1949 0
1256 0
1853 0
864 0
219 1
1016 0
799 0
925 0
1896 0
390 1
1042 0
1515 0
38 1
1955 0
196 1
945 0
1169 0
206 1
118 1
959 0
1674 0
331 0
358 0
1065 0
1659 0
2746 0
737 0
767 0
84 0
1020 0
4068 0
437 0
194 0
1768 0
2749 0
220 0
1312 0
1021 0
1263 0
934 0
1989 0
4035 0
948 0
572 0
1398 0
226 1
527 0
1430 0
1145 1
1870 0
1448 0
62 0
833 0
1573 0
1472 0
2743 0
2020 0
548 0
1110 0
1999 0
2622 0
1772 0
418 1
783 0
933 0
1357 0
348 0
49 1
789 0
1090 0
993 0
627 1
1308 0
715 0
1934 0
1916 0
2201 0
23 1
364 1
388 1
3931 0
1425 0
950 0
2680 0
1445 0
1845 0
1025 0
1992 0
1842 0
1466 0
485 1
778 1
2143 0
720 0
1270 0
460 0
324 0
1389 0
244 0
637 0
752 0
3854 0
2679 0
1232 0
1607 1
379 1
1386 0
1536 0
1035 0
3893 0
452 1
579 0
295 1
1894 0
535 1
77 1
683 0
541 0
1215 0
3890 0
765 0
897 0
312 0
1628 0
1002 0
237 0
370 0
2722 0
567 1
2610 0
416 0
3212 0
914 0
380 0
100 2
1279 0
300 1
965 0
2079 0
1395 0
286 1
1075 1
800 1
1365 0
1407 0
496 0
605 0
1779 0
1568 0
607 0
1807 0
42 1
759 0
1228 0
1073 0
235 1
2591 0
694 0
3860 0
816 0
1062 0
296 1
265 0
171 1
2609 0
445 1
1339 0
2687 0
4002 0
2012 0
582 0
1884 0
1858 0
557 0
718 0
1581 0
1604 0
1507 0
2726 0
441 0
868 0
672 0
1140 0
275 1
983 0
2035 0
197 1
2208 0
853 0
751 0
1500 0
3356 0
2167 0
1980 0
2136 0
2275 0
2685 0
1295 0
677 0
1111 0
907 0
1868 0
1210 0
590 0
664 0
1790 0
617 0
79 1
3943 0
1420 0
352 1
126 2
251 1
1034 0
1594 0
369 1
1533 0
1548 0
651 0
176 0
947 0
1823 0
256 0
920 0
428 0
887 0
72 0
500 1
1221 0
1496 0
1757 0
1200 0
918 0
2781 0
1413 0
1275 0
1108 0
1598 0
1014 0
2760 0
843 0
1856 0
1491 0
1362 0
1804 0
632 1
1371 0
394 0
610 0
514 0
2659 0
725 0
3921 0
513 0
50 1
2645 0
1994 0
2633 0
797 0
1136 0
1175 0
1236 0
1326 0
645 0
1382 0
1176 0
1452 0
1039 0
1815 0
2384 0
2637 0
1005 0
28 2
589 0
1337 0
215 0
687 0
150 0
245 1
2604 0
826 0
1344 0
2666 0
332 1
1099 0
1965 0
745 0
34 3
2653 0
2656 0
2082 0
1410 0
2613 0
620 0
2693 0
1434 0
2713 0
2625 0
3400 0
1045 0
937 0
1619 0
16 1
730 0
921 0
1069 0
1224 0
368 0
4007 0
994 0
611 0
1786 0
849 0
492 0
2740 0
208 1
2788 0
93 1
292 0
2773 0
4039 0
291 0
374 0
114 0
2790 0
1306 0
429 0
1939 0
1328 0
409 0
73 1
1091 0
67 1
241 1
1958 0
812 0
1962 0
489 0
585 0
327 0
1392 0
1970 0
1080 0
1281 0
732 0
1864 0
1603 0
622 0
970 0
24 1
1416 0
2771 0
2759 0
104 0
1558 0
1237 0
1635 0
1513 0
1264 0
159 1
747 0
1633 0
47 1
1942 0
1427 0
1017 0
270 0
1057 0
538 0
1602 0
521 0
2007 0
1332 0
162 1
1923 0
880 0
433 0
1912 0
1399 0
786 1
986 0
740 0
1117 1
1008 0
103 2
201 1
871 0
1401 0
719 0
902 0
827 0
266 0
1353 0
1219 0
97 2
668 0
688 0
750 0
774 1
1126 0
910 0
693 0
1341 0
2701 0
2684 0
893 0
1915 0
2737 0
83 0
804 0
1385 0
2672 0
1818 0
962 0
755 1
1837 0
143 2
1403 0
1051 0
497 0
518 0
1211 0
2852 0
2732 0
411 0
169 0
2155 0
1542 0
478 0
384 0
398 0
836 0
2016 0
955 0
942 1
1376 0
1888 0
2030 0
2647 0
1595 0
190 1
1808 0
822 0
601 0
231 1
779 0
551 0
504 0
343 1
697 0
981 0
3894 0
857 0
1010 0
707 0
1966 0
261 2
1782 0
2698 0
321 1
792 0
1079 0
1248 0
1590 0
3980 0
924 0
4064 0
760 0
863 0
2027 0
531 0
2469 0
172 0
4045 0
2594 0
1366 0
223 0
721 0
1897 0
1043 0
1255 0
282 0
669 0
2660 0
420 1
1852 0
639 0
989 0
1348 0
577 0
1137 0
1227 0
1417 0
216 1
852 0
643 0
1951 0
2766 0
1120 0
1794 0
1187 0
2636 0
676 0
1251 0
277 1
1192 0
879 0
2640 0
2700 0
1183 0
1444 0
2747 0
1883 0
1846 0
2671 0
133 1
123 1
304 0
2600 0
1828 0
2605 0
56 2
1369 0
1151 0
54 2
306 0
1204 0
70 3
839 0
166 0
88 1
1578 0
1009 0
30 0
403 0
466 0
134 1
618 0
848 0
1829 0
1904 0
1761 0
1918 0
2755 0
1323 0
1455 0
2662 0
1492 0
703 1
1134 0
1377 0
2861 0
1461 0
185 0
4 3
2716 0
1985 0
2669 0
2003 0
