127 17
1801 3
71 17
1648 3
1178 10
1387 8
512 14
1932 4
463 18
517 8
458 11
2634 3
1785 6
1250 5
1363 4
722 9
1109 12
4060 3
1597 5
728 7
3919 3
1244 5
742 13
29 31
350 12
1969 5
58 29
153 18
2754 4
1546 7
101 33
340 12
311 13
825 8
917 10
495 14
1322 6
4018 3
1172 8
2699 3
1259 5
834 6
285 17
1216 6
3879 3
1135 8
2002 4
1203 6
96 41
1068 7
486 16
1354 3
569 12
8 26
1396 6
686 9
1760 6
2033 5
391 15
943 10
2676 3
1887 4
2907 3
1375 7
180 18
1585 6
1877 4
246 15
2705 4
690 6
1168 5
61 27
536 13
1767 6
2237 4
1266 5
2654 3
1458 8
444 14
508 14
1336 6
39 31
3260 3
1089 5
558 8
12 24
1554 7
573 9
2710 4
1084 6
638 8
875 10
1 66
116 21
136 21
506 20
1197 6
1580 6
661 13
2719 3
1935 5
2690 3
581 16
2727 3
308 7
678 8
3862 3
2808 3
3004 3
1975 5
1973 5
1991 5
927 8
301 20
51 36
1758 6
1822 4
456 15
2745 4
652 7
1033 9
2034 5
3851 3
2029 5
796 11
366 15
844 6
2723 3
272 15
775 16
20 36
888 5
1983 5
1011 10
1754 5
1161 6
1019 5
700 9
1927 5
78 33
1380 6
2853 3
990 9
413 14
294 18
1442 7
349 10
764 11
3970 3
1981 4
2081 4
1383 6
606 20
137 36
1414 4
1855 4
432 11
666 15
860 9
1074 8
1063 7
1567 6
1776 6
708 13
2589 3
1601 5
710 7
323 10
856 12
2142 4
1834 5
112 15
545 11
191 24
2733 3
187 13
588 13
756 10
1283 7
262 14
1944 5
212 23
1331 6
2590 4
542 19
1305 6
961 6
2686 3
574 7
170 27
1921 4
660 12
26 36
977 10
2250 4
566 8
526 15
1901 4
4067 3
359 11
2765 4
1229 8
108 22
604 9
2608 3
2614 4
1001 9
232 21
477 9
1338 6
2623 5
1182 8
225 16
207 16
1447 7
142 28
330 26
48 25
1857 5
360 14
1988 5
1076 8
766 10
449 15
1574 4
1579 6
659 9
2763 4
2774 4
1141 6
682 12
353 10
375 10
984 8
1155 5
1485 4
788 10
128 26
501 7
1313 6
278 17
1617 4
490 21
1843 5
2650 4
155 20
387 12
1913 4
2626 5
1112 7
626 12
1294 4
461 9
2712 3
1426 5
1562 5
257 17
1358 5
782 9
951 8
85 18
809 10
1156 5
1557 6
1486 5
425 20
736 7
539 8
781 12
1950 4
520 8
2782 3
2037 5
532 7
1193 6
55 28
1890 4
1681 6
57 42
872 8
1146 9
395 22
89 31
175 25
584 10
988 10
35 44
1550 7
1421 5
1454 7
665 9
2758 3
1207 9
3960 3
2641 3
2670 3
1584 4
904 7
930 6
649 6
1318 6
642 10
648 12
2006 5
1764 6
1028 4
1589 6
198 21
1098 6
1059 8
2683 3
913 8
2019 5
202 13
361 23
184 19
776 12
1819 4
2183 3
1459 6
2673 4
1269 7
412 16
181 24
307 18
830 6
1463 6
154 15
2062 3
1101 7
704 13
326 10
1462 6
1165 8
681 16
335 9
1029 5
2715 3
5 48
2105 4
1957 3
554 11
2657 3
552 11
1867 5
74 22
890 10
440 12
1926 3
1289 4
299 16
2024 5
1282 9
841 7
1898 6
1044 9
1350 5
91 24
1240 7
467 9
481 13
474 12
867 7
1976 4
817 8
563 11
2751 4
229 16
673 10
68 49
315 22
1827 5
1947 4
1347 7
222 26
25 47
305 26
1253 5
928 8
1644 3
1526 5
217 19
281 7
158 35
46 20
1316 6
1851 5
1418 5
36 25
1368 7
748 9
472 14
1943 4
317 19
711 7
132 27
1791 3
1254 6
892 10
546 7
2769 3
1428 7
537 14
1018 6
1125 7
4072 3
1007 10
1443 7
741 14
1833 5
998 5
1186 7
3119 3
1789 5
3880 3
529 12
1545 8
1838 5
1058 7
1773 5
3883 3
987 11
1150 8
1335 6
908 7
284 23
1340 5
903 7
247 17
165 14
289 16
729 7
2 57
808 10
845 6
1847 5
1231 7
1249 6
147 27
973 10
1046 10
1142 6
1291 7
2599 3
2601 3
319 13
2857 3
1179 9
1052 8
1922 3
735 10
1493 4
974 8
2629 4
1271 6
344 12
636 18
1710 6
1406 6
1133 7
209 23
1905 5
1118 7
1575 5
117 21
80 24
600 12
336 16
457 13
1301 6
821 12
696 8
383 19
1873 4
1431 6
92 18
1489 6
1212 7
2253 4
1164 5
505 15
2739 4
670 10
1094 6
419 9
995 6
837 6
1225 6
290 21
625 12
149 29
712 12
210 20
406 21
19 36
2702 4
1030 5
365 15
2730 3
763 9
2593 3
2021 5
1895 4
570 18
1880 7
252 22
1159 6
883 7
655 9
421 17
1998 4
1367 7
271 13
1024 7
1070 8
491 9
1863 5
13 35
105 26
1514 5
840 7
597 8
111 24
1411 4
408 11
1480 6
2777 3
242 10
559 7
32 54
443 17
1795 5
580 7
1257 5
846 7
31 43
1861 5
2706 3
1296 7
1553 9
2161 4
1303 6
968 9
675 7
15 18
431 12
382 14
1506 6
4026 3
139 14
129 12
926 9
1246 5
859 9
739 10
1293 6
876 10
1792 5
2890 3
662 12
168 21
135 30
3913 3
145 25
178 26
2674 3
1131 5
2728 3
772 7
1876 4
124 22
1759 6
1429 5
1974 3
2032 5
1374 7
653 7
2677 3
509 15
1015 6
976 8
367 12
716 10
1886 4
1972 5
940 9
685 7
743 11
21 52
523 16
2377 4
3975 3
1460 7
453 14
723 9
2500 4
1202 7
3895 3
351 15
1040 6
595 9
1755 4
1138 5
488 12
1854 4
1012 8
1498 4
835 9
1267 5
1032 6
901 8
4015 3
113 27
152 26
342 10
862 8
1419 4
341 11
1056 7
64 14
2753 4
1473 7
881 8
45 20
405 8
507 16
1173 8
1963 5
309 14
1258 5
824 6
120 24
1148 10
254 28
392 17
1321 6
813 9
2602 4
644 10
851 8
1820 5
399 12
1811 5
436 11
1342 8
1802 4
1968 4
94 32
213 21
2775 3
1450 7
4009 3
4065 3
2668 3
568 11
1129 8
791 11
1143 9
1355 5
916 9
386 16
1961 5
1457 8
200 14
1261 5
1352 5
329 13
525 15
27 42
787 10
1902 4
161 27
1561 5
3909 3
1866 4
2001 5
1310 6
109 39
2651 3
1239 4
2764 3
769 10
1181 9
1556 6
1809 4
803 7
2744 3
60 29
1766 5
1245 6
691 6
1067 5
1400 6
2615 3
3982 3
1676 5
1388 6
346 14
911 10
427 11
82 23
650 8
1154 7
2624 3
895 8
1763 6
69 20
1157 4
1910 6
2762 3
224 10
2711 3
1982 5
1006 9
2393 4
426 10
996 6
1435 7
1840 4
279 12
956 7
3933 3
498 18
629 14
483 15
1487 4
372 12
1540 6
2028 5
1330 6
1284 10
1606 8
99 38
1160 7
869 7
1592 5
1933 5
790 12
2022 4
533 8
2080 3
1122 5
1053 6
414 10
462 9
1770 6
2735 3
1209 6
263 15
991 8
931 9
615 7
476 9
1198 5
1626 5
1409 5
1077 7
293 17
1272 7
1299 6
1781 6
967 8
2157 4
322 16
635 10
575 7
1088 6
1835 4
1566 5
3850 3
979 7
3950 3
709 10
40 32
310 12
192 21
699 14
1115 11
960 6
818 12
1038 7
267 20
543 14
1892 5
1777 6
354 11
1064 9
2724 3
2517 4
757 10
9 43
2734 4
1217 6
1740 6
1600 6
603 12
2750 3
90 29
1850 4
565 12
1964 4
850 8
1004 7
891 13
2696 3
1360 5
233 22
1013 8
1490 6
316 14
1806 5
2025 5
1370 8
11 37
2649 3
842 6
511 11
899 7
2000 5
2689 3
199 22
1979 5
1899 3
1929 4
1948 5
795 15
794 8
944 8
1780 6
1113 8
674 14
1317 4
957 8
280 19
273 22
471 17
2596 3
1936 4
1325 5
131 28
1565 5
502 15
1286 8
314 13
1502 6
2638 3
1872 4
355 14
553 10
1252 5
2643 4
555 14
1037 8
37 25
855 12
195 26
2005 4
1788 4
679 11
680 10
831 10
1147 9
1960 3
1241 7
2783 4
1441 6
647 17
334 15
1206 7
1997 4
1027 6
423 12
1953 3
1139 6
1319 6
2757 4
1826 4
4043 3
1222 7
2036 5
174 29
820 9
1799 4
1571 5
422 12
905 8
1194 6
1552 7
41 22
52 33
1451 7
302 20
866 10
1453 7
770 9
593 9
188 27
402 14
1940 4
1097 6
641 12
838 6
2664 4
616 11
640 9
870 10
1121 10
1384 6
896 13
1464 7
2165 4
1494 6
777 15
2018 5
1906 4
464 16
2011 4
1891 3
6 52
2768 3
562 16
1304 5
1102 6
183 32
362 14
439 11
1379 6
1593 5
2607 3
705 10
407 15
18 34
912 8
376 16
785 9
1432 6
1930 4
599 9
1167 5
1393 5
609 8
587 14
1235 7
95 23
298 21
923 6
243 13
2682 3
148 21
753 14
1343 8
2655 4
726 6
2703 3
106 30
2611 5
964 5
157 13
65 50
2009 5
1909 4
935 11
203 26
2627 3
3576 3
1213 7
1023 8
81 29
2742 4
1199 5
1300 5
624 10
86 35
2598 3
1158 6
371 20
656 11
204 8
1041 5
1990 4
435 16
814 10
1412 6
884 8
339 22
228 13
749 7
268 19
829 6
345 19
596 15
1297 6
1521 5
1862 4
613 15
1082 6
121 27
1066 9
952 8
2691 3
487 17
494 11
1071 5
1956 5
2778 3
238 23
873 11
253 23
448 21
2631 5
63 38
1637 5
179 10
1532 5
713 12
1334 6
1784 6
938 11
1679 4
3882 3
4016 3
1830 4
1262 5
3917 3
1290 6
1527 6
1132 7
929 8
1925 4
547 19
631 11
1616 3
1583 5
396 12
258 14
1422 6
482 14
2620 3
949 9
499 11
1047 9
1055 6
1276 5
141 20
909 7
2618 3
1124 6
1230 8
75 30
2588 3
1917 6
1163 7
450 21
1405 6
1060 7
3590 3
2126 4
900 10
318 13
972 11
473 9
3 62
1774 6
248 21
146 28
1351 4
802 6
356 14
2720 3
3924 3
2063 4
528 10
164 28
3897 3
807 10
2678 4
2632 3
1049 6
882 7
1050 7
1488 5
560 7
798 10
898 9
2725 3
1031 9
1273 5
451 18
454 13
2616 4
1364 5
1408 4
634 10
2721 3
578 13
695 10
978 7
325 15
378 7
889 9
1233 5
540 15
1162 4
211 21
684 12
2073 4
861 6
337 21
76 24
1924 4
2718 3
982 5
571 16
1214 6
1190 4
389 18
1660 5
1171 6
1345 5
966 8
1123 5
992 11
236 24
1954 4
758 8
218 24
706 14
14 33
2587 5
1608 5
234 14
594 12
1438 6
1903 4
2767 3
1778 6
1859 5
160 16
98 26
2776 3
1278 6
1048 5
2434 4
1381 8
1000 6
43 39
1061 7
3955 3
193 24
288 19
119 29
1555 7
586 16
410 9
999 8
1180 8
430 13
1185 8
447 14
1446 6
1315 6
1130 7
415 12
189 22
1292 5
480 16
107 23
1871 4
438 9
1153 6
87 36
1022 7
953 6
2704 3
221 27
3176 3
1424 5
417 18
1762 6
784 8
260 19
1844 5
1530 5
762 9
1144 7
734 11
2621 3
144 19
1440 4
381 14
1814 4
906 4
1349 7
177 23
373 13
773 12
1247 6
22 36
205 16
1309 6
1576 6
1260 7
874 11
975 11
493 14
1911 4
1436 4
1591 6
1320 7
1026 8
2752 3
1390 7
1993 3
1893 4
1499 5
1469 5
534 8
919 9
400 12
746 9
744 14
1268 7
633 8
1372 7
151 24
2023 5
1977 4
1825 4
1952 5
1285 8
287 12
475 13
932 13
2595 3
1549 5
1959 4
515 19
1242 5
2761 3
138 30
1208 8
1107 6
1874 5
1803 4
724 8
1201 6
519 10
1195 8
17 20
1327 6
1274 7
2667 3
110 27
333 16
1995 4
4040 3
2210 4
646 13
2780 4
446 15
1220 9
1582 5
1599 7
1149 8
2652 3
2695 3
1288 4
810 13
1238 5
33 31
1587 6
1559 4
7 44
1793 5
227 14
1860 4
1937 3
255 21
264 26
806 7
1885 3
182 22
1817 4
2707 4
556 6
717 13
3998 3
815 9
671 6
1511 6
167 30
692 8
1605 6
663 15
1907 5
854 9
1945 5
969 9
1174 6
1946 4
510 20
393 15
1501 4
658 10
274 17
549 7
877 10
1508 5
1771 6
1128 7
3930 3
946 9
1520 5
303 19
250 15
2644 4
1361 7
614 7
1765 6
2963 3
130 24
53 27
1373 3
1465 6
1302 4
1397 5
941 13
583 10
1879 6
1824 5
1869 4
591 12
832 6
3916 3
828 6
276 14
102 29
1920 4
1831 4
2639 3
1218 7
1404 6
1543 6
259 21
424 9
163 24
4070 3
3898 3
1106 9
1402 5
1836 5
1531 5
2731 3
1841 4
347 16
1333 6
2738 4
434 11
1184 9
865 7
2770 4
442 15
1577 5
1572 4
689 7
886 6
1116 8
1329 6
727 7
320 11
939 8
2619 4
811 10
249 29
465 9
819 14
1189 6
1177 7
1127 5
894 10
1298 6
858 10
140 25
1900 5
385 12
954 9
1479 6
1359 6
801 8
971 8
754 7
479 17
847 7
1166 8
1563 3
1003 8
1378 6
1054 7
1800 4
619 9
698 10
621 7
524 11
2714 3
598 15
780 8
240 21
1433 6
230 13
115 30
377 14
2050 4
602 5
922 6
1311 6
2741 4
2628 3
1072 8
1787 5
1394 7
612 13
2772 3
936 13
1391 7
1277 5
701 16
214 23
564 18
3951 3
2708 4
2789 4
731 14
1967 5
2779 4
657 12
2139 4
1865 4
1783 6
768 9
1928 5
1092 4
503 9
1756 6
338 22
761 9
1996 5
576 8
1775 6
738 13
1415 6
484 15
1036 10
1078 9
1243 5
1265 7
544 17
623 11
1196 7
1114 7
328 8
239 15
122 27
2635 3
269 21
628 14
878 9
1223 7
363 11
2277 4
733 12
630 10
997 6
1449 6
608 8
4062 3
1234 6
1314 4
2748 4
1798 4
125 19
522 12
1632 5
44 34
1423 5
667 16
1188 8
2008 5
714 14
1280 8
1564 6
313 16
2017 5
2663 4
2661 4
1324 4
397 9
2717 4
1191 5
459 10
823 10
1495 6
771 11
401 12
186 25
2688 3
1797 4
1119 8
1914 5
1919 5
2756 4
1938 5
915 9
1986 5
1456 7
404 12
2606 3
516 14
2004 5
1813 5
1551 6
702 11
2297 3
561 9
357 12
1307 6
1812 5
4008 3
1941 4
1769 7
455 12
1875 5
297 17
963 10
2612 3
2031 5
1889 3
2692 4
2646 3
10 44
1596 4
980 5
550 6
2697 3
1081 6
958 6
1569 4
592 12
1978 4
173 10
530 14
66 29
2709 3
2675 3
470 17
2026 5
1524 6
3130 3
793 12
1287 8
1205 6
654 7
283 17
156 21
3993 3
59 35
1971 3
1226 7
1949 4
1256 4
1853 4
864 5
219 24
1016 6
799 14
925 6
1896 4
390 22
1042 9
1515 4
38 31
1955 5
196 16
945 6
1169 7
206 31
118 24
959 6
1674 4
331 16
358 14
1065 10
1659 3
2746 4
737 8
767 9
84 24
1020 7
4068 3
437 7
194 9
1768 7
2749 3
220 18
1312 6
1021 8
1263 6
934 9
1989 5
4035 3
948 6
572 9
1398 6
226 19
527 12
1430 6
1145 9
1870 4
1448 7
62 20
833 7
1573 4
1472 5
2743 3
2020 5
548 16
1110 8
1999 4
2622 3
1772 6
418 22
783 10
933 10
1357 7
348 14
49 21
789 11
1090 7
993 6
627 14
1308 3
715 10
1934 3
1916 6
2201 3
23 38
364 11
388 21
3931 3
1425 5
950 7
2680 3
1445 7
1845 5
1025 5
1992 5
1842 4
1466 6
485 17
778 14
2143 4
720 11
1270 6
460 14
324 13
1389 8
244 16
637 16
752 16
3854 3
2679 4
1232 7
1607 8
379 18
1386 8
1536 7
1035 7
3893 3
452 16
579 12
295 26
1894 5
535 14
77 30
683 15
541 11
1215 6
3890 3
765 10
897 12
312 13
1628 3
1002 6
237 8
370 14
2722 4
567 14
2610 4
416 15
3212 3
914 8
380 14
100 33
1279 8
300 18
965 7
2079 4
1395 7
286 18
1075 9
800 12
1365 8
1407 4
496 9
605 15
1779 6
1568 5
607 11
1807 4
42 31
759 9
1228 8
1073 10
235 23
2591 4
694 11
3860 3
816 6
1062 7
296 20
265 11
171 16
2609 3
445 15
1339 6
2687 3
4002 3
2012 3
582 10
1884 3
1858 5
557 7
718 11
1581 5
1604 8
1507 5
2726 4
441 16
868 7
672 10
1140 6
275 22
983 7
2035 5
197 23
2208 4
853 9
751 8
1500 6
3356 3
2167 4
1980 5
2136 4
2275 4
2685 3
1295 6
677 7
1111 5
907 7
1868 5
1210 8
590 12
664 10
1790 4
617 7
79 30
3943 3
1420 5
352 14
126 21
251 15
1034 8
1594 4
369 14
1533 5
1548 4
651 8
176 16
947 6
1823 4
256 12
920 8
428 6
887 8
72 19
500 14
1221 8
1496 5
1757 6
1200 6
918 8
2781 4
1413 5
1275 6
1108 10
1598 5
1014 8
2760 3
843 7
1856 4
1491 5
1362 4
1804 4
632 12
1371 6
394 19
610 12
514 9
2659 3
725 8
3921 3
513 9
50 43
2645 4
1994 5
2633 4
797 11
1136 7
1175 5
1236 5
1326 6
645 15
1382 7
1176 7
1452 7
1039 7
1815 5
2384 4
2637 3
1005 8
28 38
589 12
1337 6
215 26
687 10
150 22
245 17
2604 3
826 6
1344 5
2666 3
332 21
1099 6
1965 3
745 11
34 29
2653 3
2656 3
2082 4
1410 5
2613 4
620 8
2693 4
1434 5
2713 3
2625 3
3400 3
1045 8
937 10
1619 3
16 27
730 9
921 8
1069 5
1224 8
368 18
4007 3
994 6
611 12
1786 5
849 11
492 13
2740 4
208 29
2788 3
93 38
292 11
2773 3
4039 3
291 12
374 17
114 18
2790 4
1306 5
429 12
1939 4
1328 6
409 9
73 25
1091 5
67 33
241 22
1958 4
812 8
1962 5
489 9
585 12
327 10
1392 7
1970 5
1080 7
1281 7
732 8
1864 4
1603 7
622 7
970 10
24 31
1416 4
2771 3
2759 3
104 21
1558 5
1237 6
1635 4
1513 6
1264 6
159 17
747 5
1633 4
47 51
1942 5
1427 6
1017 5
270 7
1057 7
538 11
1602 5
521 12
2007 5
1332 6
162 28
1923 4
880 10
433 12
1912 5
1399 4
786 12
986 9
740 9
1117 9
1008 10
103 34
201 19
871 11
1401 4
719 12
902 8
827 6
266 15
1353 5
1219 9
97 23
668 10
688 12
750 8
774 11
1126 4
910 8
693 11
1341 6
2701 3
2684 3
893 8
1915 5
2737 3
83 38
804 6
1385 8
2672 3
1818 4
962 10
755 13
1837 5
143 28
1403 5
1051 7
497 10
518 10
1211 7
2852 3
2732 3
411 18
169 11
2155 4
1542 6
478 17
384 9
398 11
836 8
2016 3
955 6
942 10
1376 7
1888 3
2030 5
2647 3
1595 4
190 23
1808 4
822 11
601 6
231 20
779 7
551 8
504 16
343 22
697 12
981 5
3894 3
857 7
1010 8
707 11
1966 4
261 24
1782 6
2698 4
321 14
792 9
1079 6
1248 5
1590 5
3980 3
924 6
4064 3
760 10
863 5
2027 5
531 6
2469 4
172 23
4045 3
2594 3
1366 7
223 22
721 8
1897 3
1043 10
1255 5
282 12
669 9
2660 3
420 18
1852 4
639 12
989 7
1348 8
577 10
1137 5
1227 7
1417 6
216 27
852 11
643 9
1951 3
2766 4
1120 7
1794 5
1187 9
2636 3
676 6
1251 6
277 15
1192 6
879 7
2640 3
2700 4
1183 6
1444 7
2747 3
1883 5
1846 5
2671 4
133 29
123 29
304 16
2600 4
1828 5
2605 4
56 23
1369 7
1151 7
54 39
306 18
1204 6
70 40
839 6
166 15
88 36
1578 6
1009 9
30 24
403 15
466 11
134 32
618 8
848 15
1829 4
1904 4
1761 6
1918 6
2755 3
1323 7
1455 7
2662 4
1492 4
703 12
1134 8
1377 7
2861 3
1461 6
185 11
4 53
2716 4
1985 5
2669 3
2003 5
