127 1
71 1
1648 0
1481 0
2927 0
2266 0
3163 0
1178 0
2915 0
1387 0
512 1
1932 0
463 0
517 0
458 1
5887 0
1785 0
1250 0
1363 0
3588 0
722 1
2507 0
3051 0
1109 0
2067 0
1630 1
1597 0
4060 0
3109 0
4340 0
3185 0
728 0
1244 0
2154 0
4171 0
1638 0
742 1
29 2
350 0
4087 0
1969 0
6233 0
2203 0
58 2
4358 0
153 2
2932 0
2754 0
4086 0
1546 0
101 2
340 1
4003 0
311 0
3844 0
825 0
4012 0
917 0
3536 0
495 0
1703 0
1322 0
1816 0
4018 0
4293 0
2510 0
1172 0
1259 0
834 1
285 1
2976 0
4319 0
1216 0
3421 0
2194 0
2285 0
2274 0
3092 0
1135 0
2002 0
1203 0
2864 0
4198 0
4261 0
96 3
1068 0
2088 0
1667 0
3836 0
2114 0
486 1
2134 0
1354 1
4066 0
569 1
4213 0
8 4
2359 0
4269 0
3111 0
2045 0
1396 0
686 0
1760 0
3149 0
2033 0
391 1
4335 0
943 0
1887 0
2907 0
1375 0
180 0
4258 0
4097 0
1585 0
1877 0
2939 0
246 2
2705 0
4001 0
690 0
2227 0
1168 0
61 3
4102 0
4323 0
536 0
1767 0
5970 0
4094 0
4661 0
1653 0
2237 0
1688 0
2394 0
1266 1
1458 0
2958 0
444 0
4144 0
508 1
1336 0
4025 0
39 2
1089 0
558 1
12 3
3200 0
3036 0
1554 0
2168 0
4137 0
573 0
2710 0
1084 1
638 1
2350 0
875 0
2479 0
1522 1
1 5
506 0
136 0
116 2
1197 0
4184 0
1580 0
3274 0
2146 0
2419 0
2937 0
661 0
3157 0
2482 0
1935 0
2719 0
581 0
2727 0
308 0
4046 0
4200 0
678 0
4328 0
1517 0
6097 0
2808 0
3004 0
3025 0
1975 0
3676 0
2910 0
1973 0
1991 0
3027 0
927 0
301 1
4272 0
2302 0
51 2
1758 0
1822 0
456 0
2745 0
652 1
1033 0
4059 0
2736 0
2400 0
2258 0
2034 0
1539 0
2029 0
796 0
366 0
844 0
1541 0
2723 0
4218 0
272 1
3527 0
2343 0
775 1
2518 0
4113 0
3044 0
2108 0
20 2
888 0
1983 0
1011 1
3100 0
1754 0
4304 0
1627 0
4180 0
5940 0
4139 0
1161 0
468 1
2093 0
3030 0
1019 0
700 1
1927 0
78 1
2853 0
1380 1
294 0
990 1
413 2
1442 0
2218 0
1614 1
349 1
764 1
1743 0
2075 0
4109 0
1981 0
3638 0
3205 0
2081 0
606 0
1383 0
137 0
1414 0
3559 0
2522 0
1855 0
666 0
432 0
860 0
1074 0
4235 0
2308 0
1567 0
1063 0
1776 0
2565 0
3047 0
2158 0
2576 0
6220 0
3829 0
2362 0
708 1
2583 0
2796 0
2589 0
1601 0
710 0
2814 0
1656 0
323 1
856 0
2142 0
1834 0
1664 0
112 0
3211 0
545 2
191 2
2733 0
187 1
588 0
1684 0
756 0
2326 0
1283 0
262 2
1944 0
3089 0
212 1
2436 0
1331 0
4019 0
2590 0
2383 0
542 0
3114 0
6109 0
1305 0
961 0
2882 0
1662 0
3234 0
2099 1
2476 0
2988 0
574 1
170 2
660 0
1921 0
3217 0
26 2
2116 0
977 0
2250 0
526 0
566 2
4067 0
1901 0
359 0
2765 0
1229 1
2299 0
108 1
2820 0
604 0
1001 0
232 1
477 1
1338 0
3054 0
3458 0
1182 0
2623 0
225 1
1447 0
207 1
330 1
142 2
1510 0
48 3
1857 0
360 1
3170 0
3160 0
3279 0
3377 0
2321 0
1988 0
4128 0
3135 0
1076 1
3082 0
4356 0
766 0
449 1
1574 0
4243 0
1579 0
659 0
2763 0
2774 0
1141 1
682 0
6254 0
2971 0
353 1
375 1
2989 0
984 0
2409 0
2833 0
1155 0
4189 0
1485 0
788 0
128 2
3726 0
501 0
4115 0
1313 0
278 0
1617 0
3144 0
5944 0
490 1
1843 0
155 2
387 1
2626 0
1913 0
626 0
1112 0
1294 0
461 1
2712 0
1426 0
1562 0
257 1
1358 0
951 1
782 1
85 2
809 0
1156 0
2281 0
1557 0
425 1
3057 0
2056 0
736 0
2876 0
539 0
781 0
2847 0
3015 0
1950 0
1698 0
2865 0
520 1
2782 0
2037 0
532 1
1193 0
55 1
1890 0
3592 0
6281 0
6134 0
1681 0
57 1
872 2
1146 0
395 0
89 3
175 1
584 0
988 1
35 2
2295 0
1882 0
1550 0
1454 0
1421 0
4033 0
2827 0
665 0
2758 0
1476 0
2533 0
1207 1
1584 0
904 0
3848 0
930 0
1675 1
649 0
2972 0
2150 0
648 0
1318 0
642 0
2006 0
2245 0
1764 0
2130 0
1028 0
1908 0
1589 0
198 2
4291 0
2550 0
1718 0
1098 0
1059 0
6240 0
3003 0
913 0
3983 0
2019 0
6179 0
4313 0
202 1
361 1
184 1
776 0
1819 0
2183 0
1459 0
1570 0
1984 0
1269 0
412 0
181 1
307 1
1671 0
3472 0
4242 0
2041 0
1467 0
830 0
1463 1
154 1
2062 0
2893 0
4324 0
1101 1
2801 0
704 0
326 2
1165 0
1462 1
2886 0
2543 0
681 1
335 1
3062 0
1029 0
2715 0
5 2
2105 0
3455 0
4287 0
1957 0
554 0
552 1
1867 0
4006 0
1623 0
2505 0
74 1
440 0
890 0
1926 0
1289 0
299 1
2024 0
2525 0
1282 0
6113 0
1694 0
841 0
1898 0
1044 1
1350 0
1751 0
4029 0
91 1
2137 0
4116 0
1240 0
2815 0
3079 0
467 0
2121 0
474 0
481 1
867 1
1976 0
3669 0
817 0
563 0
2751 0
2919 0
3248 0
2953 0
4058 0
229 1
673 0
3489 0
4204 0
68 1
2059 0
4106 0
315 0
4842 0
2514 0
1827 0
4176 0
2366 0
2501 0
5961 0
1947 0
1347 0
3995 0
222 1
3350 0
2911 0
1504 0
25 1
2270 0
2418 0
3132 0
305 1
1253 0
928 0
1644 1
1526 0
4276 0
217 0
4076 0
1730 0
281 0
158 2
46 1
1316 0
1851 0
5535 0
1418 0
36 2
2263 0
4163 0
6259 0
1368 0
472 1
748 1
1655 0
1943 0
317 2
711 0
132 0
1791 0
1642 0
892 0
2180 0
1428 0
2071 0
546 0
2769 0
537 1
4081 0
1018 0
1125 0
2279 0
4072 0
1007 0
741 0
1443 1
6126 0
998 0
1186 0
2806 0
3119 0
3032 0
1789 1
2240 0
2076 0
3192 0
4294 0
529 0
4309 0
1545 0
1838 0
4222 0
1058 0
1773 0
2573 0
3166 0
6192 0
987 0
2984 0
1150 0
3988 0
4122 0
4314 0
3141 0
1535 0
4239 0
2390 0
4253 0
1335 0
908 0
4652 0
4847 0
4151 0
3127 0
284 1
1340 0
903 1
247 1
289 0
165 2
729 0
2119 0
2 5
4229 0
808 0
845 1
2125 0
2553 0
1847 0
1231 0
2979 0
1249 0
147 1
2446 0
973 1
2961 0
1046 1
1142 0
2095 0
1291 0
2601 0
2599 0
319 2
2960 0
2571 0
4021 0
5346 0
2857 0
1179 0
1052 0
4188 0
1922 0
735 0
4250 0
3048 0
1493 0
6105 0
2948 0
4298 0
974 0
1271 0
1668 0
1715 0
344 1
1613 0
4247 0
2103 0
2949 0
636 1
1710 0
1104 0
1406 0
2224 0
1133 1
6271 0
209 1
1905 0
4132 0
3203 0
1118 1
1575 0
117 3
2428 0
2207 0
4191 0
80 1
600 1
336 1
457 1
1301 0
821 0
696 0
383 0
2532 0
1873 0
1721 0
2497 0
2179 0
2172 0
1431 0
92 1
1489 1
3050 0
1212 0
2253 0
2433 0
1477 0
1727 0
1164 0
2922 0
5229 0
505 1
2739 0
670 1
4967 0
1094 0
419 0
995 0
2178 1
1225 0
837 1
2015 0
2909 0
290 1
6066 0
625 0
149 2
3208 0
210 2
712 1
406 1
2289 0
2560 0
2312 0
19 0
3096 0
2702 0
1030 0
365 1
2730 0
763 0
2593 0
6070 0
3196 0
2021 0
5948 0
1895 0
2920 0
6305 0
2038 0
570 1
1880 0
3123 0
4283 0
252 0
4063 0
1159 1
883 1
2048 0
655 0
3110 0
421 1
1998 0
2930 0
2332 0
6058 0
1367 0
271 1
1070 0
1024 1
3117 0
3174 0
2867 0
2871 0
491 0
1863 0
4332 0
13 1
2493 0
105 2
1514 0
4098 0
840 0
1647 0
597 0
111 1
1411 0
408 1
6206 0
1480 0
2777 0
242 1
559 1
1588 0
32 3
4138 0
443 2
2234 0
1795 0
580 0
2523 0
846 0
1257 0
31 2
1689 0
4093 0
1861 0
2307 0
2706 0
1296 0
1553 0
2161 0
4160 0
2897 0
4051 0
1303 0
2133 0
4195 0
1654 0
968 1
675 0
15 2
431 1
3016 0
382 1
2236 0
2846 0
1506 0
4208 0
4026 0
2855 0
4329 0
139 0
129 1
3008 0
926 0
2145 0
1246 0
859 1
4284 0
1083 1
739 0
1293 0
4000 0
876 0
3024 0
1792 0
2890 0
662 0
168 2
135 2
1518 0
145 0
178 2
1131 0
3156 0
2728 0
1876 0
3992 0
124 2
772 1
1759 0
1429 0
4259 0
1974 0
2032 0
2536 0
2483 0
1374 0
3026 0
6098 0
1528 1
2807 0
2303 0
653 2
1692 0
2259 0
4273 0
3064 0
509 1
1015 0
2212 0
367 1
976 0
716 1
1886 0
1821 0
1972 0
940 0
743 0
3589 0
685 0
2265 0
4169 0
21 2
523 1
4360 0
2129 0
1460 0
453 0
723 0
2500 0
1202 0
3162 0
351 2
1040 0
595 0
1755 0
488 0
1138 0
2926 0
1854 1
1012 1
1498 0
835 0
2182 0
1267 1
1032 0
4015 0
5988 0
113 4
901 1
2191 0
152 0
342 0
2931 0
862 0
1419 0
341 0
1056 0
2883 0
2189 0
2287 0
2540 0
3108 0
2284 0
64 2
4085 0
1473 0
2753 0
881 0
2461 0
3186 0
45 1
507 0
405 0
1173 0
1963 0
309 0
1734 0
2085 0
1733 0
2113 0
2153 0
1258 0
824 0
120 1
4030 0
1148 0
2313 0
2841 0
2386 0
254 1
392 0
1321 1
3653 0
4670 0
2242 0
4214 0
2442 0
2254 0
1987 0
3354 0
5931 0
813 0
2014 0
644 0
851 0
1820 0
399 1
2296 0
2110 0
436 1
1342 0
4185 0
4359 0
2457 0
1968 0
1802 0
94 1
213 2
4818 0
1450 0
4009 0
4065 0
3011 0
2863 0
568 1
3098 0
2273 0
2411 0
1129 0
4334 0
791 0
1143 0
1355 0
2848 0
2231 0
3095 0
916 0
386 1
1961 0
2043 0
1457 0
200 0
1261 1
1352 0
329 0
525 1
1621 0
2970 0
787 1
27 1
2331 0
1902 0
1561 0
161 1
1866 0
2001 0
1310 0
3216 0
109 2
2115 0
4357 0
4234 0
1239 0
3035 0
6306 0
2764 0
2797 0
769 1
1181 0
1556 0
5869 0
803 0
2744 0
2559 0
4133 0
3199 0
5890 0
1766 0
60 1
1245 0
1067 0
691 0
1400 0
2615 0
3982 0
1388 0
1676 0
3153 0
3134 0
346 1
3085 0
911 1
3171 0
427 1
2072 0
3121 0
82 0
2202 0
650 0
1154 0
895 1
1763 0
2965 0
69 1
4299 0
1910 0
1157 0
1470 0
3076 0
224 1
3264 0
2711 0
2100 0
1982 0
1006 1
2393 0
426 1
996 0
3005 0
1435 0
1840 0
279 1
2069 0
2408 0
956 1
483 2
498 0
629 0
3520 0
4145 0
2055 0
1487 0
372 1
2951 0
4311 0
3204 0
1540 0
2028 0
3075 0
1330 0
1661 0
1284 1
3041 0
1606 0
2064 0
1160 0
99 1
869 0
1592 1
1933 0
2022 0
790 1
533 1
4114 0
4446 0
2080 0
1122 0
2997 0
1697 0
1053 0
414 0
462 1
1770 0
2735 0
1209 0
263 2
991 0
2985 0
931 0
2348 0
2246 0
615 0
476 0
1198 0
3755 0
3210 0
1626 0
1409 0
2219 0
2141 0
1077 0
1716 0
4219 0
293 0
2854 0
1272 0
1299 0
1781 0
1663 0
2888 0
967 0
2157 0
322 0
469 1
3046 0
635 0
1088 0
575 1
1835 0
1566 0
4101 0
979 1
3737 0
709 0
3603 0
40 1
310 1
192 1
699 0
1115 0
960 1
818 0
4320 0
4262 0
2363 0
1038 0
4303 0
2908 0
2293 0
1707 0
3103 0
267 1
543 1
1892 0
3088 0
1777 0
2044 0
354 1
4231 0
1437 0
2813 0
1064 1
2724 0
2517 0
757 0
4225 0
9 3
3359 0
2734 0
6108 0
1217 0
3240 0
1740 0
1600 0
6124 0
603 0
2750 0
4165 0
2527 0
90 2
1850 0
3514 0
565 1
1346 0
3102 0
1964 0
850 0
2818 0
2424 0
5361 0
891 0
1004 1
4057 0
2106 1
1360 0
1013 0
233 2
1490 0
2198 0
1693 0
316 1
2947 0
4199 0
1806 0
4105 0
4013 0
1738 0
2288 0
2025 0
1370 0
4251 0
2954 0
11 2
4117 0
511 1
842 1
4288 0
899 1
2000 0
3340 0
2531 0
3131 0
3765 0
199 0
2410 0
4254 0
1979 0
1899 0
3066 0
1929 0
1737 0
2485 0
1948 0
3143 0
795 0
1609 0
794 0
944 1
1780 0
3284 0
1113 0
2122 0
3244 0
674 0
2280 0
1317 0
957 0
280 0
273 0
2430 0
471 0
3996 0
2943 0
1503 0
4177 0
2262 0
1509 0
1936 0
2912 0
1325 0
1643 0
2512 0
131 1
1565 0
502 1
4277 0
1286 1
314 1
1796 0
4075 0
6016 0
2998 0
1502 0
1872 0
355 1
553 1
2058 0
1252 0
2877 0
555 1
1037 0
2935 0
2513 0
4164 0
4270 0
37 3
3328 0
855 1
5078 0
195 0
2005 0
1706 0
2828 0
1839 0
1788 0
2186 0
679 0
680 0
831 0
5879 0
5013 0
1147 0
1960 0
2355 0
1241 0
2783 0
1441 0
647 0
1206 0
334 0
3902 0
2292 0
1997 0
1027 0
423 1
1680 0
2879 0
1953 0
1139 1
1319 0
2757 0
2454 0
2077 0
1222 1
2036 0
1747 0
174 1
820 1
1799 0
1571 0
422 0
905 0
1552 0
1194 0
41 2
3014 0
52 1
2887 0
3084 0
302 0
1451 0
1453 0
866 0
2452 0
2223 0
593 0
770 1
188 1
402 0
3152 0
4292 0
1940 0
641 0
6000 0
1097 0
3366 0
1641 0
838 1
616 0
2962 0
640 0
1121 0
870 0
6139 0
4245 0
1384 0
896 0
1468 0
3184 0
2068 0
1726 0
2903 0
1464 0
2165 0
2347 0
1494 0
4310 0
4354 0
777 1
2018 0
6132 0
2786 0
464 1
1672 0
2977 0
1685 0
2325 0
2011 0
1891 0
6225 0
6 1
562 0
1304 0
2269 0
1102 0
183 2
2327 0
3189 0
1478 0
2544 0
2541 0
362 0
439 1
6152 0
1379 0
1593 0
705 1
6291 0
1720 0
3053 0
2206 0
2496 0
2177 0
407 0
18 4
912 0
376 1
1432 0
785 1
599 0
1930 0
609 0
1393 0
1167 0
587 1
1235 0
298 1
95 0
923 0
243 1
2051 0
6222 0
148 1
753 0
1343 0
2489 0
2404 0
726 0
2509 0
2955 0
2703 0
2171 0
106 1
4110 0
4210 0
964 0
157 2
2009 0
65 3
4192 0
935 1
203 2
1213 0
1093 0
1023 1
81 1
2742 0
1199 0
2084 0
1300 1
86 2
624 1
2598 0
1158 0
2170 0
656 2
371 1
204 2
2335 0
1041 0
2921 0
1990 0
435 1
814 1
2492 0
3195 0
1482 0
6304 0
2109 0
885 1
1412 0
884 1
1709 0
339 0
228 1
749 0
268 1
829 1
2872 0
345 2
596 0
1297 0
2090 0
1521 0
1862 0
2352 0
613 1
1082 0
121 1
1066 1
952 0
494 0
487 1
1071 1
3058 0
1956 0
2778 0
2235 0
4331 0
238 1
3175 0
873 1
3081 0
253 1
3099 0
4158 0
448 0
2278 0
2427 0
4152 0
63 2
1637 0
179 1
1532 0
4246 0
1105 0
713 0
1334 0
2499 0
2805 0
2096 0
1784 0
2839 0
4233 0
938 0
2149 0
4016 0
1679 0
1830 0
4238 0
1620 0
4215 0
2241 0
3060 0
1262 0
1290 0
3167 0
1527 0
2162 0
4203 0
1132 0
4308 0
2370 0
929 0
2554 0
1925 0
2574 0
2916 0
3126 0
631 0
547 1
1616 0
1583 0
1538 0
1544 0
258 1
396 0
1422 0
482 0
949 1
499 0
4022 0
6272 0
1047 1
2138 0
1055 0
4050 0
2447 0
1276 0
5958 0
3140 0
141 2
909 1
4121 0
4315 0
3043 0
1124 0
4228 0
2981 0
2618 0
4520 0
1230 0
75 1
4266 0
2793 0
1917 0
2588 0
2993 0
6155 0
1163 0
450 0
1702 0
3118 0
1405 0
1713 1
1060 0
2104 0
2894 0
2126 0
4141 0
2858 0
900 0
4221 0
318 0
1729 0
2526 0
972 0
473 0
2572 0
1774 0
3 3
248 1
146 1
3202 0
1351 0
2396 0
802 0
356 1
2720 0
2063 0
3420 0
528 0
164 1
4325 0
807 1
5130 0
2040 0
3269 0
2632 0
1049 0
6261 0
2898 0
882 1
2812 0
1050 0
1488 0
560 1
2830 0
4054 0
798 1
898 0
2725 0
1031 1
4316 0
1273 0
2942 0
2516 0
451 0
2616 0
3139 0
454 0
2538 0
1364 0
1408 1
2448 0
4224 0
2969 0
634 0
2721 0
578 1
2551 0
695 1
978 1
2144 0
378 1
325 1
889 1
5198 0
1233 0
540 0
1615 0
1162 0
2831 0
684 1
211 1
3065 0
1732 0
2073 0
861 1
337 0
2406 0
3172 0
76 1
1924 0
2718 0
3042 0
982 0
571 0
1214 0
1190 0
389 1
1660 0
3525 0
3207 0
1171 1
1345 0
2290 0
4153 0
1123 0
966 0
2314 0
2216 0
992 1
758 0
236 2
1954 0
2843 0
218 1
706 0
14 3
5918 0
3124 0
1608 1
2973 0
2328 0
2999 0
2567 0
4321 0
2474 0
2889 0
234 1
594 0
2924 0
1438 0
1903 0
3158 0
2767 0
2188 0
4302 0
1778 0
1859 0
2339 0
160 1
2776 0
98 1
2901 0
1048 1
1278 0
4759 0
1000 0
1381 0
43 3
1061 0
3792 0
2054 0
1728 0
2785 0
193 1
288 1
119 1
1555 0
586 1
2870 0
4337 0
2859 0
410 2
999 0
3193 0
3019 0
1180 0
2169 0
430 1
1185 0
6286 0
447 2
1446 1
1741 0
2118 0
4211 0
1130 0
415 2
1315 0
4196 0
189 1
1292 0
2597 0
3987 0
1356 1
2330 0
2849 0
480 1
6303 0
1153 0
438 1
107 2
1871 0
2385 0
87 1
1022 0
4099 0
2795 0
953 1
2704 0
221 1
3147 0
1424 0
3176 0
1560 0
417 0
6198 0
784 1
260 1
2061 0
3080 0
1844 0
1530 1
2504 0
1144 0
762 1
2798 0
734 0
2952 0
1723 0
2621 0
2047 0
144 2
3724 0
1440 0
2524 0
381 1
1471 0
906 0
2205 0
1349 0
2966 0
177 1
4330 0
2213 1
373 0
2078 0
773 1
1247 0
22 1
205 1
2940 0
3072 0
1752 0
1309 0
1576 0
3213 0
3296 0
2874 0
1622 0
1260 0
874 0
975 0
1708 0
493 0
1911 0
2220 0
1436 0
2856 0
2528 0
1591 0
6021 0
1677 1
2174 0
2199 0
1320 1
1026 0
4493 0
3002 0
2752 0
1390 0
4173 0
3113 0
1993 0
6084 0
1893 0
1499 0
1646 0
1469 0
3010 0
746 1
919 1
534 0
400 0
4286 0
744 1
1268 0
633 0
1372 0
2023 0
1977 0
151 3
1825 0
1669 0
1952 0
1285 0
287 1
4914 0
475 1
932 0
1549 0
1959 0
515 1
1525 0
4047 0
2545 0
1242 0
2761 0
138 1
2996 0
1107 0
1208 0
1874 0
1803 0
724 1
1201 0
519 0
1195 0
17 4
1327 0
3337 0
1274 0
2192 0
110 1
1995 1
333 0
2356 0
4080 0
4040 0
3985 0
2780 0
646 0
446 1
2181 0
2229 0
4005 0
1220 0
1582 0
2842 0
1599 0
6283 0
2306 0
3013 0
1149 1
2900 0
4263 0
2337 0
2283 0
2243 0
1087 1
1288 0
810 0
5885 0
1238 0
4166 0
1587 0
33 3
1559 0
2866 0
7 1
1793 0
1701 0
227 1
4256 0
1860 0
2443 0
2013 0
1937 0
264 2
255 1
806 1
2230 0
6099 0
4274 0
1885 0
6026 0
182 1
4146 0
2905 0
1817 0
2707 0
556 1
717 0
3998 0
2817 0
815 0
671 0
1511 0
2249 0
167 1
2423 0
692 1
1605 1
663 0
4301 0
1907 0
854 1
1945 0
6299 0
969 0
3120 0
4326 0
1174 0
4295 0
1946 0
4023 0
510 0
3020 0
393 0
2276 0
4207 0
4089 0
1501 0
5892 0
658 2
274 2
549 1
877 1
1508 0
3034 0
1128 0
1771 0
2891 0
946 1
4074 0
1724 0
1520 0
4056 0
250 1
303 0
2148 0
2644 0
1361 0
614 1
1765 0
2963 0
3155 0
2959 0
3280 0
130 1
6005 0
53 1
1373 0
1465 0
1302 0
2990 0
2239 0
1397 0
941 1
5905 0
3341 0
3029 0
583 1
2392 0
4255 0
1879 0
3313 0
1824 0
2917 0
4135 0
1869 0
2342 0
3190 0
591 0
2304 0
832 0
2804 0
2341 0
2135 0
4078 0
828 0
276 1
1920 0
102 2
1831 0
2465 0
6247 0
2992 0
4227 0
1218 0
1404 0
2398 0
1543 0
259 1
424 2
1625 1
4124 0
163 2
1106 0
1402 0
4070 0
1836 1
1531 0
2986 0
2731 0
2929 0
1841 0
347 1
1333 0
2738 0
4307 0
434 1
865 1
1184 0
3165 0
2770 0
4216 0
3087 0
442 0
4044 0
4134 0
2156 0
1577 0
1572 0
2851 0
3129 0
3929 0
689 1
886 0
3462 0
1116 0
2835 0
1329 0
2869 0
1725 0
4186 0
2379 0
727 1
4220 0
3777 0
320 1
939 0
3528 0
811 1
1670 0
2010 0
249 1
465 0
1612 0
819 0
1189 0
1177 0
4237 0
1127 0
1537 0
894 1
1748 0
2127 0
858 1
1298 0
140 1
2222 0
1900 0
385 1
954 0
1479 0
1359 0
801 0
985 0
971 0
754 0
3151 0
847 0
479 0
1166 0
3061 0
2166 0
1563 1
3091 0
1003 0
1378 0
4355 0
1054 0
2821 0
4230 0
619 1
2101 0
1717 0
2557 0
698 1
1634 0
621 1
524 1
2176 0
1848 0
2714 0
2310 0
2495 0
598 0
3052 0
2486 0
2322 0
780 0
2317 0
240 1
1433 0
2209 0
230 1
115 1
377 1
2374 0
2050 0
602 1
922 0
2319 0
1311 1
2741 0
1072 1
2470 0
1787 0
1394 0
6035 0
612 0
2772 0
1391 0
936 0
1277 0
2251 0
1086 1
2794 0
701 1
214 1
564 1
3070 0
2708 0
2562 0
3094 0
2789 0
1650 0
2074 0
2539 0
6294 0
2850 0
2547 0
1967 0
731 1
2779 0
657 0
4281 0
1865 0
2139 0
1783 0
768 0
1928 0
1092 0
503 0
1756 0
2255 0
1636 1
4126 0
2491 0
1483 0
4069 0
338 1
3105 0
576 1
761 0
1996 0
738 0
1775 0
1415 0
484 0
1036 0
1243 1
2334 0
1078 0
2530 0
6143 0
2065 0
1265 0
544 1
623 0
4091 0
1512 0
2956 0
1196 0
1114 0
2389 0
2946 0
2382 0
2564 0
328 2
239 1
122 2
6144 0
269 1
628 1
878 0
1223 0
363 1
2277 0
4014 0
4264 0
4140 0
3538 0
3198 0
4271 0
3215 0
733 0
6249 0
2159 0
3059 0
997 1
630 1
4876 0
3394 0
1449 0
4538 0
608 0
2873 0
1649 0
1234 0
4062 0
2226 0
2878 0
4108 0
1314 0
2748 0
1798 0
1474 0
2535 0
125 1
522 1
1632 0
1423 0
44 1
2152 0
1687 0
667 0
1188 0
3142 0
2008 0
2862 0
1564 0
714 1
1280 0
313 0
2017 0
4322 0
4031 0
3023 0
2884 0
1324 1
397 1
1096 1
3077 0
3433 0
1657 0
3009 0
2185 0
1191 0
2717 0
459 1
823 0
4267 0
1495 1
1753 0
771 0
401 1
3187 0
186 1
1119 0
1914 0
3039 0
1938 0
1919 0
1705 0
2756 0
4244 0
915 1
3107 0
2978 0
1586 0
4037 0
1986 0
3441 0
1456 0
2606 0
404 0
516 1
2004 0
2060 0
1551 0
3981 0
702 1
2297 0
2163 0
2214 0
2904 0
2346 0
561 1
2195 0
2112 0
2221 0
2555 0
2982 0
357 0
1307 0
1812 0
4008 0
1941 0
2826 0
1769 0
455 1
2475 0
1875 0
1673 0
2132 0
4084 0
4027 0
297 1
963 0
2612 0
2031 0
2272 0
1889 1
10 1
1596 0
980 0
550 0
2083 0
2097 0
1651 0
1081 0
4769 0
1569 0
1736 0
958 0
3299 0
592 1
4111 0
2542 0
2123 0
1978 0
1640 0
173 1
530 0
66 2
3067 0
2026 0
470 1
1524 0
4142 0
3130 0
793 0
1287 0
1205 0
1696 0
2403 0
3168 0
654 1
2261 0
3469 0
156 1
283 0
3993 0
4178 0
3414 0
59 1
4278 0
3388 0
2091 0
4161 0
5951 0
1971 0
6103 0
2358 0
1226 0
2498 0
1949 0
2247 0
1744 0
1853 0
864 1
2913 0
1016 0
219 0
2300 0
2480 0
1170 1
799 1
925 0
1896 0
5985 0
390 1
2895 0
1686 0
1042 0
1515 0
1955 0
38 2
196 2
945 1
4143 0
1169 1
2784 0
118 2
206 1
959 0
1674 0
3194 0
1065 0
358 1
331 1
1659 0
2746 0
737 0
767 1
3037 0
2228 0
2070 0
2173 0
1020 0
6287 0
84 1
805 0
4068 0
437 1
194 2
4112 0
3503 0
1768 0
2749 0
6131 0
4336 0
220 0
1312 0
4129 0
2395 0
2365 0
1021 0
1263 0
4937 0
934 0
1989 0
3537 0
4170 0
4017 0
948 0
4120 0
2160 0
6149 0
3785 0
572 1
2450 0
1398 0
3984 0
3986 0
226 2
4296 0
4159 0
1430 0
527 1
1145 0
1870 0
1448 0
2549 0
62 1
2466 0
833 1
3146 0
1472 0
2743 0
1573 0
4588 0
2020 0
548 1
3524 0
1110 0
2204 0
1999 0
2622 0
2799 0
1772 0
418 1
2324 0
933 0
4174 0
783 0
1357 0
2217 0
348 1
2333 0
6082 0
1152 0
789 1
49 1
6190 0
2046 0
2052 0
1090 0
2967 0
627 0
993 0
1308 0
2117 0
715 1
1934 0
2201 0
1916 0
2503 0
4232 0
4100 0
23 2
1722 0
364 1
388 0
1425 0
3069 0
950 1
2957 0
1678 0
1445 0
1845 0
1025 0
4190 0
3429 0
3083 0
3073 0
1992 0
1842 0
2478 0
1466 0
6197 0
485 1
4248 0
2340 0
2143 0
778 1
720 0
1270 0
460 0
2449 0
1645 0
1389 0
324 0
244 0
637 0
4107 0
2066 0
4168 0
4223 0
2811 0
752 1
1232 0
2899 0
2941 0
3045 0
379 1
1607 0
1386 0
1536 0
1639 0
1035 0
3367 0
2617 0
452 0
4187 0
295 0
579 1
1894 0
535 1
6260 0
1618 0
3136 0
3138 0
3301 0
77 3
683 0
2260 0
541 0
1215 0
2995 0
4317 0
1712 0
2344 0
765 0
2552 0
5863 0
2521 0
1628 0
897 1
312 2
237 1
1002 0
2435 0
2584 0
370 2
2722 0
2371 0
2519 0
2923 0
3398 0
567 1
416 1
2950 0
3115 0
3212 0
4154 0
380 1
100 1
914 0
965 1
300 1
3206 0
1279 0
1439 0
2974 0
2079 0
1395 0
286 0
2405 0
1075 0
800 1
2232 0
3125 0
1365 0
1407 0
496 1
605 0
2987 0
1779 0
1568 0
2581 0
607 0
1807 0
2902 0
1699 0
42 2
759 1
3093 0
2508 0
1228 0
1073 0
235 3
2291 0
6106 0
6117 0
2187 0
1931 0
2591 0
694 0
2844 0
816 1
1103 0
3031 0
4260 0
4010 0
3148 0
2244 0
4268 0
3159 0
265 0
1062 1
296 1
3112 0
3169 0
171 1
1700 0
2609 0
4240 0
3999 0
4327 0
4206 0
445 0
2131 0
1339 0
2338 0
4002 0
2012 0
582 0
3201 0
1884 0
2120 0
4167 0
1858 0
557 0
718 0
1581 0
2147 0
1604 0
3997 0
1507 0
2726 0
441 1
868 1
4592 0
4041 0
672 0
4096 0
1140 0
983 0
275 0
4257 0
2035 0
197 1
2208 0
1731 0
4024 0
853 1
751 0
1500 0
1746 0
4275 0
4300 0
2167 0
2136 0
1980 0
2275 0
4175 0
4004 0
4073 0
4890 0
3028 0
1295 0
2832 0
677 0
1111 0
907 1
6018 0
3249 0
4055 0
2238 0
1868 0
3154 0
1210 0
590 0
4201 0
664 1
1878 0
1790 0
6219 0
2388 0
2938 0
2264 0
2964 0
1690 0
79 3
617 0
4136 0
1420 0
4061 0
352 1
2502 0
2918 0
126 1
1594 0
251 2
1034 0
2803 0
2875 0
369 0
1533 0
1548 0
651 1
176 0
3145 0
4053 0
947 0
256 1
2267 0
2537 0
2810 0
920 1
428 1
2305 0
887 1
3545 0
3758 0
4344 0
72 3
3371 0
500 1
1496 0
1221 1
1200 0
1757 0
4193 0
918 1
1682 0
2781 0
1413 0
2107 0
1275 0
1108 0
1598 0
2211 0
2282 0
1014 0
1856 0
843 0
2760 0
1491 0
2529 0
1362 0
4155 0
1804 0
2315 0
632 0
1371 1
394 2
2484 0
2257 0
514 1
610 0
2444 0
725 0
513 2
4088 0
50 3
4290 0
1519 0
1994 0
3173 0
797 1
2197 0
1136 0
4048 0
4183 0
1175 0
4318 0
4011 0
1236 1
1683 0
1326 0
645 1
2413 0
2566 0
1382 1
1452 0
1176 0
1039 0
2881 0
1815 0
2384 0
1005 1
28 2
4280 0
4130 0
2089 0
589 0
1337 0
2087 0
215 2
687 0
3101 0
2098 0
2184 1
150 1
2298 0
3161 0
3018 0
2336 0
245 1
2604 0
2511 0
2190 0
2546 0
826 0
1344 1
3990 0
2494 0
3012 0
332 1
2329 1
1099 0
1965 0
2980 0
745 1
34 1
2548 0
2082 0
3056 0
1410 0
620 1
4194 0
4449 0
1434 0
4182 0
4090 0
2471 0
1547 0
1045 0
937 0
1619 0
730 0
16 2
4265 0
921 0
2880 0
1069 0
2311 0
1224 0
368 0
3078 0
5998 0
4007 0
2556 0
994 0
1786 0
611 0
1849 0
849 0
2320 0
492 1
2740 0
208 1
2788 0
2140 0
1523 0
2271 0
93 2
3055 0
2773 0
292 0
4039 0
2445 0
291 1
3040 0
2429 0
3071 0
374 1
3272 0
114 3
2790 0
1306 0
429 0
1939 0
3097 0
1328 1
4049 0
1091 0
73 2
409 1
6090 0
67 2
1962 0
812 1
1958 0
241 0
3133 0
2561 0
489 0
585 1
6007 0
6112 0
327 0
1970 0
2391 0
4125 0
1281 0
2819 0
732 0
1864 0
3214 0
1603 0
2233 0
1881 0
622 0
970 0
6200 0
2381 0
1416 0
2771 0
24 3
2256 0
2759 0
1658 0
2049 0
104 1
3197 0
2057 0
1558 0
4241 0
3493 0
1635 0
1237 0
2175 0
1513 0
1264 0
4468 0
747 1
159 1
2490 0
2563 0
3086 0
4749 0
1633 0
4333 0
47 2
4929 0
3991 0
1427 0
1942 0
4217 0
1484 0
1017 1
270 2
6296 0
2042 0
1057 0
538 0
5897 0
2840 0
1602 0
4226 0
521 0
2007 0
1332 0
162 1
1923 0
880 0
433 1
2164 0
1399 0
1912 0
986 0
786 0
740 0
1117 1
1008 0
3022 0
4148 0
103 3
4082 0
201 1
871 0
4297 0
1401 1
719 1
1529 0
4305 0
4289 0
5163 0
902 0
827 0
2039 0
266 1
6039 0
1742 0
1353 0
3128 0
4042 0
1624 0
2892 0
1219 1
1695 0
2534 0
97 1
2983 0
1704 0
668 1
1749 0
688 0
750 0
1126 0
774 0
5101 0
4306 0
2128 0
910 0
1341 0
693 0
2701 0
4123 0
3424 0
1534 0
893 0
1915 0
2309 0
3979 0
2737 0
804 1
83 2
6183 0
5962 0
1385 0
2558 0
2672 0
4156 0
2094 0
962 1
755 0
1085 0
1714 0
1837 0
143 2
3090 0
4020 0
1403 0
2323 0
6068 0
2822 0
3049 0
1051 1
2268 0
3033 0
1497 0
518 0
497 1
4236 0
2914 0
2906 0
1211 0
2852 0
2732 0
6025 0
2155 0
169 2
411 2
2399 0
1542 0
2991 0
1711 0
2836 0
2102 0
478 0
384 1
398 0
4052 0
2016 0
836 0
4028 0
3068 0
1735 0
942 1
955 0
1376 0
1888 0
2030 0
2286 0
4119 0
2369 0
1595 0
190 1
2816 0
1750 0
2802 0
1739 0
601 0
822 0
231 1
1610 0
779 0
551 1
343 1
504 0
981 0
697 0
2823 0
3001 0
6230 0
3177 0
857 0
1010 0
707 0
1966 0
1665 0
4077 0
261 1
4279 0
4083 0
1782 0
2439 0
2252 0
2506 0
321 1
792 0
3209 0
2896 0
3122 0
1079 0
1248 0
2422 0
1590 0
1652 0
3994 0
2401 0
4205 0
1516 0
3980 0
2053 0
924 0
2933 0
4064 0
2301 0
760 0
863 0
2481 0
2027 0
531 0
1745 0
172 0
4045 0
2111 0
1366 0
4252 0
223 2
2124 0
1897 0
721 0
1255 0
1043 0
6014 0
669 1
282 1
420 1
1852 0
3548 0
5893 0
639 0
989 0
1505 0
2372 0
1348 0
2945 0
2248 0
1137 1
577 1
2809 0
1227 0
1417 0
216 1
3381 0
852 1
643 0
4341 0
1951 0
2766 0
1120 0
4032 0
1475 0
2928 0
1794 0
1187 0
2193 0
2968 0
2092 0
676 0
1251 0
277 1
2456 0
3191 0
1192 0
879 0
3306 0
3017 0
2640 0
2700 0
1095 0
1183 0
3104 0
2975 0
1444 0
2747 0
1883 0
4312 0
4691 0
1846 0
2215 0
133 1
123 2
304 0
2515 0
2417 0
1631 0
2294 0
2605 0
56 2
1369 0
54 3
1151 1
4282 0
306 1
1204 0
70 0
839 0
5966 0
4038 0
2520 0
166 1
1578 0
88 0
2225 0
1009 0
30 1
403 0
466 1
134 2
3038 0
2151 0
618 1
848 0
1829 0
1761 0
1629 0
2196 0
2755 0
1323 0
4197 0
1455 0
3150 0
1492 0
3164 0
703 1
2729 0
3454 0
3560 0
1134 0
4131 0
1100 0
1377 1
3106 0
2488 1
1461 1
185 0
2487 0
3188 0
1719 0
4 3
2716 0
1985 0
2669 0
1691 0
2003 0
