127 30
71 41
1648 6
1481 9
2927 5
2266 5
3163 4
1178 11
2915 5
1387 12
512 14
1932 8
463 14
517 19
458 23
5887 3
1785 8
1250 8
1363 6
3588 4
722 15
2507 6
3051 4
1109 13
2067 7
1630 10
1597 7
4060 5
3109 4
4340 3
3185 5
728 13
1244 13
2154 5
4171 4
1638 8
742 16
29 53
350 20
4087 3
1969 6
6233 3
2203 6
58 42
4358 4
153 47
2932 4
2754 6
4086 4
1546 6
101 35
340 23
4003 4
311 26
3844 4
825 8
4012 3
917 8
3536 4
495 18
1703 6
1322 12
1816 8
4018 3
4293 3
2510 5
1172 7
1259 8
834 19
285 35
2976 5
4319 3
1216 13
3421 3
2194 5
2285 4
2274 7
3092 3
1135 12
2002 7
1203 8
2864 5
4198 4
4261 3
96 45
1068 9
2088 7
1667 5
3836 4
2114 5
486 30
2134 5
1354 9
4066 5
569 18
4213 3
8 72
2359 5
4269 3
3111 4
2045 5
1396 7
686 15
1760 7
3149 5
2033 5
391 23
4335 4
943 12
1887 8
2907 5
1375 10
180 19
4258 4
4097 3
1585 8
1877 5
2939 5
246 24
2705 6
4001 5
690 18
2227 8
1168 12
61 44
4102 3
4323 3
536 15
1767 6
5970 3
4094 4
4661 4
1653 6
2237 8
1688 7
2394 5
1266 14
1458 7
2958 3
444 9
4144 3
508 26
1336 9
4025 3
39 38
1089 9
558 18
12 67
3200 5
3036 4
1554 5
2168 7
4137 3
573 16
2710 4
1084 20
638 17
2350 5
875 13
2479 7
1522 10
1 134
506 12
136 21
116 23
1197 9
4184 3
1580 6
3274 4
2146 6
2419 4
2937 6
661 9
3157 5
2482 4
1935 6
2719 6
581 15
2727 6
308 13
4046 4
4200 4
678 10
4328 4
1517 11
6097 3
2808 5
3004 3
3025 3
1975 8
3676 4
2910 4
1973 6
1991 6
3027 4
927 18
301 29
4272 3
2302 5
51 30
1758 7
1822 6
456 17
2745 6
652 22
1033 14
4059 3
2736 7
2400 5
2258 6
2034 7
1539 6
2029 7
796 22
366 21
844 10
1541 6
2723 6
4218 3
272 24
3527 4
2343 5
775 18
2518 6
4113 3
3044 4
2108 7
20 56
888 12
1983 5
1011 18
3100 5
1754 5
4304 4
1627 10
4180 3
5940 3
4139 4
1161 8
468 26
2093 5
3030 3
1019 7
700 17
1927 7
78 45
2853 4
1380 15
294 19
990 20
413 24
1442 10
2218 7
1614 8
349 20
764 15
1743 6
2075 8
4109 3
1981 5
3638 4
3205 4
2081 5
606 11
1383 11
137 21
1414 6
3559 4
2522 7
1855 8
666 14
432 21
860 13
1074 12
4235 3
2308 6
1567 5
1063 14
1776 5
2565 6
3047 3
2158 6
2576 3
6220 3
3829 4
2362 6
708 18
2583 6
2796 4
2589 5
1601 9
710 6
2814 5
1656 10
323 32
856 12
2142 4
1834 7
1664 8
112 39
3211 5
545 26
191 34
2733 5
187 37
588 21
1684 8
756 15
2326 7
1283 11
262 24
1944 12
3089 4
212 41
2436 7
1331 9
4019 4
2590 4
2383 4
542 20
3114 5
6109 3
1305 6
961 16
2882 4
1662 4
3234 4
2099 9
2476 4
2988 6
574 17
170 34
660 7
1921 7
3217 5
26 80
2116 6
977 7
2250 4
526 17
566 24
4067 3
1901 6
359 23
2765 4
1229 14
2299 5
108 42
2820 3
604 22
1001 10
232 35
477 22
1338 6
3054 3
3458 4
1182 8
2623 5
225 31
1447 11
207 33
330 20
142 36
1510 8
48 55
1857 5
360 23
3170 5
3160 3
3279 3
3377 3
2321 7
1988 8
4128 3
3135 5
1076 16
3082 3
4356 4
766 15
449 15
1574 5
4243 3
1579 7
659 16
2763 5
2774 5
1141 13
682 9
6254 3
2971 4
353 24
375 16
2989 5
984 9
2409 4
2833 5
1155 11
4189 3
1485 8
788 13
128 57
3726 4
501 24
4115 3
1313 12
278 20
1617 6
3144 5
5944 3
490 23
1843 7
155 32
387 18
2626 4
1913 5
626 11
1112 15
1294 4
461 24
2712 5
1426 6
1562 7
257 35
1358 10
951 10
782 22
85 41
809 16
1156 11
2281 7
1557 8
425 21
3057 3
2056 6
736 11
2876 4
539 11
781 14
2847 5
3015 6
1950 7
1698 6
2865 5
520 25
2782 4
2037 7
532 20
1193 12
55 58
1890 10
3592 6
6281 3
6134 3
1681 10
57 39
872 21
1146 12
395 20
89 56
175 21
584 15
988 23
35 49
2295 6
1882 5
1550 12
1454 5
1421 6
4033 3
2827 4
665 12
2758 6
1476 10
2533 4
1207 14
1584 6
904 9
3848 4
930 12
1675 9
649 12
2972 5
2150 5
648 13
1318 12
642 31
2006 6
2245 7
1764 7
2130 5
1028 6
1908 5
1589 6
198 39
4291 3
2550 4
1718 11
1098 16
1059 7
6240 3
3003 4
913 13
3983 3
2019 7
6179 3
4313 4
202 19
361 29
184 34
776 19
1819 5
2183 7
1459 8
1570 6
1984 5
1269 10
412 28
181 41
307 16
1671 6
3472 4
4242 4
2041 5
1467 7
830 13
1463 14
154 38
2062 5
2893 5
4324 3
1101 14
2801 4
704 22
326 26
1165 9
1462 13
2886 5
2543 7
681 10
335 24
3062 4
1029 8
2715 5
5 61
2105 9
3455 4
4287 3
1957 5
554 17
552 25
1867 4
4006 3
1623 5
2505 6
74 46
440 17
890 19
1926 9
1289 8
299 23
2024 4
2525 6
1282 8
6113 3
1694 8
841 12
1898 8
1044 15
1350 12
1751 7
4029 3
91 32
2137 5
4116 3
1240 10
2815 3
3079 4
467 20
2121 4
474 18
481 17
867 18
1976 6
3669 4
817 13
563 20
2751 6
2919 4
3248 4
2953 4
4058 4
229 29
673 18
3489 4
4204 3
68 43
2059 5
4106 3
315 18
4842 3
2514 5
1827 6
4176 3
2366 5
2501 4
5961 3
1947 7
1347 10
3995 4
222 28
3350 4
2911 5
1504 7
25 61
2270 4
2418 3
3132 4
305 32
1253 9
928 15
1644 9
1526 11
4276 3
217 25
4076 3
1730 6
281 23
158 31
46 53
1316 8
1851 10
5535 4
1418 6
36 60
2263 5
4163 3
6259 3
1368 5
472 23
748 24
1655 6
1943 8
317 25
711 8
132 21
1791 9
1642 10
892 11
2180 8
1428 6
2071 5
546 12
2769 4
537 25
4081 3
1018 8
1125 10
2279 6
4072 3
1007 10
741 13
1443 9
6126 3
998 10
1186 12
2806 5
3119 5
3032 3
1789 9
2240 8
2076 8
3192 5
4294 4
529 18
4309 3
1545 7
1838 10
4222 3
1058 10
1773 8
2573 5
3166 5
6192 3
987 9
2984 5
1150 11
3988 3
4122 4
4314 4
3141 5
1535 10
4239 4
2390 5
4253 4
1335 10
908 16
4652 3
4847 3
4151 3
3127 4
284 26
1340 7
903 10
247 28
289 29
165 36
729 13
2119 5
2 100
4229 3
808 19
845 12
2125 5
2553 4
1847 11
1231 9
2979 5
1249 8
147 21
2446 6
973 16
2961 5
1046 17
1142 8
2095 9
1291 12
2601 4
2599 4
319 28
2960 5
2571 3
4021 3
5346 3
2857 4
1179 12
1052 15
4188 3
1922 6
735 21
4250 3
3048 5
1493 8
6105 3
2948 6
4298 4
974 16
1271 12
1668 5
1715 6
344 27
1613 7
4247 3
2103 7
2949 6
636 16
1710 12
1104 8
1406 10
2224 7
1133 13
6271 3
209 25
1905 6
4132 3
3203 5
1118 12
1575 6
117 49
2428 5
2207 5
4191 3
80 59
600 25
336 19
457 19
1301 12
821 10
696 13
383 20
2532 6
1873 6
1721 10
2497 3
2179 8
2172 6
1431 7
92 44
1489 10
3050 4
1212 10
2253 4
2433 6
1477 7
1727 6
1164 14
2922 5
5229 4
505 18
2739 5
670 13
4967 3
1094 14
419 12
995 18
2178 8
1225 6
837 19
2015 6
2909 4
290 26
6066 3
625 16
149 45
3208 5
210 37
712 23
406 23
2289 6
2560 5
2312 5
19 36
3096 4
2702 3
1030 10
365 23
2730 6
763 13
2593 6
6070 3
3196 5
2021 7
5948 3
1895 9
2920 5
6305 3
2038 6
570 21
1880 5
3123 4
4283 4
252 16
4063 5
1159 13
883 22
2048 5
655 12
3110 4
421 23
1998 10
2930 4
2332 8
6058 3
1367 10
271 24
1070 12
1024 13
3117 4
3174 5
2867 5
2871 4
491 18
1863 6
4332 3
13 42
2493 3
105 35
1514 11
4098 3
840 9
1647 6
597 13
111 33
1411 6
408 18
6206 3
1480 8
2777 4
242 35
559 25
1588 8
32 45
4138 4
443 29
2234 7
1795 8
580 21
2523 6
846 9
1257 9
31 69
1689 4
4093 4
1861 6
2307 6
2706 6
1296 11
1553 8
2161 5
4160 4
2897 5
4051 3
1303 8
2133 6
4195 3
1654 6
968 16
675 12
15 44
431 17
3016 6
382 22
2236 6
2846 4
1506 9
4208 3
4026 4
2855 4
4329 4
139 23
129 40
3008 3
926 11
2145 6
1246 7
859 16
4284 3
1083 16
739 14
1293 10
4000 4
876 8
3024 3
1792 6
2890 5
662 14
168 33
135 41
1518 5
145 23
178 40
1131 8
3156 5
2728 6
1876 6
3992 4
124 37
772 19
1759 7
1429 7
4259 4
1974 7
2032 7
2536 5
2483 8
1374 6
3026 4
6098 3
1528 13
2807 4
2303 6
653 18
1692 8
2259 5
4273 4
3064 4
509 19
1015 8
2212 7
367 26
976 13
716 17
1886 7
1821 7
1972 7
940 15
743 10
3589 4
685 21
2265 6
4169 4
21 54
523 26
4360 4
2129 4
1460 6
453 19
723 21
2500 3
1202 10
3162 3
351 29
1040 8
595 13
1755 6
488 11
1138 14
2926 5
1854 8
1012 16
1498 6
835 15
2182 9
1267 12
1032 12
4015 3
5988 3
113 42
901 12
2191 3
152 22
342 10
2931 6
862 6
1419 9
341 15
1056 8
2883 5
2189 4
2287 5
2540 3
3108 5
2284 6
64 34
4085 4
1473 12
2753 6
881 8
2461 5
3186 5
45 46
507 9
405 22
1173 9
1963 7
309 19
1734 4
2085 5
1733 6
2113 4
2153 6
1258 8
824 10
120 26
4030 3
1148 10
2313 6
2841 5
2386 4
254 28
392 27
1321 11
3653 4
4670 3
2242 8
4214 4
2442 5
2254 4
1987 8
3354 4
5931 3
813 13
2014 6
644 12
851 10
1820 7
399 18
2296 6
2110 8
436 26
1342 11
4185 3
4359 4
2457 6
1968 8
1802 7
94 59
213 34
4818 3
1450 9
4009 3
4065 3
3011 7
2863 4
568 19
3098 4
2273 5
2411 6
1129 7
4334 3
791 11
1143 9
1355 8
2848 5
2231 7
3095 3
916 7
386 25
1961 8
2043 5
1457 7
200 27
1261 12
1352 12
329 16
525 16
1621 7
2970 4
787 21
27 48
2331 6
1902 5
1561 7
161 34
1866 5
2001 7
1310 9
3216 5
109 38
2115 4
4357 4
4234 4
1239 12
3035 4
6306 3
2764 4
2797 5
769 17
1181 5
1556 6
5869 3
803 10
2744 6
2559 6
4133 4
3199 5
5890 3
1766 7
60 71
1245 9
1067 9
691 11
1400 7
2615 3
3982 4
1388 7
1676 8
3153 5
3134 4
346 17
3085 4
911 17
3171 4
427 19
2072 7
3121 3
82 24
2202 6
650 23
1154 6
895 13
1763 7
2965 4
69 52
4299 4
1910 6
1157 10
1470 8
3076 3
224 23
3264 4
2711 5
2100 9
1982 5
1006 10
2393 6
426 22
996 13
3005 4
1435 7
1840 5
279 24
2069 5
2408 5
956 12
483 26
498 18
629 25
3520 4
4145 4
2055 5
1487 11
372 18
2951 3
4311 3
3204 5
1540 6
2028 7
3075 4
1330 9
1661 7
1284 12
3041 4
1606 9
2064 4
1160 10
99 36
869 7
1592 13
1933 6
2022 5
790 17
533 27
4114 3
4446 3
2080 5
1122 7
2997 5
1697 7
1053 10
414 12
462 26
1770 6
2735 6
1209 7
263 20
991 10
2985 4
931 7
2348 6
2246 6
615 10
476 10
1198 8
3755 4
3210 5
1626 10
1409 12
2219 6
2141 5
1077 9
1716 10
4219 3
293 14
2854 4
1272 9
1299 11
1781 8
1663 6
2888 6
967 17
2157 6
322 27
469 18
3046 3
635 14
1088 6
575 22
1835 10
1566 6
4101 3
979 16
3737 3
709 9
3603 4
40 52
310 22
192 40
699 13
1115 13
960 15
818 14
4320 3
4262 3
2363 5
1038 6
4303 3
2908 4
2293 6
1707 7
3103 5
267 29
543 17
1892 9
3088 5
1777 5
2044 7
354 23
4231 3
1437 9
2813 5
1064 17
2724 6
2517 5
757 13
4225 4
9 63
3359 3
2734 5
6108 3
1217 16
3240 4
1740 7
1600 5
6124 3
603 26
2750 5
4165 3
2527 7
90 49
1850 4
3514 4
565 23
1346 12
3102 3
1964 5
850 12
2818 4
2424 4
5361 3
891 10
1004 18
4057 3
2106 9
1360 6
1013 11
233 26
1490 8
2198 6
1693 9
316 32
2947 5
4199 3
1806 6
4105 3
4013 4
1738 6
2288 6
2025 5
1370 12
4251 4
2954 5
11 68
4117 3
511 20
842 14
4288 4
899 15
2000 8
3340 4
2531 6
3131 5
3765 4
199 27
2410 5
4254 3
1979 5
1899 8
3066 3
1929 10
1737 4
2485 6
1948 7
3143 3
795 9
1609 12
794 17
944 11
1780 10
3284 4
1113 12
2122 6
3244 4
674 11
2280 6
1317 8
957 11
280 26
273 17
2430 5
471 19
3996 4
2943 7
1503 6
4177 3
2262 6
1509 8
1936 6
2912 4
1325 12
1643 5
2512 5
131 31
1565 9
502 24
4277 3
1286 12
314 27
1796 6
4075 3
6016 3
2998 3
1502 9
1872 7
355 24
553 21
2058 7
1252 6
2877 4
555 25
1037 7
2935 3
2513 5
4164 4
4270 4
37 52
3328 4
855 14
5078 3
195 22
2005 5
1706 7
2828 5
1839 7
1788 10
2186 6
679 19
680 11
831 24
5879 3
5013 3
1147 10
1960 6
2355 4
1241 13
2783 3
1441 6
647 14
1206 12
334 13
3902 4
2292 5
1997 9
1027 11
423 25
1680 9
2879 4
1953 5
1139 16
1319 10
2757 6
2454 5
2077 6
1222 12
2036 7
1747 6
174 30
820 13
1799 4
1571 7
422 16
905 12
1552 9
1194 12
41 54
3014 6
52 33
2887 4
3084 5
302 27
1451 9
1453 5
866 15
2452 5
2223 7
593 10
770 21
188 37
402 14
3152 3
4292 4
1940 9
641 9
6000 3
1097 13
3366 4
1641 12
838 19
616 15
2962 5
640 8
1121 11
870 11
6139 3
4245 4
1384 12
896 13
1468 8
3184 5
2068 6
1726 9
2903 4
1464 9
2165 6
2347 6
1494 11
4310 3
4354 4
777 21
2018 5
6132 3
2786 5
464 21
1672 8
2977 4
1685 5
2325 7
2011 5
1891 9
6225 3
6 53
562 10
1304 7
2269 5
1102 13
183 26
2327 7
3189 5
1478 8
2544 6
2541 4
362 12
439 22
6152 3
1379 11
1593 11
705 13
6291 3
1720 9
3053 5
2206 6
2496 3
2177 8
407 13
18 67
912 15
376 30
1432 10
785 23
599 9
1930 7
609 10
1393 6
1167 9
587 26
1235 9
298 30
95 28
923 16
243 32
2051 6
6222 3
148 21
753 12
1343 6
2489 5
2404 6
726 15
2509 6
2955 3
2703 6
2171 7
106 23
4110 3
4210 3
964 13
157 42
2009 5
65 44
4192 3
935 17
203 22
1213 9
1093 9
1023 15
81 29
2742 6
1199 10
2084 6
1300 12
86 51
624 16
2598 3
1158 11
2170 6
656 18
371 27
204 36
2335 7
1041 8
2921 5
1990 8
435 29
814 17
2492 6
3195 5
1482 6
6304 3
2109 6
885 17
1412 7
884 18
1709 8
339 15
228 38
749 15
268 21
829 12
2872 4
345 28
596 17
1297 11
2090 6
1521 6
1862 5
2352 5
613 22
1082 8
121 30
1066 13
952 8
494 12
487 35
1071 11
3058 4
1956 6
2778 4
2235 7
4331 4
238 24
3175 5
873 21
3081 4
253 28
3099 4
4158 3
448 21
2278 5
2427 5
4152 3
63 24
1637 7
179 34
1532 9
4246 4
1105 6
713 18
1334 9
2499 4
2805 4
2096 8
1784 8
2839 4
4233 4
938 11
2149 6
4016 4
1679 9
1830 6
4238 3
1620 7
4215 3
2241 6
3060 3
1262 11
1290 6
3167 4
1527 10
2162 4
4203 4
1132 10
4308 3
2370 5
929 14
2554 4
1925 7
2574 5
2916 4
3126 4
631 9
547 15
1616 6
1583 7
1538 9
1544 9
258 20
396 15
1422 6
482 8
949 10
499 14
4022 5
6272 3
1047 14
2138 4
1055 11
4050 3
2447 5
1276 10
5958 3
3140 4
141 36
909 10
4121 3
4315 3
3043 4
1124 7
4228 3
2981 4
2618 6
4520 3
1230 12
75 31
4266 3
2793 5
1917 6
2588 3
2993 6
6155 3
1163 12
450 17
1702 5
3118 4
1405 6
1713 11
1060 12
2104 8
2894 4
2126 6
4141 3
2858 5
900 13
4221 3
318 16
1729 6
2526 5
972 10
473 19
2572 4
1774 5
3 99
248 29
146 45
3202 5
1351 8
2396 4
802 10
356 23
2720 6
2063 6
3420 4
528 22
164 37
4325 4
807 18
5130 3
2040 5
3269 4
2632 6
1049 15
6261 3
2898 5
882 26
2812 4
1050 9
1488 10
560 27
2830 4
4054 3
798 17
898 12
2725 6
1031 18
4316 3
1273 11
2942 7
2516 4
451 18
2616 4
3139 4
454 20
2538 5
1364 10
1408 10
2448 6
4224 3
2969 4
634 15
2721 6
578 20
2551 4
695 15
978 14
2144 6
378 25
325 22
889 15
5198 3
1233 6
540 14
1615 7
1162 10
2831 4
684 15
211 23
3065 5
1732 6
2073 5
861 11
337 16
2406 5
3172 5
76 30
1924 7
2718 5
3042 3
982 7
571 10
1214 13
1190 8
389 25
1660 10
3525 4
3207 5
1171 14
1345 9
2290 4
4153 3
1123 8
966 16
2314 7
2216 8
992 15
758 8
236 31
1954 5
2843 4
218 31
706 14
14 63
5918 3
3124 5
1608 10
2973 3
2328 7
2999 4
2567 7
4321 3
2474 4
2889 5
234 21
594 18
2924 5
1438 8
1903 5
3158 4
2767 5
2188 7
4302 3
1778 7
1859 5
2339 7
160 33
2776 4
98 21
2901 5
1048 13
1278 9
4759 3
1000 6
1381 8
43 67
1061 10
3792 4
2054 6
1728 7
2785 4
193 39
288 21
119 37
1555 6
586 19
2870 5
4337 4
2859 5
410 23
999 9
3193 5
3019 5
1180 4
2169 7
430 21
1185 10
6286 3
447 24
1446 13
1741 5
2118 5
4211 3
1130 7
415 27
1315 11
4196 3
189 33
1292 6
2597 3
3987 4
1356 11
2330 6
2849 4
480 22
6303 3
1153 6
438 23
107 45
1871 7
2385 5
87 33
1022 12
4099 4
2795 4
953 13
2704 6
221 30
3147 5
1424 7
3176 5
1560 8
417 20
6198 3
784 18
260 27
2061 5
3080 3
1844 8
1530 11
2504 3
1144 6
762 23
2798 5
734 11
2952 4
1723 10
2621 4
2047 6
144 34
3724 3
1440 11
2524 5
381 17
1471 10
906 8
2205 6
1349 11
2966 4
177 28
4330 3
2213 8
373 11
2078 8
773 25
1247 7
22 62
205 22
2940 6
3072 4
1752 7
1309 10
1576 8
3213 5
3296 4
2874 4
1622 8
1260 12
874 14
975 12
1708 6
493 11
1911 5
2220 5
1436 8
2856 4
2528 6
1591 8
6021 3
1677 12
2174 6
2199 5
1320 13
1026 10
4493 3
3002 5
2752 6
1390 9
4173 3
3113 5
1993 8
6084 3
1893 5
1499 9
1646 7
1469 11
3010 5
746 20
919 14
534 13
400 17
4286 4
744 13
1268 9
633 16
1372 13
2023 4
1977 5
151 42
1825 6
1669 5
1952 6
1285 7
287 32
4914 3
475 25
932 8
1549 11
1959 6
515 20
1525 9
4047 3
2545 6
1242 10
2761 4
138 37
2996 5
1107 17
1208 13
1874 8
1803 4
724 15
1201 9
519 16
1195 11
17 75
1327 12
3337 3
1274 9
2192 6
110 30
1995 8
333 19
2356 5
4080 4
4040 3
3985 4
2780 4
646 13
446 27
2181 8
2229 7
4005 3
1220 10
1582 8
2842 4
1599 11
6283 3
2306 9
3013 6
1149 10
2900 4
4263 4
2337 7
2283 5
2243 6
1087 13
1288 9
810 7
5885 3
1238 10
4166 3
1587 6
33 49
1559 8
2866 5
7 40
1793 5
1701 8
227 27
4256 4
1860 6
2443 6
2013 5
1937 6
264 31
255 35
806 18
2230 7
6099 3
4274 4
1885 5
6026 3
182 26
4146 4
2905 4
1817 6
2707 3
556 17
717 7
3998 5
2817 4
815 15
671 8
1511 9
2249 6
167 36
2423 4
692 14
1605 10
663 15
4301 3
1907 8
854 15
1945 8
6299 3
969 8
3120 5
4326 4
1174 14
4295 4
1946 9
4023 3
510 19
3020 6
393 20
2276 5
4207 3
4089 3
1501 8
5892 3
658 20
274 25
549 21
877 23
1508 7
3034 4
1128 8
1771 10
2891 4
946 11
4074 3
1724 10
1520 6
4056 4
250 43
303 22
2148 6
2644 4
1361 7
614 23
1765 7
2963 6
3155 4
2959 4
3280 4
130 41
6005 3
53 51
1373 11
1465 11
1302 5
2990 4
2239 7
1397 6
941 16
5905 3
3341 4
3029 4
583 21
2392 6
4255 3
1879 7
3313 4
1824 5
2917 4
4135 3
1869 5
2342 6
3190 5
591 14
2304 6
832 18
2804 4
2341 7
2135 6
4078 4
828 14
276 26
1920 6
102 26
1831 7
2465 6
6247 3
2992 5
4227 3
1218 15
1404 9
2398 6
1543 8
259 17
424 22
1625 9
4124 4
163 28
1106 9
1402 8
4070 3
1836 10
1531 10
2986 3
2731 6
2929 3
1841 8
347 29
1333 6
2738 7
4307 4
434 17
865 19
1184 12
3165 5
2770 3
4216 3
3087 4
442 16
4044 3
4134 4
2156 6
1577 8
1572 6
2851 4
3129 3
3929 4
689 18
886 7
3462 4
1116 18
2835 4
1329 9
2869 4
1725 11
4186 3
2379 5
727 23
4220 3
3777 4
320 25
939 18
3528 4
811 22
1670 8
2010 6
249 22
465 15
1612 7
819 9
1189 8
1177 15
4237 3
1127 6
1537 7
894 18
1748 6
2127 6
858 22
1298 13
140 30
2222 6
1900 3
385 29
954 17
1479 8
1359 10
801 11
985 10
971 8
754 17
3151 4
847 11
479 16
1166 9
3061 5
2166 6
1563 11
3091 5
1003 7
1378 8
4355 4
1054 10
2821 4
4230 3
619 19
2101 9
1717 7
2557 7
698 19
1634 7
621 27
524 20
2176 6
1848 7
2714 6
2310 7
2495 5
598 16
3052 3
2486 8
2322 7
780 21
2317 5
240 30
1433 8
2209 5
230 29
115 40
377 20
2374 6
2050 5
602 19
922 16
2319 3
1311 14
2741 6
1072 14
2470 6
1787 5
1394 6
6035 3
612 16
2772 5
1391 11
936 13
1277 12
2251 6
1086 15
2794 4
701 15
214 33
564 25
3070 5
2708 5
2562 6
3094 4
2789 4
1650 9
2074 7
2539 4
6294 3
2850 4
2547 4
1967 6
731 23
2779 4
657 14
4281 3
1865 4
2139 5
1783 7
768 12
1928 8
1092 9
503 12
1756 6
2255 4
1636 10
4126 3
2491 7
1483 8
4069 4
338 31
3105 4
576 33
761 13
1996 9
738 16
1775 7
1415 6
484 11
1036 9
1243 10
2334 7
1078 7
2530 6
6143 3
2065 5
1265 11
544 23
623 16
4091 3
1512 7
2956 5
1196 10
1114 10
2389 6
2946 6
2382 6
2564 6
328 28
239 24
122 52
6144 3
269 29
628 17
878 22
1223 14
363 22
2277 5
4014 3
4264 3
4140 3
3538 4
3198 5
4271 3
3215 5
733 16
6249 3
2159 6
3059 3
997 15
630 18
4876 3
3394 4
1449 7
4538 3
608 11
2873 3
1649 6
1234 8
4062 3
2226 7
2878 4
4108 3
1314 11
2748 5
1798 6
1474 9
2535 6
125 41
522 25
1632 8
1423 6
44 48
2152 6
1687 8
667 11
1188 9
3142 4
2008 5
2862 4
1564 8
714 18
1280 10
313 20
2017 7
4322 4
4031 3
3023 3
2884 5
1324 16
397 26
1096 19
3077 4
3433 4
1657 6
3009 5
2185 7
1191 7
2717 6
459 26
823 9
4267 3
1495 14
1753 4
771 16
401 16
3187 5
186 39
1119 11
1914 7
3039 5
1938 5
1919 4
1705 6
2756 6
4244 3
915 14
3107 3
2978 6
1586 9
4037 4
1986 8
3441 4
1456 7
2606 4
404 26
516 30
2004 5
2060 6
1551 9
3981 4
702 22
2297 6
2163 4
2214 6
2904 4
2346 6
561 14
2195 5
2112 7
2221 4
2555 6
2982 4
357 22
1307 8
1812 8
4008 3
1941 8
2826 5
1769 13
455 22
2475 6
1875 5
1673 8
2132 6
4084 3
4027 3
297 26
963 15
2612 5
2031 7
2272 4
1889 9
10 45
1596 10
980 17
550 14
2083 8
2097 7
1651 6
1081 10
4769 3
1569 5
1736 6
958 12
3299 3
592 20
4111 3
2542 5
2123 6
1978 6
1640 6
173 27
530 15
66 43
3067 3
2026 6
470 29
1524 8
4142 3
3130 4
793 9
1287 7
1205 12
1696 6
2403 5
3168 4
654 13
2261 4
3469 4
156 19
283 19
3993 4
4178 3
3414 4
59 33
4278 4
3388 4
2091 6
4161 3
5951 3
1971 7
6103 3
2358 5
1226 9
2498 5
1949 8
2247 7
1744 7
1853 7
864 12
2913 5
1016 7
219 24
2300 6
2480 7
1170 13
799 20
925 18
1896 10
5985 3
390 35
2895 5
1686 6
1042 8
1515 10
1955 6
38 52
196 40
945 15
4143 3
1169 14
2784 3
118 26
206 41
959 13
1674 12
3194 5
1065 11
358 28
331 26
1659 8
2746 6
737 7
767 26
3037 4
2228 7
2070 6
2173 6
1020 12
6287 3
84 31
805 11
4068 4
437 17
194 22
4112 3
3503 4
1768 6
2749 6
6131 3
4336 4
220 23
1312 11
4129 3
2395 5
2365 7
1021 12
1263 11
4937 3
934 16
1989 8
3537 4
4170 4
4017 3
948 13
4120 3
2160 5
6149 3
3785 4
572 16
2450 5
1398 7
3984 4
3986 3
226 31
4296 4
4159 3
1430 7
527 28
1145 7
1870 8
1448 9
2549 3
62 48
2466 7
833 17
3146 5
1472 11
2743 6
1573 9
4588 3
2020 5
548 16
3524 4
1110 12
2204 8
1999 6
2622 4
2799 4
1772 8
418 20
2324 6
933 7
4174 3
783 15
1357 13
2217 8
348 19
2333 7
6082 3
1152 9
789 18
49 43
6190 3
2046 6
2052 5
1090 6
2967 4
627 14
993 15
1308 7
2117 5
715 22
1934 8
2201 7
1916 6
2503 5
4232 4
4100 3
23 69
1722 10
364 30
388 14
1425 6
3069 3
950 12
2957 4
1678 10
1445 11
1845 8
1025 10
4190 4
3429 4
3083 5
3073 4
1992 7
1842 6
2478 7
1466 7
6197 3
485 19
4248 3
2340 6
2143 4
778 13
720 13
1270 8
460 21
2449 5
1645 8
1389 7
324 24
244 21
637 16
4107 4
2066 5
4168 3
4223 3
2811 4
752 17
1232 10
2899 4
2941 5
3045 5
379 28
1607 7
1386 8
1536 9
1639 6
1035 10
3367 5
2617 5
452 13
4187 3
295 18
579 25
1894 6
535 18
6260 3
1618 6
3136 4
3138 4
3301 4
77 38
683 20
2260 3
541 19
1215 11
2995 5
4317 3
1712 7
2344 6
765 8
2552 4
5863 3
2521 5
1628 8
897 15
312 27
237 24
1002 10
2435 4
2584 5
370 31
2722 6
2371 4
2519 4
2923 4
3398 3
567 23
416 23
2950 5
3115 3
3212 5
4154 4
380 24
100 30
914 11
965 17
300 24
3206 5
1279 13
1439 8
2974 4
2079 9
1395 6
286 18
2405 4
1075 10
800 21
2232 7
3125 3
1365 8
1407 6
496 16
605 17
2987 5
1779 9
1568 6
2581 5
607 15
1807 7
2902 5
1699 8
42 35
759 17
3093 4
2508 5
1228 9
1073 13
235 33
2291 5
6106 3
6117 3
2187 6
1931 6
2591 5
694 13
2844 4
816 18
1103 5
3031 4
4260 4
4010 3
3148 5
2244 8
4268 4
3159 4
265 29
1062 11
296 29
3112 4
3169 5
171 38
1700 10
2609 4
4240 3
3999 4
4327 3
4206 3
445 20
2131 6
1339 8
2338 7
4002 5
2012 7
582 15
3201 5
1884 10
2120 4
4167 3
1858 6
557 15
718 11
1581 7
2147 6
1604 8
3997 5
1507 6
2726 6
441 25
868 22
4592 3
4041 3
672 8
4096 4
1140 8
983 11
275 17
4257 3
2035 6
197 33
2208 7
1731 4
4024 3
853 16
751 10
1500 10
1746 7
4275 3
4300 4
2167 6
2136 4
1980 6
2275 5
4175 3
4004 5
4073 3
4890 3
3028 4
1295 8
2832 4
677 18
1111 13
907 16
6018 3
3249 4
4055 4
2238 8
1868 7
3154 4
1210 9
590 13
4201 3
664 21
1878 7
1790 8
6219 3
2388 4
2938 5
2264 6
2964 4
1690 7
79 48
617 13
4136 4
1420 6
4061 3
352 29
2502 3
2918 4
126 50
1594 8
251 29
1034 10
2803 4
2875 4
369 13
1533 8
1548 8
651 13
176 29
3145 5
4053 3
947 11
256 21
2267 5
2537 6
2810 3
920 16
428 39
2305 6
887 19
3545 4
3758 4
4344 3
72 54
3371 3
500 24
1496 6
1221 10
1200 6
1757 5
4193 4
918 17
1682 9
2781 4
1413 6
2107 6
1275 8
1108 9
1598 8
2211 6
2282 5
1014 10
1856 9
843 15
2760 6
1491 7
2529 5
1362 6
4155 3
1804 6
2315 4
632 8
1371 11
394 30
2484 6
2257 6
514 26
610 12
2444 5
725 17
513 24
4088 4
50 41
4290 3
1519 6
1994 7
3173 5
797 18
2197 6
1136 10
4048 5
4183 4
1175 16
4318 3
4011 4
1236 12
1683 5
1326 11
645 22
2413 6
2566 6
1382 14
1452 5
1176 16
1039 7
2881 5
1815 5
2384 6
1005 19
28 55
4280 4
4130 3
2089 9
589 19
1337 6
2087 6
215 26
687 20
3101 4
2098 8
2184 9
150 22
2298 5
3161 5
3018 5
2336 7
245 42
2604 3
2511 6
2190 4
2546 4
826 10
1344 14
3990 5
2494 5
3012 5
332 24
2329 10
1099 15
1965 5
2980 4
745 15
34 61
2548 4
2082 5
3056 4
1410 10
620 18
4194 3
4449 3
1434 6
4182 3
4090 3
2471 5
1547 6
1045 16
937 14
1619 6
730 15
16 47
4265 4
921 20
2880 5
1069 8
2311 9
1224 8
368 10
3078 3
5998 3
4007 3
2556 7
994 14
1786 8
611 18
1849 9
849 8
2320 6
492 14
2740 6
208 24
2788 4
2140 6
1523 6
2271 6
93 41
3055 4
2773 5
292 13
4039 3
2445 7
291 20
3040 3
2429 5
3071 4
374 35
3272 3
114 57
2790 6
1306 7
429 19
1939 6
3097 3
1328 12
4049 3
1091 5
73 31
409 24
6090 3
67 51
1962 5
812 15
1958 6
241 17
3133 4
2561 7
489 26
585 18
6007 3
6112 3
327 22
1970 7
2391 4
4125 4
1281 15
2819 4
732 18
1864 7
3214 5
1603 8
2233 6
1881 5
622 19
970 7
6200 3
2381 4
1416 6
2771 4
24 41
2256 6
2759 6
1658 7
2049 6
104 53
3197 5
2057 5
1558 10
4241 4
3493 4
1635 7
1237 9
2175 5
1513 9
1264 13
4468 3
747 16
159 33
2490 7
2563 6
3086 5
4749 3
1633 7
4333 4
47 53
4929 3
3991 5
1427 6
1942 9
4217 3
1484 8
1017 11
270 27
6296 3
2042 5
1057 7
538 11
5897 3
2840 5
1602 9
4226 3
521 18
2007 7
1332 6
162 34
1923 6
880 10
433 30
2164 6
1399 7
1912 5
986 8
786 12
740 12
1117 13
1008 21
3022 3
4148 4
103 51
4082 4
201 22
871 6
4297 4
1401 15
719 22
1529 10
4305 4
4289 3
5163 4
902 9
827 13
2039 4
266 33
6039 3
1742 6
1353 11
3128 4
4042 3
1624 6
2892 4
1219 15
1695 8
2534 6
97 40
2983 3
1704 6
668 27
1749 7
688 22
750 12
1126 7
774 11
5101 3
4306 4
2128 6
910 17
1341 7
693 13
2701 5
4123 3
3424 3
1534 8
893 21
1915 4
2309 6
3979 4
2737 5
804 16
83 42
6183 3
5962 3
1385 10
2558 7
2672 6
4156 3
2094 7
962 18
755 23
1085 11
1714 5
1837 7
143 48
3090 5
4020 3
1403 11
2323 7
6068 3
2822 4
3049 4
1051 15
2268 5
3033 4
1497 8
518 17
497 25
4236 3
2914 4
2906 4
1211 14
2852 4
2732 5
6025 3
2155 4
169 41
411 27
2399 5
1542 6
2991 5
1711 8
2836 4
2102 8
478 19
384 19
398 16
4052 3
2016 6
836 8
4028 3
3068 5
1735 7
942 16
955 11
1376 13
1888 7
2030 6
2286 6
4119 3
2369 5
1595 8
190 38
2816 5
1750 7
2802 4
1739 7
601 17
822 10
231 21
1610 7
779 10
551 25
343 17
504 19
981 8
697 17
2823 5
3001 4
6230 3
3177 3
857 17
1010 13
707 13
1966 5
1665 8
4077 3
261 35
4279 4
4083 3
1782 8
2439 5
2252 5
2506 3
321 22
792 10
3209 5
2896 4
3122 5
1079 7
1248 8
2422 5
1590 6
1652 5
3994 4
2401 6
4205 4
1516 8
3980 4
2053 5
924 11
2933 3
4064 3
2301 6
760 17
863 7
2481 6
2027 6
531 9
1745 7
172 25
4045 5
2111 8
1366 7
4252 4
223 42
2124 4
1897 7
721 8
1255 7
1043 9
6014 3
669 15
282 25
420 23
1852 8
3548 4
5893 3
639 15
989 13
1505 6
2372 6
1348 7
2945 6
2248 6
1137 15
577 25
2809 4
1227 8
1417 9
216 35
3381 4
852 21
643 15
4341 3
1951 8
2766 4
1120 7
4032 3
1475 12
2928 4
1794 9
1187 11
2193 6
2968 3
2092 6
676 13
1251 9
277 28
2456 5
3191 5
1192 9
879 11
3306 4
3017 6
2640 6
2700 3
1095 8
1183 7
3104 4
2975 4
1444 9
2747 6
1883 9
4312 3
4691 3
1846 7
2215 7
133 35
123 35
304 13
2515 6
2417 6
1631 7
2294 5
2605 5
56 67
1369 7
54 53
1151 14
4282 3
306 32
1204 12
70 21
839 13
5966 3
4038 4
2520 6
166 28
1578 7
88 18
2225 6
1009 11
30 37
403 23
466 22
134 35
3038 3
2151 5
618 19
848 8
1829 6
1761 6
1629 11
2196 5
2755 6
1323 7
4197 3
1455 5
3150 5
1492 7
3164 5
703 19
2729 6
3454 3
3560 4
1134 9
4131 3
1100 11
1377 10
3106 4
2488 9
1461 10
185 18
2487 8
3188 5
1719 8
4 76
2716 6
1985 9
2669 5
1691 7
2003 5
