127 17
1801 5
71 43
1481 6
3074 3
2266 3
3163 3
1178 11
1387 6
512 6
463 12
517 11
458 12
1785 4
1250 6
1363 6
722 13
1109 7
3051 4
2067 5
1630 10
1597 5
3185 3
3109 4
728 15
1244 7
2154 5
742 13
29 48
350 14
1810 6
2203 4
58 37
153 22
2754 4
1546 5
101 29
2994 4
340 14
3256 3
311 24
825 11
917 6
495 23
1703 4
4501 3
1322 5
2086 4
1816 7
1172 6
2510 4
2458 4
1259 6
834 9
285 12
4319 3
1216 7
3238 3
2274 4
2285 4
2194 4
3092 4
1135 9
2002 4
1203 5
96 23
2088 5
1068 8
486 13
2114 6
2134 3
1354 9
569 7
8 55
3239 3
3111 3
1396 5
686 16
3149 3
1760 4
2033 5
391 11
943 7
1375 6
180 20
1585 5
246 15
2227 5
690 8
3241 3
1168 5
61 29
536 12
1767 4
1653 5
2237 5
1458 8
444 8
508 20
4784 3
1336 6
39 39
3260 3
558 15
1089 10
12 36
3200 3
3036 5
1554 7
2168 4
573 11
1084 10
4806 3
638 11
875 6
1 60
3218 4
506 19
136 35
116 40
1197 7
1580 5
2146 3
661 9
3157 3
1935 4
581 9
4604 3
308 10
678 9
1517 6
3025 5
1991 4
3027 5
927 12
301 19
3180 4
4686 3
4827 3
51 41
1758 6
1822 6
456 14
3063 3
2745 4
652 9
1033 5
2034 5
2258 5
1539 9
2029 4
796 11
366 19
844 10
1541 9
272 12
775 8
2108 6
3044 5
20 47
888 10
1011 9
1983 5
3100 4
1754 6
1627 8
1161 6
468 18
2093 5
700 13
3030 5
1019 11
1927 5
78 19
4779 3
1380 6
413 20
990 9
294 20
1442 5
2218 4
349 12
764 11
1614 7
1743 7
2075 4
3251 3
1981 5
4582 3
4401 3
3205 3
2081 4
1383 8
606 15
137 30
1414 5
666 5
432 14
1074 7
860 9
1063 7
1567 6
1776 4
2158 5
3047 5
708 7
1601 4
710 10
323 11
856 8
2142 5
1664 6
112 30
3211 3
191 10
545 13
187 27
588 17
4625 3
756 13
1283 5
262 34
3089 4
212 26
1331 8
2383 4
542 21
3114 4
1305 9
961 7
2099 4
3234 3
574 14
170 16
660 11
3217 3
26 61
2116 6
977 8
2250 5
526 12
566 15
359 16
1229 10
2299 6
108 16
604 11
1001 7
232 15
477 15
1338 8
3054 4
1182 9
225 16
330 8
1447 8
142 17
207 20
1510 6
48 28
360 13
3170 4
3160 4
1988 4
1076 6
3135 4
3082 3
766 12
449 17
1574 6
4243 3
1579 6
659 15
1141 12
682 6
353 16
375 16
984 7
1155 10
1485 6
788 13
128 17
4797 3
501 10
278 17
1313 10
1617 7
3144 3
490 19
155 25
387 18
1913 4
1112 9
626 9
1294 6
461 13
1426 6
1562 8
257 12
4640 3
1358 9
951 6
782 13
85 24
3647 3
809 14
1156 7
2200 4
2281 5
1557 6
1486 4
425 18
3057 3
2056 4
736 6
539 12
781 10
3233 4
1698 5
520 16
2037 4
532 7
1193 6
55 35
4617 3
57 33
872 7
1146 7
395 19
89 34
175 24
584 15
35 33
2295 6
1550 4
1421 7
1454 8
665 8
3021 5
1476 6
1207 7
1584 5
904 9
930 7
1675 5
649 12
1318 5
2150 4
648 8
642 15
2006 4
2245 5
3178 3
1764 7
2130 6
1028 6
1589 4
198 21
1718 5
1098 5
1059 8
3003 4
913 6
2019 4
361 13
202 27
4436 3
184 14
776 9
2183 3
1459 5
1269 9
181 24
412 15
307 19
1671 5
2041 4
1467 8
1463 9
830 16
154 30
2062 5
1101 8
704 6
326 20
1165 5
1462 6
681 7
335 11
1029 7
3062 3
5 59
2105 6
1957 4
554 13
552 26
4742 3
4664 3
1623 8
74 32
440 12
890 14
1289 5
299 26
2024 5
1282 6
1694 4
841 8
1044 12
1350 10
1751 7
91 31
2137 6
1240 7
3079 3
467 12
2121 4
481 13
474 13
867 6
817 9
563 11
3248 3
229 20
673 11
68 43
2059 4
315 13
1947 6
1347 7
222 10
2911 4
1504 6
25 34
3132 4
305 26
928 12
1526 5
3245 3
217 27
4815 3
1730 7
158 20
281 22
46 38
1316 6
1418 5
36 30
2263 5
1368 7
748 13
472 15
1655 6
317 12
711 8
132 14
1254 6
1791 6
892 11
2180 5
1428 5
2071 5
546 23
537 10
1018 10
1125 8
2279 3
1007 8
1443 7
741 9
1186 4
998 12
3119 3
1789 3
3032 5
2240 4
3192 3
2076 5
529 14
1545 6
1058 7
1773 6
3166 3
2573 4
987 8
1150 7
3141 3
1535 8
2390 4
1335 7
908 11
3127 4
284 14
1340 4
903 9
247 12
289 17
165 30
4579 3
729 12
2119 5
2 51
808 10
845 11
2125 6
1231 8
2979 4
3270 3
1249 6
147 18
973 13
1046 11
1142 10
2095 5
1291 6
3227 4
319 12
1052 11
1179 10
735 7
3048 3
1493 6
974 10
1271 7
1668 6
344 12
1613 6
2103 6
636 9
1710 4
1406 5
1104 8
2224 3
1133 6
209 25
3203 3
1118 8
1575 6
117 36
2207 5
80 25
600 13
336 15
457 18
1301 7
821 6
696 13
383 17
1721 4
2172 6
1431 5
92 22
1489 6
3050 4
1212 7
2253 3
1805 5
3226 3
1477 4
1727 5
1164 6
505 14
670 8
1094 9
419 14
2178 6
995 10
1225 10
837 8
2015 5
290 21
625 21
149 26
3208 3
210 25
712 10
406 23
2289 4
4798 3
19 36
1030 6
365 14
763 14
3196 3
2021 5
2038 5
570 20
3123 4
1880 6
252 18
1159 6
883 12
2048 5
655 11
3110 4
421 19
1998 4
1367 6
271 10
1070 6
1024 6
3174 3
3117 4
491 14
13 41
105 30
1514 6
840 13
1647 5
4693 3
597 8
111 21
1411 5
408 20
1480 6
3265 3
242 25
559 17
1588 4
32 49
443 17
2234 4
1795 3
580 10
3273 5
846 13
31 37
4717 3
1689 5
2706 4
1296 9
1553 6
2161 6
2897 4
1303 11
2133 5
1654 5
968 10
675 10
15 32
3268 4
431 7
4624 3
382 16
2236 5
1506 6
4329 4
139 23
129 21
926 9
3008 5
2145 3
859 9
1083 7
739 15
1293 5
876 8
1792 4
3024 5
662 9
168 28
135 18
1518 6
145 16
178 25
1131 7
3156 4
124 34
772 16
1759 4
1429 5
2032 5
3026 5
1374 6
1528 6
653 11
1692 5
2259 3
509 18
2212 4
1015 10
367 16
976 10
716 11
1821 6
940 6
685 13
743 15
2265 3
21 27
523 16
2129 6
1460 6
723 14
453 16
1202 7
3162 3
351 23
1040 10
595 11
1755 6
1138 10
488 10
1012 6
835 8
1498 7
1267 6
1032 6
901 11
113 35
2191 5
152 32
342 24
1419 6
862 7
341 18
1056 7
2883 4
2189 5
2287 4
3108 4
2284 4
64 34
1473 6
881 13
3186 4
45 52
405 8
507 18
1173 5
4656 3
309 11
1734 5
1733 5
3230 3
2113 6
2153 3
824 10
120 31
1148 12
254 26
392 17
1321 6
2242 4
1987 4
2254 4
813 9
2014 4
644 12
851 10
1820 4
399 12
2296 5
2110 6
1811 6
436 17
1342 5
1802 4
94 30
213 21
1450 7
2863 4
568 7
3250 3
2273 3
3098 4
1129 5
791 11
1143 6
1355 6
2231 4
3231 3
916 5
386 13
2043 4
1457 6
200 14
1261 6
1352 9
329 18
525 10
27 11
4467 3
787 13
1621 7
1902 4
1561 8
161 34
2001 4
3216 3
109 34
1310 10
2115 6
1239 10
3035 5
769 14
1556 6
1181 8
803 14
1809 6
2744 4
3199 3
60 34
1766 5
1245 8
1400 6
691 8
1067 9
1388 7
3153 3
3134 3
346 12
3085 4
911 5
3171 3
427 19
2072 4
3121 3
82 39
2202 3
650 17
1154 6
895 7
1763 6
69 32
1157 8
1470 6
3076 4
224 19
3264 3
2100 4
1982 6
1006 6
3423 3
426 13
996 9
3222 4
1435 6
279 24
2069 4
956 9
498 8
629 12
483 14
2055 4
1487 6
372 23
3204 4
2028 3
1540 7
1330 6
1284 6
1661 5
3075 4
3041 5
1606 5
2064 5
1160 7
99 29
869 10
1592 4
2022 4
790 12
533 17
2080 4
1122 10
4643 3
1697 6
1053 10
414 14
462 18
1770 6
1209 6
263 18
991 7
931 6
2246 4
615 11
476 19
1198 8
3210 4
1409 5
1626 7
2219 4
2141 5
1077 7
293 13
2854 4
1272 12
1781 6
1299 8
1663 5
967 5
1611 6
2157 4
322 13
469 12
635 10
3046 5
1088 10
575 17
1566 7
979 12
709 10
40 50
310 15
192 19
699 13
1115 12
960 16
818 7
1038 7
4406 3
1707 6
2293 7
3103 4
267 25
543 19
3088 4
1777 6
2044 4
354 12
1437 5
1064 9
757 8
9 39
1217 6
3240 3
1600 4
1740 7
603 8
90 28
565 16
1346 6
1964 5
3102 4
3247 4
850 11
891 10
1004 9
2106 6
1360 7
1013 9
233 20
1490 5
2198 5
1693 4
316 13
1806 4
4105 3
2288 3
1738 7
2025 4
1370 5
4251 3
11 29
842 12
511 10
899 10
2000 5
3131 3
199 14
1979 6
3066 3
1737 6
3143 3
4814 3
795 11
794 10
1609 6
944 6
1780 6
1113 9
3244 4
674 14
2122 6
2280 4
1317 7
280 25
957 14
273 23
471 12
1503 5
1509 5
2262 4
1936 5
1325 8
131 40
1565 9
502 8
1286 6
314 19
1796 5
1502 5
355 13
2058 3
1252 4
555 11
1037 6
4164 3
37 32
855 14
195 22
2005 5
1706 5
1788 6
680 15
2186 5
679 10
831 11
1147 9
1960 4
1241 7
1441 5
647 11
1206 6
4753 3
334 11
2292 6
1997 4
1027 8
423 11
1139 8
1319 6
2077 5
1222 7
1747 7
820 8
174 16
1799 4
1571 5
422 21
905 9
1194 7
1552 5
41 34
52 26
2887 3
1451 8
302 29
1453 8
866 12
2223 5
593 15
770 9
188 25
402 16
3152 3
4292 4
641 12
1097 7
1641 6
838 13
616 12
640 9
1121 8
870 10
1384 7
896 11
1468 6
3184 4
2068 5
1464 8
2165 4
1494 6
777 11
2018 4
1906 6
464 17
3235 4
1685 6
2011 4
6 64
562 10
1304 8
2269 4
1102 8
183 19
3179 4
3189 4
1478 6
362 10
439 18
1379 7
1593 6
705 8
1720 5
4763 3
3053 4
2206 3
2177 6
407 15
18 22
912 6
376 14
1432 5
785 13
4574 3
599 15
1393 6
609 9
587 17
1167 8
1235 7
95 43
298 20
923 9
243 22
2051 4
148 13
753 11
726 21
2171 7
106 36
964 10
157 20
2009 5
65 26
935 6
203 25
1213 7
1093 11
1023 11
81 36
2742 4
2084 4
624 12
86 24
1300 7
1158 7
2170 6
371 27
656 12
204 24
1041 10
1990 4
435 19
3254 4
814 9
3195 3
1482 6
885 6
2109 6
1412 5
884 14
339 14
228 22
749 10
268 16
829 15
345 12
596 10
1297 7
2090 5
1521 6
4846 3
613 12
1082 6
1066 8
121 30
952 6
487 8
1071 7
494 22
3058 3
2778 4
2235 5
238 19
3175 3
873 9
3081 3
253 18
3099 4
448 12
3278 3
2278 4
63 22
1637 7
4647 3
179 16
1532 4
1105 8
713 13
2096 5
1784 6
938 6
2149 5
1620 7
2241 4
1262 6
3167 4
1290 7
1527 5
2162 4
4203 3
1132 6
929 9
3126 4
547 13
631 15
1583 4
1538 7
1616 7
396 16
258 30
1422 6
482 22
949 9
499 18
1047 11
2138 5
1055 8
1276 9
3140 3
3228 3
141 27
909 15
3043 5
1124 6
1230 8
75 39
1163 8
450 13
1702 6
3118 3
1405 6
1713 4
1060 7
2104 6
2126 6
900 12
318 12
1729 6
972 12
473 20
1774 5
3 47
248 17
146 29
3202 3
1351 6
802 13
356 23
528 16
164 22
807 8
2040 4
3269 3
1049 8
882 9
1050 12
1488 5
560 17
898 9
798 14
1031 6
1273 10
451 21
454 11
3139 4
1364 6
1408 7
2448 4
634 12
2721 4
578 19
4788 3
695 13
978 8
2144 6
325 18
378 10
889 10
1233 8
540 17
1615 7
1162 7
3137 3
211 28
684 5
3065 4
1732 7
2073 4
861 8
337 23
3172 3
76 40
982 12
3042 5
571 9
1214 6
1190 10
389 19
1660 5
3207 3
1345 3
1171 6
2290 6
966 6
1123 7
2216 4
992 6
236 23
758 5
706 8
218 21
14 33
3124 4
1608 5
2973 4
2999 4
3232 3
2889 3
234 12
594 7
1438 7
3158 3
2188 3
2767 4
1778 6
160 24
3116 3
98 30
1048 13
1278 6
1381 9
1000 12
1061 6
43 19
2054 4
193 35
288 14
119 36
1555 5
586 17
410 14
3193 3
999 12
3019 5
1180 10
2169 3
430 13
1185 7
447 17
1446 8
3258 4
1741 7
2118 6
1130 9
1315 8
415 13
189 29
1292 5
1356 6
480 11
107 31
438 16
1153 8
87 31
1022 6
953 7
221 13
3147 3
3176 4
4830 3
1424 7
1560 7
417 7
784 13
260 19
4623 3
3080 3
2061 3
1530 6
762 11
1144 9
734 9
144 30
1440 5
2524 4
381 18
1471 6
1814 6
906 14
2205 3
1349 9
177 24
373 13
2078 4
773 13
1247 6
22 46
205 22
3072 3
1752 6
1309 10
3213 3
1576 6
1622 6
1260 8
874 11
975 11
493 15
1708 5
1436 5
2220 4
1591 6
1677 6
2174 6
2199 5
1320 6
1026 6
2752 4
1390 5
3113 4
1993 5
1893 6
1499 6
1469 6
534 15
400 18
919 10
746 10
744 14
1268 7
633 20
1372 8
151 36
1977 8
2023 5
1285 5
287 23
475 11
932 7
1549 5
515 18
1525 6
1242 7
1107 6
1208 6
138 38
1803 3
1201 7
724 11
519 17
1195 7
17 29
1327 5
1274 7
2192 5
110 26
333 24
1995 5
2210 4
646 17
446 21
2181 4
2229 5
1220 6
1582 6
1599 6
1149 10
2283 3
2243 4
1288 7
1087 7
810 12
1238 10
33 38
1587 6
1559 5
7 44
1793 5
227 24
1701 4
2013 4
255 22
264 25
806 6
2230 4
182 35
4740 3
556 22
717 12
815 7
671 11
1511 6
2249 5
167 22
692 8
1605 5
663 9
854 10
3120 3
969 10
1174 5
1946 4
510 12
393 24
3020 5
2276 3
4207 3
1501 6
658 10
274 11
549 15
877 9
1508 6
3034 5
3629 3
1771 6
1128 4
946 9
1724 5
1520 6
250 20
303 11
2148 4
1361 7
614 14
1765 6
3155 4
130 24
1373 6
53 21
1465 7
1302 9
2239 5
1397 7
3029 5
583 10
3190 4
591 11
832 6
2304 4
2135 4
828 12
276 21
102 20
1218 8
1404 4
1543 8
259 16
424 7
1625 8
163 22
1402 7
1106 5
1531 4
2986 4
347 20
1333 4
4307 3
434 18
1184 8
865 11
3165 3
3087 5
442 13
2156 3
1577 6
1572 7
4654 3
689 13
3129 4
886 5
1116 10
1329 6
1725 4
727 13
3243 3
939 6
320 17
811 8
1670 5
2010 5
249 18
465 10
1612 5
819 7
1189 7
1177 11
1127 8
1537 7
894 8
1748 7
2127 6
858 8
1298 5
140 21
2222 4
954 9
385 10
1479 6
1359 8
801 11
971 10
754 5
4781 3
3151 3
847 17
479 11
1166 8
3061 5
1563 6
3091 5
2166 3
1003 10
1378 8
1054 10
1800 5
619 14
2101 5
1717 6
698 12
1634 6
621 6
524 14
2176 5
598 20
3052 3
780 6
3246 4
1433 5
240 17
1666 5
2209 5
230 22
115 27
377 13
2050 4
922 11
602 7
1311 8
1072 6
1787 6
1394 4
612 16
1391 7
2251 4
1277 7
1086 9
701 10
214 21
564 20
3070 4
2789 3
2074 4
731 11
1967 5
657 10
2139 5
1783 6
768 7
1092 9
4642 3
503 15
1756 7
2255 4
1636 7
1483 5
338 16
3105 3
576 11
1996 4
761 10
738 14
1775 6
1415 5
484 17
1078 9
1036 5
2065 4
544 9
623 10
1512 6
3253 3
1196 7
1114 10
328 18
239 17
122 16
269 14
1223 9
628 17
878 10
363 20
2277 4
3198 4
3215 3
733 11
2159 5
3059 3
630 13
997 11
4834 3
1449 8
4725 3
608 11
3263 4
1234 5
2226 4
1314 6
1798 5
1474 6
522 16
125 31
1632 7
1423 5
44 42
2152 5
1687 6
667 7
1188 11
3142 3
2008 4
1280 8
714 12
1564 8
313 24
2017 5
3023 5
1324 8
397 12
1096 9
3077 3
2185 5
1191 7
459 13
823 12
1495 5
1753 8
771 11
401 13
3187 3
186 11
1797 6
1119 9
3039 5
1705 5
915 7
3107 4
1586 5
1986 5
1456 7
404 12
516 13
2004 4
1813 6
1551 5
702 8
2297 6
2163 5
4607 3
2214 4
561 13
2195 5
2112 6
2221 3
357 18
1307 9
4679 3
3236 3
1812 5
1941 5
1769 5
455 9
1673 5
2132 7
297 21
963 4
3181 3
2272 4
2692 4
10 37
980 8
1596 6
550 13
4762 3
2083 4
2097 4
1081 7
1736 7
1569 8
958 10
592 15
1978 6
2123 6
173 24
530 22
66 28
3067 3
2026 4
470 9
1524 4
3130 4
793 10
1205 6
1287 7
1696 4
3168 4
654 8
2261 4
283 25
156 26
59 28
4572 4
2091 4
1971 3
1226 8
1256 6
1744 7
864 9
219 20
1016 10
2300 5
799 13
1170 6
925 8
390 11
1042 12
1515 6
38 45
1955 4
196 26
945 8
1169 9
118 21
206 24
959 11
3194 3
358 14
331 16
1065 7
737 10
767 13
3037 5
2228 5
2070 5
1020 5
2173 5
805 11
84 38
437 11
194 27
1768 6
220 19
1312 10
1021 12
1263 7
934 6
1989 5
948 9
2160 3
572 9
1398 7
226 23
527 15
1430 7
1145 8
1448 8
62 35
3229 4
833 6
3146 4
1472 6
1573 7
2743 4
2020 4
548 15
1110 6
2204 5
1999 4
1772 5
418 18
933 6
783 13
1357 6
2217 4
348 12
1152 8
789 11
49 40
4785 3
2052 5
993 11
1090 10
627 15
1308 9
2117 6
715 18
2201 3
23 25
1722 5
388 14
364 18
3069 3
1425 5
950 6
2680 4
2957 4
1445 9
1025 7
3083 4
3073 3
1992 5
1466 6
485 22
778 6
2143 5
720 12
1270 9
460 15
2449 4
324 19
1389 6
244 12
637 15
2066 5
4838 3
752 8
1232 7
3045 5
379 13
1607 5
1386 7
1536 7
1035 5
452 15
579 15
295 26
1894 4
535 9
1618 7
3136 3
77 31
4701 3
3138 4
683 9
2260 3
541 11
1215 4
765 11
1628 7
312 22
897 9
3219 3
1002 9
237 26
370 14
4837 3
567 11
416 23
3212 3
3115 3
914 6
100 49
380 11
3206 3
1279 5
965 5
300 19
1439 6
2079 4
286 24
1395 7
1075 6
800 14
2232 5
3125 4
1365 5
1407 5
496 8
605 13
1779 5
1568 8
607 15
1807 5
4760 3
2902 3
1699 5
42 27
759 10
3093 4
1228 11
235 26
1073 8
2291 6
694 11
816 7
1103 8
3031 5
3148 3
2244 4
265 27
296 15
3159 4
1062 7
3112 4
171 26
3169 4
445 12
3261 4
2131 6
2012 4
3201 3
582 10
3257 3
2120 5
4603 3
557 15
718 6
2147 3
1581 7
1507 6
1604 5
441 14
868 12
672 12
1140 10
275 28
983 7
2035 4
197 26
2208 4
1731 7
853 8
751 7
1500 4
1746 7
2167 4
1980 6
2136 5
2275 5
1295 8
3028 5
1111 6
677 10
907 10
3249 4
3271 3
2238 4
590 11
3154 4
1210 7
664 14
1790 6
2264 4
1690 5
617 13
79 36
1420 6
352 19
4061 3
126 31
1034 10
251 15
1594 5
369 24
1533 4
1548 4
651 14
176 26
4660 3
3145 4
947 9
1823 6
256 25
2267 3
920 13
428 17
887 7
72 23
500 11
1496 6
1221 9
1200 7
1757 4
918 11
1413 6
1275 11
2107 6
1108 8
1598 5
2211 5
1014 12
2282 4
843 15
2760 4
1491 6
1362 6
1804 6
632 18
1371 5
394 17
2357 4
2257 5
610 9
514 11
725 15
513 8
50 41
1994 4
1519 5
3252 3
3173 3
797 14
2197 5
1136 8
1175 9
1236 6
1683 4
645 16
1326 7
1382 8
1452 6
1176 9
1815 5
1039 10
1005 6
28 47
4723 3
2089 7
589 8
1337 6
215 22
687 15
3101 4
2098 5
2184 6
150 24
2298 5
3161 4
245 16
2190 5
826 9
1344 5
332 17
1099 10
34 46
745 7
1410 5
3056 5
620 10
2693 4
1434 5
1547 6
937 6
1045 12
1619 7
3266 3
730 6
16 37
921 13
1069 6
1224 8
368 16
3078 3
994 10
4705 3
611 16
1786 5
849 9
492 18
208 16
2140 4
1523 6
2271 4
93 29
292 19
3055 4
291 21
3040 5
374 15
3071 3
3272 3
114 19
429 13
1306 7
1939 6
4576 3
3097 4
1328 7
73 17
409 27
1091 12
67 17
812 8
241 18
4594 3
1958 4
3133 3
489 10
585 13
327 19
1392 6
1970 5
4633 3
1080 6
1281 11
732 9
2819 4
1603 6
2233 4
622 10
970 9
24 39
1416 6
2256 5
2049 5
1658 5
3197 3
104 29
2057 4
1558 4
1635 7
1237 8
1513 4
2175 6
159 23
747 12
3086 5
1633 7
47 17
1427 6
1484 6
1017 12
270 16
2042 4
1057 10
538 11
1602 6
2007 4
521 16
1332 7
1923 3
162 20
433 22
880 11
1399 5
2164 5
786 8
986 10
740 11
1117 10
1008 6
3022 5
103 27
201 37
871 13
1401 6
719 6
1529 5
4305 3
902 8
827 12
2039 4
266 15
1742 7
1353 8
3128 4
1624 6
1695 5
1219 5
2534 4
97 27
668 11
750 17
688 16
1749 7
774 11
1126 6
910 7
2128 6
693 8
1341 5
1534 7
893 7
83 37
804 12
1385 7
1818 4
2094 4
962 5
1085 8
755 8
143 32
3090 4
1403 6
3049 4
1051 11
2268 4
1497 6
3033 5
497 21
518 14
1211 6
3221 3
169 15
411 12
2155 4
1542 7
2102 6
478 22
3242 3
398 15
384 19
836 10
2016 5
3182 3
3068 5
1735 7
955 10
942 8
1376 5
3267 4
2030 5
2286 3
1595 5
190 16
1750 7
1808 6
822 7
1739 6
601 9
231 26
1610 6
779 7
551 22
504 11
343 18
697 19
981 8
3177 3
4583 3
857 8
707 7
1010 6
261 24
1782 5
4685 3
2252 4
321 17
792 11
3209 3
3122 3
2896 4
1079 7
1590 5
1652 5
1516 4
924 5
760 10
863 8
2027 4
531 8
172 20
1745 7
3966 3
2111 6
1366 7
223 22
2124 6
721 10
1255 6
1043 12
669 6
282 14
420 21
639 13
989 7
1505 5
1348 8
2248 4
577 13
1137 8
2809 4
1227 7
1417 6
216 30
852 9
643 12
1120 9
1475 6
1794 6
1187 7
2193 5
676 16
2092 5
1251 6
277 23
1192 7
3191 4
879 11
2640 4
1095 11
3104 3
1183 9
2975 3
1444 9
2215 4
133 36
123 18
304 12
1631 6
2294 6
56 34
1369 4
54 34
1151 5
306 20
1204 7
70 29
839 13
166 16
88 22
2225 5
1578 5
1009 8
30 24
403 8
466 10
134 30
618 13
3038 5
2151 6
848 10
1629 8
1761 6
2196 4
2755 4
1918 4
1323 9
3237 3
1455 8
3150 4
4678 3
1492 6
703 7
3164 3
2729 4
1134 7
4382 3
1100 11
1377 8
3106 4
1461 6
185 24
3188 3
4 52
1985 5
1691 4
2003 5
