127 0
1801 0
71 2
1481 0
3074 0
2266 0
3163 0
1178 1
1387 0
512 0
463 0
517 0
458 0
1785 0
1250 0
1363 0
722 0
1109 0
3051 0
2067 0
1630 0
1597 0
3185 0
3109 0
728 1
1244 0
2154 0
742 0
29 2
350 0
1810 0
2203 0
58 1
153 0
2754 0
1546 0
101 1
2994 0
340 0
3256 0
311 1
825 0
917 0
495 1
1703 0
4501 0
1322 0
2086 0
1816 0
1172 0
2510 0
2458 0
1259 0
834 0
285 0
4319 0
1216 0
3238 0
2274 0
2285 0
2194 0
3092 0
1135 0
2002 0
1203 0
96 0
2088 0
1068 0
486 0
2114 0
2134 0
1354 0
569 0
8 2
3239 0
3111 0
1396 0
686 0
3149 0
1760 0
2033 0
391 0
943 0
1375 0
180 0
1585 0
246 1
2227 0
690 0
3241 0
1168 0
61 1
536 0
1767 0
1653 0
2237 0
1458 0
444 0
508 1
4784 0
1336 0
39 1
3260 0
558 0
1089 1
12 1
3200 0
3036 0
1554 0
2168 0
573 0
1084 1
4806 0
638 0
875 0
1 3
3218 0
506 0
136 1
116 1
1197 0
1580 0
2146 0
661 0
3157 0
1935 0
581 0
4604 0
308 0
678 0
1517 0
3025 0
1991 0
3027 0
927 1
301 2
3180 0
4686 0
4827 0
51 1
1758 0
1822 0
456 0
3063 0
2745 0
652 0
1033 0
2034 0
2258 0
1539 0
2029 0
796 0
366 0
844 0
1541 0
272 0
775 0
2108 0
3044 0
20 3
888 0
1011 0
1983 0
3100 0
1754 0
1627 0
1161 0
468 0
2093 0
700 0
3030 0
1019 0
1927 0
78 1
4779 0
1380 0
413 0
990 0
294 0
1442 0
2218 0
349 0
764 0
1614 0
1743 0
2075 0
3251 0
1981 0
4582 0
4401 0
3205 0
2081 0
1383 0
606 0
137 0
1414 0
666 0
432 1
1074 0
860 0
1063 0
1567 0
1776 0
2158 0
3047 0
708 0
1601 0
710 0
323 0
856 0
2142 0
1664 0
112 2
3211 0
191 0
545 0
187 2
588 1
4625 0
756 0
1283 0
262 1
3089 0
212 0
1331 0
2383 0
542 0
3114 0
1305 1
961 0
2099 0
3234 0
574 0
170 1
660 0
3217 0
26 4
2116 0
977 0
2250 0
526 0
566 0
359 1
1229 0
2299 0
108 0
604 0
1001 0
232 0
477 1
1338 0
3054 0
1182 0
225 0
330 0
1447 0
142 1
207 1
1510 0
48 1
360 0
3170 0
3160 0
1988 0
1076 0
3135 0
3082 0
766 0
449 0
1574 0
4243 0
1579 0
659 0
1141 0
682 0
353 1
375 1
984 0
1155 0
1485 0
788 0
128 0
4797 0
501 0
278 0
1313 0
1617 0
3144 0
490 0
155 2
387 0
1913 0
1112 0
626 0
1294 0
461 1
1426 0
1562 0
257 1
4640 0
1358 0
951 0
782 1
85 0
3647 0
809 1
1156 0
2200 0
2281 0
1557 0
1486 0
425 0
3057 0
2056 0
736 0
539 0
781 0
3233 0
1698 0
520 0
2037 0
532 0
1193 0
55 1
4617 0
57 2
872 0
1146 0
395 1
89 1
175 1
584 1
35 1
2295 0
1550 0
1421 0
1454 0
665 0
3021 0
1476 0
1207 0
1584 0
904 0
930 0
1675 0
649 1
1318 0
2150 0
648 0
642 1
2006 0
2245 0
3178 0
1764 0
2130 0
1028 0
1589 0
198 0
1718 0
1098 0
1059 0
3003 0
913 0
2019 0
361 0
202 0
4436 0
184 0
776 0
2183 0
1459 0
1269 0
181 1
412 1
307 0
1671 0
2041 0
1467 0
1463 0
830 0
154 2
2062 0
1101 0
704 0
326 2
1165 0
1462 0
681 0
335 0
1029 0
3062 0
5 2
2105 0
1957 0
554 0
552 1
4742 0
4664 0
1623 0
74 2
440 0
890 0
1289 0
299 1
2024 0
1282 0
1694 0
841 0
1044 0
1350 0
1751 0
91 1
2137 0
1240 0
3079 0
467 0
2121 0
481 0
474 1
867 0
817 0
563 0
3248 0
229 1
673 0
68 1
2059 0
315 0
1947 0
1347 0
222 0
2911 0
1504 0
25 0
3132 0
305 1
928 0
1526 0
3245 0
217 0
4815 0
1730 0
158 1
281 1
46 1
1316 0
1418 0
36 2
2263 0
1368 0
748 0
472 0
1655 0
317 0
711 0
132 0
1254 0
1791 0
892 0
2180 0
1428 0
2071 0
546 1
537 0
1018 0
1125 0
2279 0
1007 0
1443 0
741 0
1186 0
998 0
3119 0
1789 0
3032 0
2240 0
3192 0
2076 0
529 0
1545 0
1058 0
1773 0
3166 0
2573 0
987 0
1150 0
3141 0
1535 0
2390 0
1335 0
908 1
3127 0
284 0
1340 0
903 0
247 0
289 0
165 1
4579 0
729 1
2119 0
2 3
808 1
845 0
2125 0
1231 0
2979 0
3270 0
1249 0
147 1
973 0
1046 1
1142 0
2095 0
1291 0
3227 0
319 0
1052 1
1179 1
735 0
3048 0
1493 0
974 0
1271 0
1668 0
344 0
1613 0
2103 0
636 0
1710 0
1406 0
1104 0
2224 0
1133 0
209 1
3203 0
1118 0
1575 0
117 1
2207 0
80 1
600 0
336 0
457 1
1301 0
821 0
696 0
383 0
1721 0
2172 0
1431 0
92 0
1489 0
3050 0
1212 0
2253 0
1805 0
3226 0
1477 0
1727 0
1164 0
505 1
670 0
1094 1
419 1
2178 0
995 0
1225 0
837 0
2015 0
290 1
625 1
149 2
3208 0
210 0
712 0
406 1
2289 0
4798 0
19 1
1030 0
365 0
763 1
3196 0
2021 0
2038 0
570 0
3123 0
1880 0
252 1
1159 0
883 0
2048 0
655 0
3110 0
421 0
1998 0
1367 0
271 0
1070 0
1024 0
3174 0
3117 0
491 0
13 2
105 1
1514 0
840 1
1647 0
4693 0
597 0
111 1
1411 0
408 1
1480 0
3265 0
242 2
559 0
1588 0
32 2
443 0
2234 0
1795 0
580 0
3273 0
846 0
31 2
4717 0
1689 0
2706 0
1296 0
1553 0
2161 0
2897 0
1303 1
2133 0
1654 0
968 0
675 0
15 1
3268 0
431 0
4624 0
382 0
2236 0
1506 0
4329 0
139 2
129 1
926 0
3008 0
2145 0
859 0
1083 0
739 0
1293 0
876 0
1792 0
3024 0
662 0
168 1
135 2
1518 0
145 0
178 0
1131 0
3156 0
124 1
772 0
1759 0
1429 0
2032 0
3026 0
1374 0
1528 0
653 0
1692 0
2259 0
509 0
2212 0
1015 0
367 1
976 0
716 0
1821 0
940 0
685 0
743 0
2265 0
21 2
523 1
2129 0
1460 0
723 1
453 0
1202 0
3162 0
351 0
1040 0
595 0
1755 0
1138 0
488 0
1012 0
835 0
1498 0
1267 0
1032 0
901 0
113 1
2191 0
152 2
342 1
1419 0
862 0
341 0
1056 0
2883 0
2189 0
2287 0
3108 0
2284 0
64 1
1473 0
881 0
3186 0
45 3
405 0
507 0
1173 0
4656 0
309 0
1734 0
1733 0
3230 0
2113 0
2153 0
824 0
120 1
1148 1
254 1
392 0
1321 0
2242 0
1987 0
2254 0
813 0
2014 0
644 0
851 0
1820 0
399 0
2296 0
2110 0
1811 0
436 1
1342 0
1802 0
94 1
213 0
1450 0
2863 0
568 0
3250 0
2273 0
3098 0
1129 0
791 0
1143 0
1355 0
2231 0
3231 0
916 0
386 0
2043 0
1457 0
200 0
1261 0
1352 0
329 0
525 0
27 0
4467 0
787 0
1621 0
1902 0
1561 0
161 2
2001 0
3216 0
109 1
1310 0
2115 0
1239 0
3035 0
769 1
1556 0
1181 0
803 1
1809 0
2744 0
3199 0
60 2
1766 0
1245 0
1400 0
691 0
1067 0
1388 0
3153 0
3134 0
346 0
3085 0
911 0
3171 0
427 0
2072 0
3121 0
82 2
2202 0
650 1
1154 0
895 0
1763 0
69 2
1157 0
1470 0
3076 0
224 0
3264 0
2100 0
1982 0
1006 0
3423 0
426 0
996 0
3222 0
1435 0
279 0
2069 0
956 1
498 0
629 1
483 0
2055 0
1487 0
372 1
3204 0
2028 0
1540 0
1330 0
1284 0
1661 0
3075 0
3041 0
1606 0
2064 0
1160 0
99 1
869 1
1592 0
2022 0
790 0
533 1
2080 0
1122 0
4643 0
1697 0
1053 0
414 0
462 0
1770 0
1209 0
263 0
991 0
931 0
2246 0
615 0
476 1
1198 0
3210 0
1409 0
1626 0
2219 0
2141 0
1077 0
293 1
2854 0
1272 0
1781 0
1299 0
1663 0
967 0
1611 0
2157 0
322 1
469 0
635 0
3046 0
1088 1
575 1
1566 0
979 0
709 0
40 3
310 0
192 1
699 1
1115 0
960 1
818 0
1038 0
4406 0
1707 0
2293 0
3103 0
267 1
543 1
3088 0
1777 0
2044 0
354 0
1437 0
1064 0
757 0
9 1
1217 0
3240 0
1600 0
1740 0
603 0
90 1
565 0
1346 0
1964 0
3102 0
3247 0
850 0
891 0
1004 0
2106 0
1360 0
1013 0
233 1
1490 0
2198 0
1693 0
316 0
1806 0
4105 0
2288 0
1738 0
2025 0
1370 0
4251 0
11 1
842 0
511 0
899 0
2000 0
3131 0
199 0
1979 0
3066 0
1737 0
3143 0
4814 0
795 0
794 0
1609 0
944 0
1780 0
1113 1
3244 0
674 0
2122 0
2280 0
1317 0
280 0
957 0
273 1
471 0
1503 0
1509 0
2262 0
1936 0
1325 0
131 1
1565 0
502 0
1286 0
314 0
1796 0
1502 0
355 0
2058 0
1252 0
555 0
1037 0
4164 0
37 2
855 0
195 0
2005 0
1706 0
1788 0
680 0
2186 0
679 0
831 0
1147 1
1960 0
1241 0
1441 0
647 0
1206 0
4753 0
334 0
2292 0
1997 0
1027 0
423 0
1139 0
1319 0
2077 0
1222 0
1747 0
820 0
174 1
1799 0
1571 0
422 0
905 0
1194 0
1552 0
41 0
52 0
2887 0
1451 0
302 1
1453 0
866 0
2223 0
593 0
770 0
188 1
402 1
3152 0
4292 0
641 0
1097 0
1641 0
838 0
616 0
640 0
1121 0
870 0
1384 0
896 0
1468 0
3184 0
2068 0
1464 0
2165 0
1494 0
777 0
2018 0
1906 0
464 0
3235 0
1685 0
2011 0
6 2
562 0
1304 0
2269 0
1102 0
183 0
3179 0
3189 0
1478 0
362 0
439 0
1379 0
1593 0
705 0
1720 0
4763 0
3053 0
2206 0
2177 0
407 0
18 0
912 0
376 0
1432 0
785 0
4574 0
599 0
1393 0
609 0
587 0
1167 0
1235 0
95 1
298 0
923 0
243 0
2051 0
148 0
753 0
726 1
2171 0
106 3
964 1
157 0
2009 0
65 1
935 0
203 0
1213 0
1093 0
1023 1
81 2
2742 0
2084 0
624 0
86 0
1300 0
1158 0
2170 0
371 1
656 0
204 1
1041 0
1990 0
435 0
3254 0
814 0
3195 0
1482 0
885 0
2109 0
1412 0
884 0
339 0
228 1
749 0
268 1
829 1
345 0
596 0
1297 0
2090 0
1521 0
4846 0
613 1
1082 0
1066 0
121 2
952 0
487 0
1071 0
494 1
3058 0
2778 0
2235 0
238 1
3175 0
873 0
3081 0
253 1
3099 0
448 1
3278 0
2278 0
63 1
1637 0
4647 0
179 0
1532 0
1105 0
713 0
2096 0
1784 0
938 0
2149 0
1620 0
2241 0
1262 0
3167 0
1290 0
1527 0
2162 0
4203 0
1132 0
929 0
3126 0
547 0
631 1
1583 0
1538 0
1616 0
396 1
258 2
1422 0
482 1
949 0
499 1
1047 0
2138 0
1055 0
1276 0
3140 0
3228 0
141 1
909 1
3043 0
1124 0
1230 0
75 2
1163 0
450 0
1702 0
3118 0
1405 0
1713 0
1060 0
2104 0
2126 0
900 0
318 0
1729 0
972 0
473 1
1774 0
3 1
248 0
146 0
3202 0
1351 0
802 1
356 2
528 1
164 1
807 0
2040 0
3269 0
1049 0
882 0
1050 0
1488 0
560 0
898 0
798 0
1031 0
1273 0
451 1
454 0
3139 0
1364 0
1408 0
2448 0
634 0
2721 0
578 0
4788 0
695 1
978 0
2144 0
325 0
378 0
889 0
1233 0
540 0
1615 0
1162 0
3137 0
211 0
684 0
3065 0
1732 0
2073 0
861 0
337 0
3172 0
76 1
982 1
3042 0
571 0
1214 0
1190 0
389 1
1660 0
3207 0
1345 0
1171 0
2290 0
966 0
1123 0
2216 0
992 0
236 1
758 0
706 0
218 0
14 1
3124 0
1608 0
2973 0
2999 0
3232 0
2889 0
234 0
594 0
1438 0
3158 0
2188 0
2767 0
1778 0
160 1
3116 0
98 2
1048 0
1278 0
1381 0
1000 0
1061 0
43 0
2054 0
193 1
288 0
119 1
1555 0
586 0
410 0
3193 0
999 1
3019 0
1180 1
2169 0
430 1
1185 0
447 1
1446 0
3258 0
1741 0
2118 0
1130 0
1315 0
415 0
189 1
1292 0
1356 0
480 0
107 1
438 0
1153 0
87 0
1022 0
953 0
221 0
3147 0
3176 0
4830 0
1424 0
1560 0
417 0
784 1
260 0
4623 0
3080 0
2061 0
1530 0
762 1
1144 0
734 0
144 2
1440 0
2524 0
381 0
1471 0
1814 0
906 1
2205 0
1349 0
177 1
373 0
2078 0
773 1
1247 0
22 2
205 0
3072 0
1752 0
1309 0
3213 0
1576 0
1622 0
1260 0
874 0
975 0
493 0
1708 0
1436 0
2220 0
1591 0
1677 0
2174 0
2199 0
1320 0
1026 0
2752 0
1390 0
3113 0
1993 0
1893 0
1499 0
1469 0
534 0
400 0
919 0
746 0
744 0
1268 0
633 0
1372 0
151 1
1977 1
2023 0
1285 0
287 1
475 0
932 0
1549 0
515 0
1525 0
1242 0
1107 0
1208 0
138 0
1803 0
1201 0
724 0
519 1
1195 0
17 1
1327 0
1274 0
2192 0
110 1
333 2
1995 0
2210 0
646 1
446 1
2181 0
2229 0
1220 0
1582 0
1599 0
1149 0
2283 0
2243 0
1288 0
1087 0
810 0
1238 0
33 0
1587 0
1559 0
7 3
1793 0
227 1
1701 0
2013 0
255 1
264 1
806 0
2230 0
182 1
4740 0
556 1
717 0
815 0
671 0
1511 0
2249 0
167 0
692 0
1605 0
663 0
854 0
3120 0
969 1
1174 0
1946 0
510 0
393 1
3020 0
2276 0
4207 0
1501 0
658 0
274 0
549 1
877 0
1508 0
3034 0
3629 0
1771 0
1128 0
946 0
1724 0
1520 0
250 0
303 0
2148 0
1361 0
614 0
1765 0
3155 0
130 0
1373 0
53 2
1465 0
1302 0
2239 0
1397 0
3029 0
583 0
3190 0
591 0
832 0
2304 0
2135 0
828 0
276 1
102 1
1218 0
1404 0
1543 0
259 1
424 0
1625 0
163 1
1402 0
1106 0
1531 0
2986 0
347 1
1333 0
4307 0
434 0
1184 0
865 0
3165 0
3087 0
442 0
2156 0
1577 0
1572 0
4654 0
689 0
3129 0
886 0
1116 0
1329 0
1725 0
727 1
3243 0
939 0
320 1
811 0
1670 0
2010 0
249 1
465 0
1612 0
819 0
1189 0
1177 0
1127 0
1537 0
894 0
1748 0
2127 0
858 0
1298 0
140 0
2222 0
954 0
385 0
1479 0
1359 0
801 0
971 1
754 0
4781 0
3151 0
847 1
479 0
1166 0
3061 0
1563 0
3091 0
2166 0
1003 0
1378 0
1054 0
1800 0
619 0
2101 0
1717 0
698 1
1634 0
621 0
524 0
2176 0
598 0
3052 0
780 0
3246 0
1433 0
240 1
1666 0
2209 0
230 1
115 1
377 0
2050 0
922 0
602 0
1311 0
1072 0
1787 0
1394 0
612 0
1391 0
2251 0
1277 0
1086 0
701 1
214 1
564 0
3070 0
2789 0
2074 0
731 0
1967 0
657 0
2139 0
1783 0
768 0
1092 0
4642 0
503 0
1756 0
2255 0
1636 0
1483 0
338 1
3105 0
576 1
1996 0
761 0
738 1
1775 0
1415 0
484 0
1078 0
1036 0
2065 0
544 0
623 0
1512 0
3253 0
1196 0
1114 0
328 0
239 0
122 0
269 1
1223 0
628 0
878 0
363 0
2277 0
3198 0
3215 0
733 0
2159 0
3059 0
630 0
997 0
4834 0
1449 0
4725 0
608 0
3263 0
1234 0
2226 0
1314 0
1798 0
1474 0
522 1
125 1
1632 0
1423 0
44 2
2152 0
1687 0
667 0
1188 1
3142 0
2008 0
1280 0
714 0
1564 0
313 1
2017 0
3023 0
1324 0
397 1
1096 0
3077 0
2185 0
1191 0
459 0
823 0
1495 0
1753 1
771 1
401 1
3187 0
186 0
1797 0
1119 0
3039 0
1705 0
915 0
3107 0
1586 0
1986 0
1456 0
404 0
516 0
2004 0
1813 0
1551 0
702 0
2297 0
2163 0
4607 0
2214 0
561 1
2195 0
2112 0
2221 0
357 1
1307 0
4679 0
3236 0
1812 0
1941 0
1769 0
455 0
1673 0
2132 0
297 1
963 0
3181 0
2272 0
2692 0
10 2
980 0
1596 0
550 1
4762 0
2083 0
2097 0
1081 0
1736 0
1569 0
958 0
592 1
1978 0
2123 0
173 1
530 1
66 1
3067 0
2026 0
470 0
1524 0
3130 0
793 0
1205 0
1287 0
1696 0
3168 0
654 0
2261 0
283 1
156 1
59 1
4572 0
2091 0
1971 0
1226 0
1256 0
1744 0
864 0
219 1
1016 0
2300 0
799 0
1170 0
925 0
390 0
1042 1
1515 0
38 2
1955 0
196 1
945 0
1169 0
118 1
206 1
959 0
3194 0
358 1
331 1
1065 0
737 0
767 1
3037 0
2228 0
2070 0
1020 0
2173 0
805 0
84 2
437 0
194 1
1768 0
220 0
1312 0
1021 1
1263 0
934 0
1989 0
948 0
2160 0
572 0
1398 0
226 0
527 1
1430 0
1145 0
1448 0
62 1
3229 0
833 0
3146 0
1472 0
1573 0
2743 0
2020 0
548 1
1110 0
2204 0
1999 0
1772 0
418 1
933 0
783 1
1357 0
2217 0
348 0
1152 0
789 0
49 1
4785 0
2052 0
993 0
1090 1
627 1
1308 0
2117 0
715 1
2201 0
23 1
1722 0
388 0
364 1
3069 0
1425 0
950 0
2680 0
2957 0
1445 0
1025 0
3083 0
3073 0
1992 0
1466 0
485 1
778 0
2143 0
720 1
1270 0
460 0
2449 0
324 1
1389 0
244 0
637 1
2066 0
4838 0
752 0
1232 0
3045 0
379 0
1607 0
1386 0
1536 0
1035 0
452 0
579 0
295 0
1894 0
535 0
1618 0
3136 0
77 2
4701 0
3138 0
683 0
2260 0
541 0
1215 0
765 0
1628 0
312 1
897 0
3219 0
1002 0
237 2
370 0
4837 0
567 0
416 1
3212 0
3115 0
914 0
100 1
380 0
3206 0
1279 0
965 0
300 1
1439 0
2079 0
286 1
1395 0
1075 0
800 0
2232 0
3125 0
1365 0
1407 0
496 0
605 1
1779 0
1568 0
607 0
1807 0
4760 0
2902 0
1699 0
42 2
759 1
3093 0
1228 0
235 1
1073 0
2291 0
694 0
816 0
1103 0
3031 0
3148 0
2244 0
265 2
296 0
3159 0
1062 0
3112 0
171 1
3169 0
445 0
3261 0
2131 0
2012 0
3201 0
582 0
3257 0
2120 0
4603 0
557 1
718 0
2147 0
1581 0
1507 0
1604 0
441 0
868 0
672 0
1140 0
275 1
983 0
2035 0
197 0
2208 0
1731 0
853 0
751 0
1500 0
1746 0
2167 0
1980 0
2136 0
2275 0
1295 0
3028 0
1111 0
677 0
907 0
3249 0
3271 0
2238 0
590 0
3154 0
1210 0
664 0
1790 0
2264 0
1690 0
617 0
79 2
1420 0
352 1
4061 0
126 1
1034 0
251 1
1594 0
369 1
1533 0
1548 0
651 0
176 2
4660 0
3145 0
947 0
1823 0
256 1
2267 0
920 1
428 1
887 0
72 0
500 0
1496 0
1221 0
1200 0
1757 0
918 0
1413 0
1275 0
2107 0
1108 0
1598 0
2211 0
1014 0
2282 0
843 0
2760 0
1491 0
1362 0
1804 0
632 1
1371 0
394 0
2357 0
2257 0
610 0
514 0
725 1
513 0
50 1
1994 0
1519 0
3252 0
3173 0
797 1
2197 0
1136 0
1175 0
1236 0
1683 0
645 0
1326 0
1382 1
1452 0
1176 0
1815 0
1039 0
1005 0
28 2
4723 0
2089 0
589 0
1337 0
215 1
687 0
3101 0
2098 0
2184 0
150 1
2298 0
3161 0
245 0
2190 0
826 0
1344 0
332 1
1099 0
34 1
745 0
1410 0
3056 0
620 0
2693 0
1434 0
1547 0
937 0
1045 0
1619 0
3266 0
730 0
16 1
921 1
1069 0
1224 0
368 1
3078 0
994 0
4705 0
611 1
1786 0
849 0
492 1
208 0
2140 0
1523 0
2271 0
93 1
292 0
3055 0
291 1
3040 0
374 1
3071 0
3272 0
114 0
429 0
1306 0
1939 0
4576 0
3097 0
1328 0
73 0
409 0
1091 1
67 0
812 0
241 1
4594 0
1958 0
3133 0
489 0
585 0
327 0
1392 0
1970 0
4633 0
1080 0
1281 0
732 0
2819 0
1603 0
2233 0
622 0
970 0
24 2
1416 0
2256 0
2049 0
1658 0
3197 0
104 1
2057 0
1558 0
1635 0
1237 0
1513 0
2175 0
159 0
747 0
3086 0
1633 0
47 0
1427 0
1484 0
1017 0
270 0
2042 0
1057 0
538 0
1602 0
2007 0
521 0
1332 0
1923 0
162 1
433 1
880 1
1399 0
2164 0
786 0
986 0
740 0
1117 1
1008 0
3022 0
103 1
201 2
871 0
1401 0
719 0
1529 0
4305 0
902 0
827 0
2039 0
266 0
1742 0
1353 0
3128 0
1624 0
1695 0
1219 0
2534 0
97 1
668 0
750 1
688 1
1749 0
774 1
1126 0
910 0
2128 0
693 0
1341 0
1534 0
893 0
83 1
804 0
1385 0
1818 0
2094 0
962 0
1085 0
755 0
143 1
3090 0
1403 0
3049 0
1051 0
2268 0
1497 0
3033 0
497 0
518 1
1211 0
3221 0
169 0
411 0
2155 0
1542 0
2102 0
478 1
3242 0
398 0
384 0
836 0
2016 0
3182 0
3068 0
1735 0
955 0
942 0
1376 0
3267 0
2030 0
2286 0
1595 0
190 0
1750 0
1808 0
822 0
1739 0
601 0
231 1
1610 0
779 0
551 1
504 0
343 1
697 1
981 0
3177 0
4583 0
857 0
707 0
1010 0
261 1
1782 0
4685 0
2252 0
321 0
792 0
3209 0
3122 0
2896 0
1079 0
1590 0
1652 0
1516 0
924 0
760 0
863 0
2027 0
531 0
172 1
1745 0
3966 0
2111 0
1366 0
223 1
2124 0
721 0
1255 0
1043 0
669 0
282 0
420 1
639 0
989 0
1505 0
1348 0
2248 0
577 0
1137 0
2809 0
1227 0
1417 0
216 1
852 0
643 0
1120 0
1475 0
1794 0
1187 0
2193 0
676 1
2092 0
1251 0
277 1
1192 0
3191 0
879 0
2640 0
1095 0
3104 0
1183 0
2975 0
1444 0
2215 0
133 2
123 0
304 0
1631 0
2294 0
56 1
1369 0
54 2
1151 0
306 1
1204 0
70 2
839 1
166 0
88 0
2225 0
1578 0
1009 0
30 1
403 0
466 0
134 1
618 0
3038 0
2151 0
848 0
1629 0
1761 0
2196 0
2755 0
1918 0
1323 1
3237 0
1455 0
3150 0
4678 0
1492 0
703 0
3164 0
2729 0
1134 0
4382 0
1100 1
1377 0
3106 0
1461 0
185 1
3188 0
4 3
1985 0
1691 0
2003 0
