*Vertices 3504
0.009591
0.0094124
0.00878728
0.00814431
0.00750134
0.00721557
0.00681372
0.00649223
0.00645651
0.00610823
0.00591177
0.0058314
0.00569745
0.00547419
0.00525094
0.00523308
0.0050634
0.00502768
0.00489373
0.00454545
0.0045008
0.00443829
0.00436685
0.00435792
0.00434899
0.00431327
0.00425076
0.00416146
0.0040543
0.00386676
0.00382211
0.00382211
0.00374174
0.00371495
0.00369709
0.00363458
0.00354528
0.00351849
0.0034649
0.00345597
0.00342918
0.00338453
0.00334881
0.00333095
0.00324165
0.00318807
0.00316128
0.00315235
0.00312556
0.0031077
0.00308091
0.00304519
0.00300947
0.00300054
0.00298268
0.00297375
0.00289337
0.00289337
0.00287551
0.00286658
0.00283979
0.00282193
0.00280407
0.00273263
0.0027237
0.0027237
0.00271477
0.00270584
0.00267012
0.00266119
0.00264333
0.00262547
0.00261654
0.00258975
0.00257189
0.00255403
0.00253617
0.00252724
0.00252724
0.00251831
0.00250045
0.00248259
0.00246473
0.00242008
0.00240221
0.00237542
0.00237542
0.00237542
0.00236649
0.00234863
0.00232184
0.00230398
0.00226826
0.00226826
0.00225933
0.0022504
0.00222361
0.00221468
0.00221468
0.00220575
0.00219682
0.00217896
0.0021611
0.00215217
0.00214324
0.00214324
0.00205394
0.00204501
0.00199143
0.0019825
0.0019825
0.0019825
0.00197357
0.00196464
0.00194678
0.00191106
0.00190213
0.00188427
0.00187533
0.00187533
0.00185747
0.00185747
0.00184854
0.00183961
0.00183068
0.0017771
0.0017771
0.00175031
0.00175031
0.00173245
0.00173245
0.00173245
0.00171459
0.00171459
0.00169673
0.0016878
0.00166994
0.00166101
0.00164315
0.00164315
0.00163422
0.00163422
0.00162529
0.00161636
0.00161636
0.00160743
0.00160743
0.00158957
0.00158957
0.00158064
0.00158064
0.00157171
0.00156278
0.00155385
0.00154492
0.00152706
0.00151813
0.0015092
0.00149134
0.00149134
0.00146455
0.00146455
0.00146455
0.00146455
0.00143776
0.00143776
0.00143776
0.00142883
0.0014199
0.00141097
0.00139311
0.00139311
0.00139311
0.00138418
0.00137525
0.00135739
0.00133059
0.00132166
0.00132166
0.00131273
0.0013038
0.0013038
0.0013038
0.00128594
0.00128594
0.00128594
0.00127701
0.00126808
0.00126808
0.00125915
0.00125915
0.00125022
0.00124129
0.00124129
0.00123236
0.00123236
0.00123236
0.00123236
0.00123236
0.00122343
0.00122343
0.00122343
0.0012145
0.0012145
0.0012145
0.00120557
0.00119664
0.00119664
0.00119664
0.00119664
0.00119664
0.00118771
0.00118771
0.00117878
0.00116985
0.00116092
0.00115199
0.00115199
0.00114306
0.00114306
0.00114306
0.0011252
0.0011252
0.0011252
0.0011252
0.00111627
0.00110734
0.00107162
0.00107162
0.00107162
0.00107162
0.00107162
0.00107162
0.00106269
0.00106269
0.00106269
0.00105376
0.00105376
0.00104483
0.00104483
0.0010359
0.0010359
0.0010359
0.0010359
0.0010359
0.0010359
0.00102697
0.00100911
0.00100911
0.00100911
0.00100018
0.00100018
0.000982318
0.000982318
0.000973388
0.000973388
0.000973388
0.000973388
0.000964458
0.000964458
0.000955528
0.000955528
0.000946598
0.000946598
0.000946598
0.000946598
0.000946598
0.000928737
0.000928737
0.000928737
0.000928737
0.000910877
0.000910877
0.000910877
0.000901947
0.000901947
0.000893017
0.000884086
0.000884086
0.000884086
0.000884086
0.000875156
0.000875156
0.000875156
0.000875156
0.000875156
0.000866226
0.000866226
0.000848366
0.000848366
0.000839436
0.000839436
0.000839436
0.000839436
0.000839436
0.000830505
0.000830505
0.000821575
0.000821575
0.000821575
0.000821575
0.000821575
0.000821575
0.000812645
0.000812645
0.000812645
0.000803715
0.000803715
0.000803715
0.000803715
0.000803715
0.000794785
0.000794785
0.000794785
0.000794785
0.000794785
0.000785855
0.000785855
0.000785855
0.000785855
0.000776924
0.000776924
0.000767994
0.000767994
0.000767994
0.000767994
0.000759064
0.000759064
0.000759064
0.000750134
0.000750134
0.000750134
0.000741204
0.000741204
0.000732274
0.000732274
0.000732274
0.000723343
0.000723343
0.000723343
0.000723343
0.000714413
0.000714413
0.000714413
0.000714413
0.000714413
0.000705483
0.000705483
0.000696553
0.000696553
0.000696553
0.000696553
0.000687623
0.000678693
0.000678693
0.000678693
0.000678693
0.000678693
0.000678693
0.000678693
0.000678693
0.000669762
0.000669762
0.000669762
0.000669762
0.000660832
0.000660832
0.000660832
0.000660832
0.000660832
0.000660832
0.000660832
0.000660832
0.000660832
0.000660832
0.000651902
0.000642972
0.000642972
0.000642972
0.000642972
0.000642972
0.000642972
0.000642972
0.000642972
0.000634042
0.000634042
0.000625112
0.000625112
0.000625112
0.000625112
0.000625112
0.000607251
0.000607251
0.000607251
0.000607251
0.000607251
0.000607251
0.000598321
0.000598321
0.000598321
0.000589391
0.000589391
0.000589391
0.000589391
0.000589391
0.000580461
0.000571531
0.000571531
0.000571531
0.000571531
0.000571531
0.000571531
0.00055367
0.00055367
0.00055367
0.00055367
0.00055367
0.00054474
0.00054474
0.00053581
0.00053581
0.00053581
0.00053581
0.00053581
0.00053581
0.00052688
0.00051795
0.00051795
0.00051795
0.00051795
0.00051795
0.00051795
0.00051795
0.00051795
0.00051795
0.000509019
0.000509019
0.000509019
0.000500089
0.000500089
0.000500089
0.000500089
0.000500089
0.000500089
0.000500089
0.000500089
0.000491159
0.000491159
0.000482229
0.000482229
0.000482229
0.000482229
0.000482229
0.000482229
0.000482229
0.000473299
0.000473299
0.000473299
0.000464369
0.000464369
0.000464369
0.000464369
0.000464369
0.000464369
0.000464369
0.000464369
0.000464369
0.000464369
0.000464369
0.000464369
0.000464369
0.000464369
0.000464369
0.000464369
0.000464369
0.000464369
0.000464369
0.000455438
0.000455438
0.000455438
0.000446508
0.000446508
0.000446508
0.000446508
0.000446508
0.000446508
0.000446508
0.000446508
0.000446508
0.000446508
0.000446508
0.000446508
0.000446508
0.000437578
0.000437578
0.000437578
0.000437578
0.000437578
0.000428648
0.000428648
0.000428648
0.000428648
0.000428648
0.000428648
0.000428648
0.000428648
0.000428648
0.000428648
0.000428648
0.000428648
0.000428648
0.000428648
0.000428648
0.000428648
0.000428648
0.000419718
0.000419718
0.000410788
0.000410788
0.000410788
0.000410788
0.000410788
0.000410788
0.000410788
0.000410788
0.000410788
0.000410788
0.000401857
0.000401857
0.000401857
0.000401857
0.000401857
0.000401857
0.000392927
0.000392927
0.000392927
0.000392927
0.000392927
0.000392927
0.000392927
0.000392927
0.000392927
0.000392927
0.000392927
0.000392927
0.000392927
0.000392927
0.000392927
0.000392927
0.000392927
0.000392927
0.000383997
0.000383997
0.000383997
0.000375067
0.000375067
0.000375067
0.000375067
0.000375067
0.000375067
0.000375067
0.000375067
0.000375067
0.000375067
0.000375067
0.000375067
0.000375067
0.000375067
0.000375067
0.000375067
0.000375067
0.000375067
0.000375067
0.000375067
0.000375067
0.000375067
0.000366137
0.000366137
0.000366137
0.000366137
0.000357207
0.000357207
0.000357207
0.000357207
0.000357207
0.000357207
0.000357207
0.000357207
0.000357207
0.000357207
0.000357207
0.000357207
0.000357207
0.000357207
0.000357207
0.000357207
0.000357207
0.000357207
0.000357207
0.000357207
0.000357207
0.000357207
0.000357207
0.000348276
0.000339346
0.000339346
0.000339346
0.000339346
0.000339346
0.000339346
0.000339346
0.000339346
0.000339346
0.000339346
0.000339346
0.000339346
0.000339346
0.000339346
0.000339346
0.000339346
0.000339346
0.000321486
0.000321486
0.000321486
0.000321486
0.000321486
0.000321486
0.000321486
0.000321486
0.000321486
0.000321486
0.000321486
0.000321486
0.000321486
0.000321486
0.000321486
0.000321486
0.000321486
0.000321486
0.000321486
0.000321486
0.000321486
0.000303626
0.000303626
0.000303626
0.000303626
0.000303626
0.000303626
0.000303626
0.000303626
0.000303626
0.000303626
0.000303626
0.000294695
0.000294695
0.000294695
0.000285765
0.000285765
0.000285765
0.000285765
0.000285765
0.000285765
0.000285765
0.000285765
0.000285765
0.000285765
0.000285765
0.000285765
0.000285765
0.000285765
0.000285765
0.000285765
0.000285765
0.000285765
0.000285765
0.000285765
0.000285765
0.000285765
0.000285765
0.000285765
0.000285765
0.000285765
0.000285765
0.000285765
0.000285765
0.000285765
0.000285765
0.000285765
0.000285765
0.000276835
0.000276835
0.000276835
0.000267905
0.000267905
0.000267905
0.000267905
0.000267905
0.000267905
0.000267905
0.000267905
0.000267905
0.000267905
0.000267905
0.000267905
0.000267905
0.000267905
0.000267905
0.000267905
0.000267905
0.000267905
0.000267905
0.000267905
0.000267905
0.000267905
0.000267905
0.000267905
0.000267905
0.000267905
0.000267905
0.000267905
0.000267905
0.000267905
0.000267905
0.000258975
0.000258975
0.000258975
0.000258975
0.000250045
0.000250045
0.000250045
0.000250045
0.000250045
0.000250045
0.000250045
0.000250045
0.000250045
0.000250045
0.000250045
0.000250045
0.000250045
0.000250045
0.000250045
0.000241114
0.000241114
0.000232184
0.000232184
0.000232184
0.000232184
0.000232184
0.000232184
0.000232184
0.000232184
0.000232184
0.000232184
0.000232184
0.000232184
0.000232184
0.000232184
0.000232184
0.000232184
0.000232184
0.000232184
0.000232184
0.000232184
0.000232184
0.000232184
0.000232184
0.000232184
0.000232184
0.000232184
0.000232184
0.000232184
0.000232184
0.000232184
0.000232184
0.000232184
0.000232184
0.000232184
0.000232184
0.000232184
0.000232184
0.000232184
0.000232184
0.000232184
0.000232184
0.000223254
0.000223254
0.000223254
0.000223254
0.000223254
0.000214324
0.000214324
0.000214324
0.000214324
0.000214324
0.000214324
0.000214324
0.000214324
0.000214324
0.000214324
0.000214324
0.000214324
0.000214324
0.000214324
0.000214324
0.000214324
0.000214324
0.000214324
0.000214324
0.000214324
0.000214324
0.000214324
0.000214324
0.000214324
0.000214324
0.000214324
0.000214324
0.000214324
0.000214324
0.000214324
0.000214324
0.000214324
0.000214324
0.000214324
0.000214324
0.000214324
0.000214324
0.000214324
0.000214324
0.000214324
0.000214324
0.000214324
0.000214324
0.000214324
0.000214324
0.000214324
0.000214324
0.000214324
0.000214324
0.000214324
0.000214324
0.000214324
0.000214324
0.000214324
0.000214324
0.000214324
0.000214324
0.000214324
0.000214324
0.000214324
0.000214324
0.000214324
0.000214324
0.000214324
0.000214324
0.000214324
0.000214324
0.000196464
0.000196464
0.000196464
0.000196464
0.000196464
0.000196464
0.000196464
0.000196464
0.000196464
0.000196464
0.000196464
0.000196464
0.000196464
0.000196464
0.000196464
0.000196464
0.000187533
0.000187533
0.000178603
0.000178603
0.000178603
0.000178603
0.000178603
0.000178603
0.000178603
0.000178603
0.000178603
0.000178603
0.000178603
0.000178603
0.000178603
0.000178603
0.000178603
0.000178603
0.000178603
0.000178603
0.000178603
0.000178603
0.000178603
0.000178603
0.000178603
0.000178603
0.000178603
0.000178603
0.000178603
0.000178603
0.000178603
0.000178603
0.000178603
0.000178603
0.000178603
0.000178603
0.000178603
0.000178603
0.000178603
0.000178603
0.000178603
0.000178603
0.000178603
0.000178603
0.000178603
0.000178603
0.000178603
0.000178603
0.000178603
0.000178603
0.000178603
0.000178603
0.000178603
0.000178603
0.000178603
0.000178603
0.000178603
0.000178603
0.000178603
0.000178603
0.000178603
0.000178603
0.000178603
0.000178603
0.000178603
0.000178603
0.000178603
0.000178603
0.000178603
0.000169673
0.000169673
0.000169673
0.000169673
0.000160743
0.000160743
0.000160743
0.000160743
0.000160743
0.000160743
0.000160743
0.000160743
0.000160743
0.000160743
0.000160743
0.000160743
0.000160743
0.000160743
0.000160743
0.000160743
0.000160743
0.000160743
0.000160743
0.000160743
0.000160743
0.000160743
0.000160743
0.000160743
0.000160743
0.000160743
0.000160743
0.000160743
0.000160743
0.000160743
0.000160743
0.000160743
0.000160743
0.000160743
0.000160743
0.000160743
0.000160743
0.000160743
0.000160743
0.000160743
0.000160743
0.000160743
0.000160743
0.000160743
0.000160743
0.000160743
0.000160743
0.000160743
0.000160743
0.000160743
0.000160743
0.000160743
0.000160743
0.000160743
0.000160743
0.000160743
0.000160743
0.000160743
0.000160743
0.000160743
0.000160743
0.000160743
0.000160743
0.000160743
0.000160743
0.000151813
0.000151813
0.000151813
0.000142883
0.000142883
0.000142883
0.000142883
0.000142883
0.000142883
0.000142883
0.000142883
0.000142883
0.000142883
0.000142883
0.000142883
0.000142883
0.000142883
0.000142883
0.000142883
0.000142883
0.000142883
0.000142883
0.000142883
0.000142883
0.000142883
0.000142883
0.000142883
0.000133952
0.000133952
0.000133952
0.000125022
0.000125022
0.000125022
0.000125022
0.000125022
0.000125022
0.000125022
0.000125022
0.000125022
0.000125022
0.000125022
0.000125022
0.000125022
0.000125022
0.000125022
0.000125022
0.000125022
0.000125022
0.000125022
0.000125022
0.000125022
0.000125022
0.000125022
0.000125022
0.000125022
0.000125022
0.000125022
0.000125022
0.000125022
0.000125022
0.000125022
0.000125022
0.000125022
0.000125022
0.000125022
0.000125022
0.000125022
0.000125022
0.000125022
0.000125022
0.000125022
0.000125022
0.000125022
0.000125022
0.000125022
0.000125022
0.000125022
0.000125022
0.000125022
0.000125022
0.000125022
0.000125022
0.000125022
0.000125022
0.000125022
0.000125022
0.000125022
0.000125022
0.000125022
0.000125022
0.000125022
0.000125022
0.000125022
0.000125022
0.000125022
0.000116092
0.000107162
0.000107162
0.000107162
0.000107162
0.000107162
0.000107162
0.000107162
0.000107162
0.000107162
0.000107162
0.000107162
0.000107162
0.000107162
0.000107162
0.000107162
0.000107162
0.000107162
0.000107162
0.000107162
0.000107162
0.000107162
0.000107162
0.000107162
0.000107162
0.000107162
0.000107162
0.000107162
0.000107162
0.000107162
0.000107162
0.000107162
0.000107162
0.000107162
0.000107162
0.000107162
0.000107162
0.000107162
0.000107162
0.000107162
0.000107162
0.000107162
0.000107162
0.000107162
0.000107162
0.000107162
0.000107162
0.000107162
0.000107162
0.000107162
0.000107162
0.000107162
0.000107162
0.000107162
0.000107162
0.000107162
0.000107162
0.000107162
0.000107162
0.000107162
0.000107162
0.000107162
0.000107162
0.000107162
0.000107162
0.000107162
0.000107162
0.000107162
0.000107162
0.000107162
0.000107162
0.000107162
0.000107162
0.000107162
0.000107162
0.000107162
0.000107162
0.000107162
0.000107162
0.000107162
0.000107162
0.000107162
0.000107162
0.000107162
0.000107162
0.000107162
0.000107162
0.000107162
0.000107162
0.000107162
0.000107162
0.000107162
0.000107162
0.000107162
0.000107162
0.000107162
0.000107162
0.000107162
0.000107162
0.000107162
0.000107162
0.000107162
0.000107162
0.000107162
0.000107162
0.000107162
0.000107162
0.000107162
0.000107162
0.000107162
0.000107162
0.000107162
0.000107162
0.000107162
0.000107162
0.000107162
0.000107162
0.000107162
0.000107162
0.000107162
0.000107162
0.000107162
0.000107162
0.000107162
0.000107162
0.000107162
0.000107162
0.000107162
0.000107162
0.000107162
0.000107162
0.000107162
0.000107162
0.000107162
0.000107162
0.000107162
0.000107162
0.000107162
0.000107162
0.000107162
0.000107162
0.000107162
0.000107162
0.000107162
0.000107162
0.000107162
0.000107162
0.000107162
0.000107162
0.000107162
0.000107162
0.000107162
0.000107162
0.000107162
0.000107162
0.000107162
0.000107162
0.000107162
0.000107162
0.000107162
0.000107162
0.000107162
0.000107162
0.000107162
0.000107162
0.000107162
0.000107162
0.000107162
0.000107162
0.000107162
0.000107162
0.000107162
0.000107162
0.000107162
0.000107162
0.000107162
0.000107162
0.000107162
0.000107162
0.000107162
0.000107162
0.000107162
0.000107162
0.000107162
0.000107162
0.000107162
0.000107162
0.000107162
0.000107162
0.000107162
0.000107162
0.000107162
0.000107162
0.000107162
0.000107162
0.000107162
0.000107162
0.000107162
0.000107162
0.000107162
0.000107162
0.000107162
0.000107162
0.000107162
0.000107162
0.000107162
0.000107162
0.000107162
0.000107162
0.000107162
0.000107162
0.000107162
0.000107162
0.000107162
0.000107162
0.000107162
0.000107162
0.000107162
0.000107162
0.000107162
0.000107162
0.000107162
0.000107162
0.000107162
0.000107162
0.000107162
0.000107162
0.000107162
0.000107162
0.000107162
0.000107162
0.000107162
0.000107162
0.000107162
0.000107162
0.000107162
0.000107162
0.000107162
0.000107162
0.000107162
0.000107162
0.000107162
0.000107162
0.000107162
0.000107162
0.000107162
0.000107162
0.000107162
0.000107162
0.000107162
0.000107162
0.000107162
0.000107162
0.000107162
0.000107162
0.000107162
0.000107162
0.000107162
0.000107162
0.000107162
0.000107162
0.000107162
0.000107162
0.000107162
0.000107162
0.000107162
0.000107162
0.000107162
0.000107162
0.000107162
0.000107162
0.000107162
0.000107162
0.000107162
0.000107162
0.000107162
0.000107162
0.000107162
0.000107162
0.000107162
0.000107162
0.000107162
0.000107162
0.000107162
0.000107162
0.000107162
0.000107162
0.000107162
0.000107162
0.000107162
0.000107162
0.000107162
0.000107162
0.000107162
0.000107162
0.000107162
0.000107162
0.000107162
0.000107162
0.000107162
0.000107162
0.000107162
0.000107162
0.000107162
0.000107162
0.000107162
0.000107162
0.000107162
0.000107162
0.000107162
0.000107162
0.000107162
0.000107162
0.000107162
0.000107162
0.000107162
0.000107162
0.000107162
0.000107162
9.82318e-05
8.93017e-05
8.93017e-05
8.93017e-05
8.93017e-05
8.93017e-05
8.93017e-05
8.93017e-05
8.93017e-05
8.93017e-05
8.93017e-05
8.93017e-05
8.93017e-05
8.93017e-05
8.93017e-05
8.93017e-05
8.93017e-05
8.93017e-05
8.93017e-05
8.93017e-05
8.93017e-05
8.93017e-05
8.93017e-05
8.93017e-05
8.93017e-05
8.93017e-05
8.93017e-05
8.93017e-05
8.93017e-05
8.93017e-05
8.93017e-05
8.93017e-05
8.93017e-05
8.93017e-05
7.14413e-05
7.14413e-05
7.14413e-05
7.14413e-05
7.14413e-05
7.14413e-05
7.14413e-05
7.14413e-05
7.14413e-05
7.14413e-05
7.14413e-05
7.14413e-05
7.14413e-05
7.14413e-05
7.14413e-05
7.14413e-05
7.14413e-05
7.14413e-05
7.14413e-05
7.14413e-05
7.14413e-05
7.14413e-05
7.14413e-05
7.14413e-05
7.14413e-05
7.14413e-05
7.14413e-05
7.14413e-05
7.14413e-05
7.14413e-05
7.14413e-05
7.14413e-05
7.14413e-05
7.14413e-05
7.14413e-05
7.14413e-05
7.14413e-05
7.14413e-05
7.14413e-05
7.14413e-05
7.14413e-05
7.14413e-05
7.14413e-05
7.14413e-05
7.14413e-05
7.14413e-05
7.14413e-05
7.14413e-05
7.14413e-05
7.14413e-05
7.14413e-05
7.14413e-05
7.14413e-05
7.14413e-05
7.14413e-05
7.14413e-05
7.14413e-05
7.14413e-05
7.14413e-05
7.14413e-05
7.14413e-05
7.14413e-05
7.14413e-05
7.14413e-05
7.14413e-05
7.14413e-05
7.14413e-05
7.14413e-05
7.14413e-05
7.14413e-05
7.14413e-05
7.14413e-05
7.14413e-05
7.14413e-05
7.14413e-05
7.14413e-05
7.14413e-05
7.14413e-05
7.14413e-05
7.14413e-05
7.14413e-05
7.14413e-05
7.14413e-05
7.14413e-05
7.14413e-05
7.14413e-05
7.14413e-05
7.14413e-05
7.14413e-05
7.14413e-05
7.14413e-05
7.14413e-05
7.14413e-05
7.14413e-05
7.14413e-05
7.14413e-05
7.14413e-05
7.14413e-05
7.14413e-05
7.14413e-05
7.14413e-05
7.14413e-05
7.14413e-05
7.14413e-05
7.14413e-05
7.14413e-05
7.14413e-05
7.14413e-05
7.14413e-05
6.25112e-05
5.3581e-05
5.3581e-05
5.3581e-05
5.3581e-05
5.3581e-05
5.3581e-05
5.3581e-05
5.3581e-05
5.3581e-05
5.3581e-05
5.3581e-05
5.3581e-05
5.3581e-05
5.3581e-05
5.3581e-05
5.3581e-05
5.3581e-05
5.3581e-05
5.3581e-05
5.3581e-05
5.3581e-05
5.3581e-05
5.3581e-05
5.3581e-05
5.3581e-05
5.3581e-05
5.3581e-05
5.3581e-05
5.3581e-05
5.3581e-05
5.3581e-05
5.3581e-05
5.3581e-05
5.3581e-05
5.3581e-05
5.3581e-05
5.3581e-05
5.3581e-05
5.3581e-05
5.3581e-05
5.3581e-05
5.3581e-05
5.3581e-05
5.3581e-05
5.3581e-05
5.3581e-05
5.3581e-05
5.3581e-05
5.3581e-05
5.3581e-05
5.3581e-05
5.3581e-05
5.3581e-05
5.3581e-05
5.3581e-05
5.3581e-05
5.3581e-05
5.3581e-05
5.3581e-05
5.3581e-05
5.3581e-05
5.3581e-05
5.3581e-05
5.3581e-05
5.3581e-05
5.3581e-05
5.3581e-05
5.3581e-05
5.3581e-05
5.3581e-05
5.3581e-05
5.3581e-05
5.3581e-05
5.3581e-05
5.3581e-05
5.3581e-05
5.3581e-05
5.3581e-05
5.3581e-05
5.3581e-05
5.3581e-05
5.3581e-05
5.3581e-05
5.3581e-05
5.3581e-05
5.3581e-05
5.3581e-05
5.3581e-05
5.3581e-05
5.3581e-05
5.3581e-05
5.3581e-05
5.3581e-05
5.3581e-05
5.3581e-05
5.3581e-05
5.3581e-05
5.3581e-05
5.3581e-05
5.3581e-05
5.3581e-05
5.3581e-05
5.3581e-05
5.3581e-05
5.3581e-05
5.3581e-05
5.3581e-05
5.3581e-05
5.3581e-05
5.3581e-05
5.3581e-05
5.3581e-05
5.3581e-05
5.3581e-05
5.3581e-05
5.3581e-05
5.3581e-05
5.3581e-05
5.3581e-05
5.3581e-05
5.3581e-05
5.3581e-05
5.3581e-05
5.3581e-05
5.3581e-05
5.3581e-05
5.3581e-05
5.3581e-05
5.3581e-05
5.3581e-05
5.3581e-05
5.3581e-05
5.3581e-05
5.3581e-05
5.3581e-05
5.3581e-05
5.3581e-05
5.3581e-05
5.3581e-05
5.3581e-05
5.3581e-05
5.3581e-05
5.3581e-05
5.3581e-05
5.3581e-05
5.3581e-05
5.3581e-05
5.3581e-05
5.3581e-05
5.3581e-05
5.3581e-05
5.3581e-05
5.3581e-05
5.3581e-05
5.3581e-05
5.3581e-05
5.3581e-05
5.3581e-05
5.3581e-05
5.3581e-05
5.3581e-05
5.3581e-05
5.3581e-05
5.3581e-05
5.3581e-05
5.3581e-05
5.3581e-05
5.3581e-05
5.3581e-05
5.3581e-05
5.3581e-05
5.3581e-05
5.3581e-05
5.3581e-05
5.3581e-05
5.3581e-05
5.3581e-05
5.3581e-05
5.3581e-05
5.3581e-05
5.3581e-05
5.3581e-05
5.3581e-05
5.3581e-05
5.3581e-05
5.3581e-05
5.3581e-05
5.3581e-05
5.3581e-05
5.3581e-05
5.3581e-05
5.3581e-05
5.3581e-05
5.3581e-05
5.3581e-05
5.3581e-05
5.3581e-05
5.3581e-05
5.3581e-05
5.3581e-05
5.3581e-05
5.3581e-05
5.3581e-05
5.3581e-05
5.3581e-05
5.3581e-05
5.3581e-05
5.3581e-05
5.3581e-05
5.3581e-05
5.3581e-05
5.3581e-05
5.3581e-05
5.3581e-05
5.3581e-05
5.3581e-05
5.3581e-05
5.3581e-05
5.3581e-05
5.3581e-05
5.3581e-05
5.3581e-05
5.3581e-05
5.3581e-05
5.3581e-05
5.3581e-05
5.3581e-05
5.3581e-05
5.3581e-05
5.3581e-05
5.3581e-05
5.3581e-05
5.3581e-05
5.3581e-05
5.3581e-05
5.3581e-05
5.3581e-05
5.3581e-05
5.3581e-05
5.3581e-05
5.3581e-05
5.3581e-05
5.3581e-05
5.3581e-05
5.3581e-05
5.3581e-05
5.3581e-05
5.3581e-05
5.3581e-05
5.3581e-05
5.3581e-05
5.3581e-05
5.3581e-05
5.3581e-05
5.3581e-05
5.3581e-05
5.3581e-05
5.3581e-05
5.3581e-05
5.3581e-05
5.3581e-05
5.3581e-05
5.3581e-05
5.3581e-05
5.3581e-05
5.3581e-05
5.3581e-05
5.3581e-05
5.3581e-05
5.3581e-05
5.3581e-05
5.3581e-05
5.3581e-05
5.3581e-05
5.3581e-05
5.3581e-05
5.3581e-05
5.3581e-05
5.3581e-05
5.3581e-05
5.3581e-05
5.3581e-05
5.3581e-05
5.3581e-05
5.3581e-05
5.3581e-05
5.3581e-05
5.3581e-05
5.3581e-05
5.3581e-05
5.3581e-05
5.3581e-05
5.3581e-05
5.3581e-05
5.3581e-05
5.3581e-05
5.3581e-05
5.3581e-05
5.3581e-05
5.3581e-05
5.3581e-05
5.3581e-05
5.3581e-05
5.3581e-05
5.3581e-05
5.3581e-05
5.3581e-05
5.3581e-05
5.3581e-05
5.3581e-05
5.3581e-05
5.3581e-05
5.3581e-05
5.3581e-05
5.3581e-05
5.3581e-05
5.3581e-05
5.3581e-05
5.3581e-05
5.3581e-05
5.3581e-05
5.3581e-05
5.3581e-05
5.3581e-05
5.3581e-05
5.3581e-05
5.3581e-05
5.3581e-05
5.3581e-05
5.3581e-05
5.3581e-05
5.3581e-05
5.3581e-05
5.3581e-05
5.3581e-05
5.3581e-05
5.3581e-05
5.3581e-05
5.3581e-05
5.3581e-05
5.3581e-05
5.3581e-05
5.3581e-05
5.3581e-05
5.3581e-05
5.3581e-05
5.3581e-05
5.3581e-05
5.3581e-05
5.3581e-05
5.3581e-05
5.3581e-05
5.3581e-05
5.3581e-05
5.3581e-05
5.3581e-05
5.3581e-05
5.3581e-05
5.3581e-05
5.3581e-05
5.3581e-05
5.3581e-05
5.3581e-05
5.3581e-05
5.3581e-05
5.3581e-05
5.3581e-05
5.3581e-05
5.3581e-05
5.3581e-05
5.3581e-05
5.3581e-05
5.3581e-05
5.3581e-05
5.3581e-05
5.3581e-05
5.3581e-05
5.3581e-05
5.3581e-05
5.3581e-05
5.3581e-05
5.3581e-05
5.3581e-05
5.3581e-05
5.3581e-05
5.3581e-05
5.3581e-05
5.3581e-05
5.3581e-05
5.3581e-05
5.3581e-05
5.3581e-05
5.3581e-05
5.3581e-05
5.3581e-05
5.3581e-05
5.3581e-05
5.3581e-05
5.3581e-05
5.3581e-05
5.3581e-05
5.3581e-05
5.3581e-05
5.3581e-05
5.3581e-05
5.3581e-05
5.3581e-05
5.3581e-05
5.3581e-05
5.3581e-05
5.3581e-05
5.3581e-05
5.3581e-05
5.3581e-05
5.3581e-05
5.3581e-05
5.3581e-05
5.3581e-05
5.3581e-05
5.3581e-05
5.3581e-05
5.3581e-05
5.3581e-05
5.3581e-05
5.3581e-05
5.3581e-05
5.3581e-05
5.3581e-05
5.3581e-05
5.3581e-05
5.3581e-05
5.3581e-05
5.3581e-05
5.3581e-05
5.3581e-05
5.3581e-05
5.3581e-05
5.3581e-05
5.3581e-05
5.3581e-05
5.3581e-05
5.3581e-05
5.3581e-05
5.3581e-05
5.3581e-05
5.3581e-05
5.3581e-05
5.3581e-05
5.3581e-05
5.3581e-05
5.3581e-05
5.3581e-05
5.3581e-05
5.3581e-05
5.3581e-05
5.3581e-05
5.3581e-05
5.3581e-05
5.3581e-05
5.3581e-05
5.3581e-05
5.3581e-05
5.3581e-05
5.3581e-05
5.3581e-05
5.3581e-05
5.3581e-05
5.3581e-05
5.3581e-05
5.3581e-05
5.3581e-05
5.3581e-05
5.3581e-05
5.3581e-05
5.3581e-05
5.3581e-05
5.3581e-05
5.3581e-05
5.3581e-05
5.3581e-05
5.3581e-05
5.3581e-05
5.3581e-05
5.3581e-05
5.3581e-05
5.3581e-05
5.3581e-05
5.3581e-05
5.3581e-05
5.3581e-05
5.3581e-05
5.3581e-05
5.3581e-05
5.3581e-05
5.3581e-05
5.3581e-05
5.3581e-05
5.3581e-05
5.3581e-05
5.3581e-05
5.3581e-05
5.3581e-05
5.3581e-05
5.3581e-05
5.3581e-05
5.3581e-05
5.3581e-05
5.3581e-05
5.3581e-05
5.3581e-05
5.3581e-05
5.3581e-05
5.3581e-05
5.3581e-05
5.3581e-05
5.3581e-05
5.3581e-05
5.3581e-05
5.3581e-05
5.3581e-05
5.3581e-05
5.3581e-05
5.3581e-05
5.3581e-05
5.3581e-05
5.3581e-05
5.3581e-05
5.3581e-05
5.3581e-05
5.3581e-05
5.3581e-05
5.3581e-05
5.3581e-05
5.3581e-05
5.3581e-05
5.3581e-05
5.3581e-05
5.3581e-05
5.3581e-05
5.3581e-05
5.3581e-05
5.3581e-05
5.3581e-05
5.3581e-05
5.3581e-05
5.3581e-05
5.3581e-05
5.3581e-05
5.3581e-05
5.3581e-05
5.3581e-05
5.3581e-05
5.3581e-05
5.3581e-05
5.3581e-05
5.3581e-05
5.3581e-05
5.3581e-05
5.3581e-05
5.3581e-05
5.3581e-05
5.3581e-05
5.3581e-05
5.3581e-05
5.3581e-05
5.3581e-05
5.3581e-05
5.3581e-05
5.3581e-05
5.3581e-05
5.3581e-05
5.3581e-05
5.3581e-05
5.3581e-05
5.3581e-05
5.3581e-05
5.3581e-05
5.3581e-05
5.3581e-05
5.3581e-05
5.3581e-05
5.3581e-05
4.46508e-05
3.57207e-05
3.57207e-05
3.57207e-05
3.57207e-05
3.57207e-05
3.57207e-05
3.57207e-05
3.57207e-05
3.57207e-05
3.57207e-05
3.57207e-05
3.57207e-05
3.57207e-05
3.57207e-05
3.57207e-05
3.57207e-05
3.57207e-05
3.57207e-05
3.57207e-05
3.57207e-05
3.57207e-05
3.57207e-05
3.57207e-05
3.57207e-05
3.57207e-05
3.57207e-05
3.57207e-05
3.57207e-05
3.57207e-05
3.57207e-05
3.57207e-05
3.57207e-05
3.57207e-05
3.57207e-05
3.57207e-05
3.57207e-05
3.57207e-05
3.57207e-05
3.57207e-05
3.57207e-05
3.57207e-05
3.57207e-05
3.57207e-05
3.57207e-05
3.57207e-05
3.57207e-05
3.57207e-05
3.57207e-05
3.57207e-05
3.57207e-05
3.57207e-05
3.57207e-05
3.57207e-05
3.57207e-05
3.57207e-05
3.57207e-05
3.57207e-05
3.57207e-05
3.57207e-05
3.57207e-05
3.57207e-05
3.57207e-05
3.57207e-05
3.57207e-05
3.57207e-05
3.57207e-05
3.57207e-05
3.57207e-05
3.57207e-05
3.57207e-05
3.57207e-05
3.57207e-05
3.57207e-05
3.57207e-05
3.57207e-05
3.57207e-05
3.57207e-05
3.57207e-05
3.57207e-05
3.57207e-05
3.57207e-05
3.57207e-05
3.57207e-05
3.57207e-05
3.57207e-05
3.57207e-05
3.57207e-05
3.57207e-05
3.57207e-05
3.57207e-05
3.57207e-05
3.57207e-05
3.57207e-05
3.57207e-05
3.57207e-05
3.57207e-05
3.57207e-05
3.57207e-05
3.57207e-05
3.57207e-05
3.57207e-05
3.57207e-05
3.57207e-05
3.57207e-05
3.57207e-05
3.57207e-05
3.57207e-05
3.57207e-05
3.57207e-05
3.57207e-05
3.57207e-05
3.57207e-05
3.57207e-05
3.57207e-05
3.57207e-05
3.57207e-05
3.57207e-05
3.57207e-05
3.57207e-05
3.57207e-05
3.57207e-05
3.57207e-05
3.57207e-05
3.57207e-05
3.57207e-05
3.57207e-05
3.57207e-05
3.57207e-05
3.57207e-05
3.57207e-05
3.57207e-05
3.57207e-05
3.57207e-05
3.57207e-05
3.57207e-05
3.57207e-05
3.57207e-05
3.57207e-05
3.57207e-05
3.57207e-05
3.57207e-05
3.57207e-05
3.57207e-05
3.57207e-05
3.57207e-05
3.57207e-05
3.57207e-05
3.57207e-05
3.57207e-05
3.57207e-05
3.57207e-05
3.57207e-05
3.57207e-05
3.57207e-05
3.57207e-05
3.57207e-05
3.57207e-05
3.57207e-05
3.57207e-05
3.57207e-05
3.57207e-05
3.57207e-05
3.57207e-05
3.57207e-05
3.57207e-05
3.57207e-05
3.57207e-05
3.57207e-05
3.57207e-05
3.57207e-05
3.57207e-05
3.57207e-05
3.57207e-05
3.57207e-05
3.57207e-05
3.57207e-05
3.57207e-05
3.57207e-05
3.57207e-05
3.57207e-05
3.57207e-05
3.57207e-05
3.57207e-05
1.78603e-05
1.78603e-05
1.78603e-05
1.78603e-05
1.78603e-05
1.78603e-05
1.78603e-05
1.78603e-05
1.78603e-05
1.78603e-05
1.78603e-05
1.78603e-05
1.78603e-05
1.78603e-05
1.78603e-05
1.78603e-05
1.78603e-05
1.78603e-05
1.78603e-05
1.78603e-05
1.78603e-05
1.78603e-05
1.78603e-05
1.78603e-05
1.78603e-05
1.78603e-05
1.78603e-05
1.78603e-05
1.78603e-05
1.78603e-05
1.78603e-05
1.78603e-05
1.78603e-05
1.78603e-05
1.78603e-05
1.78603e-05
1.78603e-05
1.78603e-05
1.78603e-05
1.78603e-05
1.78603e-05
1.78603e-05
1.78603e-05
1.78603e-05
1.78603e-05
1.78603e-05
1.78603e-05
1.78603e-05
1.78603e-05
1.78603e-05
1.78603e-05
1.78603e-05
1.78603e-05
1.78603e-05
1.78603e-05
1.78603e-05
1.78603e-05
1.78603e-05
1.78603e-05
1.78603e-05
1.78603e-05
1.78603e-05
1.78603e-05
1.78603e-05
1.78603e-05
1.78603e-05
1.78603e-05
1.78603e-05
1.78603e-05
1.78603e-05
1.78603e-05
1.78603e-05
1.78603e-05
1.78603e-05
1.78603e-05
1.78603e-05
1.78603e-05
1.78603e-05
1.78603e-05
1.78603e-05
1.78603e-05
1.78603e-05
1.78603e-05
1.78603e-05
1.78603e-05
1.78603e-05
1.78603e-05
1.78603e-05
1.78603e-05
1.78603e-05
1.78603e-05
1.78603e-05
1.78603e-05
1.78603e-05
1.78603e-05
1.78603e-05
1.78603e-05
1.78603e-05
1.78603e-05
1.78603e-05
1.78603e-05
1.78603e-05
1.78603e-05
1.78603e-05
1.78603e-05
1.78603e-05
1.78603e-05
1.78603e-05
1.78603e-05
1.78603e-05
1.78603e-05
1.78603e-05
1.78603e-05
1.78603e-05
1.78603e-05
1.78603e-05
1.78603e-05
1.78603e-05
1.78603e-05
1.78603e-05
1.78603e-05
1.78603e-05
1.78603e-05
1.78603e-05
1.78603e-05
1.78603e-05
1.78603e-05
1.78603e-05
1.78603e-05
1.78603e-05
1.78603e-05
1.78603e-05
1.78603e-05
1.78603e-05
1.78603e-05
1.78603e-05
1.78603e-05
1.78603e-05
1.78603e-05
1.78603e-05
1.78603e-05
1.78603e-05
1.78603e-05
1.78603e-05
1.78603e-05
1.78603e-05
1.78603e-05
1.78603e-05
1.78603e-05
1.78603e-05
1.78603e-05
1.78603e-05
1.78603e-05
1.78603e-05
1.78603e-05
1.78603e-05
1.78603e-05
1.78603e-05
1.78603e-05
1.78603e-05
1.78603e-05
1.78603e-05
1.78603e-05
1.78603e-05
1.78603e-05
1.78603e-05
1.78603e-05
1.78603e-05
1.78603e-05
1.78603e-05
1.78603e-05
1.78603e-05
1.78603e-05
1.78603e-05
1.78603e-05
1.78603e-05
1.78603e-05
1.78603e-05
1.78603e-05
1.78603e-05
1.78603e-05
1.78603e-05
1.78603e-05
1.78603e-05
1.78603e-05
1.78603e-05
1.78603e-05
1.78603e-05
1.78603e-05
1.78603e-05
1.78603e-05
1.78603e-05
1.78603e-05
1.78603e-05
1.78603e-05
1.78603e-05
1.78603e-05
1.78603e-05
1.78603e-05
1.78603e-05
1.78603e-05
1.78603e-05
1.78603e-05
1.78603e-05
1.78603e-05
1.78603e-05
1.78603e-05
1.78603e-05
1.78603e-05
1.78603e-05
1.78603e-05
1.78603e-05
1.78603e-05
1.78603e-05
1.78603e-05
1.78603e-05
1.78603e-05
1.78603e-05
1.78603e-05
1.78603e-05
1.78603e-05
1.78603e-05
1.78603e-05
1.78603e-05
1.78603e-05
1.78603e-05
1.78603e-05
1.78603e-05
1.78603e-05
1.78603e-05
1.78603e-05
1.78603e-05
1.78603e-05
1.78603e-05
1.78603e-05
1.78603e-05
1.78603e-05
1.78603e-05
1.78603e-05
1.78603e-05
1.78603e-05
1.78603e-05
1.78603e-05
1.78603e-05
1.78603e-05
1.78603e-05
1.78603e-05
1.78603e-05
1.78603e-05
1.78603e-05
1.78603e-05
1.78603e-05
1.78603e-05
1.78603e-05
1.78603e-05
1.78603e-05
1.78603e-05
1.78603e-05
1.78603e-05
1.78603e-05
1.78603e-05
1.78603e-05
1.78603e-05
1.78603e-05
1.78603e-05
1.78603e-05
1.78603e-05
1.78603e-05
1.78603e-05
1.78603e-05
1.78603e-05
1.78603e-05
1.78603e-05
1.78603e-05
1.78603e-05
1.78603e-05
1.78603e-05
1.78603e-05
1.78603e-05
1.78603e-05
1.78603e-05
1.78603e-05
1.78603e-05
1.78603e-05
1.78603e-05
1.78603e-05
1.78603e-05
1.78603e-05
1.78603e-05
1.78603e-05
1.78603e-05
1.78603e-05
1.78603e-05
1.78603e-05
1.78603e-05
1.78603e-05
1.78603e-05
1.78603e-05
1.78603e-05
1.78603e-05
1.78603e-05
1.78603e-05
1.78603e-05
1.78603e-05
1.78603e-05
1.78603e-05
1.78603e-05
1.78603e-05
1.78603e-05
1.78603e-05
1.78603e-05
1.78603e-05
1.78603e-05
1.78603e-05
1.78603e-05
1.78603e-05
1.78603e-05
1.78603e-05
1.78603e-05
1.78603e-05
1.78603e-05
1.78603e-05
1.78603e-05
1.78603e-05
1.78603e-05
1.78603e-05
1.78603e-05
1.78603e-05
1.78603e-05
1.78603e-05
1.78603e-05
1.78603e-05
1.78603e-05
1.78603e-05
1.78603e-05
1.78603e-05
1.78603e-05
1.78603e-05
1.78603e-05
1.78603e-05
1.78603e-05
1.78603e-05
1.78603e-05
1.78603e-05
1.78603e-05
1.78603e-05
1.78603e-05
1.78603e-05
1.78603e-05
1.78603e-05
1.78603e-05
1.78603e-05
1.78603e-05
1.78603e-05
1.78603e-05
1.78603e-05
1.78603e-05
1.78603e-05
1.78603e-05
1.78603e-05
1.78603e-05
1.78603e-05
1.78603e-05
1.78603e-05
1.78603e-05
1.78603e-05
1.78603e-05
1.78603e-05
1.78603e-05
1.78603e-05
1.78603e-05
1.78603e-05
1.78603e-05
1.78603e-05
1.78603e-05
1.78603e-05
1.78603e-05
1.78603e-05
1.78603e-05
1.78603e-05
1.78603e-05
1.78603e-05
1.78603e-05
1.78603e-05
1.78603e-05
1.78603e-05
1.78603e-05
1.78603e-05
1.78603e-05
1.78603e-05
1.78603e-05
1.78603e-05
1.78603e-05
1.78603e-05
1.78603e-05
1.78603e-05
1.78603e-05
1.78603e-05
1.78603e-05
1.78603e-05
1.78603e-05
1.78603e-05
1.78603e-05
1.78603e-05
1.78603e-05
1.78603e-05
1.78603e-05
1.78603e-05
1.78603e-05
1.78603e-05
1.78603e-05
1.78603e-05
1.78603e-05
1.78603e-05
1.78603e-05
1.78603e-05
1.78603e-05
1.78603e-05
1.78603e-05
1.78603e-05
1.78603e-05
1.78603e-05
1.78603e-05
1.78603e-05
1.78603e-05
1.78603e-05
1.78603e-05
1.78603e-05
1.78603e-05
1.78603e-05
1.78603e-05
1.78603e-05
1.78603e-05
1.78603e-05
1.78603e-05
1.78603e-05
1.78603e-05
1.78603e-05
1.78603e-05
1.78603e-05
1.78603e-05
1.78603e-05
1.78603e-05
1.78603e-05
1.78603e-05
1.78603e-05
1.78603e-05
1.78603e-05
1.78603e-05
1.78603e-05
1.78603e-05
1.78603e-05
1.78603e-05
1.78603e-05
1.78603e-05
1.78603e-05
1.78603e-05
1.78603e-05
1.78603e-05
1.78603e-05
1.78603e-05
1.78603e-05
1.78603e-05
1.78603e-05
1.78603e-05
1.78603e-05
1.78603e-05
1.78603e-05
1.78603e-05
1.78603e-05
1.78603e-05
1.78603e-05
1.78603e-05
1.78603e-05
1.78603e-05
1.78603e-05
1.78603e-05
1.78603e-05
1.78603e-05
1.78603e-05
1.78603e-05
1.78603e-05
1.78603e-05
1.78603e-05
1.78603e-05
1.78603e-05
1.78603e-05
1.78603e-05
1.78603e-05
1.78603e-05
1.78603e-05
1.78603e-05
1.78603e-05
1.78603e-05
1.78603e-05
1.78603e-05
1.78603e-05
1.78603e-05
1.78603e-05
1.78603e-05
1.78603e-05
1.78603e-05
1.78603e-05
1.78603e-05
1.78603e-05
1.78603e-05
1.78603e-05
1.78603e-05
1.78603e-05
1.78603e-05
1.78603e-05
1.78603e-05
1.78603e-05
1.78603e-05
1.78603e-05
1.78603e-05
1.78603e-05
1.78603e-05
1.78603e-05
1.78603e-05
1.78603e-05
1.78603e-05
1.78603e-05
1.78603e-05
1.78603e-05
1.78603e-05
1.78603e-05
1.78603e-05
1.78603e-05
1.78603e-05
1.78603e-05
1.78603e-05
1.78603e-05
1.78603e-05
1.78603e-05
1.78603e-05
1.78603e-05
1.78603e-05
1.78603e-05
1.78603e-05
1.78603e-05
1.78603e-05
1.78603e-05
1.78603e-05
1.78603e-05
1.78603e-05
1.78603e-05
1.78603e-05
1.78603e-05
1.78603e-05
1.78603e-05
1.78603e-05
1.78603e-05
1.78603e-05
1.78603e-05
1.78603e-05
1.78603e-05
1.78603e-05
1.78603e-05
1.78603e-05
1.78603e-05
1.78603e-05
1.78603e-05
1.78603e-05
1.78603e-05
1.78603e-05
1.78603e-05
1.78603e-05
1.78603e-05
1.78603e-05
1.78603e-05
1.78603e-05
1.78603e-05
1.78603e-05
1.78603e-05
1.78603e-05
1.78603e-05
1.78603e-05
1.78603e-05
1.78603e-05
1.78603e-05
1.78603e-05
1.78603e-05
1.78603e-05
1.78603e-05
1.78603e-05
1.78603e-05
1.78603e-05
1.78603e-05
1.78603e-05
1.78603e-05
1.78603e-05
1.78603e-05
1.78603e-05
1.78603e-05
1.78603e-05
1.78603e-05
1.78603e-05
1.78603e-05
1.78603e-05
1.78603e-05
1.78603e-05
1.78603e-05
1.78603e-05
1.78603e-05
1.78603e-05
1.78603e-05
1.78603e-05
1.78603e-05
1.78603e-05
1.78603e-05
1.78603e-05
1.78603e-05
1.78603e-05
1.78603e-05
1.78603e-05
1.78603e-05
1.78603e-05
1.78603e-05
1.78603e-05
1.78603e-05
1.78603e-05
1.78603e-05
1.78603e-05
1.78603e-05
1.78603e-05
1.78603e-05
1.78603e-05
1.78603e-05
1.78603e-05
1.78603e-05
1.78603e-05
1.78603e-05
1.78603e-05
1.78603e-05
1.78603e-05
1.78603e-05
1.78603e-05
1.78603e-05
1.78603e-05
1.78603e-05
1.78603e-05
1.78603e-05
1.78603e-05
1.78603e-05
1.78603e-05
1.78603e-05
1.78603e-05
1.78603e-05
1.78603e-05
1.78603e-05
1.78603e-05
1.78603e-05
1.78603e-05
1.78603e-05
1.78603e-05
1.78603e-05
1.78603e-05
1.78603e-05
1.78603e-05
1.78603e-05
1.78603e-05
1.78603e-05
1.78603e-05
1.78603e-05
1.78603e-05
1.78603e-05
1.78603e-05
1.78603e-05
1.78603e-05
1.78603e-05
1.78603e-05
1.78603e-05
1.78603e-05
1.78603e-05
1.78603e-05
1.78603e-05
1.78603e-05
1.78603e-05
1.78603e-05
1.78603e-05
1.78603e-05
1.78603e-05
1.78603e-05
1.78603e-05
1.78603e-05
1.78603e-05
1.78603e-05
1.78603e-05
1.78603e-05
1.78603e-05
1.78603e-05
1.78603e-05
1.78603e-05
1.78603e-05
1.78603e-05
1.78603e-05
1.78603e-05
1.78603e-05
1.78603e-05
1.78603e-05
1.78603e-05
1.78603e-05
1.78603e-05
1.78603e-05
1.78603e-05
1.78603e-05
1.78603e-05
1.78603e-05
1.78603e-05
1.78603e-05
1.78603e-05
1.78603e-05
1.78603e-05
1.78603e-05
1.78603e-05
1.78603e-05
1.78603e-05
1.78603e-05
1.78603e-05
1.78603e-05
1.78603e-05
1.78603e-05
1.78603e-05
1.78603e-05
1.78603e-05
1.78603e-05
1.78603e-05
1.78603e-05
1.78603e-05
1.78603e-05
1.78603e-05
1.78603e-05
1.78603e-05
1.78603e-05
1.78603e-05
1.78603e-05
1.78603e-05
1.78603e-05
1.78603e-05
1.78603e-05
1.78603e-05
1.78603e-05
1.78603e-05
1.78603e-05
1.78603e-05
1.78603e-05
1.78603e-05
1.78603e-05
1.78603e-05
1.78603e-05
1.78603e-05
1.78603e-05
1.78603e-05
1.78603e-05
1.78603e-05
1.78603e-05
1.78603e-05
1.78603e-05
1.78603e-05
1.78603e-05
1.78603e-05
1.78603e-05
1.78603e-05
1.78603e-05
1.78603e-05
1.78603e-05
1.78603e-05
1.78603e-05
1.78603e-05
1.78603e-05
1.78603e-05
1.78603e-05
1.78603e-05
1.78603e-05
1.78603e-05
1.78603e-05
1.78603e-05
1.78603e-05
1.78603e-05
1.78603e-05
1.78603e-05
1.78603e-05
1.78603e-05
1.78603e-05
1.78603e-05
1.78603e-05
1.78603e-05
1.78603e-05
1.78603e-05
1.78603e-05
1.78603e-05
1.78603e-05
1.78603e-05
1.78603e-05
1.78603e-05
1.78603e-05
1.78603e-05
1.78603e-05
1.78603e-05
1.78603e-05
1.78603e-05
1.78603e-05
1.78603e-05
1.78603e-05
1.78603e-05
1.78603e-05
1.78603e-05
1.78603e-05
1.78603e-05
1.78603e-05
1.78603e-05
1.78603e-05
1.78603e-05
1.78603e-05
1.78603e-05
1.78603e-05
1.78603e-05
1.78603e-05
1.78603e-05
1.78603e-05
1.78603e-05
1.78603e-05
1.78603e-05
1.78603e-05
1.78603e-05
1.78603e-05
1.78603e-05
1.78603e-05
1.78603e-05
1.78603e-05
1.78603e-05
1.78603e-05
1.78603e-05
1.78603e-05
1.78603e-05
1.78603e-05
1.78603e-05
1.78603e-05
1.78603e-05
1.78603e-05
1.78603e-05
1.78603e-05
1.78603e-05
1.78603e-05
1.78603e-05
1.78603e-05
1.78603e-05
1.78603e-05
1.78603e-05
1.78603e-05
1.78603e-05
1.78603e-05
1.78603e-05
1.78603e-05
1.78603e-05
1.78603e-05
1.78603e-05
1.78603e-05
1.78603e-05
1.78603e-05
1.78603e-05
1.78603e-05
1.78603e-05
1.78603e-05
1.78603e-05
1.78603e-05
1.78603e-05
1.78603e-05
1.78603e-05
1.78603e-05
1.78603e-05
1.78603e-05
1.78603e-05
1.78603e-05
1.78603e-05
1.78603e-05
1.78603e-05
1.78603e-05
1.78603e-05
1.78603e-05
1.78603e-05
1.78603e-05
1.78603e-05
1.78603e-05
1.78603e-05
1.78603e-05
1.78603e-05
1.78603e-05
1.78603e-05
1.78603e-05
1.78603e-05
1.78603e-05
1.78603e-05
1.78603e-05
1.78603e-05
1.78603e-05
1.78603e-05
1.78603e-05
1.78603e-05
1.78603e-05
1.78603e-05
1.78603e-05
1.78603e-05
1.78603e-05
1.78603e-05
1.78603e-05
1.78603e-05
1.78603e-05
1.78603e-05
1.78603e-05
1.78603e-05
1.78603e-05
1.78603e-05
1.78603e-05
1.78603e-05
1.78603e-05
1.78603e-05
1.78603e-05
1.78603e-05
1.78603e-05
1.78603e-05
1.78603e-05
1.78603e-05
1.78603e-05
1.78603e-05
1.78603e-05
1.78603e-05
1.78603e-05
1.78603e-05
1.78603e-05
1.78603e-05
1.78603e-05
1.78603e-05
1.78603e-05
1.78603e-05
1.78603e-05
1.78603e-05
1.78603e-05
1.78603e-05
1.78603e-05
1.78603e-05
1.78603e-05
1.78603e-05
1.78603e-05
1.78603e-05
1.78603e-05
1.78603e-05
1.78603e-05
1.78603e-05
1.78603e-05
1.78603e-05
1.78603e-05
1.78603e-05
1.78603e-05
1.78603e-05
1.78603e-05
1.78603e-05
1.78603e-05
1.78603e-05
1.78603e-05
1.78603e-05
1.78603e-05
1.78603e-05
1.78603e-05
1.78603e-05
1.78603e-05
1.78603e-05
1.78603e-05
1.78603e-05
1.78603e-05
1.78603e-05
1.78603e-05
1.78603e-05
1.78603e-05
1.78603e-05
1.78603e-05
1.78603e-05
1.78603e-05
1.78603e-05
1.78603e-05
1.78603e-05
1.78603e-05
1.78603e-05
1.78603e-05
1.78603e-05
1.78603e-05
1.78603e-05
1.78603e-05
1.78603e-05
1.78603e-05
1.78603e-05
1.78603e-05
1.78603e-05
1.78603e-05
1.78603e-05
1.78603e-05
1.78603e-05
1.78603e-05
1.78603e-05
1.78603e-05
1.78603e-05
1.78603e-05
1.78603e-05
1.78603e-05
1.78603e-05
1.78603e-05
1.78603e-05
1.78603e-05
1.78603e-05
1.78603e-05
1.78603e-05
1.78603e-05
1.78603e-05
1.78603e-05
1.78603e-05
1.78603e-05
1.78603e-05
1.78603e-05
1.78603e-05
1.78603e-05
1.78603e-05
1.78603e-05
1.78603e-05
1.78603e-05
1.78603e-05
1.78603e-05
1.78603e-05
1.78603e-05
1.78603e-05
1.78603e-05
1.78603e-05
1.78603e-05
1.78603e-05
1.78603e-05
1.78603e-05
1.78603e-05
1.78603e-05
1.78603e-05
1.78603e-05
1.78603e-05
1.78603e-05
1.78603e-05
1.78603e-05
1.78603e-05
1.78603e-05
1.78603e-05
1.78603e-05
1.78603e-05
1.78603e-05
1.78603e-05
1.78603e-05
1.78603e-05
1.78603e-05
1.78603e-05
1.78603e-05
1.78603e-05
1.78603e-05
1.78603e-05
1.78603e-05
1.78603e-05
1.78603e-05
1.78603e-05
1.78603e-05
1.78603e-05
1.78603e-05
1.78603e-05
1.78603e-05
1.78603e-05
1.78603e-05
1.78603e-05
1.78603e-05
1.78603e-05
1.78603e-05
1.78603e-05
1.78603e-05
1.78603e-05
1.78603e-05
1.78603e-05
1.78603e-05
1.78603e-05
1.78603e-05
1.78603e-05
1.78603e-05
1.78603e-05
1.78603e-05
1.78603e-05
1.78603e-05
1.78603e-05
1.78603e-05
1.78603e-05
1.78603e-05
1.78603e-05
1.78603e-05
1.78603e-05
1.78603e-05
1.78603e-05
1.78603e-05
1.78603e-05
1.78603e-05
1.78603e-05
1.78603e-05
1.78603e-05
1.78603e-05
1.78603e-05
1.78603e-05
1.78603e-05
1.78603e-05
1.78603e-05
1.78603e-05
1.78603e-05
1.78603e-05
1.78603e-05
1.78603e-05
1.78603e-05
1.78603e-05
1.78603e-05
1.78603e-05
1.78603e-05
1.78603e-05
1.78603e-05
1.78603e-05
1.78603e-05
1.78603e-05
1.78603e-05
1.78603e-05
1.78603e-05
1.78603e-05
1.78603e-05
1.78603e-05
1.78603e-05
1.78603e-05
1.78603e-05
1.78603e-05
1.78603e-05
1.78603e-05
1.78603e-05
1.78603e-05
1.78603e-05
1.78603e-05
1.78603e-05
1.78603e-05
1.78603e-05
1.78603e-05
1.78603e-05
1.78603e-05
1.78603e-05
1.78603e-05
1.78603e-05
1.78603e-05
1.78603e-05
1.78603e-05
1.78603e-05
1.78603e-05
1.78603e-05
1.78603e-05
1.78603e-05
1.78603e-05
1.78603e-05
1.78603e-05
1.78603e-05
1.78603e-05
1.78603e-05
1.78603e-05
1.78603e-05
1.78603e-05
1.78603e-05
1.78603e-05
0
