*Vertices 4158
0.0143884
0.0122397
0.00758779
0.00681483
0.00679356
0.0054391
0.00522636
0.00514126
0.00505616
0.00499234
0.00490015
0.0048576
0.00475123
0.00465905
0.00455977
0.00453849
0.00441794
0.00436121
0.00425484
0.00411301
0.00402791
0.00388608
0.00384354
0.00380099
0.00374426
0.00373716
0.00373007
0.0037088
0.00364498
0.00360243
0.00355988
0.00355988
0.00348897
0.00346769
0.00338969
0.00338259
0.0033755
0.0032975
0.00326204
0.00324786
0.00321949
0.00320531
0.00316276
0.00308476
0.00306348
0.00303512
0.00302803
0.00301384
0.00301384
0.00299257
0.00293584
0.00292165
0.00289329
0.00287911
0.00284365
0.00284365
0.00277274
0.00273728
0.0027231
0.00269473
0.00268764
0.00267346
0.00266636
0.00264509
0.00264509
0.00261672
0.00261672
0.00260254
0.00259545
0.00255999
0.00253872
0.00253163
0.00253163
0.00251744
0.00248199
0.00245362
0.00243944
0.00242526
0.00241817
0.00241107
0.00240398
0.00236143
0.00236143
0.00234016
0.00234016
0.00233307
0.00231889
0.00231179
0.0023047
0.0023047
0.00224088
0.00224088
0.0022267
0.00221251
0.00219124
0.00216997
0.00213451
0.00211324
0.00210614
0.00210614
0.00208487
0.00207069
0.00207069
0.00204941
0.00202105
0.00201396
0.00198559
0.00195722
0.00192177
0.00187922
0.00187213
0.00187213
0.00187213
0.00185085
0.00184376
0.00182958
0.0018154
0.00179412
0.00177285
0.00177285
0.00177285
0.00176576
0.00175867
0.00175867
0.00175157
0.0017303
0.00171612
0.00170903
0.00170193
0.00168066
0.00167357
0.00163102
0.00163102
0.00162393
0.00162393
0.00161684
0.00157429
0.00156011
0.00156011
0.00154592
0.00153883
0.00153174
0.00153174
0.00151047
0.00151047
0.00151047
0.00150338
0.00150338
0.00150338
0.00147501
0.00146083
0.00146083
0.00145374
0.00144664
0.00143246
0.00142537
0.00141828
0.00141828
0.00141119
0.00138991
0.00138282
0.00138282
0.00137573
0.00137573
0.00137573
0.00136155
0.00135446
0.00135446
0.00134027
0.00134027
0.00132609
0.00132609
0.00132609
0.001319
0.00131191
0.00129773
0.00125518
0.00124809
0.00124099
0.00122681
0.00120554
0.00120554
0.00119845
0.00119135
0.00119135
0.00119135
0.00118426
0.00117717
0.00117008
0.00117008
0.0011559
0.0011559
0.0011559
0.00114881
0.00114881
0.00113462
0.00113462
0.00112753
0.00112753
0.00112044
0.00112044
0.00111335
0.00111335
0.00110626
0.00110626
0.00109917
0.00109207
0.00109207
0.00108498
0.00108498
0.00108498
0.00108498
0.00107789
0.00107789
0.00107789
0.00107789
0.0010708
0.0010708
0.0010708
0.00106371
0.00106371
0.00104953
0.00104953
0.00104243
0.00104243
0.00103534
0.00103534
0.00103534
0.00102825
0.00102825
0.00102825
0.00102116
0.00102116
0.00102116
0.00102116
0.00101407
0.00101407
0.00100698
0.00100698
0.000992795
0.000992795
0.000992795
0.000992795
0.000985704
0.000978612
0.000978612
0.000978612
0.00096443
0.00096443
0.00096443
0.000957338
0.000950247
0.000950247
0.000943155
0.000936064
0.000936064
0.000936064
0.000928973
0.000921881
0.000921881
0.000907698
0.000907698
0.000900607
0.000893516
0.000893516
0.000893516
0.000893516
0.000893516
0.000886424
0.000886424
0.000886424
0.000886424
0.000879333
0.000879333
0.000879333
0.000872241
0.000872241
0.000872241
0.000872241
0.00086515
0.00086515
0.00086515
0.000858059
0.000858059
0.000850967
0.000850967
0.000850967
0.000850967
0.000850967
0.000843876
0.000843876
0.000843876
0.000836784
0.000836784
0.000836784
0.000836784
0.000836784
0.000822602
0.00081551
0.00081551
0.00081551
0.000808419
0.000808419
0.000808419
0.000808419
0.000801328
0.000801328
0.000801328
0.000801328
0.000794236
0.000794236
0.000794236
0.000787145
0.000787145
0.000787145
0.000780053
0.000780053
0.000772962
0.000772962
0.000772962
0.000765871
0.000765871
0.000765871
0.000758779
0.000758779
0.000758779
0.000758779
0.000758779
0.000751688
0.000751688
0.000751688
0.000751688
0.000744596
0.000744596
0.000744596
0.000737505
0.000737505
0.000723322
0.000723322
0.000723322
0.000716231
0.000709139
0.000709139
0.000694957
0.000694957
0.000694957
0.000694957
0.000694957
0.000687865
0.000680774
0.000680774
0.000680774
0.000680774
0.000680774
0.000680774
0.000673682
0.000673682
0.000666591
0.000666591
0.000666591
0.000666591
0.000666591
0.0006595
0.0006595
0.0006595
0.0006595
0.000652408
0.000652408
0.000652408
0.000652408
0.000652408
0.000652408
0.000652408
0.000645317
0.000645317
0.000645317
0.000638225
0.000638225
0.000638225
0.000638225
0.000638225
0.000638225
0.000631134
0.000624043
0.000624043
0.000624043
0.000624043
0.000624043
0.000624043
0.000624043
0.000616951
0.000616951
0.000616951
0.00060986
0.00060986
0.00060986
0.00060986
0.00060986
0.000602768
0.000595677
0.000595677
0.000595677
0.000595677
0.000595677
0.000595677
0.000595677
0.000595677
0.000595677
0.000595677
0.000595677
0.000588586
0.000588586
0.000588586
0.000581494
0.000581494
0.000581494
0.000581494
0.000574403
0.000574403
0.000567312
0.000567312
0.000567312
0.000567312
0.00056022
0.00056022
0.000553129
0.000553129
0.000553129
0.000553129
0.000553129
0.000553129
0.000553129
0.000553129
0.000553129
0.000553129
0.000553129
0.000546037
0.000546037
0.000546037
0.000538946
0.000538946
0.000538946
0.000538946
0.000538946
0.000531855
0.000531855
0.000524763
0.000524763
0.000524763
0.000524763
0.000524763
0.000524763
0.000524763
0.000524763
0.000524763
0.000517672
0.000517672
0.000517672
0.00051058
0.00051058
0.00051058
0.00051058
0.00051058
0.00051058
0.00051058
0.00051058
0.00051058
0.00051058
0.00051058
0.00051058
0.00051058
0.000503489
0.000503489
0.000496398
0.000496398
0.000496398
0.000496398
0.000496398
0.000496398
0.000496398
0.000489306
0.000482215
0.000482215
0.000482215
0.000482215
0.000482215
0.000482215
0.000482215
0.000482215
0.000482215
0.000482215
0.000482215
0.000482215
0.000482215
0.000468032
0.000468032
0.000468032
0.000460941
0.000460941
0.000460941
0.000453849
0.000453849
0.000453849
0.000453849
0.000453849
0.000453849
0.000453849
0.000446758
0.000446758
0.000439666
0.000439666
0.000439666
0.000439666
0.000439666
0.000439666
0.000439666
0.000439666
0.000439666
0.000439666
0.000432575
0.000432575
0.000432575
0.000425484
0.000425484
0.000425484
0.000425484
0.000425484
0.000425484
0.000425484
0.000425484
0.000425484
0.000425484
0.000425484
0.000425484
0.000425484
0.000425484
0.000425484
0.000418392
0.000418392
0.000418392
0.000411301
0.000411301
0.000411301
0.000411301
0.000411301
0.000411301
0.000411301
0.000411301
0.000411301
0.000404209
0.000404209
0.000404209
0.000404209
0.000404209
0.000397118
0.000397118
0.000397118
0.000397118
0.000397118
0.000397118
0.000397118
0.000397118
0.000397118
0.000397118
0.000397118
0.000397118
0.000397118
0.000390027
0.000390027
0.000390027
0.000390027
0.000390027
0.000382935
0.000382935
0.000382935
0.000382935
0.000382935
0.000382935
0.000382935
0.000382935
0.000382935
0.000382935
0.000382935
0.000382935
0.000382935
0.000375844
0.000375844
0.000375844
0.000375844
0.000375844
0.000368752
0.000368752
0.000368752
0.000368752
0.000368752
0.000368752
0.000368752
0.000368752
0.000368752
0.000368752
0.000368752
0.000368752
0.000368752
0.000368752
0.000368752
0.000368752
0.000361661
0.000361661
0.000361661
0.000361661
0.00035457
0.00035457
0.00035457
0.00035457
0.00035457
0.00035457
0.00035457
0.00035457
0.00035457
0.00035457
0.00035457
0.00035457
0.00035457
0.00035457
0.00035457
0.00035457
0.00035457
0.00035457
0.000347478
0.000347478
0.000347478
0.000347478
0.000340387
0.000340387
0.000340387
0.000340387
0.000340387
0.000340387
0.000340387
0.000340387
0.000340387
0.000340387
0.000340387
0.000340387
0.000340387
0.000340387
0.000340387
0.000340387
0.000340387
0.000340387
0.000333296
0.000333296
0.000333296
0.000333296
0.000333296
0.000333296
0.000333296
0.000326204
0.000326204
0.000326204
0.000326204
0.000326204
0.000326204
0.000326204
0.000326204
0.000326204
0.000319113
0.000319113
0.000319113
0.000312021
0.000312021
0.000312021
0.000312021
0.000312021
0.000312021
0.000312021
0.000312021
0.000312021
0.000312021
0.000312021
0.000312021
0.000312021
0.000312021
0.000312021
0.000312021
0.000312021
0.000312021
0.00030493
0.00030493
0.00030493
0.00030493
0.000297839
0.000297839
0.000297839
0.000297839
0.000297839
0.000297839
0.000297839
0.000297839
0.000297839
0.000297839
0.000297839
0.000297839
0.000297839
0.000297839
0.000297839
0.000297839
0.000297839
0.000297839
0.000297839
0.000297839
0.000297839
0.000297839
0.000297839
0.000297839
0.000297839
0.000290747
0.000290747
0.000290747
0.000290747
0.000290747
0.000290747
0.000290747
0.000290747
0.000283656
0.000283656
0.000283656
0.000283656
0.000283656
0.000283656
0.000283656
0.000283656
0.000283656
0.000283656
0.000283656
0.000283656
0.000283656
0.000283656
0.000283656
0.000283656
0.000283656
0.000283656
0.000283656
0.000283656
0.000283656
0.000283656
0.000283656
0.000283656
0.000283656
0.000283656
0.000283656
0.000276564
0.000276564
0.000276564
0.000269473
0.000269473
0.000269473
0.000269473
0.000269473
0.000269473
0.000269473
0.000269473
0.000269473
0.000269473
0.000269473
0.000269473
0.000269473
0.000269473
0.000269473
0.000269473
0.000269473
0.000262382
0.000262382
0.000262382
0.000262382
0.00025529
0.00025529
0.00025529
0.00025529
0.00025529
0.00025529
0.00025529
0.00025529
0.00025529
0.00025529
0.00025529
0.00025529
0.00025529
0.000248199
0.000248199
0.000248199
0.000248199
0.000241107
0.000241107
0.000241107
0.000241107
0.000241107
0.000241107
0.000241107
0.000241107
0.000241107
0.000241107
0.000241107
0.000241107
0.000241107
0.000241107
0.000241107
0.000241107
0.000241107
0.000234016
0.000226925
0.000226925
0.000226925
0.000226925
0.000226925
0.000226925
0.000226925
0.000226925
0.000226925
0.000226925
0.000226925
0.000226925
0.000226925
0.000226925
0.000226925
0.000226925
0.000226925
0.000226925
0.000226925
0.000226925
0.000226925
0.000226925
0.000226925
0.000226925
0.000226925
0.000226925
0.000226925
0.000226925
0.000226925
0.000226925
0.000226925
0.000226925
0.000226925
0.000226925
0.000226925
0.000226925
0.000226925
0.000219833
0.000219833
0.000219833
0.000219833
0.000219833
0.000219833
0.000212742
0.000212742
0.000212742
0.000212742
0.000212742
0.000212742
0.000212742
0.000212742
0.000212742
0.000212742
0.000212742
0.000212742
0.000212742
0.000212742
0.000212742
0.000212742
0.000212742
0.000212742
0.000212742
0.000212742
0.000212742
0.000212742
0.000212742
0.000212742
0.000212742
0.000212742
0.000212742
0.000212742
0.000212742
0.000212742
0.000212742
0.000212742
0.000212742
0.000212742
0.000212742
0.000212742
0.000212742
0.000212742
0.000212742
0.000212742
0.000212742
0.000212742
0.000212742
0.000212742
0.000212742
0.000212742
0.000212742
0.000212742
0.000198559
0.000198559
0.000198559
0.000198559
0.000198559
0.000198559
0.000198559
0.000198559
0.000198559
0.000198559
0.000198559
0.000198559
0.000198559
0.000198559
0.000198559
0.000198559
0.000198559
0.000198559
0.000198559
0.000198559
0.000198559
0.000198559
0.000198559
0.000191468
0.000191468
0.000184376
0.000184376
0.000184376
0.000184376
0.000184376
0.000184376
0.000184376
0.000184376
0.000184376
0.000184376
0.000184376
0.000184376
0.000184376
0.000184376
0.000184376
0.000184376
0.000184376
0.000184376
0.000184376
0.000184376
0.000184376
0.000184376
0.000184376
0.000184376
0.000184376
0.000184376
0.000184376
0.000184376
0.000184376
0.000184376
0.000184376
0.000184376
0.000184376
0.000184376
0.000184376
0.000184376
0.000184376
0.000184376
0.000184376
0.000184376
0.000184376
0.000184376
0.000184376
0.000184376
0.000184376
0.000184376
0.000184376
0.000184376
0.000177285
0.000170193
0.000170193
0.000170193
0.000170193
0.000170193
0.000170193
0.000170193
0.000170193
0.000170193
0.000170193
0.000170193
0.000170193
0.000170193
0.000170193
0.000170193
0.000170193
0.000170193
0.000170193
0.000170193
0.000170193
0.000170193
0.000170193
0.000170193
0.000170193
0.000170193
0.000170193
0.000170193
0.000170193
0.000170193
0.000170193
0.000170193
0.000170193
0.000170193
0.000170193
0.000170193
0.000170193
0.000170193
0.000170193
0.000170193
0.000170193
0.000170193
0.000170193
0.000170193
0.000170193
0.000170193
0.000170193
0.000170193
0.000170193
0.000170193
0.000170193
0.000170193
0.000170193
0.000170193
0.000170193
0.000170193
0.000163102
0.000163102
0.000163102
0.000163102
0.000163102
0.000163102
0.000156011
0.000156011
0.000156011
0.000156011
0.000156011
0.000156011
0.000156011
0.000156011
0.000156011
0.000156011
0.000156011
0.000156011
0.000156011
0.000156011
0.000156011
0.000156011
0.000156011
0.000156011
0.000156011
0.000156011
0.000156011
0.000148919
0.000148919
0.000148919
0.000148919
0.000148919
0.000141828
0.000141828
0.000141828
0.000141828
0.000141828
0.000141828
0.000141828
0.000141828
0.000141828
0.000141828
0.000141828
0.000141828
0.000141828
0.000141828
0.000141828
0.000141828
0.000141828
0.000141828
0.000141828
0.000141828
0.000141828
0.000141828
0.000141828
0.000141828
0.000141828
0.000141828
0.000141828
0.000141828
0.000141828
0.000141828
0.000141828
0.000141828
0.000141828
0.000141828
0.000141828
0.000141828
0.000141828
0.000141828
0.000141828
0.000141828
0.000141828
0.000141828
0.000141828
0.000141828
0.000141828
0.000141828
0.000141828
0.000141828
0.000141828
0.000141828
0.000141828
0.000141828
0.000141828
0.000141828
0.000141828
0.000141828
0.000141828
0.000141828
0.000141828
0.000141828
0.000141828
0.000141828
0.000141828
0.000141828
0.000141828
0.000141828
0.000141828
0.000141828
0.000141828
0.000141828
0.000141828
0.000141828
0.000141828
0.000141828
0.000141828
0.000141828
0.000141828
0.000141828
0.000141828
0.000141828
0.000141828
0.000141828
0.000141828
0.000141828
0.000141828
0.000141828
0.000141828
0.000141828
0.000141828
0.000141828
0.000141828
0.000141828
0.000141828
0.000134736
0.000134736
0.000134736
0.000127645
0.000127645
0.000127645
0.000127645
0.000127645
0.000127645
0.000127645
0.000127645
0.000127645
0.000127645
0.000127645
0.000127645
0.000127645
0.000127645
0.000127645
0.000127645
0.000127645
0.000127645
0.000127645
0.000127645
0.000127645
0.000127645
0.000127645
0.000127645
0.000127645
0.000127645
0.000127645
0.000127645
0.000127645
0.000127645
0.000127645
0.000127645
0.000127645
0.000127645
0.000127645
0.000127645
0.000127645
0.000127645
0.000127645
0.000127645
0.000127645
0.000127645
0.000127645
0.000127645
0.000127645
0.000127645
0.000127645
0.000127645
0.000127645
0.000127645
0.000127645
0.000127645
0.000127645
0.000127645
0.000127645
0.000127645
0.000127645
0.000127645
0.000127645
0.000127645
0.000127645
0.000127645
0.000127645
0.000127645
0.000127645
0.000127645
0.000127645
0.000127645
0.000127645
0.000127645
0.000127645
0.000127645
0.000127645
0.000127645
0.000127645
0.000127645
0.000127645
0.000127645
0.000127645
0.000127645
0.000127645
0.000127645
0.000127645
0.000127645
0.000127645
0.000127645
0.000127645
0.000127645
0.000127645
0.000127645
0.000127645
0.000127645
0.000127645
0.000120554
0.000120554
0.000120554
0.000120554
0.000120554
0.000120554
0.000120554
0.000120554
0.000113462
0.000113462
0.000113462
0.000113462
0.000113462
0.000113462
0.000113462
0.000113462
0.000113462
0.000113462
0.000113462
0.000113462
0.000113462
0.000113462
0.000113462
0.000113462
0.000113462
0.000113462
0.000113462
0.000113462
0.000113462
0.000113462
0.000113462
0.000113462
0.000113462
0.000113462
0.000113462
0.000106371
0.000106371
9.92795e-05
9.92795e-05
9.92795e-05
9.92795e-05
9.92795e-05
9.92795e-05
9.92795e-05
9.92795e-05
9.92795e-05
9.92795e-05
9.92795e-05
9.92795e-05
9.92795e-05
9.92795e-05
9.92795e-05
9.92795e-05
9.92795e-05
9.92795e-05
9.92795e-05
9.92795e-05
9.92795e-05
9.92795e-05
9.92795e-05
9.92795e-05
9.92795e-05
9.92795e-05
9.92795e-05
9.92795e-05
9.92795e-05
9.92795e-05
9.92795e-05
9.92795e-05
9.92795e-05
9.92795e-05
9.92795e-05
9.92795e-05
9.92795e-05
9.92795e-05
9.92795e-05
9.92795e-05
9.92795e-05
9.92795e-05
9.92795e-05
9.92795e-05
9.92795e-05
9.92795e-05
9.92795e-05
9.92795e-05
9.92795e-05
9.92795e-05
9.92795e-05
9.92795e-05
9.92795e-05
9.92795e-05
9.92795e-05
9.92795e-05
9.92795e-05
9.92795e-05
9.92795e-05
9.92795e-05
9.92795e-05
9.92795e-05
9.92795e-05
9.92795e-05
9.92795e-05
9.92795e-05
9.92795e-05
9.92795e-05
9.92795e-05
9.92795e-05
9.92795e-05
9.92795e-05
9.92795e-05
9.92795e-05
9.92795e-05
9.21881e-05
9.21881e-05
9.21881e-05
9.21881e-05
9.21881e-05
9.21881e-05
9.21881e-05
8.50967e-05
8.50967e-05
8.50967e-05
8.50967e-05
8.50967e-05
8.50967e-05
8.50967e-05
8.50967e-05
8.50967e-05
8.50967e-05
8.50967e-05
8.50967e-05
8.50967e-05
8.50967e-05
8.50967e-05
8.50967e-05
8.50967e-05
8.50967e-05
8.50967e-05
8.50967e-05
8.50967e-05
8.50967e-05
8.50967e-05
8.50967e-05
8.50967e-05
8.50967e-05
8.50967e-05
8.50967e-05
8.50967e-05
8.50967e-05
8.50967e-05
8.50967e-05
8.50967e-05
8.50967e-05
8.50967e-05
8.50967e-05
8.50967e-05
8.50967e-05
8.50967e-05
8.50967e-05
8.50967e-05
8.50967e-05
8.50967e-05
8.50967e-05
8.50967e-05
8.50967e-05
8.50967e-05
8.50967e-05
8.50967e-05
8.50967e-05
8.50967e-05
8.50967e-05
8.50967e-05
8.50967e-05
8.50967e-05
8.50967e-05
8.50967e-05
8.50967e-05
8.50967e-05
8.50967e-05
8.50967e-05
8.50967e-05
8.50967e-05
8.50967e-05
8.50967e-05
8.50967e-05
8.50967e-05
8.50967e-05
8.50967e-05
8.50967e-05
8.50967e-05
8.50967e-05
8.50967e-05
8.50967e-05
8.50967e-05
8.50967e-05
8.50967e-05
8.50967e-05
8.50967e-05
8.50967e-05
8.50967e-05
8.50967e-05
8.50967e-05
8.50967e-05
8.50967e-05
8.50967e-05
8.50967e-05
8.50967e-05
8.50967e-05
8.50967e-05
8.50967e-05
8.50967e-05
8.50967e-05
8.50967e-05
8.50967e-05
8.50967e-05
8.50967e-05
8.50967e-05
8.50967e-05
8.50967e-05
8.50967e-05
8.50967e-05
8.50967e-05
8.50967e-05
8.50967e-05
8.50967e-05
8.50967e-05
8.50967e-05
8.50967e-05
8.50967e-05
8.50967e-05
8.50967e-05
8.50967e-05
8.50967e-05
8.50967e-05
8.50967e-05
8.50967e-05
8.50967e-05
8.50967e-05
8.50967e-05
8.50967e-05
8.50967e-05
8.50967e-05
8.50967e-05
8.50967e-05
8.50967e-05
8.50967e-05
8.50967e-05
8.50967e-05
8.50967e-05
8.50967e-05
8.50967e-05
8.50967e-05
8.50967e-05
8.50967e-05
8.50967e-05
8.50967e-05
8.50967e-05
8.50967e-05
8.50967e-05
8.50967e-05
8.50967e-05
8.50967e-05
8.50967e-05
8.50967e-05
8.50967e-05
8.50967e-05
8.50967e-05
8.50967e-05
8.50967e-05
8.50967e-05
8.50967e-05
8.50967e-05
8.50967e-05
8.50967e-05
8.50967e-05
8.50967e-05
8.50967e-05
8.50967e-05
8.50967e-05
8.50967e-05
8.50967e-05
8.50967e-05
8.50967e-05
8.50967e-05
8.50967e-05
8.50967e-05
8.50967e-05
8.50967e-05
8.50967e-05
8.50967e-05
8.50967e-05
8.50967e-05
8.50967e-05
8.50967e-05
8.50967e-05
8.50967e-05
8.50967e-05
8.50967e-05
8.50967e-05
8.50967e-05
8.50967e-05
8.50967e-05
8.50967e-05
8.50967e-05
8.50967e-05
8.50967e-05
8.50967e-05
8.50967e-05
8.50967e-05
8.50967e-05
8.50967e-05
8.50967e-05
8.50967e-05
8.50967e-05
8.50967e-05
8.50967e-05
8.50967e-05
8.50967e-05
8.50967e-05
8.50967e-05
8.50967e-05
8.50967e-05
8.50967e-05
8.50967e-05
8.50967e-05
8.50967e-05
8.50967e-05
8.50967e-05
8.50967e-05
8.50967e-05
8.50967e-05
8.50967e-05
8.50967e-05
8.50967e-05
8.50967e-05
8.50967e-05
8.50967e-05
8.50967e-05
8.50967e-05
8.50967e-05
8.50967e-05
8.50967e-05
8.50967e-05
8.50967e-05
8.50967e-05
8.50967e-05
8.50967e-05
8.50967e-05
8.50967e-05
8.50967e-05
8.50967e-05
8.50967e-05
8.50967e-05
8.50967e-05
8.50967e-05
8.50967e-05
8.50967e-05
8.50967e-05
8.50967e-05
8.50967e-05
8.50967e-05
8.50967e-05
8.50967e-05
8.50967e-05
8.50967e-05
8.50967e-05
8.50967e-05
8.50967e-05
8.50967e-05
8.50967e-05
8.50967e-05
8.50967e-05
8.50967e-05
8.50967e-05
8.50967e-05
8.50967e-05
8.50967e-05
8.50967e-05
8.50967e-05
8.50967e-05
8.50967e-05
8.50967e-05
8.50967e-05
8.50967e-05
8.50967e-05
8.50967e-05
8.50967e-05
8.50967e-05
8.50967e-05
8.50967e-05
8.50967e-05
8.50967e-05
8.50967e-05
8.50967e-05
8.50967e-05
8.50967e-05
8.50967e-05
8.50967e-05
8.50967e-05
8.50967e-05
8.50967e-05
8.50967e-05
8.50967e-05
8.50967e-05
8.50967e-05
8.50967e-05
8.50967e-05
8.50967e-05
8.50967e-05
8.50967e-05
8.50967e-05
8.50967e-05
8.50967e-05
8.50967e-05
8.50967e-05
8.50967e-05
8.50967e-05
8.50967e-05
8.50967e-05
8.50967e-05
8.50967e-05
8.50967e-05
8.50967e-05
8.50967e-05
8.50967e-05
8.50967e-05
8.50967e-05
8.50967e-05
8.50967e-05
8.50967e-05
8.50967e-05
8.50967e-05
8.50967e-05
8.50967e-05
8.50967e-05
8.50967e-05
8.50967e-05
8.50967e-05
8.50967e-05
8.50967e-05
8.50967e-05
8.50967e-05
8.50967e-05
8.50967e-05
8.50967e-05
8.50967e-05
8.50967e-05
8.50967e-05
8.50967e-05
8.50967e-05
8.50967e-05
8.50967e-05
8.50967e-05
8.50967e-05
8.50967e-05
8.50967e-05
8.50967e-05
8.50967e-05
8.50967e-05
7.09139e-05
7.09139e-05
7.09139e-05
7.09139e-05
7.09139e-05
7.09139e-05
7.09139e-05
7.09139e-05
7.09139e-05
7.09139e-05
7.09139e-05
7.09139e-05
7.09139e-05
7.09139e-05
7.09139e-05
7.09139e-05
7.09139e-05
7.09139e-05
7.09139e-05
7.09139e-05
7.09139e-05
7.09139e-05
7.09139e-05
7.09139e-05
7.09139e-05
7.09139e-05
7.09139e-05
7.09139e-05
7.09139e-05
7.09139e-05
7.09139e-05
7.09139e-05
7.09139e-05
7.09139e-05
7.09139e-05
7.09139e-05
7.09139e-05
7.09139e-05
7.09139e-05
7.09139e-05
6.38225e-05
6.38225e-05
5.67312e-05
5.67312e-05
5.67312e-05
5.67312e-05
5.67312e-05
5.67312e-05
5.67312e-05
5.67312e-05
5.67312e-05
5.67312e-05
5.67312e-05
5.67312e-05
5.67312e-05
5.67312e-05
5.67312e-05
5.67312e-05
5.67312e-05
5.67312e-05
5.67312e-05
5.67312e-05
5.67312e-05
5.67312e-05
5.67312e-05
5.67312e-05
5.67312e-05
5.67312e-05
5.67312e-05
5.67312e-05
5.67312e-05
5.67312e-05
5.67312e-05
5.67312e-05
5.67312e-05
5.67312e-05
5.67312e-05
5.67312e-05
5.67312e-05
5.67312e-05
5.67312e-05
5.67312e-05
5.67312e-05
5.67312e-05
5.67312e-05
5.67312e-05
5.67312e-05
5.67312e-05
5.67312e-05
5.67312e-05
5.67312e-05
5.67312e-05
5.67312e-05
5.67312e-05
5.67312e-05
5.67312e-05
5.67312e-05
5.67312e-05
5.67312e-05
5.67312e-05
5.67312e-05
5.67312e-05
5.67312e-05
5.67312e-05
5.67312e-05
5.67312e-05
5.67312e-05
5.67312e-05
5.67312e-05
5.67312e-05
5.67312e-05
5.67312e-05
5.67312e-05
5.67312e-05
5.67312e-05
5.67312e-05
5.67312e-05
5.67312e-05
5.67312e-05
5.67312e-05
5.67312e-05
5.67312e-05
5.67312e-05
5.67312e-05
5.67312e-05
5.67312e-05
5.67312e-05
5.67312e-05
5.67312e-05
5.67312e-05
5.67312e-05
5.67312e-05
5.67312e-05
5.67312e-05
5.67312e-05
5.67312e-05
5.67312e-05
5.67312e-05
5.67312e-05
5.67312e-05
5.67312e-05
5.67312e-05
5.67312e-05
5.67312e-05
5.67312e-05
5.67312e-05
5.67312e-05
5.67312e-05
5.67312e-05
5.67312e-05
4.96398e-05
4.96398e-05
4.96398e-05
4.25484e-05
4.25484e-05
4.25484e-05
4.25484e-05
4.25484e-05
4.25484e-05
4.25484e-05
4.25484e-05
4.25484e-05
4.25484e-05
4.25484e-05
4.25484e-05
4.25484e-05
4.25484e-05
4.25484e-05
4.25484e-05
4.25484e-05
4.25484e-05
4.25484e-05
4.25484e-05
4.25484e-05
4.25484e-05
4.25484e-05
4.25484e-05
4.25484e-05
4.25484e-05
4.25484e-05
4.25484e-05
4.25484e-05
4.25484e-05
4.25484e-05
4.25484e-05
4.25484e-05
4.25484e-05
4.25484e-05
4.25484e-05
4.25484e-05
4.25484e-05
4.25484e-05
4.25484e-05
4.25484e-05
4.25484e-05
4.25484e-05
4.25484e-05
4.25484e-05
4.25484e-05
4.25484e-05
4.25484e-05
4.25484e-05
4.25484e-05
4.25484e-05
4.25484e-05
4.25484e-05
4.25484e-05
4.25484e-05
4.25484e-05
4.25484e-05
4.25484e-05
4.25484e-05
4.25484e-05
4.25484e-05
4.25484e-05
4.25484e-05
4.25484e-05
4.25484e-05
4.25484e-05
4.25484e-05
4.25484e-05
4.25484e-05
4.25484e-05
4.25484e-05
4.25484e-05
4.25484e-05
4.25484e-05
4.25484e-05
4.25484e-05
4.25484e-05
4.25484e-05
4.25484e-05
4.25484e-05
4.25484e-05
4.25484e-05
4.25484e-05
4.25484e-05
4.25484e-05
4.25484e-05
4.25484e-05
4.25484e-05
4.25484e-05
4.25484e-05
4.25484e-05
4.25484e-05
4.25484e-05
4.25484e-05
4.25484e-05
4.25484e-05
4.25484e-05
4.25484e-05
4.25484e-05
4.25484e-05
4.25484e-05
4.25484e-05
4.25484e-05
4.25484e-05
4.25484e-05
4.25484e-05
4.25484e-05
4.25484e-05
4.25484e-05
4.25484e-05
4.25484e-05
4.25484e-05
4.25484e-05
4.25484e-05
4.25484e-05
4.25484e-05
4.25484e-05
4.25484e-05
4.25484e-05
4.25484e-05
4.25484e-05
4.25484e-05
4.25484e-05
4.25484e-05
4.25484e-05
4.25484e-05
4.25484e-05
4.25484e-05
4.25484e-05
4.25484e-05
4.25484e-05
4.25484e-05
4.25484e-05
4.25484e-05
4.25484e-05
4.25484e-05
4.25484e-05
4.25484e-05
4.25484e-05
4.25484e-05
4.25484e-05
4.25484e-05
4.25484e-05
4.25484e-05
4.25484e-05
4.25484e-05
4.25484e-05
4.25484e-05
4.25484e-05
4.25484e-05
4.25484e-05
4.25484e-05
4.25484e-05
4.25484e-05
4.25484e-05
4.25484e-05
4.25484e-05
4.25484e-05
4.25484e-05
4.25484e-05
4.25484e-05
4.25484e-05
4.25484e-05
4.25484e-05
4.25484e-05
4.25484e-05
4.25484e-05
4.25484e-05
4.25484e-05
4.25484e-05
4.25484e-05
4.25484e-05
4.25484e-05
4.25484e-05
4.25484e-05
4.25484e-05
4.25484e-05
4.25484e-05
4.25484e-05
4.25484e-05
4.25484e-05
4.25484e-05
4.25484e-05
4.25484e-05
4.25484e-05
4.25484e-05
4.25484e-05
4.25484e-05
4.25484e-05
4.25484e-05
4.25484e-05
4.25484e-05
4.25484e-05
4.25484e-05
4.25484e-05
4.25484e-05
4.25484e-05
4.25484e-05
4.25484e-05
4.25484e-05
4.25484e-05
4.25484e-05
4.25484e-05
4.25484e-05
4.25484e-05
4.25484e-05
4.25484e-05
4.25484e-05
4.25484e-05
4.25484e-05
4.25484e-05
4.25484e-05
4.25484e-05
4.25484e-05
4.25484e-05
4.25484e-05
4.25484e-05
4.25484e-05
4.25484e-05
4.25484e-05
4.25484e-05
4.25484e-05
4.25484e-05
4.25484e-05
4.25484e-05
4.25484e-05
4.25484e-05
4.25484e-05
4.25484e-05
4.25484e-05
4.25484e-05
4.25484e-05
4.25484e-05
4.25484e-05
4.25484e-05
4.25484e-05
4.25484e-05
4.25484e-05
4.25484e-05
4.25484e-05
4.25484e-05
4.25484e-05
4.25484e-05
4.25484e-05
4.25484e-05
4.25484e-05
4.25484e-05
4.25484e-05
4.25484e-05
4.25484e-05
4.25484e-05
4.25484e-05
4.25484e-05
4.25484e-05
4.25484e-05
4.25484e-05
4.25484e-05
4.25484e-05
4.25484e-05
4.25484e-05
4.25484e-05
4.25484e-05
4.25484e-05
4.25484e-05
4.25484e-05
4.25484e-05
4.25484e-05
4.25484e-05
4.25484e-05
4.25484e-05
4.25484e-05
4.25484e-05
4.25484e-05
4.25484e-05
4.25484e-05
4.25484e-05
4.25484e-05
4.25484e-05
4.25484e-05
4.25484e-05
4.25484e-05
4.25484e-05
4.25484e-05
4.25484e-05
4.25484e-05
4.25484e-05
4.25484e-05
4.25484e-05
4.25484e-05
4.25484e-05
4.25484e-05
4.25484e-05
4.25484e-05
4.25484e-05
4.25484e-05
4.25484e-05
4.25484e-05
4.25484e-05
4.25484e-05
4.25484e-05
4.25484e-05
4.25484e-05
4.25484e-05
4.25484e-05
4.25484e-05
4.25484e-05
4.25484e-05
4.25484e-05
4.25484e-05
4.25484e-05
4.25484e-05
4.25484e-05
4.25484e-05
4.25484e-05
4.25484e-05
4.25484e-05
4.25484e-05
4.25484e-05
4.25484e-05
4.25484e-05
4.25484e-05
4.25484e-05
4.25484e-05
4.25484e-05
4.25484e-05
4.25484e-05
4.25484e-05
4.25484e-05
4.25484e-05
4.25484e-05
4.25484e-05
4.25484e-05
4.25484e-05
4.25484e-05
4.25484e-05
4.25484e-05
4.25484e-05
4.25484e-05
4.25484e-05
4.25484e-05
4.25484e-05
4.25484e-05
4.25484e-05
4.25484e-05
4.25484e-05
4.25484e-05
4.25484e-05
4.25484e-05
4.25484e-05
4.25484e-05
4.25484e-05
4.25484e-05
4.25484e-05
4.25484e-05
4.25484e-05
4.25484e-05
4.25484e-05
4.25484e-05
4.25484e-05
4.25484e-05
4.25484e-05
4.25484e-05
4.25484e-05
4.25484e-05
4.25484e-05
4.25484e-05
4.25484e-05
4.25484e-05
4.25484e-05
4.25484e-05
4.25484e-05
4.25484e-05
4.25484e-05
4.25484e-05
4.25484e-05
4.25484e-05
4.25484e-05
4.25484e-05
4.25484e-05
4.25484e-05
4.25484e-05
4.25484e-05
4.25484e-05
4.25484e-05
4.25484e-05
4.25484e-05
4.25484e-05
4.25484e-05
4.25484e-05
4.25484e-05
4.25484e-05
4.25484e-05
4.25484e-05
4.25484e-05
4.25484e-05
4.25484e-05
4.25484e-05
4.25484e-05
4.25484e-05
4.25484e-05
4.25484e-05
4.25484e-05
4.25484e-05
4.25484e-05
4.25484e-05
4.25484e-05
4.25484e-05
4.25484e-05
4.25484e-05
4.25484e-05
4.25484e-05
4.25484e-05
4.25484e-05
4.25484e-05
4.25484e-05
4.25484e-05
4.25484e-05
4.25484e-05
4.25484e-05
4.25484e-05
4.25484e-05
4.25484e-05
4.25484e-05
4.25484e-05
4.25484e-05
4.25484e-05
4.25484e-05
4.25484e-05
4.25484e-05
4.25484e-05
4.25484e-05
4.25484e-05
4.25484e-05
4.25484e-05
4.25484e-05
4.25484e-05
4.25484e-05
4.25484e-05
4.25484e-05
4.25484e-05
4.25484e-05
4.25484e-05
4.25484e-05
4.25484e-05
4.25484e-05
4.25484e-05
4.25484e-05
4.25484e-05
4.25484e-05
4.25484e-05
4.25484e-05
4.25484e-05
4.25484e-05
4.25484e-05
4.25484e-05
4.25484e-05
4.25484e-05
4.25484e-05
4.25484e-05
4.25484e-05
4.25484e-05
4.25484e-05
4.25484e-05
4.25484e-05
4.25484e-05
4.25484e-05
4.25484e-05
4.25484e-05
4.25484e-05
4.25484e-05
4.25484e-05
4.25484e-05
4.25484e-05
4.25484e-05
4.25484e-05
4.25484e-05
4.25484e-05
4.25484e-05
4.25484e-05
4.25484e-05
4.25484e-05
4.25484e-05
4.25484e-05
4.25484e-05
4.25484e-05
4.25484e-05
4.25484e-05
4.25484e-05
4.25484e-05
4.25484e-05
4.25484e-05
4.25484e-05
4.25484e-05
4.25484e-05
4.25484e-05
4.25484e-05
4.25484e-05
4.25484e-05
4.25484e-05
4.25484e-05
4.25484e-05
4.25484e-05
4.25484e-05
4.25484e-05
4.25484e-05
4.25484e-05
4.25484e-05
4.25484e-05
4.25484e-05
4.25484e-05
4.25484e-05
4.25484e-05
4.25484e-05
4.25484e-05
4.25484e-05
4.25484e-05
4.25484e-05
4.25484e-05
4.25484e-05
4.25484e-05
4.25484e-05
4.25484e-05
4.25484e-05
4.25484e-05
4.25484e-05
4.25484e-05
4.25484e-05
4.25484e-05
4.25484e-05
4.25484e-05
4.25484e-05
4.25484e-05
4.25484e-05
4.25484e-05
4.25484e-05
4.25484e-05
4.25484e-05
4.25484e-05
4.25484e-05
4.25484e-05
4.25484e-05
4.25484e-05
4.25484e-05
4.25484e-05
4.25484e-05
4.25484e-05
4.25484e-05
4.25484e-05
4.25484e-05
4.25484e-05
4.25484e-05
4.25484e-05
4.25484e-05
4.25484e-05
4.25484e-05
4.25484e-05
4.25484e-05
4.25484e-05
4.25484e-05
4.25484e-05
4.25484e-05
4.25484e-05
4.25484e-05
4.25484e-05
4.25484e-05
4.25484e-05
4.25484e-05
4.25484e-05
4.25484e-05
4.25484e-05
4.25484e-05
4.25484e-05
4.25484e-05
4.25484e-05
4.25484e-05
4.25484e-05
4.25484e-05
4.25484e-05
4.25484e-05
4.25484e-05
4.25484e-05
4.25484e-05
4.25484e-05
4.25484e-05
4.25484e-05
4.25484e-05
4.25484e-05
4.25484e-05
4.25484e-05
4.25484e-05
4.25484e-05
4.25484e-05
4.25484e-05
4.25484e-05
4.25484e-05
4.25484e-05
4.25484e-05
4.25484e-05
4.25484e-05
4.25484e-05
4.25484e-05
4.25484e-05
4.25484e-05
4.25484e-05
4.25484e-05
4.25484e-05
4.25484e-05
4.25484e-05
4.25484e-05
4.25484e-05
4.25484e-05
4.25484e-05
4.25484e-05
4.25484e-05
4.25484e-05
4.25484e-05
4.25484e-05
4.25484e-05
4.25484e-05
4.25484e-05
4.25484e-05
4.25484e-05
4.25484e-05
4.25484e-05
4.25484e-05
4.25484e-05
4.25484e-05
4.25484e-05
4.25484e-05
4.25484e-05
4.25484e-05
4.25484e-05
4.25484e-05
4.25484e-05
4.25484e-05
4.25484e-05
4.25484e-05
4.25484e-05
4.25484e-05
4.25484e-05
4.25484e-05
4.25484e-05
4.25484e-05
4.25484e-05
4.25484e-05
4.25484e-05
4.25484e-05
4.25484e-05
4.25484e-05
4.25484e-05
4.25484e-05
4.25484e-05
4.25484e-05
4.25484e-05
4.25484e-05
4.25484e-05
4.25484e-05
4.25484e-05
4.25484e-05
4.25484e-05
4.25484e-05
4.25484e-05
4.25484e-05
4.25484e-05
4.25484e-05
4.25484e-05
4.25484e-05
4.25484e-05
4.25484e-05
4.25484e-05
4.25484e-05
4.25484e-05
4.25484e-05
4.25484e-05
4.25484e-05
4.25484e-05
4.25484e-05
4.25484e-05
4.25484e-05
4.25484e-05
4.25484e-05
4.25484e-05
4.25484e-05
4.25484e-05
4.25484e-05
4.25484e-05
4.25484e-05
4.25484e-05
4.25484e-05
4.25484e-05
4.25484e-05
4.25484e-05
4.25484e-05
4.25484e-05
4.25484e-05
4.25484e-05
4.25484e-05
4.25484e-05
4.25484e-05
4.25484e-05
4.25484e-05
4.25484e-05
4.25484e-05
4.25484e-05
4.25484e-05
4.25484e-05
4.25484e-05
4.25484e-05
4.25484e-05
4.25484e-05
4.25484e-05
4.25484e-05
4.25484e-05
4.25484e-05
4.25484e-05
4.25484e-05
4.25484e-05
4.25484e-05
4.25484e-05
4.25484e-05
4.25484e-05
4.25484e-05
4.25484e-05
4.25484e-05
4.25484e-05
4.25484e-05
4.25484e-05
2.83656e-05
2.83656e-05
2.83656e-05
2.83656e-05
2.83656e-05
2.83656e-05
2.83656e-05
2.83656e-05
2.83656e-05
2.83656e-05
2.83656e-05
2.83656e-05
2.83656e-05
2.83656e-05
2.83656e-05
2.83656e-05
2.83656e-05
2.83656e-05
2.83656e-05
2.83656e-05
2.83656e-05
2.83656e-05
2.83656e-05
2.83656e-05
2.83656e-05
2.83656e-05
2.83656e-05
2.83656e-05
2.83656e-05
2.83656e-05
2.83656e-05
2.83656e-05
2.83656e-05
2.83656e-05
2.83656e-05
2.83656e-05
2.83656e-05
2.83656e-05
2.83656e-05
2.83656e-05
2.83656e-05
2.83656e-05
2.83656e-05
2.83656e-05
2.83656e-05
2.83656e-05
2.83656e-05
2.83656e-05
2.83656e-05
2.83656e-05
2.83656e-05
2.83656e-05
2.83656e-05
2.83656e-05
2.83656e-05
2.83656e-05
2.83656e-05
2.83656e-05
2.83656e-05
2.83656e-05
2.83656e-05
2.83656e-05
2.83656e-05
2.83656e-05
2.83656e-05
2.83656e-05
2.83656e-05
2.83656e-05
2.83656e-05
2.83656e-05
2.83656e-05
2.83656e-05
2.83656e-05
2.83656e-05
2.83656e-05
2.83656e-05
2.83656e-05
2.83656e-05
2.83656e-05
2.83656e-05
2.83656e-05
2.83656e-05
2.83656e-05
2.83656e-05
2.83656e-05
2.83656e-05
2.83656e-05
2.83656e-05
2.83656e-05
2.83656e-05
2.83656e-05
2.83656e-05
2.83656e-05
2.83656e-05
2.83656e-05
2.83656e-05
2.83656e-05
2.83656e-05
2.83656e-05
2.83656e-05
2.83656e-05
2.83656e-05
2.83656e-05
2.83656e-05
2.83656e-05
2.83656e-05
2.83656e-05
2.83656e-05
2.83656e-05
2.83656e-05
2.83656e-05
2.83656e-05
2.83656e-05
2.83656e-05
2.83656e-05
2.83656e-05
2.83656e-05
2.83656e-05
2.83656e-05
2.83656e-05
2.83656e-05
2.83656e-05
2.83656e-05
2.83656e-05
2.83656e-05
2.83656e-05
2.83656e-05
2.83656e-05
2.83656e-05
2.83656e-05
2.83656e-05
2.83656e-05
2.83656e-05
2.83656e-05
2.83656e-05
2.83656e-05
2.83656e-05
2.83656e-05
2.83656e-05
2.83656e-05
2.83656e-05
2.83656e-05
2.83656e-05
2.83656e-05
2.83656e-05
2.83656e-05
2.83656e-05
2.83656e-05
2.83656e-05
2.83656e-05
2.83656e-05
2.83656e-05
2.83656e-05
2.83656e-05
2.83656e-05
2.83656e-05
2.83656e-05
2.83656e-05
2.83656e-05
2.83656e-05
2.83656e-05
2.83656e-05
2.83656e-05
2.83656e-05
2.83656e-05
2.83656e-05
2.83656e-05
2.83656e-05
2.83656e-05
2.83656e-05
2.83656e-05
2.83656e-05
2.83656e-05
2.83656e-05
2.83656e-05
2.83656e-05
2.83656e-05
1.41828e-05
1.41828e-05
1.41828e-05
1.41828e-05
1.41828e-05
1.41828e-05
1.41828e-05
1.41828e-05
1.41828e-05
1.41828e-05
1.41828e-05
1.41828e-05
1.41828e-05
1.41828e-05
1.41828e-05
1.41828e-05
1.41828e-05
1.41828e-05
1.41828e-05
1.41828e-05
1.41828e-05
1.41828e-05
1.41828e-05
1.41828e-05
1.41828e-05
1.41828e-05
1.41828e-05
1.41828e-05
1.41828e-05
1.41828e-05
1.41828e-05
1.41828e-05
1.41828e-05
1.41828e-05
1.41828e-05
1.41828e-05
1.41828e-05
1.41828e-05
1.41828e-05
1.41828e-05
1.41828e-05
1.41828e-05
1.41828e-05
1.41828e-05
1.41828e-05
1.41828e-05
1.41828e-05
1.41828e-05
1.41828e-05
1.41828e-05
1.41828e-05
1.41828e-05
1.41828e-05
1.41828e-05
1.41828e-05
1.41828e-05
1.41828e-05
1.41828e-05
1.41828e-05
1.41828e-05
1.41828e-05
1.41828e-05
1.41828e-05
1.41828e-05
1.41828e-05
1.41828e-05
1.41828e-05
1.41828e-05
1.41828e-05
1.41828e-05
1.41828e-05
1.41828e-05
1.41828e-05
1.41828e-05
1.41828e-05
1.41828e-05
1.41828e-05
1.41828e-05
1.41828e-05
1.41828e-05
1.41828e-05
1.41828e-05
1.41828e-05
1.41828e-05
1.41828e-05
1.41828e-05
1.41828e-05
1.41828e-05
1.41828e-05
1.41828e-05
1.41828e-05
1.41828e-05
1.41828e-05
1.41828e-05
1.41828e-05
1.41828e-05
1.41828e-05
1.41828e-05
1.41828e-05
1.41828e-05
1.41828e-05
1.41828e-05
1.41828e-05
1.41828e-05
1.41828e-05
1.41828e-05
1.41828e-05
1.41828e-05
1.41828e-05
1.41828e-05
1.41828e-05
1.41828e-05
1.41828e-05
1.41828e-05
1.41828e-05
1.41828e-05
1.41828e-05
1.41828e-05
1.41828e-05
1.41828e-05
1.41828e-05
1.41828e-05
1.41828e-05
1.41828e-05
1.41828e-05
1.41828e-05
1.41828e-05
1.41828e-05
1.41828e-05
1.41828e-05
1.41828e-05
1.41828e-05
1.41828e-05
1.41828e-05
1.41828e-05
1.41828e-05
1.41828e-05
1.41828e-05
1.41828e-05
1.41828e-05
1.41828e-05
1.41828e-05
1.41828e-05
1.41828e-05
1.41828e-05
1.41828e-05
1.41828e-05
1.41828e-05
1.41828e-05
1.41828e-05
1.41828e-05
1.41828e-05
1.41828e-05
1.41828e-05
1.41828e-05
1.41828e-05
1.41828e-05
1.41828e-05
1.41828e-05
1.41828e-05
1.41828e-05
1.41828e-05
1.41828e-05
1.41828e-05
1.41828e-05
1.41828e-05
1.41828e-05
1.41828e-05
1.41828e-05
1.41828e-05
1.41828e-05
1.41828e-05
1.41828e-05
1.41828e-05
1.41828e-05
1.41828e-05
1.41828e-05
1.41828e-05
1.41828e-05
1.41828e-05
1.41828e-05
1.41828e-05
1.41828e-05
1.41828e-05
1.41828e-05
1.41828e-05
1.41828e-05
1.41828e-05
1.41828e-05
1.41828e-05
1.41828e-05
1.41828e-05
1.41828e-05
1.41828e-05
1.41828e-05
1.41828e-05
1.41828e-05
1.41828e-05
1.41828e-05
1.41828e-05
1.41828e-05
1.41828e-05
1.41828e-05
1.41828e-05
1.41828e-05
1.41828e-05
1.41828e-05
1.41828e-05
1.41828e-05
1.41828e-05
1.41828e-05
1.41828e-05
1.41828e-05
1.41828e-05
1.41828e-05
1.41828e-05
1.41828e-05
1.41828e-05
1.41828e-05
1.41828e-05
1.41828e-05
1.41828e-05
1.41828e-05
1.41828e-05
1.41828e-05
1.41828e-05
1.41828e-05
1.41828e-05
1.41828e-05
1.41828e-05
1.41828e-05
1.41828e-05
1.41828e-05
1.41828e-05
1.41828e-05
1.41828e-05
1.41828e-05
1.41828e-05
1.41828e-05
1.41828e-05
1.41828e-05
1.41828e-05
1.41828e-05
1.41828e-05
1.41828e-05
1.41828e-05
1.41828e-05
1.41828e-05
1.41828e-05
1.41828e-05
1.41828e-05
1.41828e-05
1.41828e-05
1.41828e-05
1.41828e-05
1.41828e-05
1.41828e-05
1.41828e-05
1.41828e-05
1.41828e-05
1.41828e-05
1.41828e-05
1.41828e-05
1.41828e-05
1.41828e-05
1.41828e-05
1.41828e-05
1.41828e-05
1.41828e-05
1.41828e-05
1.41828e-05
1.41828e-05
1.41828e-05
1.41828e-05
1.41828e-05
1.41828e-05
1.41828e-05
1.41828e-05
1.41828e-05
1.41828e-05
1.41828e-05
1.41828e-05
1.41828e-05
1.41828e-05
1.41828e-05
1.41828e-05
1.41828e-05
1.41828e-05
1.41828e-05
1.41828e-05
1.41828e-05
1.41828e-05
1.41828e-05
1.41828e-05
1.41828e-05
1.41828e-05
1.41828e-05
1.41828e-05
1.41828e-05
1.41828e-05
1.41828e-05
1.41828e-05
1.41828e-05
1.41828e-05
1.41828e-05
1.41828e-05
1.41828e-05
1.41828e-05
1.41828e-05
1.41828e-05
1.41828e-05
1.41828e-05
1.41828e-05
1.41828e-05
1.41828e-05
1.41828e-05
1.41828e-05
1.41828e-05
1.41828e-05
1.41828e-05
1.41828e-05
1.41828e-05
1.41828e-05
1.41828e-05
1.41828e-05
1.41828e-05
1.41828e-05
1.41828e-05
1.41828e-05
1.41828e-05
1.41828e-05
1.41828e-05
1.41828e-05
1.41828e-05
1.41828e-05
1.41828e-05
1.41828e-05
1.41828e-05
1.41828e-05
1.41828e-05
1.41828e-05
1.41828e-05
1.41828e-05
1.41828e-05
1.41828e-05
1.41828e-05
1.41828e-05
1.41828e-05
1.41828e-05
1.41828e-05
1.41828e-05
1.41828e-05
1.41828e-05
1.41828e-05
1.41828e-05
1.41828e-05
1.41828e-05
1.41828e-05
1.41828e-05
1.41828e-05
1.41828e-05
1.41828e-05
1.41828e-05
1.41828e-05
1.41828e-05
1.41828e-05
1.41828e-05
1.41828e-05
1.41828e-05
1.41828e-05
1.41828e-05
1.41828e-05
1.41828e-05
1.41828e-05
1.41828e-05
1.41828e-05
1.41828e-05
1.41828e-05
1.41828e-05
1.41828e-05
1.41828e-05
1.41828e-05
1.41828e-05
1.41828e-05
1.41828e-05
1.41828e-05
1.41828e-05
1.41828e-05
1.41828e-05
1.41828e-05
1.41828e-05
1.41828e-05
1.41828e-05
1.41828e-05
1.41828e-05
1.41828e-05
1.41828e-05
1.41828e-05
1.41828e-05
1.41828e-05
1.41828e-05
1.41828e-05
1.41828e-05
1.41828e-05
1.41828e-05
1.41828e-05
1.41828e-05
1.41828e-05
1.41828e-05
1.41828e-05
1.41828e-05
1.41828e-05
1.41828e-05
1.41828e-05
1.41828e-05
1.41828e-05
1.41828e-05
1.41828e-05
1.41828e-05
1.41828e-05
1.41828e-05
1.41828e-05
1.41828e-05
1.41828e-05
1.41828e-05
1.41828e-05
1.41828e-05
1.41828e-05
1.41828e-05
1.41828e-05
1.41828e-05
1.41828e-05
1.41828e-05
1.41828e-05
1.41828e-05
1.41828e-05
1.41828e-05
1.41828e-05
1.41828e-05
1.41828e-05
1.41828e-05
1.41828e-05
1.41828e-05
1.41828e-05
1.41828e-05
1.41828e-05
1.41828e-05
1.41828e-05
1.41828e-05
1.41828e-05
1.41828e-05
1.41828e-05
1.41828e-05
1.41828e-05
1.41828e-05
1.41828e-05
1.41828e-05
1.41828e-05
1.41828e-05
1.41828e-05
1.41828e-05
1.41828e-05
1.41828e-05
1.41828e-05
1.41828e-05
1.41828e-05
1.41828e-05
1.41828e-05
1.41828e-05
1.41828e-05
1.41828e-05
1.41828e-05
1.41828e-05
1.41828e-05
1.41828e-05
1.41828e-05
1.41828e-05
1.41828e-05
1.41828e-05
1.41828e-05
1.41828e-05
1.41828e-05
1.41828e-05
1.41828e-05
1.41828e-05
1.41828e-05
1.41828e-05
1.41828e-05
1.41828e-05
1.41828e-05
1.41828e-05
1.41828e-05
1.41828e-05
1.41828e-05
1.41828e-05
1.41828e-05
1.41828e-05
1.41828e-05
1.41828e-05
1.41828e-05
1.41828e-05
1.41828e-05
1.41828e-05
1.41828e-05
1.41828e-05
1.41828e-05
1.41828e-05
1.41828e-05
1.41828e-05
1.41828e-05
1.41828e-05
1.41828e-05
1.41828e-05
1.41828e-05
1.41828e-05
1.41828e-05
1.41828e-05
1.41828e-05
1.41828e-05
1.41828e-05
1.41828e-05
1.41828e-05
1.41828e-05
1.41828e-05
1.41828e-05
1.41828e-05
1.41828e-05
1.41828e-05
1.41828e-05
1.41828e-05
1.41828e-05
1.41828e-05
1.41828e-05
1.41828e-05
1.41828e-05
1.41828e-05
1.41828e-05
1.41828e-05
1.41828e-05
1.41828e-05
1.41828e-05
1.41828e-05
1.41828e-05
1.41828e-05
1.41828e-05
1.41828e-05
1.41828e-05
1.41828e-05
1.41828e-05
1.41828e-05
1.41828e-05
1.41828e-05
1.41828e-05
1.41828e-05
1.41828e-05
1.41828e-05
1.41828e-05
1.41828e-05
1.41828e-05
1.41828e-05
1.41828e-05
1.41828e-05
1.41828e-05
1.41828e-05
1.41828e-05
1.41828e-05
1.41828e-05
1.41828e-05
1.41828e-05
1.41828e-05
1.41828e-05
1.41828e-05
1.41828e-05
1.41828e-05
1.41828e-05
1.41828e-05
1.41828e-05
1.41828e-05
1.41828e-05
1.41828e-05
1.41828e-05
1.41828e-05
1.41828e-05
1.41828e-05
1.41828e-05
1.41828e-05
1.41828e-05
1.41828e-05
1.41828e-05
1.41828e-05
1.41828e-05
1.41828e-05
1.41828e-05
1.41828e-05
1.41828e-05
1.41828e-05
1.41828e-05
1.41828e-05
1.41828e-05
1.41828e-05
1.41828e-05
1.41828e-05
1.41828e-05
1.41828e-05
1.41828e-05
1.41828e-05
1.41828e-05
1.41828e-05
1.41828e-05
1.41828e-05
1.41828e-05
1.41828e-05
1.41828e-05
1.41828e-05
1.41828e-05
1.41828e-05
1.41828e-05
1.41828e-05
1.41828e-05
1.41828e-05
1.41828e-05
1.41828e-05
1.41828e-05
1.41828e-05
1.41828e-05
1.41828e-05
1.41828e-05
1.41828e-05
1.41828e-05
1.41828e-05
1.41828e-05
1.41828e-05
1.41828e-05
1.41828e-05
1.41828e-05
1.41828e-05
1.41828e-05
1.41828e-05
1.41828e-05
1.41828e-05
1.41828e-05
1.41828e-05
1.41828e-05
1.41828e-05
1.41828e-05
1.41828e-05
1.41828e-05
1.41828e-05
1.41828e-05
1.41828e-05
1.41828e-05
1.41828e-05
1.41828e-05
1.41828e-05
1.41828e-05
1.41828e-05
1.41828e-05
1.41828e-05
1.41828e-05
1.41828e-05
1.41828e-05
1.41828e-05
1.41828e-05
1.41828e-05
1.41828e-05
1.41828e-05
1.41828e-05
1.41828e-05
1.41828e-05
1.41828e-05
1.41828e-05
1.41828e-05
1.41828e-05
1.41828e-05
1.41828e-05
1.41828e-05
1.41828e-05
1.41828e-05
1.41828e-05
1.41828e-05
1.41828e-05
1.41828e-05
1.41828e-05
1.41828e-05
1.41828e-05
1.41828e-05
1.41828e-05
1.41828e-05
1.41828e-05
1.41828e-05
1.41828e-05
1.41828e-05
1.41828e-05
1.41828e-05
1.41828e-05
1.41828e-05
1.41828e-05
1.41828e-05
1.41828e-05
1.41828e-05
1.41828e-05
1.41828e-05
1.41828e-05
1.41828e-05
1.41828e-05
1.41828e-05
1.41828e-05
1.41828e-05
1.41828e-05
1.41828e-05
1.41828e-05
1.41828e-05
1.41828e-05
1.41828e-05
1.41828e-05
1.41828e-05
1.41828e-05
1.41828e-05
1.41828e-05
1.41828e-05
1.41828e-05
1.41828e-05
1.41828e-05
1.41828e-05
1.41828e-05
1.41828e-05
1.41828e-05
1.41828e-05
1.41828e-05
1.41828e-05
1.41828e-05
1.41828e-05
1.41828e-05
1.41828e-05
1.41828e-05
1.41828e-05
1.41828e-05
1.41828e-05
1.41828e-05
1.41828e-05
1.41828e-05
1.41828e-05
1.41828e-05
1.41828e-05
1.41828e-05
1.41828e-05
1.41828e-05
1.41828e-05
1.41828e-05
1.41828e-05
1.41828e-05
1.41828e-05
1.41828e-05
1.41828e-05
1.41828e-05
1.41828e-05
1.41828e-05
1.41828e-05
1.41828e-05
1.41828e-05
1.41828e-05
1.41828e-05
1.41828e-05
1.41828e-05
1.41828e-05
1.41828e-05
1.41828e-05
1.41828e-05
1.41828e-05
1.41828e-05
1.41828e-05
1.41828e-05
1.41828e-05
1.41828e-05
1.41828e-05
1.41828e-05
1.41828e-05
1.41828e-05
1.41828e-05
1.41828e-05
1.41828e-05
1.41828e-05
1.41828e-05
1.41828e-05
1.41828e-05
1.41828e-05
1.41828e-05
1.41828e-05
1.41828e-05
1.41828e-05
1.41828e-05
1.41828e-05
1.41828e-05
1.41828e-05
1.41828e-05
1.41828e-05
1.41828e-05
1.41828e-05
1.41828e-05
1.41828e-05
1.41828e-05
1.41828e-05
1.41828e-05
1.41828e-05
1.41828e-05
1.41828e-05
1.41828e-05
1.41828e-05
1.41828e-05
1.41828e-05
1.41828e-05
1.41828e-05
1.41828e-05
1.41828e-05
1.41828e-05
1.41828e-05
1.41828e-05
1.41828e-05
1.41828e-05
1.41828e-05
1.41828e-05
1.41828e-05
1.41828e-05
1.41828e-05
1.41828e-05
1.41828e-05
1.41828e-05
1.41828e-05
1.41828e-05
1.41828e-05
1.41828e-05
1.41828e-05
1.41828e-05
1.41828e-05
1.41828e-05
1.41828e-05
1.41828e-05
1.41828e-05
1.41828e-05
1.41828e-05
1.41828e-05
1.41828e-05
1.41828e-05
1.41828e-05
1.41828e-05
1.41828e-05
1.41828e-05
1.41828e-05
1.41828e-05
1.41828e-05
1.41828e-05
1.41828e-05
1.41828e-05
1.41828e-05
1.41828e-05
1.41828e-05
1.41828e-05
1.41828e-05
1.41828e-05
1.41828e-05
1.41828e-05
1.41828e-05
1.41828e-05
1.41828e-05
1.41828e-05
1.41828e-05
1.41828e-05
1.41828e-05
1.41828e-05
1.41828e-05
1.41828e-05
1.41828e-05
1.41828e-05
1.41828e-05
1.41828e-05
1.41828e-05
1.41828e-05
1.41828e-05
1.41828e-05
1.41828e-05
1.41828e-05
1.41828e-05
1.41828e-05
1.41828e-05
1.41828e-05
1.41828e-05
1.41828e-05
1.41828e-05
1.41828e-05
1.41828e-05
1.41828e-05
1.41828e-05
1.41828e-05
1.41828e-05
1.41828e-05
1.41828e-05
1.41828e-05
1.41828e-05
1.41828e-05
1.41828e-05
1.41828e-05
1.41828e-05
1.41828e-05
1.41828e-05
1.41828e-05
1.41828e-05
1.41828e-05
1.41828e-05
1.41828e-05
1.41828e-05
1.41828e-05
1.41828e-05
1.41828e-05
1.41828e-05
1.41828e-05
1.41828e-05
1.41828e-05
1.41828e-05
1.41828e-05
1.41828e-05
1.41828e-05
1.41828e-05
1.41828e-05
1.41828e-05
1.41828e-05
1.41828e-05
1.41828e-05
1.41828e-05
1.41828e-05
1.41828e-05
1.41828e-05
1.41828e-05
1.41828e-05
1.41828e-05
1.41828e-05
1.41828e-05
1.41828e-05
1.41828e-05
1.41828e-05
1.41828e-05
1.41828e-05
1.41828e-05
1.41828e-05
1.41828e-05
1.41828e-05
1.41828e-05
1.41828e-05
1.41828e-05
1.41828e-05
1.41828e-05
1.41828e-05
1.41828e-05
1.41828e-05
1.41828e-05
1.41828e-05
1.41828e-05
1.41828e-05
1.41828e-05
1.41828e-05
1.41828e-05
1.41828e-05
1.41828e-05
1.41828e-05
1.41828e-05
1.41828e-05
1.41828e-05
1.41828e-05
1.41828e-05
1.41828e-05
1.41828e-05
1.41828e-05
1.41828e-05
1.41828e-05
1.41828e-05
1.41828e-05
1.41828e-05
1.41828e-05
1.41828e-05
1.41828e-05
1.41828e-05
1.41828e-05
1.41828e-05
1.41828e-05
1.41828e-05
1.41828e-05
1.41828e-05
1.41828e-05
1.41828e-05
1.41828e-05
1.41828e-05
1.41828e-05
1.41828e-05
1.41828e-05
1.41828e-05
1.41828e-05
1.41828e-05
1.41828e-05
1.41828e-05
1.41828e-05
1.41828e-05
1.41828e-05
1.41828e-05
1.41828e-05
1.41828e-05
1.41828e-05
1.41828e-05
1.41828e-05
1.41828e-05
1.41828e-05
1.41828e-05
1.41828e-05
1.41828e-05
1.41828e-05
1.41828e-05
1.41828e-05
1.41828e-05
1.41828e-05
1.41828e-05
1.41828e-05
1.41828e-05
1.41828e-05
1.41828e-05
1.41828e-05
1.41828e-05
1.41828e-05
1.41828e-05
1.41828e-05
1.41828e-05
1.41828e-05
1.41828e-05
1.41828e-05
1.41828e-05
1.41828e-05
1.41828e-05
1.41828e-05
1.41828e-05
1.41828e-05
1.41828e-05
1.41828e-05
1.41828e-05
1.41828e-05
1.41828e-05
1.41828e-05
1.41828e-05
1.41828e-05
1.41828e-05
1.41828e-05
1.41828e-05
1.41828e-05
1.41828e-05
1.41828e-05
1.41828e-05
1.41828e-05
1.41828e-05
1.41828e-05
1.41828e-05
1.41828e-05
1.41828e-05
1.41828e-05
1.41828e-05
1.41828e-05
1.41828e-05
1.41828e-05
1.41828e-05
1.41828e-05
1.41828e-05
1.41828e-05
1.41828e-05
1.41828e-05
1.41828e-05
1.41828e-05
1.41828e-05
1.41828e-05
1.41828e-05
1.41828e-05
1.41828e-05
1.41828e-05
1.41828e-05
1.41828e-05
1.41828e-05
1.41828e-05
1.41828e-05
1.41828e-05
1.41828e-05
1.41828e-05
1.41828e-05
1.41828e-05
1.41828e-05
1.41828e-05
1.41828e-05
1.41828e-05
1.41828e-05
1.41828e-05
1.41828e-05
1.41828e-05
1.41828e-05
1.41828e-05
1.41828e-05
1.41828e-05
1.41828e-05
1.41828e-05
1.41828e-05
1.41828e-05
1.41828e-05
1.41828e-05
1.41828e-05
1.41828e-05
1.41828e-05
1.41828e-05
1.41828e-05
1.41828e-05
1.41828e-05
1.41828e-05
1.41828e-05
1.41828e-05
1.41828e-05
1.41828e-05
1.41828e-05
1.41828e-05
1.41828e-05
1.41828e-05
1.41828e-05
1.41828e-05
1.41828e-05
1.41828e-05
1.41828e-05
1.41828e-05
1.41828e-05
1.41828e-05
1.41828e-05
1.41828e-05
1.41828e-05
1.41828e-05
1.41828e-05
1.41828e-05
1.41828e-05
1.41828e-05
1.41828e-05
1.41828e-05
1.41828e-05
1.41828e-05
1.41828e-05
1.41828e-05
1.41828e-05
1.41828e-05
1.41828e-05
1.41828e-05
1.41828e-05
1.41828e-05
1.41828e-05
1.41828e-05
1.41828e-05
1.41828e-05
1.41828e-05
1.41828e-05
1.41828e-05
1.41828e-05
1.41828e-05
1.41828e-05
1.41828e-05
1.41828e-05
1.41828e-05
1.41828e-05
1.41828e-05
1.41828e-05
1.41828e-05
1.41828e-05
1.41828e-05
1.41828e-05
1.41828e-05
1.41828e-05
1.41828e-05
1.41828e-05
1.41828e-05
1.41828e-05
1.41828e-05
1.41828e-05
1.41828e-05
1.41828e-05
1.41828e-05
1.41828e-05
1.41828e-05
1.41828e-05
1.41828e-05
1.41828e-05
1.41828e-05
1.41828e-05
1.41828e-05
1.41828e-05
1.41828e-05
1.41828e-05
1.41828e-05
1.41828e-05
1.41828e-05
1.41828e-05
1.41828e-05
1.41828e-05
1.41828e-05
1.41828e-05
1.41828e-05
1.41828e-05
1.41828e-05
1.41828e-05
1.41828e-05
1.41828e-05
1.41828e-05
1.41828e-05
1.41828e-05
1.41828e-05
1.41828e-05
1.41828e-05
1.41828e-05
1.41828e-05
1.41828e-05
1.41828e-05
1.41828e-05
1.41828e-05
1.41828e-05
1.41828e-05
1.41828e-05
1.41828e-05
1.41828e-05
1.41828e-05
1.41828e-05
1.41828e-05
1.41828e-05
1.41828e-05
1.41828e-05
1.41828e-05
1.41828e-05
1.41828e-05
1.41828e-05
1.41828e-05
1.41828e-05
1.41828e-05
1.41828e-05
1.41828e-05
1.41828e-05
1.41828e-05
1.41828e-05
1.41828e-05
1.41828e-05
1.41828e-05
1.41828e-05
1.41828e-05
1.41828e-05
1.41828e-05
1.41828e-05
1.41828e-05
1.41828e-05
1.41828e-05
1.41828e-05
1.41828e-05
1.41828e-05
1.41828e-05
1.41828e-05
1.41828e-05
1.41828e-05
1.41828e-05
1.41828e-05
1.41828e-05
1.41828e-05
1.41828e-05
1.41828e-05
1.41828e-05
1.41828e-05
1.41828e-05
1.41828e-05
1.41828e-05
1.41828e-05
1.41828e-05
1.41828e-05
1.41828e-05
1.41828e-05
1.41828e-05
1.41828e-05
1.41828e-05
1.41828e-05
1.41828e-05
1.41828e-05
1.41828e-05
1.41828e-05
1.41828e-05
1.41828e-05
1.41828e-05
1.41828e-05
1.41828e-05
1.41828e-05
1.41828e-05
1.41828e-05
1.41828e-05
1.41828e-05
1.41828e-05
1.41828e-05
1.41828e-05
1.41828e-05
1.41828e-05
1.41828e-05
1.41828e-05
1.41828e-05
1.41828e-05
1.41828e-05
1.41828e-05
1.41828e-05
1.41828e-05
1.41828e-05
1.41828e-05
1.41828e-05
1.41828e-05
1.41828e-05
1.41828e-05
1.41828e-05
1.41828e-05
1.41828e-05
1.41828e-05
1.41828e-05
1.41828e-05
1.41828e-05
1.41828e-05
1.41828e-05
1.41828e-05
1.41828e-05
1.41828e-05
1.41828e-05
1.41828e-05
1.41828e-05
1.41828e-05
1.41828e-05
1.41828e-05
1.41828e-05
1.41828e-05
1.41828e-05
1.41828e-05
1.41828e-05
1.41828e-05
1.41828e-05
1.41828e-05
1.41828e-05
1.41828e-05
1.41828e-05
1.41828e-05
1.41828e-05
1.41828e-05
1.41828e-05
1.41828e-05
1.41828e-05
1.41828e-05
1.41828e-05
1.41828e-05
1.41828e-05
1.41828e-05
1.41828e-05
1.41828e-05
1.41828e-05
1.41828e-05
1.41828e-05
1.41828e-05
1.41828e-05
1.41828e-05
1.41828e-05
1.41828e-05
1.41828e-05
1.41828e-05
1.41828e-05
1.41828e-05
1.41828e-05
1.41828e-05
1.41828e-05
1.41828e-05
1.41828e-05
1.41828e-05
1.41828e-05
1.41828e-05
1.41828e-05
1.41828e-05
1.41828e-05
1.41828e-05
1.41828e-05
1.41828e-05
1.41828e-05
1.41828e-05
1.41828e-05
1.41828e-05
1.41828e-05
1.41828e-05
1.41828e-05
1.41828e-05
1.41828e-05
1.41828e-05
0
0
