*Vertices 184
0.0717285
0.0570329
0.0402379
0.0384885
0.0356893
0.0339398
0.0297411
0.026592
0.0258922
0.0216935
0.0216935
0.0206438
0.0202939
0.0181945
0.0181945
0.0150455
0.0146956
0.0146956
0.0146956
0.013296
0.013296
0.0129461
0.0125962
0.0125962
0.0122463
0.0122463
0.0111966
0.0104969
0.0104969
0.0104969
0.00979706
0.00944717
0.00909727
0.00909727
0.00909727
0.00839748
0.00839748
0.00839748
0.00839748
0.00839748
0.00769769
0.00769769
0.0073478
0.0069979
0.0069979
0.0069979
0.00629811
0.00629811
0.00559832
0.00489853
0.00454864
0.00454864
0.00454864
0.00419874
0.00419874
0.00419874
0.00419874
0.00419874
0.00419874
0.00419874
0.00419874
0.00419874
0.00419874
0.00419874
0.00419874
0.00349895
0.00349895
0.00314906
0.00314906
0.00279916
0.00279916
0.00279916
0.00279916
0.00279916
0.00279916
0.00279916
0.00209937
0.00209937
0.00209937
0.00209937
0.00209937
0.00209937
0.00209937
0.00209937
0.00209937
0.00209937
0.00209937
0.00209937
0.00209937
0.00209937
0.00209937
0.00209937
0.00209937
0.00209937
0.00209937
0.00174948
0.00139958
0.00139958
0.00139958
0.00069979
0.00069979
0.00069979
0.00069979
0.00069979
0.00069979
0.00069979
0.00069979
0.00069979
0.00069979
0.00069979
0.00069979
0.00069979
0.00069979
0.00069979
0.00069979
0.00069979
0.00069979
0.00069979
0.00069979
0.00069979
0.00069979
0.00069979
0.00069979
0.00069979
0.00069979
0.00069979
0.00069979
0.00069979
0.00069979
0.00069979
0.00069979
0.00069979
0.00069979
0.00069979
0.00069979
0.00069979
0.00069979
0.00069979
0.00069979
0.00069979
0.00069979
0.00069979
0.00069979
0
0
0
0
0
0
0
0
0
0
0
0
0
0
0
0
0
0
0
0
0
0
0
0
0
0
0
0
0
0
0
0
0
0
0
0
0
0
0
0
0
