*Vertices 741
23
4
9
9
7
20
2
2
2
0
7
14
9
19
1
1
1
5
1
7
6
6
13
9
2
5
6
8
5
0
5
4
4
22
19
2
1
1
1
1
11
4
3
3
3
2
3
3
3
3
10
7
2
0
9
2
2
5
5
4
4
4
2
14
7
7
7
7
4
4
2
4
2
1
2
2
2
1
3
1
3
7
3
3
12
3
2
2
2
2
2
5
5
5
5
8
5
4
3
3
3
3
3
3
2
2
2
2
1
3
1
2
2
3
1
2
2
26
10
7
10
10
16
20
7
5
9
11
4
4
4
8
2
2
5
2
3
2
5
14
10
4
7
4
4
4
4
4
4
0
4
5
5
2
2
6
13
3
10
1
1
1
6
6
6
1
2
2
1
3
3
3
1
2
11
3
3
3
3
3
6
8
7
22
5
9
2
2
8
3
3
11
1
2
3
2
3
4
4
3
4
4
4
4
3
6
6
7
8
8
9
8
8
8
8
8
4
7
15
17
7
7
6
2
2
8
7
1
6
7
6
3
3
3
4
4
1
0
0
6
7
6
6
6
6
6
4
7
6
2
3
3
3
6
3
5
3
1
1
4
4
4
7
10
0
3
3
3
3
1
5
5
5
5
5
8
0
6
1
1
3
3
3
7
2
2
6
6
6
6
3
3
3
3
4
4
4
1
1
1
0
2
2
14
2
3
2
6
3
0
4
2
2
2
2
2
1
1
4
4
4
4
4
2
1
1
1
1
16
0
2
2
2
1
5
6
5
2
3
3
3
4
2
2
2
2
2
2
3
4
5
1
1
1
1
5
2
2
2
2
6
5
5
5
5
5
5
0
10
10
10
1
1
1
3
1
1
1
3
3
3
3
3
3
6
6
3
15
3
3
1
1
4
0
3
1
6
1
1
3
1
3
1
6
4
4
3
9
2
3
6
1
3
3
2
2
2
3
1
1
6
1
1
1
3
3
3
3
1
1
3
1
2
2
4
4
4
1
1
1
1
3
5
1
3
3
3
5
1
2
3
3
3
3
0
3
7
0
1
1
3
3
3
3
1
1
5
5
5
5
5
0
6
3
3
6
3
3
0
0
0
1
2
2
6
4
4
4
4
0
0
3
3
3
3
1
4
4
4
2
2
2
2
2
1
1
2
2
1
1
0
3
2
2
0
2
1
2
0
2
1
1
0
1
4
2
1
1
2
1
1
1
4
4
4
4
2
2
2
0
1
2
1
1
0
2
3
3
1
1
1
1
1
10
10
3
9
3
1
1
1
1
1
2
0
1
1
2
5
5
6
5
5
5
1
5
1
7
7
7
1
3
1
1
0
1
1
2
2
2
14
13
13
13
13
13
13
13
15
13
13
13
1
1
2
2
1
6
3
3
8
4
1
1
0
1
1
1
1
1
0
2
1
0
13
9
9
9
9
9
9
9
9
9
3
3
3
4
3
5
2
2
2
1
0
4
4
4
4
0
4
4
4
4
4
0
5
5
5
5
6
1
1
1
3
3
3
2
2
2
2
3
0
1
1
1
4
4
4
1
1
2
2
1
1
2
2
2
1
3
3
3
3
6
3
3
0
2
4
4
2
2
2
2
3
3
2
0
6
6
6
6
0
0
2
2
2
1
1
1
1
2
2
2
2
0
5
5
6
6
6
6
6
6
2
2
1
1
1
3
4
