48 4.03502561448167 0.110726643598616 32 5.57894736842105 6.54792686736709 R5
13 3.28756989257866 0.303402646502836 38 10.1333333333333 8.4763723897012 R6
189 3.21081763581038 0.317722681359045 27 7.6 6.04207469886517 R6
297 2.92684703502482 0.104938271604938 17 5.33333333333333 3.98608691436713 R5
111 2.91512011951537 0.380622837370242 13 3.85714285714286 3.13635691430002 R6
71 2.83533603560188 0.225694444444444 21 6.66666666666667 5.05525029603437 R5
10 2.63533464598094 0.580348943985307 20 5.23076923076923 5.60430941541138 R6
87 2.59051815545182 0.318181818181818 18 6.61538461538462 4.3947251867956 R6
739 2.57861469229959 0.13265306122449 13 4 3.49024614917318 R5
32 2.53500088919052 0.512396694214876 15 5.66666666666667 3.68178700572909 R6
23 2.50356888118884 0.453686200378072 15 6 3.59486813709167 R6
56 2.47970485546421 0.551020408163265 9 4.75 1.71391365010026 R2
69 2.41059888090455 0.3203125 13 5.81818181818182 2.97926720148617 R2
58 2.32367319385385 0.674382716049383 19 5.88235294117647 5.64522028894592 R3
240 2.30408843784516 0.2265625 14 5.23076923076923 3.8059436544163 R2
162 2.26912674176935 0.652892561983471 12 4.66666666666667 3.23178657161089 R3
205 2.24951356609528 0.193905817174515 17 6.8 4.53431361950185 R2
125 2.1788605427808 0.0997229916897509 18 10.4444444444444 3.46766367429495 R2
136 2.15994152824861 0.354570637119114 15 7.07692307692308 3.66819046694349 R2
293 2.15665546406877 0.459183673469388 10 5.55555555555556 2.06080411011016 R2
1 2.14653218804437 0.638671875 18 5.88235294117647 5.64522028894592 R3
418 2.08494270656163 0.401384083044983 13 6.18181818181818 3.2702010452009 R2
119 2.04407946752694 0.584183673469388 17 6.66666666666667 5.05525029603437 R2
485 2.04299165402599 0.541322314049587 13 5.83333333333333 3.50792752997487 R2
145 2.04264871994757 0.567474048442907 10 4.5 2.69258240356725 R2
14 2.01752881892955 0.197530864197531 8 3.75 2.10653744329409 R2
83 2.00951933032039 0.650887573964497 7 3.16666666666667 1.9075871903766 R3
222 2.00831604418561 0.775390625 12 4.66666666666667 3.65148371670111 R3
147 2 0.277777777777778 5 3 1 R2
362 2 0.32 4 2.4 0.8 R2
599 1.94935886896179 0.314049586776859 9 4.25 2.43669858620224 R2
117 1.9215981793611 0.609053497942387 16 5.23076923076923 5.60430941541138 R2
325 1.90349354378545 0.617283950617284 5 2.44444444444444 1.34256066373273 R2
643 1.88822690476591 0.13265306122449 13 6.5 3.4423828956117 R2
449 1.82574185835055 0.32 4 2 1.09544511501033 R2
2 1.79225017642539 0.499054820415879 16 5.88235294117647 5.64522028894592 R2
340 1.78885438199983 0.244897959183674 6 3.71428571428571 1.27775312999988 R2
241 1.77859458359977 0.346666666666667 12 5.23076923076923 3.8059436544163 R2
353 1.70404074347314 0.110726643598616 16 8.26666666666667 4.53823264669801 R2
158 1.67125804359347 0.197530864197531 8 4.4 2.1540659228538 R2
238 1.59773045787885 0.255102040816327 12 6.5 3.4423828956117 R2
352 1.48369064733437 0.588757396449704 15 8.26666666666667 4.53823264669801 R2
153 1.41421356237309 0.197530864197531 8 4 2.82842712474619 R2
724 1.41421356237309 0.48 3 2 0.707106781186548 R2
815 1.41421356237309 0.56 3 2 0.707106781186548 R2
155 1.41421356237309 0.197530864197531 8 4 2.82842712474619 R2
130 1.41421356237309 0.40625 6 5 0.707106781186548 R2
404 1.39073477791648 0.402777777777778 9 4.76923076923077 3.04211075896695 R2
137 1.34209959036807 0.142011834319526 12 7.07692307692308 3.66819046694349 R2
410 1.29986736723936 0.21875 7 4.66666666666667 1.7950549357115 R2
413 1.29986736723936 0.345679012345679 7 4.66666666666667 1.7950549357115 R2
84 1.27095996515954 0.203703703703704 16 9.27272727272727 5.29306422836715 R2
619 1.26750044459526 0.244897959183674 6 3.66666666666667 1.84089350286454 R2
618 1.26750044459526 0.244897959183674 6 3.66666666666667 1.84089350286454 R2
109 1.26491106406735 0.244897959183674 6 4 1.58113883008419 R2
417 1.22524507352451 0.530864197530864 12 6.61538461538462 4.3947251867956 R2
17 1.19557722494902 0.345679012345679 14 8.16666666666667 4.87909372276815 R2
173 1.18616050523782 0.722222222222222 8 5.55555555555556 2.06080411011016 R3
178 1.17692778478576 0.473372781065089 8 4.88888888888889 2.64341716741563 R2
786 1.16756791567451 0.611111111111111 10 6.18181818181818 3.2702010452009 R2
761 1.14605097435537 0.197530864197531 8 4 3.49024614917318 R2
626 1.08203348385204 0.207612456747405 15 9.27272727272727 5.29306422836715 R2
424 1.05500875743326 0.244897959183674 12 6.66666666666667 5.05525029603437 R2
470 1.04299045505683 0.24 13 8.26666666666667 4.53823264669801 R2
122 1.02899151085505 0.32 4 2.8 1.16619037896906 R2
562 1.02899151085505 0.5 4 2.8 1.16619037896906 R2
29 0.912870929175277 0.486111111111111 8 4.66666666666667 3.65148371670111 R2
30 0.912870929175277 0.197530864197531 8 4.66666666666667 3.65148371670111 R2
34 0.905357460425186 0.497041420118343 9 5.66666666666667 3.68178700572909 R2
8 0.902717242476601 0.56 9 5.83333333333333 3.50792752997487 R2
6 0.902717242476601 0.18 9 5.83333333333333 3.50792752997487 R2
12 0.810094973530147 0.404536862003781 17 10.1333333333333 8.4763723897012 R2
522 0.770154046215406 0.165289256198347 10 6.61538461538462 4.3947251867956 R2
461 0.742781352708207 0.444444444444444 6 4.4 2.1540659228538 R2
613 0.733296519265052 0.21875 7 4.76923076923077 3.04211075896695 R2
656 0.727606875108999 0.489795918367347 8 5.23076923076923 3.8059436544163 R2
183 0.721994872381155 0.21875 7 4.66666666666667 3.23178657161089 R2
778 0.718184846459608 0.40625 6 4.25 2.43669858620224 R2
389 0.707106781186548 0.375 3 2.66666666666667 0.471404520791032 R2
397 0.707106781186548 0.56 3 2.66666666666667 0.471404520791032 R2
390 0.707106781186548 0.375 3 2.66666666666667 0.471404520791032 R2
113 0.699760824183943 0.5078125 10 6.58823529411765 4.87561547884756 R2
221 0.693375245281536 0.489795918367347 8 5.5 3.60555127546399 R2
327 0.659291642022809 0.165289256198347 10 7.06666666666667 4.44921965692362 R2
98 0.64044476071354 0.142011834319526 12 9.25 4.29389100932942 R2
31 0.63375022229763 0.513888888888889 8 5.66666666666667 3.68178700572909 R2
108 0.632455532033676 0.277777777777778 5 4 1.58113883008419 R2
345 0.617648639589254 0.568047337278106 8 5.83333333333333 3.50792752997487 R2
587 0.593390829096927 0.277777777777778 5 3.75 2.10653744329409 R2
321 0.562720616585325 0.336734693877551 11 7.6 6.04207469886517 R2
127 0.524257652487527 0.461538461538462 9 7.07692307692308 3.66819046694349 R2
332 0.485189200530354 0.18 9 6.8 4.53431361950185 R2
72 0.461566331377051 0.18 9 6.66666666666667 5.05525029603437 R2
495 0.436852028330519 0.625 4 3.16666666666667 1.9075871903766 R3
380 0.435744670330595 0.32 8 6.5 3.4423828956117 R2
359 0.418121005003545 0.42 7 5.33333333333333 3.98608691436713 R2
324 0.413802944301184 0.375 3 2.44444444444444 1.34256066373273 R2
65 0.39668082850328 0.591715976331361 7 5.81818181818182 2.97926720148617 R2
530 0.364390014939422 0.5625 5 3.85714285714286 3.13635691430002 R2
177 0.362142984170074 0.21875 7 5.66666666666667 3.68178700572909 R2
86 0.315063018906302 0.571428571428572 8 6.61538461538462 4.3947251867956 R2
646 0.286512743588843 0.408163265306122 5 4 3.49024614917318 R2
22 0.278174320132093 0.21875 7 6 3.59486813709167 R2
33 0.267261241912425 0.744897959183674 4 3.66666666666667 1.24721912892465 R3
608 0.267261241912425 0.489795918367347 4 3.66666666666667 1.24721912892465 R2
788 0.250193124787395 0.21875 7 6.18181818181818 3.2702010452009 R2
670 0.181071492085037 0.32 4 3.66666666666667 1.84089350286454 R2
484 0.171498585142509 0.666666666666667 3 2.8 1.16619037896906 R3
21 0.170796746421289 0.375 9 8.16666666666667 4.87909372276815 R2
296 0.167248402001418 0.40625 6 5.33333333333333 3.98608691436713 R2
124 0.160210334028001 0.152777777777778 11 10.4444444444444 3.46766367429495 R2
103 0.148864585512957 0.444444444444444 6 5.55555555555556 2.98556196500987 R2
693 0.145864991497895 0.46875 5 4.75 1.71391365010026 R2
236 0.145248223443532 0.21875 7 6.5 3.4423828956117 R2
57 0.118678165819385 0.444444444444444 4 3.75 2.10653744329409 R2
220 0.0912870929175276 0.58 5 4.66666666666667 3.65148371670111 R2
159 0.0875175052517505 0.541666666666667 7 6.61538461538462 4.3947251867956 R2
436 0.0610278197697351 0.244897959183674 6 5.81818181818182 2.97926720148617 R2
476 0.0208401183305281 0.54 6 5.88235294117647 5.64522028894592 R2
675 0 0.53125 5 5 5.96046447753906e-08 R2
129 0 0.46875 5 5 0.707106781186548 R2
859 0 0.375 3 3 1 R2
858 0 0.375 3 3 1 R2
770 0 0.6875 3 3 1 R3
38 0 0.790123456790123 3 3 1 R3
115 -0.0411771038434521 0.567901234567901 5 5.23076923076923 5.60430941541138 R2
697 -0.0582222509739582 0.5 9 9.25 4.29389100932942 R2
179 -0.0884168959348574 0.277777777777778 5 5.57894736842105 6.54792686736709 R2
262 -0.1281682672224 0.165289256198347 10 10.4444444444444 3.46766367429495 R2
263 -0.1281682672224 0.165289256198347 10 10.4444444444444 3.46766367429495 R2
261 -0.1281682672224 0.48 10 10.4444444444444 3.46766367429495 R2
423 -0.131876094679158 0.244897959183674 6 6.66666666666667 5.05525029603437 R2
769 -0.133704995631189 0.459183673469388 9 10.1333333333333 8.4763723897012 R2
187 -0.133704995631189 0.685185185185185 9 10.1333333333333 8.4763723897012 R3
176 -0.140028008402801 0.444444444444444 6 6.61538461538462 4.3947251867956 R2
218 -0.156300887478958 0.448979591836735 5 5.88235294117647 5.64522028894592 R2
901 -0.156300887478958 0.448979591836735 5 5.88235294117647 5.64522028894592 R2
219 -0.156300887478958 0.567901234567901 5 5.88235294117647 5.64522028894592 R2
9 -0.185695338177052 0.76 4 4.4 2.1540659228538 R3
157 -0.185695338177052 0.32 4 4.4 2.1540659228538 R2
405 -0.186080731891197 0.277777777777778 5 5.55555555555556 2.98556196500987 R2
808 -0.206284249251758 0.32 4 4.66666666666667 3.23178657161089 R2
116 -0.219611220498411 0.489795918367347 4 5.23076923076923 5.60430941541138 R2
188 -0.219611220498411 0.32 4 5.23076923076923 5.60430941541138 R2
669 -0.219611220498411 0.59375 4 5.23076923076923 5.60430941541138 R2
586 -0.23755716907279 0.277777777777778 5 5.83333333333333 3.50792752997487 R2
243 -0.266963457706401 0.32 4 4.61538461538462 2.3051267790418 R2
326 -0.273292511204566 0.375 3 3.85714285714286 3.13635691430002 R2
665 -0.294883912309794 0.64 2 2.4 1.35646599662505 R3
520 -0.323380833381777 0.32 4 5.23076923076923 3.8059436544163 R2
239 -0.323380833381777 0.32 4 5.23076923076923 3.8059436544163 R2
144 -0.329690236697894 0.277777777777778 5 6.66666666666667 5.05525029603437 R2
534 -0.333441893288445 0.32 4 5.88235294117647 5.64522028894592 R2
298 -0.334496804002837 0.32 4 5.33333333333333 3.98608691436713 R2
118 -0.356034497458156 0.56 3 3.75 2.10653744329409 R2
872 -0.367573522057353 0.277777777777778 5 6.61538461538462 4.3947251867956 R2
871 -0.367573522057353 0.277777777777778 5 6.61538461538462 4.3947251867956 R2
123 -0.367573522057353 0.567901234567901 5 6.61538461538462 4.3947251867956 R2
180 -0.393857081891637 0.48 3 5.57894736842105 6.54792686736709 R2
348 -0.430315765624072 0.493827160493827 5 7.6 6.04207469886517 R2
35 -0.430315765624072 0.277777777777778 5 7.6 6.04207469886517 R2
190 -0.430315765624072 0.277777777777778 5 7.6 6.04207469886517 R2
425 -0.444071540695351 0.444444444444444 6 8.16666666666667 4.87909372276815 R2
208 -0.470360434191798 0.46875 5 5.83333333333333 1.77169096878911 R2
752 -0.5 0.444444444444444 2 2.4 0.8 R2
753 -0.5 0.444444444444444 2 2.4 0.8 R2
810 -0.515710623129396 0.375 3 4.66666666666667 3.23178657161089 R2
809 -0.515710623129396 0.375 3 4.66666666666667 3.23178657161089 R2
486 -0.522625771960137 0.571428571428572 4 5.83333333333333 3.50792752997487 R2
584 -0.522625771960137 0.32 4 5.83333333333333 3.50792752997487 R2
854 -0.52750437871663 0.444444444444444 4 6.66666666666667 5.05525029603437 R2
855 -0.52750437871663 0.444444444444444 4 6.66666666666667 5.05525029603437 R2
146 -0.52750437871663 0.32 4 6.66666666666667 5.05525029603437 R2
563 -0.557086014531156 0.71875 3 4.5 2.69258240356725 R3
305 -0.56619826468653 0.277777777777778 5 7.07692307692308 3.66819046694349 R2
304 -0.56619826468653 0.53125 5 7.07692307692308 3.66819046694349 R2
376 -0.57647945380833 0.722222222222222 2 5.23076923076923 5.60430941541138 R3
211 -0.585369407004964 0.56 3 5.33333333333333 3.98608691436713 R2
295 -0.586127760504471 0.375 3 5.23076923076923 3.8059436544163 R2
112 -0.59213377427656 0.64 2 3.85714285714286 3.13635691430002 R3
292 -0.610278197697355 0.5 4 5.81818181818182 2.97926720148617 R2
209 -0.611592839662726 0.444444444444444 2 3.16666666666667 1.9075871903766 R2
210 -0.611592839662726 0.444444444444444 2 3.16666666666667 1.9075871903766 R2
156 -0.649933683619682 0.375 3 4.4 2.1540659228538 R2
751 -0.667181666099721 0.489795918367347 4 6.18181818181818 3.2702010452009 R2
856 -0.667181666099721 0.32 4 6.18181818181818 3.2702010452009 R2
374 -0.667181666099721 0.716049382716049 4 6.18181818181818 3.2702010452009 R3
735 -0.687723904907418 0.444444444444444 2 5.88235294117647 5.64522028894592 R2
745 -0.707106781186547 0.444444444444444 2 4 2.82842712474619 R2
696 -0.724285968340148 0.56 3 5.66666666666667 3.68178700572909 R2
726 -0.725318520735366 0.375 3 6.66666666666667 5.05525029603437 R2
481 -0.730296743340222 0.625 2 4.66666666666667 3.65148371670111 R3
482 -0.730296743340222 0.625 2 4.66666666666667 3.65148371670111 R3
776 -0.754913570463289 0.666666666666667 1 5.23076923076923 5.60430941541138 R3
519 -0.761327893027204 0.48 3 7.6 6.04207469886517 R2
320 -0.761327893027204 0.5 3 7.6 6.04207469886517 R2
36 -0.827221962808438 0.444444444444444 2 5.22222222222222 3.89523292065736 R2
99 -0.83452296039628 0.48 3 6 3.59486813709167 R2
204 -0.838054073643339 0.56 3 6.8 4.53431361950185 R2
847 -0.859538230766528 0.5 1 4 3.49024614917318 R2
45 -0.905357460425185 0.444444444444444 2 3.66666666666667 1.84089350286454 R2
612 -0.910299127363513 0.444444444444444 2 4.76923076923077 3.04211075896695 R2
450 -0.912870929175278 0.5 1 2 1.09544511501033 R2
527 -0.923132662754102 0.444444444444444 2 6.66666666666667 5.05525029603437 R2
142 -0.923132662754102 0.444444444444444 2 6.66666666666667 5.05525029603437 R2
375 -0.940160410192076 0.78 4 8.26666666666667 4.53823264669801 R3
85 -0.996157810530451 0.5 4 9.27272727272727 5.29306422836715 R2
148 -1 0.5 2 3 1 R2
869 -1.0041580220928 0.666666666666667 1 4.66666666666667 3.65148371670111 R3
539 -1.0041580220928 0.5 1 4.66666666666667 3.65148371670111 R2
683 -1.03209369308428 0.5 1 2.4 1.35646599662505 R2
781 -1.05859461933895 0.64 2 6.8 4.53431361950185 R3
358 -1.07588765518308 0.666666666666667 1 2.44444444444444 1.34256066373273 R3
777 -1.07588765518308 0.5 1 2.44444444444444 1.34256066373273 R2
585 -1.09276297773483 0.444444444444444 2 5.83333333333333 3.50792752997487 R2
528 -1.16051050633084 0.48 3 8.26666666666667 4.53823264669801 R2
571 -1.27876486002446 0.444444444444444 2 6.18181818181818 3.2702010452009 R2
427 -1.27913516503457 0.5 1 6.8 4.53431361950185 R2
813 -1.34164078649987 0.444444444444444 2 3.71428571428571 1.27775312999988 R2
812 -1.34164078649987 0.444444444444444 2 3.71428571428571 1.27775312999988 R2
821 -1.38086060246961 0.444444444444444 2 8.26666666666667 4.53823264669801 R2
396 -1.41421356237309 0.444444444444444 2 2.66666666666667 0.471404520791032 R2
132 -1.41421356237309 0.5 4 5 0.707106781186548 R2
873 -1.41421356237309 0.666666666666667 1 2 0.707106781186548 R3
695 -1.48556270541642 0.444444444444444 2 4.66666666666667 1.7950549357115 R2
49 -1.54348726628258 0.75 1 2.8 1.16619037896906 R3
126 -1.57841037450494 0.5 1 4.4 2.1540659228538 R2
357 -2.59272486435067 0.545454545454546 7 12.5 2.12132034355964 R2
