48 4.03502561448167 0.110726643598616 32 5.57894736842105 6.54792686736709 R5
13 3.28756989257866 0.303402646502836 38 10.1333333333333 8.4763723897012 R6
197 3.2803629559645 0 18 5.22222222222222 3.89523292065736 R5
189 3.21081763581038 0.317722681359045 27 7.6 6.04207469886517 R6
82 3.19734091807446 0 46 11.2173913043478 10.878604936692 R5
297 2.92684703502482 0.104938271604938 17 5.33333333333333 3.98608691436713 R5
111 2.91512011951537 0.380622837370242 13 3.85714285714286 3.13635691430002 R6
71 2.83533603560188 0.225694444444444 21 6.66666666666667 5.05525029603437 R5
10 2.63533464598094 0.580348943985307 20 5.23076923076923 5.60430941541138 R6
87 2.59051815545182 0.318181818181818 18 6.61538461538462 4.3947251867956 R6
739 2.57861469229959 0.13265306122449 13 4 3.49024614917318 R5
32 2.53500088919052 0.512396694214876 15 5.66666666666667 3.68178700572909 R6
23 2.50356888118884 0.453686200378072 15 6 3.59486813709167 R6
56 2.47970485546421 0.551020408163265 9 4.75 1.71391365010026 R2
69 2.41059888090455 0.3203125 13 5.81818181818182 2.97926720148617 R2
58 2.32367319385385 0.674382716049383 19 5.88235294117647 5.64522028894592 R3
240 2.30408843784516 0.2265625 14 5.23076923076923 3.8059436544163 R2
162 2.26912674176935 0.652892561983471 12 4.66666666666667 3.23178657161089 R3
205 2.24951356609528 0.193905817174515 17 6.8 4.53431361950185 R2
265 2.18618185273341 0 35 11.2173913043478 10.878604936692 R1
125 2.1788605427808 0.0997229916897509 18 10.4444444444444 3.46766367429495 R2
136 2.15994152824861 0.354570637119114 15 7.07692307692308 3.66819046694349 R2
107 2.15853648993788 0 12 5.55555555555556 2.98556196500987 R1
293 2.15665546406877 0.459183673469388 10 5.55555555555556 2.06080411011016 R2
1 2.14653218804437 0.638671875 18 5.88235294117647 5.64522028894592 R3
418 2.08494270656163 0.401384083044983 13 6.18181818181818 3.2702010452009 R2
42 2.0481730365679 0 11 4.76923076923077 3.04211075896695 R1
119 2.04407946752694 0.584183673469388 17 6.66666666666667 5.05525029603437 R2
485 2.04299165402599 0.541322314049587 13 5.83333333333333 3.50792752997487 R2
145 2.04264871994757 0.567474048442907 10 4.5 2.69258240356725 R2
14 2.01752881892955 0.197530864197531 8 3.75 2.10653744329409 R2
83 2.00951933032039 0.650887573964497 7 3.16666666666667 1.9075871903766 R3
222 2.00831604418561 0.775390625 12 4.66666666666667 3.65148371670111 R3
279 2.00784272797855 0 16 7.06666666666667 4.44921965692362 R1
277 2.00784272797855 0 16 7.06666666666667 4.44921965692362 R1
351 2 0 5 3 1 R1
39 2 0 5 3 1 R1
147 2 0.277777777777778 5 3 1 R2
362 2 0.32 4 2.4 0.8 R2
599 1.94935886896179 0.314049586776859 9 4.25 2.43669858620224 R2
591 1.93037468740398 0 16 6.58823529411765 4.87561547884756 R1
117 1.9215981793611 0.609053497942387 16 5.23076923076923 5.60430941541138 R2
325 1.90349354378545 0.617283950617284 5 2.44444444444444 1.34256066373273 R2
643 1.88822690476591 0.13265306122449 13 6.5 3.4423828956117 R2
604 1.85933936040274 0 7 3.33333333333333 1.97202659436654 R1
449 1.82574185835055 0.32 4 2 1.09544511501033 R2
62 1.82574185835055 0 4 2 1.09544511501033 R1
730 1.8048897801927 0 17 9.25 4.29389100932942 R1
731 1.8048897801927 0 17 9.25 4.29389100932942 R1
2 1.79225017642539 0.499054820415879 16 5.88235294117647 5.64522028894592 R2
340 1.78885438199983 0.244897959183674 6 3.71428571428571 1.27775312999988 R2
822 1.78736964992883 0 9 5.83333333333333 1.77169096878911 R1
241 1.77859458359977 0.346666666666667 12 5.23076923076923 3.8059436544163 R2
60 1.72952081593777 0 27 13.4545454545455 7.83191183397813 R1
590 1.72527237686731 0 15 6.58823529411765 4.87561547884756 R1
353 1.70404074347314 0.110726643598616 16 8.26666666666667 4.53823264669801 R2
158 1.67125804359347 0.197530864197531 8 4.4 2.1540659228538 R2
237 1.59773045787885 0 12 6.5 3.4423828956117 R1
238 1.59773045787885 0.255102040816327 12 6.5 3.4423828956117 R2
473 1.48529689632376 0 6 3.16666666666667 1.9075871903766 R1
352 1.48369064733437 0.588757396449704 15 8.26666666666667 4.53823264669801 R2
433 1.4682990173852 0 8 4.61538461538462 2.3051267790418 R1
464 1.4682990173852 0 8 4.61538461538462 2.3051267790418 R1
75 1.4682990173852 0 8 4.61538461538462 2.3051267790418 R1
578 1.4142135623731 0 2 1.33333333333333 0.471404520791032 R1
715 1.4142135623731 0 2 1.33333333333333 0.471404520791032 R1
699 1.4142135623731 0 2 1.33333333333333 0.471404520791032 R1
153 1.41421356237309 0.197530864197531 8 4 2.82842712474619 R2
724 1.41421356237309 0.48 3 2 0.707106781186548 R2
815 1.41421356237309 0.56 3 2 0.707106781186548 R2
150 1.41421356237309 0 3 2 0.707106781186548 R1
155 1.41421356237309 0.197530864197531 8 4 2.82842712474619 R2
130 1.41421356237309 0.40625 6 5 0.707106781186548 R2
799 1.41421356237309 0 3 2 0.707106781186548 R1
43 1.39073477791648 0 9 4.76923076923077 3.04211075896695 R1
404 1.39073477791648 0.402777777777778 9 4.76923076923077 3.04211075896695 R2
167 1.38218948093018 0 8 4.8 2.31516738055805 R1
137 1.34209959036807 0.142011834319526 12 7.07692307692308 3.66819046694349 R2
564 1.34164078649987 0 5 3.5 1.11803398874989 R1
356 1.34164078649987 0 5 3.5 1.11803398874989 R1
663 1.31506775579396 0 13 6.58823529411765 4.87561547884756 R1
410 1.29986736723936 0.21875 7 4.66666666666667 1.7950549357115 R2
413 1.29986736723936 0.345679012345679 7 4.66666666666667 1.7950549357115 R2
84 1.27095996515954 0.203703703703704 16 9.27272727272727 5.29306422836715 R2
120 1.26750044459526 0 6 3.66666666666667 1.84089350286454 R1
619 1.26750044459526 0.244897959183674 6 3.66666666666667 1.84089350286454 R2
46 1.26750044459526 0 6 3.66666666666667 1.84089350286454 R1
618 1.26750044459526 0.244897959183674 6 3.66666666666667 1.84089350286454 R2
331 1.266946338787 0 25 11.2173913043478 10.878604936692 R1
109 1.26491106406735 0.244897959183674 6 4 1.58113883008419 R2
303 1.24807544150677 0 10 5.5 3.60555127546399 R1
302 1.24807544150677 0 10 5.5 3.60555127546399 R1
417 1.22524507352451 0.530864197530864 12 6.61538461538462 4.3947251867956 R2
53 1.22474487139159 0 4 2.8 0.979795897113271 R1
373 1.22474487139159 0 5 4.4 0.489897948556638 R1
372 1.22474487139159 0 5 4.4 0.489897948556638 R1
234 1.22293712889868 0 8 5.83333333333333 1.77169096878911 R1
232 1.22293712889868 0 8 5.83333333333333 1.77169096878911 R1
233 1.22293712889868 0 8 5.83333333333333 1.77169096878911 R1
224 1.21878983673467 0 23 13.4545454545455 7.83191183397813 R1
17 1.19557722494902 0.345679012345679 14 8.16666666666667 4.87909372276815 R2
16 1.19557722494902 0 14 8.16666666666667 4.87909372276815 R1
18 1.19557722494902 0 14 8.16666666666667 4.87909372276815 R1
19 1.19557722494902 0 14 8.16666666666667 4.87909372276815 R1
91 1.19207912135854 0 9 6 2.51661147842358 R1
173 1.18616050523782 0.722222222222222 8 5.55555555555556 2.06080411011016 R3
94 1.17953564923918 0 4 2.4 1.35646599662505 R1
713 1.17953564923918 0 4 2.4 1.35646599662505 R1
178 1.17692778478576 0.473372781065089 8 4.88888888888889 2.64341716741563 R2
215 1.17692778478576 0 8 4.88888888888889 2.64341716741563 R1
214 1.17692778478576 0 8 4.88888888888889 2.64341716741563 R1
786 1.16756791567451 0.611111111111111 10 6.18181818181818 3.2702010452009 R2
785 1.16756791567451 0 10 6.18181818181818 3.2702010452009 R1
622 1.16666666666667 0 5 3.6 1.2 R1
621 1.16666666666667 0 5 3.6 1.2 R1
203 1.15864824404332 0 4 2.44444444444444 1.34256066373273 R1
761 1.14605097435537 0.197530864197531 8 4 3.49024614917318 R2
101 1.11269728052837 0 10 6 3.59486813709167 R1
837 1.11269728052837 0 10 6 3.59486813709167 R1
626 1.08203348385204 0.207612456747405 15 9.27272727272727 5.29306422836715 R2
309 1.06948561107456 0 11 7.07692307692308 3.66819046694349 R1
181 1.0690449676497 0 4 2.66666666666667 1.24721912892465 R1
572 1.0690449676497 0 5 3.66666666666667 1.24721912892465 R1
66 1.06798684597037 0 9 5.81818181818182 2.97926720148617 R1
424 1.05500875743326 0.244897959183674 12 6.66666666666667 5.05525029603437 R2
470 1.04299045505683 0.24 13 8.26666666666667 4.53823264669801 R2
465 1.0344833986123 0 7 4.61538461538462 2.3051267790418 R1
122 1.02899151085505 0.32 4 2.8 1.16619037896906 R2
562 1.02899151085505 0.5 4 2.8 1.16619037896906 R2
74 1.0253461377792 0 14 10.4444444444444 3.46766367429495 R1
195 0.96984643915472 0 9 5.22222222222222 3.89523292065736 R1
196 0.96984643915472 0 9 5.22222222222222 3.89523292065736 R1
226 0.963424347133122 0 21 13.4545454545455 7.83191183397813 R1
166 0.950255268139496 0 7 4.8 2.31516738055805 R1
493 0.928476690885259 0 7 4.5 2.69258240356725 R1
29 0.912870929175277 0.486111111111111 8 4.66666666666667 3.65148371670111 R2
30 0.912870929175277 0.197530864197531 8 4.66666666666667 3.65148371670111 R2
34 0.905357460425186 0.497041420118343 9 5.66666666666667 3.68178700572909 R2
269 0.904534033733291 0 6 4.5 1.6583123951777 R1
271 0.904534033733291 0 6 4.5 1.6583123951777 R1
8 0.902717242476601 0.56 9 5.83333333333333 3.50792752997487 R2
7 0.902717242476601 0 9 5.83333333333333 3.50792752997487 R1
6 0.902717242476601 0.18 9 5.83333333333333 3.50792752997487 R2
336 0.884050156348766 0 11 7.06666666666667 4.44921965692362 R1
553 0.816496580927726 0 6 5 1.22474487139159 R1
554 0.816496580927726 0 6 5 1.22474487139159 R1
12 0.810094973530147 0.404536862003781 17 10.1333333333333 8.4763723897012 R2
140 0.810094973530147 0 17 10.1333333333333 8.4763723897012 R1
522 0.770154046215406 0.165289256198347 10 6.61538461538462 4.3947251867956 R2
463 0.742781352708207 0 6 4.4 2.1540659228538 R1
462 0.742781352708207 0 6 4.4 2.1540659228538 R1
461 0.742781352708207 0.444444444444444 6 4.4 2.1540659228538 R2
613 0.733296519265052 0.21875 7 4.76923076923077 3.04211075896695 R2
191 0.728226680286891 0 12 7.6 6.04207469886517 R1
268 0.728226680286891 0 12 7.6 6.04207469886517 R1
656 0.727606875108999 0.489795918367347 8 5.23076923076923 3.8059436544163 R2
379 0.726241117217659 0 9 6.5 3.4423828956117 R1
394 0.726241117217659 0 9 6.5 3.4423828956117 R1
161 0.721994872381155 0 7 4.66666666666667 3.23178657161089 R1
183 0.721994872381155 0.21875 7 4.66666666666667 3.23178657161089 R2
778 0.718184846459608 0.40625 6 4.25 2.43669858620224 R2
601 0.71540503041916 0 19 11.2173913043478 10.878604936692 R1
369 0.713122381731412 0 8 5.22222222222222 3.89523292065736 R1
225 0.708058857531571 0 19 13.4545454545455 7.83191183397813 R1
389 0.707106781186548 0.375 3 2.66666666666667 0.471404520791032 R2
395 0.707106781186548 0 3 2.66666666666667 0.471404520791032 R1
397 0.707106781186548 0.56 3 2.66666666666667 0.471404520791032 R2
390 0.707106781186548 0.375 3 2.66666666666667 0.471404520791032 R2
206 0.707106781186548 0 14 12.5 2.12132034355964 R1
207 0.707106781186548 0 14 12.5 2.12132034355964 R1
627 0.704180521237044 0 13 9.27272727272727 5.29306422836715 R1
113 0.699760824183943 0.5078125 10 6.58823529411765 4.87561547884756 R2
460 0.693375245281536 0 8 5.5 3.60555127546399 R1
221 0.693375245281536 0.489795918367347 8 5.5 3.60555127546399 R2
540 0.683231278011415 0 6 3.85714285714286 3.13635691430002 R1
548 0.683231278011415 0 6 3.85714285714286 3.13635691430002 R1
327 0.659291642022809 0.165289256198347 10 7.06666666666667 4.44921965692362 R2
98 0.64044476071354 0.142011834319526 12 9.25 4.29389100932942 R2
97 0.64044476071354 0 12 9.25 4.29389100932942 R1
95 0.64044476071354 0 12 9.25 4.29389100932942 R1
31 0.63375022229763 0.513888888888889 8 5.66666666666667 3.68178700572909 R2
108 0.632455532033676 0.277777777777778 5 4 1.58113883008419 R2
345 0.617648639589254 0.568047337278106 8 5.83333333333333 3.50792752997487 R2
135 0.602290262779299 0 11 8.26666666666667 4.53823264669801 R1
354 0.602290262779299 0 11 8.26666666666667 4.53823264669801 R1
435 0.6006677798394 0 6 4.61538461538462 2.3051267790418 R1
488 0.593390829096927 0 5 3.75 2.10653744329409 R1
587 0.593390829096927 0.277777777777778 5 3.75 2.10653744329409 R2
20 0.580708937832382 0 11 8.16666666666667 4.87909372276815 R1
552 0.577350269189626 0 5 4.5 0.866025403784439 R1
551 0.577350269189626 0 5 4.5 0.866025403784439 R1
550 0.577350269189626 0 5 4.5 0.866025403784439 R1
321 0.562720616585325 0.336734693877551 11 7.6 6.04207469886517 R2
308 0.557086014531156 0 6 4.5 2.69258240356725 R1
289 0.531557927629878 0 17 11.2173913043478 10.878604936692 R1
127 0.524257652487527 0.461538461538462 9 7.07692307692308 3.66819046694349 R2
370 0.522463475978703 0 9 5.57894736842105 6.54792686736709 R1
629 0.515254039929545 0 12 9.27272727272727 5.29306422836715 R1
628 0.515254039929545 0 12 9.27272727272727 5.29306422836715 R1
630 0.515254039929545 0 12 9.27272727272727 5.29306422836715 R1
631 0.515254039929545 0 12 9.27272727272727 5.29306422836715 R1
480 0.499999999999998 0 7 6.4 1.20000000000001 R1
477 0.499999999999998 0 7 6.4 1.20000000000001 R1
479 0.499999999999998 0 7 6.4 1.20000000000001 R1
478 0.499999999999998 0 7 6.4 1.20000000000001 R1
661 0.49465851364727 0 9 6.58823529411765 4.87561547884756 R1
659 0.49465851364727 0 9 6.58823529411765 4.87561547884756 R1
525 0.485189200530354 0 9 6.8 4.53431361950185 R1
526 0.485189200530354 0 9 6.8 4.53431361950185 R1
332 0.485189200530354 0.18 9 6.8 4.53431361950185 R2
524 0.485189200530354 0 9 6.8 4.53431361950185 R1
106 0.483809902917111 0 7 5.55555555555556 2.98556196500987 R1
105 0.483809902917111 0 7 5.55555555555556 2.98556196500987 R1
72 0.461566331377051 0.18 9 6.66666666666667 5.05525029603437 R2
314 0.447213595499958 0 4 3.5 1.11803398874989 R1
315 0.447213595499958 0 4 3.5 1.11803398874989 R1
458 0.439634376235238 0 16 11.2173913043478 10.878604936692 R1
495 0.436852028330519 0.625 4 3.16666666666667 1.9075871903766 R3
496 0.436852028330519 0 4 3.16666666666667 1.9075871903766 R1
474 0.436852028330519 0 4 3.16666666666667 1.9075871903766 R1
494 0.436852028330519 0 4 3.16666666666667 1.9075871903766 R1
380 0.435744670330595 0.32 8 6.5 3.4423828956117 R2
381 0.435744670330595 0 8 6.5 3.4423828956117 R1
773 0.435744670330595 0 8 6.5 3.4423828956117 R1
235 0.435744670330595 0 8 6.5 3.4423828956117 R1
334 0.434533127696851 0 9 7.06666666666667 4.44921965692362 R1
299 0.420331351709198 0 6 4.88888888888889 2.64341716741563 R1
523 0.418121005003545 0 7 5.33333333333333 3.98608691436713 R1
359 0.418121005003545 0.42 7 5.33333333333333 3.98608691436713 R2
324 0.413802944301184 0.375 3 2.44444444444444 1.34256066373273 R2
170 0.413802944301184 0 3 2.44444444444444 1.34256066373273 R1
80 0.407555756817707 0 11 9.25 4.29389100932942 R1
90 0.397359707119513 0 7 6 2.51661147842358 R1
89 0.397359707119513 0 7 6 2.51661147842358 R1
88 0.397359707119513 0 7 6 2.51661147842358 R1
65 0.39668082850328 0.591715976331361 7 5.81818181818182 2.97926720148617 R2
541 0.364390014939422 0 5 3.85714285714286 3.13635691430002 R1
702 0.364390014939422 0 5 3.85714285714286 3.13635691430002 R1
530 0.364390014939422 0.5625 5 3.85714285714286 3.13635691430002 R2
177 0.362142984170074 0.21875 7 5.66666666666667 3.68178700572909 R2
152 0.353553390593274 0 5 4 2.82842712474619 R1
603 0.338061701891407 0 4 3.33333333333333 1.97202659436654 R1
602 0.338061701891407 0 4 3.33333333333333 1.97202659436654 R1
86 0.315063018906302 0.571428571428572 8 6.61538461538462 4.3947251867956 R2
728 0.307793505625546 0 5 4.25 2.43669858620224 R1
338 0.307793505625546 0 5 4.25 2.43669858620224 R1
662 0.289556203110597 0 8 6.58823529411765 4.87561547884756 R1
664 0.289556203110597 0 8 6.58823529411765 4.87561547884756 R1
660 0.289556203110597 0 8 6.58823529411765 4.87561547884756 R1
646 0.286512743588843 0.408163265306122 5 4 3.49024614917318 R2
804 0.278543007265578 0 5 4.4 2.1540659228538 R1
22 0.278174320132093 0.21875 7 6 3.59486813709167 R2
33 0.267261241912425 0.744897959183674 4 3.66666666666667 1.24721912892465 R3
610 0.267261241912425 0 4 3.66666666666667 1.24721912892465 R1
608 0.267261241912425 0.489795918367347 4 3.66666666666667 1.24721912892465 R2
609 0.267261241912425 0 4 3.66666666666667 1.24721912892465 R1
182 0.267261241912425 0 3 2.66666666666667 1.24721912892465 R1
310 0.251643673194013 0 8 7.07692307692308 3.66819046694349 R1
313 0.251643673194013 0 8 7.07692307692308 3.66819046694349 R1
788 0.250193124787395 0.21875 7 6.18181818181818 3.2702010452009 R2
638 0.235702260395516 0 13 12.5 2.12132034355964 R1
642 0.235702260395516 0 13 12.5 2.12132034355964 R1
641 0.235702260395516 0 13 12.5 2.12132034355964 R1
640 0.235702260395516 0 13 12.5 2.12132034355964 R1
639 0.235702260395516 0 13 12.5 2.12132034355964 R1
342 0.223606797749979 0 4 3.71428571428571 1.27775312999988 R1
341 0.223606797749979 0 4 3.71428571428571 1.27775312999988 R1
343 0.223606797749979 0 4 3.71428571428571 1.27775312999988 R1
339 0.223606797749979 0 4 3.71428571428571 1.27775312999988 R1
47 0.217023290021923 0 7 5.57894736842105 6.54792686736709 R1
704 0.215665546406877 0 6 5.55555555555556 2.06080411011016 R1
707 0.215665546406877 0 6 5.55555555555556 2.06080411011016 R1
51 0.204124145231931 0 3 2.8 0.979795897113271 R1
50 0.204124145231931 0 3 2.8 0.979795897113271 R1
52 0.204124145231931 0 3 2.8 0.979795897113271 R1
657 0.202113020863611 0 6 5.23076923076923 3.8059436544163 R1
443 0.199674266884795 0 6 5.22222222222222 3.89523292065736 R1
441 0.199674266884795 0 6 5.22222222222222 3.89523292065736 R1
442 0.199674266884795 0 6 5.22222222222222 3.89523292065736 R1
44 0.181071492085037 0 4 3.66666666666667 1.84089350286454 R1
670 0.181071492085037 0.32 4 3.66666666666667 1.84089350286454 R2
484 0.171498585142509 0.666666666666667 3 2.8 1.16619037896906 R3
21 0.170796746421289 0.375 9 8.16666666666667 4.87909372276815 R2
644 0.167248402001418 0 6 5.33333333333333 3.98608691436713 R1
296 0.167248402001418 0.40625 6 5.33333333333333 3.98608691436713 R2
468 0.161590070501763 0 9 8.26666666666667 4.53823264669801 R1
469 0.161590070501763 0 9 8.26666666666667 4.53823264669801 R1
471 0.161590070501763 0 9 8.26666666666667 4.53823264669801 R1
467 0.161590070501763 0 9 8.26666666666667 4.53823264669801 R1
472 0.161590070501763 0 9 8.26666666666667 4.53823264669801 R1
124 0.160210334028001 0.152777777777778 11 10.4444444444444 3.46766367429495 R2
103 0.148864585512957 0.444444444444444 6 5.55555555555556 2.98556196500987 R2
692 0.145864991497895 0 5 4.75 1.71391365010026 R1
693 0.145864991497895 0.46875 5 4.75 1.71391365010026 R2
236 0.145248223443532 0.21875 7 6.5 3.4423828956117 R2
57 0.118678165819385 0.444444444444444 4 3.75 2.10653744329409 R2
220 0.0912870929175276 0.58 5 4.66666666666667 3.65148371670111 R2
532 0.0905357460425185 0 6 5.66666666666667 3.68178700572909 R1
159 0.0875175052517505 0.541666666666667 7 6.61538461538462 4.3947251867956 R2
403 0.0758582606136258 0 5 4.76923076923077 3.04211075896695 R1
760 0.0719401706566753 0 12 11.2173913043478 10.878604936692 R1
391 0.0696451335276955 0 14 13.4545454545455 7.83191183397813 R1
223 0.0696451335276955 0 14 13.4545454545455 7.83191183397813 R1
329 0.0659380473395787 0 7 6.66666666666667 5.05525029603437 R1
328 0.0659380473395787 0 7 6.66666666666667 5.05525029603437 R1
685 0.0643031970435326 0 6 5.57894736842105 6.54792686736709 R1
244 0.0643031970435326 0 6 5.57894736842105 6.54792686736709 R1
184 0.0643031970435326 0 6 5.57894736842105 6.54792686736709 R1
437 0.0610278197697351 0 6 5.81818181818182 2.97926720148617 R1
436 0.0610278197697351 0.244897959183674 6 5.81818181818182 2.97926720148617 R2
476 0.0208401183305281 0.54 6 5.88235294117647 5.64522028894592 R2
737 1.27237217912343e-16 0 4 4 3.49024614917318 R1
738 1.27237217912343e-16 0 4 4 3.49024614917318 R1
559 0 0 5 5 5.96046447753906e-08 R1
560 0 0 5 5 5.96046447753906e-08 R1
798 0 0 2 2 0.707106781186548 R1
722 0 0 2 2 0.707106781186548 R1
846 0 0 2 2 0.707106781186548 R1
675 0 0.53125 5 5 5.96046447753906e-08 R2
129 0 0.46875 5 5 0.707106781186548 R2
859 0 0.375 3 3 1 R2
723 0 0 2 2 0.707106781186548 R1
64 0 0 2 2 1.09544511501033 R1
558 0 0 5 5 5.96046447753906e-08 R1
816 0 0 2 2 0.707106781186548 R1
557 0 0 5 5 5.96046447753906e-08 R1
672 0 0 5 5 5.96046447753906e-08 R1
251 0 0 6 6 3.59486813709167 R1
556 0 0 5 5 5.96046447753906e-08 R1
671 0 0 5 5 5.96046447753906e-08 R1
797 0 0 2 2 0.707106781186548 R1
682 0 0 3 3 1 R1
40 0 0 3 3 1 R1
842 0 0 6 6 3.59486813709167 R1
674 0 0 5 5 5.96046447753906e-08 R1
858 0 0.375 3 3 1 R2
131 0 0 5 5 0.707106781186548 R1
555 0 0 5 5 1.22474487139159 R1
681 0 0 3 3 1 R1
37 0 0 3 3 1 R1
680 0 0 3 3 1 R1
673 0 0 5 5 5.96046447753906e-08 R1
770 0 0.6875 3 3 1 R3
814 0 0 2 2 0.707106781186548 R1
845 0 0 2 2 0.707106781186548 R1
561 0 0 5 5 5.96046447753906e-08 R1
63 0 0 2 2 1.09544511501033 R1
676 0 0 5 5 5.96046447753906e-08 R1
38 0 0.790123456790123 3 3 1 R3
881 -4.05396129632541e-16 0 2 2 1.09544511501033 R1
880 -4.05396129632541e-16 0 2 2 1.09544511501033 R1
335 -0.0149839009550638 0 7 7.06666666666667 4.44921965692362 R1
264 -0.0199833807379654 0 11 11.2173913043478 10.878604936692 R1
115 -0.0411771038434521 0.567901234567901 5 5.23076923076923 5.60430941541138 R2
787 -0.0555984721749769 0 6 6.18181818181818 3.2702010452009 R1
851 -0.0582222509739582 0 9 9.25 4.29389100932942 R1
850 -0.0582222509739582 0 9 9.25 4.29389100932942 R1
849 -0.0582222509739582 0 9 9.25 4.29389100932942 R1
697 -0.0582222509739582 0.5 9 9.25 4.29389100932942 R2
319 -0.060633906259083 0 5 5.23076923076923 3.8059436544163 R1
383 -0.0836242010007092 0 5 5.33333333333333 3.98608691436713 R1
538 -0.0884168959348574 0 5 5.57894736842105 6.54792686736709 R1
179 -0.0884168959348574 0.277777777777778 5 5.57894736842105 6.54792686736709 R2
192 -0.0993036382209396 0 7 7.6 6.04207469886517 R1
848 -0.102597835208515 0 4 4.25 2.43669858620224 R1
653 -0.111906932132606 0 10 11.2173913043478 10.878604936692 R1
262 -0.1281682672224 0.165289256198347 10 10.4444444444444 3.46766367429495 R2
263 -0.1281682672224 0.165289256198347 10 10.4444444444444 3.46766367429495 R2
261 -0.1281682672224 0.48 10 10.4444444444444 3.46766367429495 R2
423 -0.131876094679158 0.244897959183674 6 6.66666666666667 5.05525029603437 R2
70 -0.131876094679158 0 6 6.66666666666667 5.05525029603437 R1
139 -0.133704995631189 0 9 10.1333333333333 8.4763723897012 R1
769 -0.133704995631189 0.459183673469388 9 10.1333333333333 8.4763723897012 R2
138 -0.133704995631189 0 9 10.1333333333333 8.4763723897012 R1
187 -0.133704995631189 0.685185185185185 9 10.1333333333333 8.4763723897012 R3
176 -0.140028008402801 0.444444444444444 6 6.61538461538462 4.3947251867956 R2
378 -0.145248223443532 0 6 6.5 3.4423828956117 R1
377 -0.145248223443532 0 6 6.5 3.4423828956117 R1
218 -0.156300887478958 0.448979591836735 5 5.88235294117647 5.64522028894592 R2
901 -0.156300887478958 0.448979591836735 5 5.88235294117647 5.64522028894592 R2
667 -0.156300887478958 0 5 5.88235294117647 5.64522028894592 R1
219 -0.156300887478958 0.567901234567901 5 5.88235294117647 5.64522028894592 R2
595 -0.181071492085037 0 5 5.66666666666667 3.68178700572909 R1
596 -0.181071492085037 0 5 5.66666666666667 3.68178700572909 R1
597 -0.181071492085037 0 5 5.66666666666667 3.68178700572909 R1
9 -0.185695338177052 0.76 4 4.4 2.1540659228538 R3
157 -0.185695338177052 0.32 4 4.4 2.1540659228538 R2
405 -0.186080731891197 0.277777777777778 5 5.55555555555556 2.98556196500987 R2
102 -0.186080731891197 0 5 5.55555555555556 2.98556196500987 R1
104 -0.186080731891197 0 5 5.55555555555556 2.98556196500987 R1
330 -0.203830483527247 0 9 11.2173913043478 10.878604936692 R1
808 -0.206284249251758 0.32 4 4.66666666666667 3.23178657161089 R2
116 -0.219611220498411 0.489795918367347 4 5.23076923076923 5.60430941541138 R2
188 -0.219611220498411 0.32 4 5.23076923076923 5.60430941541138 R2
669 -0.219611220498411 0.59375 4 5.23076923076923 5.60430941541138 R2
586 -0.23755716907279 0.277777777777778 5 5.83333333333333 3.50792752997487 R2
515 -0.239742415281021 0 6 7.06666666666667 4.44921965692362 R1
514 -0.239742415281021 0 6 7.06666666666667 4.44921965692362 R1
513 -0.239742415281021 0 6 7.06666666666667 4.44921965692362 R1
686 -0.241136988913247 0 4 5.57894736842105 6.54792686736709 R1
717 -0.241136988913247 0 4 5.57894736842105 6.54792686736709 R1
827 -0.241136988913247 0 4 5.57894736842105 6.54792686736709 R1
323 -0.251679991776356 0 8 10.1333333333333 8.4763723897012 R1
402 -0.252860868712087 0 4 4.76923076923077 3.04211075896695 R1
346 -0.264809701922506 0 6 7.6 6.04207469886517 R1
267 -0.264809701922506 0 6 7.6 6.04207469886517 R1
266 -0.264809701922506 0 6 7.6 6.04207469886517 R1
243 -0.266963457706401 0.32 4 4.61538461538462 2.3051267790418 R2
326 -0.273292511204566 0.375 3 3.85714285714286 3.13635691430002 R2
529 -0.273292511204566 0 3 3.85714285714286 3.13635691430002 R1
438 -0.27462518896381 0 5 5.81818181818182 2.97926720148617 R1
439 -0.27462518896381 0 5 5.81818181818182 2.97926720148617 R1
907 -0.278174320132093 0 5 6 3.59486813709167 R1
838 -0.278174320132093 0 5 6 3.59486813709167 R1
782 -0.286512743588843 0 3 4 3.49024614917318 R1
734 -0.291111254869791 0 8 9.25 4.29389100932942 R1
732 -0.291111254869791 0 8 9.25 4.29389100932942 R1
733 -0.291111254869791 0 8 9.25 4.29389100932942 R1
665 -0.294883912309794 0.64 2 2.4 1.35646599662505 R3
270 -0.301511344577764 0 4 4.5 1.6583123951777 R1
758 -0.313773847961821 0 4 5.22222222222222 3.89523292065736 R1
756 -0.313773847961821 0 4 5.22222222222222 3.89523292065736 R1
757 -0.313773847961821 0 4 5.22222222222222 3.89523292065736 R1
199 -0.313773847961821 0 4 5.22222222222222 3.89523292065736 R1
755 -0.313773847961821 0 4 5.22222222222222 3.89523292065736 R1
520 -0.323380833381777 0.32 4 5.23076923076923 3.8059436544163 R2
239 -0.323380833381777 0.32 4 5.23076923076923 3.8059436544163 R2
729 -0.323380833381777 0 4 5.23076923076923 3.8059436544163 R1
655 -0.323380833381777 0 4 5.23076923076923 3.8059436544163 R1
444 -0.329690236697894 0 5 6.66666666666667 5.05525029603437 R1
144 -0.329690236697894 0.277777777777778 5 6.66666666666667 5.05525029603437 R2
202 -0.331042355440947 0 2 2.44444444444444 1.34256066373273 R1
201 -0.331042355440947 0 2 2.44444444444444 1.34256066373273 R1
534 -0.333441893288445 0.32 4 5.88235294117647 5.64522028894592 R2
298 -0.334496804002837 0.32 4 5.33333333333333 3.98608691436713 R2
300 -0.336265081367359 0 4 4.88888888888889 2.64341716741563 R1
217 -0.336265081367359 0 4 4.88888888888889 2.64341716741563 R1
216 -0.336265081367359 0 4 4.88888888888889 2.64341716741563 R1
242 -0.345547370232544 0 4 4.8 2.31516738055805 R1
154 -0.353553390593274 0 3 4 2.82842712474619 R1
118 -0.356034497458156 0.56 3 3.75 2.10653744329409 R2
489 -0.362142984170074 0 3 3.66666666666667 1.84089350286454 R1
872 -0.367573522057353 0.277777777777778 5 6.61538461538462 4.3947251867956 R2
871 -0.367573522057353 0.277777777777778 5 6.61538461538462 4.3947251867956 R2
123 -0.367573522057353 0.567901234567901 5 6.61538461538462 4.3947251867956 R2
322 -0.369654987921523 0 7 10.1333333333333 8.4763723897012 R1
11 -0.369654987921523 0 7 10.1333333333333 8.4763723897012 R1
141 -0.369654987921523 0 7 10.1333333333333 8.4763723897012 R1
409 -0.371390676354104 0 4 4.66666666666667 1.7950549357115 R1
412 -0.371390676354104 0 4 4.66666666666667 1.7950549357115 R1
411 -0.371390676354104 0 4 4.66666666666667 1.7950549357115 R1
600 -0.387677586316528 0 7 11.2173913043478 10.878604936692 R1
180 -0.393857081891637 0.48 3 5.57894736842105 6.54792686736709 R2
536 -0.393857081891637 0 3 5.57894736842105 6.54792686736709 R1
535 -0.393857081891637 0 3 5.57894736842105 6.54792686736709 R1
185 -0.393857081891637 0 3 5.57894736842105 6.54792686736709 R1
286 -0.396972982252108 0 5 6.8 4.53431361950185 R1
747 -0.397359707119514 0 5 6 2.51661147842358 R1
260 -0.39804533715337 0 3 5.23076923076923 5.60430941541138 R1
114 -0.39804533715337 0 3 5.23076923076923 5.60430941541138 R1
348 -0.430315765624072 0.493827160493827 5 7.6 6.04207469886517 R2
35 -0.430315765624072 0.277777777777778 5 7.6 6.04207469886517 R2
347 -0.430315765624072 0 5 7.6 6.04207469886517 R1
190 -0.430315765624072 0.277777777777778 5 7.6 6.04207469886517 R2
393 -0.435744670330596 0 5 6.5 3.4423828956117 R1
386 -0.437594974493684 0 4 4.75 1.71391365010026 R1
387 -0.437594974493684 0 4 4.75 1.71391365010026 R1
385 -0.437594974493684 0 4 4.75 1.71391365010026 R1
384 -0.437594974493684 0 4 4.75 1.71391365010026 R1
426 -0.444071540695351 0 6 8.16666666666667 4.87909372276815 R1
425 -0.444071540695351 0.444444444444444 6 8.16666666666667 4.87909372276815 R2
566 -0.447213595499958 0 3 3.5 1.11803398874989 R1
565 -0.447213595499958 0 3 3.5 1.11803398874989 R1
654 -0.456435464587639 0 3 4.66666666666667 3.65148371670111 R1
278 -0.464500929606979 0 5 7.06666666666667 4.44921965692362 R1
570 -0.464500929606979 0 5 7.06666666666667 4.44921965692362 R1
208 -0.470360434191798 0.46875 5 5.83333333333333 1.77169096878911 R2
865 -0.470360434191798 0 5 5.83333333333333 1.77169096878911 R1
867 -0.470360434191798 0 5 5.83333333333333 1.77169096878911 R1
866 -0.470360434191798 0 5 5.83333333333333 1.77169096878911 R1
864 -0.470360434191798 0 5 5.83333333333333 1.77169096878911 R1
456 -0.479601137711168 0 6 11.2173913043478 10.878604936692 R1
455 -0.479601137711168 0 6 11.2173913043478 10.878604936692 R1
290 -0.479601137711168 0 6 11.2173913043478 10.878604936692 R1
364 -0.5 0 2 2.4 0.8 R1
752 -0.5 0.444444444444444 2 2.4 0.8 R2
363 -0.5 0 2 2.4 0.8 R1
753 -0.5 0.444444444444444 2 2.4 0.8 R2
620 -0.5 0 3 3.6 1.2 R1
623 -0.5 0 3 3.6 1.2 R1
666 -0.510582899097931 0 3 5.88235294117647 5.64522028894592 R1
810 -0.515710623129396 0.375 3 4.66666666666667 3.23178657161089 R2
809 -0.515710623129396 0.375 3 4.66666666666667 3.23178657161089 R2
900 -0.515710623129396 0 3 4.66666666666667 3.23178657161089 R1
486 -0.522625771960137 0.571428571428572 4 5.83333333333333 3.50792752997487 R2
584 -0.522625771960137 0.32 4 5.83333333333333 3.50792752997487 R2
854 -0.52750437871663 0.444444444444444 4 6.66666666666667 5.05525029603437 R2
855 -0.52750437871663 0.444444444444444 4 6.66666666666667 5.05525029603437 R2
422 -0.52750437871663 0 4 6.66666666666667 5.05525029603437 R1
146 -0.52750437871663 0.32 4 6.66666666666667 5.05525029603437 R2
805 -0.546577174870027 0 2 5.57894736842105 6.54792686736709 R1
537 -0.546577174870027 0 2 5.57894736842105 6.54792686736709 R1
727 -0.557086014531156 0 3 4.5 2.69258240356725 R1
307 -0.557086014531156 0 3 4.5 2.69258240356725 R1
563 -0.557086014531156 0.71875 3 4.5 2.69258240356725 R3
311 -0.56619826468653 0 5 7.07692307692308 3.66819046694349 R1
312 -0.56619826468653 0 5 7.07692307692308 3.66819046694349 R1
305 -0.56619826468653 0.277777777777778 5 7.07692307692308 3.66819046694349 R2
304 -0.56619826468653 0.53125 5 7.07692307692308 3.66819046694349 R2
392 -0.56876859047618 0 9 13.4545454545455 7.83191183397813 R1
198 -0.57049790538513 0 3 5.22222222222222 3.89523292065736 R1
288 -0.571524689105809 0 5 11.2173913043478 10.878604936692 R1
857 -0.571524689105809 0 5 11.2173913043478 10.878604936692 R1
457 -0.571524689105809 0 5 11.2173913043478 10.878604936692 R1
906 -0.573025487177686 0 2 4 3.49024614917318 R1
806 -0.573025487177686 0 2 4 3.49024614917318 R1
783 -0.57647945380833 0 2 5.23076923076923 5.60430941541138 R1
333 -0.57647945380833 0 2 5.23076923076923 5.60430941541138 R1
576 -0.57647945380833 0 2 5.23076923076923 5.60430941541138 R1
376 -0.57647945380833 0.722222222222222 2 5.23076923076923 5.60430941541138 R3
689 -0.5815799980378 0 3 4.76923076923077 3.04211075896695 R1
688 -0.5815799980378 0 3 4.76923076923077 3.04211075896695 R1
459 -0.5815799980378 0 3 4.76923076923077 3.04211075896695 R1
211 -0.585369407004964 0.56 3 5.33333333333333 3.98608691436713 R2
382 -0.585369407004964 0 3 5.33333333333333 3.98608691436713 R1
765 -0.585369407004964 0 3 5.33333333333333 3.98608691436713 R1
295 -0.586127760504471 0.375 3 5.23076923076923 3.8059436544163 R2
112 -0.59213377427656 0.64 2 3.85714285714286 3.13635691430002 R3
531 -0.59213377427656 0 2 3.85714285714286 3.13635691430002 R1
421 -0.605604980211858 0 5 10.1333333333333 8.4763723897012 R1
292 -0.610278197697355 0.5 4 5.81818181818182 2.97926720148617 R2
67 -0.610278197697355 0 4 5.81818181818182 2.97926720148617 R1
68 -0.610278197697355 0 4 5.81818181818182 2.97926720148617 R1
475 -0.611592839662726 0 2 3.16666666666667 1.9075871903766 R1
209 -0.611592839662726 0.444444444444444 2 3.16666666666667 1.9075871903766 R2
210 -0.611592839662726 0.444444444444444 2 3.16666666666667 1.9075871903766 R2
285 -0.617513527947723 0 4 6.8 4.53431361950185 R1
200 -0.632455532033676 0 3 4 1.58113883008419 R1
156 -0.649933683619682 0.375 3 4.4 2.1540659228538 R2
287 -0.66344824050045 0 4 11.2173913043478 10.878604936692 R1
830 -0.66344824050045 0 4 11.2173913043478 10.878604936692 R1
831 -0.66344824050045 0 4 11.2173913043478 10.878604936692 R1
829 -0.66344824050045 0 4 11.2173913043478 10.878604936692 R1
791 -0.667181666099721 0 4 6.18181818181818 3.2702010452009 R1
751 -0.667181666099721 0.489795918367347 4 6.18181818181818 3.2702010452009 R2
856 -0.667181666099721 0.32 4 6.18181818181818 3.2702010452009 R2
790 -0.667181666099721 0 4 6.18181818181818 3.2702010452009 R1
374 -0.667181666099721 0.716049382716049 4 6.18181818181818 3.2702010452009 R3
615 -0.676123403782813 0 2 3.33333333333333 1.97202659436654 R1
614 -0.676123403782813 0 2 3.33333333333333 1.97202659436654 R1
862 -0.685994340570035 0 2 2.8 1.16619037896906 R1
447 -0.687723904907418 0 2 5.88235294117647 5.64522028894592 R1
567 -0.687723904907418 0 2 5.88235294117647 5.64522028894592 R1
568 -0.687723904907418 0 2 5.88235294117647 5.64522028894592 R1
796 -0.687723904907418 0 2 5.88235294117647 5.64522028894592 R1
795 -0.687723904907418 0 2 5.88235294117647 5.64522028894592 R1
735 -0.687723904907418 0.444444444444444 2 5.88235294117647 5.64522028894592 R2
448 -0.687723904907418 0 2 5.88235294117647 5.64522028894592 R1
569 -0.689259443932936 0 4 7.06666666666667 4.44921965692362 R1
512 -0.693375245281536 0 3 5.5 3.60555127546399 R1
59 -0.696451335276955 0 8 13.4545454545455 7.83191183397813 R1
882 -0.699297267848417 0 1 5.57894736842105 6.54792686736709 R1
658 -0.699297267848417 0 1 5.57894736842105 6.54792686736709 R1
76 -0.700779076479301 0 3 4.61538461538462 2.3051267790418 R1
77 -0.700779076479301 0 3 4.61538461538462 2.3051267790418 R1
652 -0.700779076479301 0 3 4.61538461538462 2.3051267790418 R1
650 -0.700779076479301 0 3 4.61538461538462 2.3051267790418 R1
651 -0.700779076479301 0 3 4.61538461538462 2.3051267790418 R1
73 -0.7049254697232 0 8 10.4444444444444 3.46766367429495 R1
745 -0.707106781186547 0.444444444444444 2 4 2.82842712474619 R2
784 -0.707106781186548 0 1 1.33333333333333 0.471404520791032 R1
832 -0.707106781186548 0 1 1.33333333333333 0.471404520791032 R1
698 -0.707106781186548 0 1 1.33333333333333 0.471404520791032 R1
714 -0.707106781186548 0 1 1.33333333333333 0.471404520791032 R1
771 -0.707106781186548 0 1 1.33333333333333 0.471404520791032 R1
577 -0.707106781186548 0 1 1.33333333333333 0.471404520791032 R1
497 -0.723579976357025 0 4 10.1333333333333 8.4763723897012 R1
186 -0.723579976357025 0 4 10.1333333333333 8.4763723897012 R1
696 -0.724285968340148 0.56 3 5.66666666666667 3.68178700572909 R2
726 -0.725318520735366 0.375 3 6.66666666666667 5.05525029603437 R2
772 -0.726241117217659 0 4 6.5 3.4423828956117 R1
774 -0.726241117217659 0 4 6.5 3.4423828956117 R1
481 -0.730296743340222 0.625 2 4.66666666666667 3.65148371670111 R3
482 -0.730296743340222 0.625 2 4.66666666666667 3.65148371670111 R3
861 -0.735955349572767 0 3 6.58823529411765 4.87561547884756 R1
694 -0.735955349572767 0 3 6.58823529411765 4.87561547884756 R1
589 -0.735955349572767 0 3 6.58823529411765 4.87561547884756 R1
706 -0.754829412424068 0 4 5.55555555555556 2.06080411011016 R1
294 -0.754829412424068 0 4 5.55555555555556 2.06080411011016 R1
174 -0.754829412424068 0 4 5.55555555555556 2.06080411011016 R1
705 -0.754829412424068 0 4 5.55555555555556 2.06080411011016 R1
172 -0.754829412424068 0 4 5.55555555555556 2.06080411011016 R1
776 -0.754913570463289 0.666666666666667 1 5.23076923076923 5.60430941541138 R3
519 -0.761327893027204 0.48 3 7.6 6.04207469886517 R2
320 -0.761327893027204 0.5 3 7.6 6.04207469886517 R2
583 -0.777481583023224 0 3 4.8 2.31516738055805 R1
492 -0.807694374847485 0 3 5.83333333333333 3.50792752997487 R1
5 -0.807694374847485 0 3 5.83333333333333 3.50792752997487 R1
594 -0.816496580927722 0 4 4.4 0.489897948556638 R1
593 -0.816496580927722 0 4 4.4 0.489897948556638 R1
592 -0.816496580927722 0 4 4.4 0.489897948556638 R1
762 -0.822664549366456 0 3 6.61538461538462 4.3947251867956 R1
521 -0.822664549366456 0 3 6.61538461538462 4.3947251867956 R1
763 -0.822664549366456 0 3 6.61538461538462 4.3947251867956 R1
227 -0.824134080077731 0 7 13.4545454545455 7.83191183397813 R1
160 -0.825136997007034 0 2 4.66666666666667 3.23178657161089 R1
617 -0.827221962808438 0 2 5.22222222222222 3.89523292065736 R1
368 -0.827221962808438 0 2 5.22222222222222 3.89523292065736 R1
616 -0.827221962808438 0 2 5.22222222222222 3.89523292065736 R1
36 -0.827221962808438 0.444444444444444 2 5.22222222222222 3.89523292065736 R2
687 -0.830747160735697 0 2 3.75 2.10653744329409 R1
487 -0.830747160735697 0 2 3.75 2.10653744329409 R1
254 -0.83452296039628 0 3 6 3.59486813709167 R1
99 -0.83452296039628 0.48 3 6 3.59486813709167 R2
253 -0.83452296039628 0 3 6 3.59486813709167 R1
252 -0.83452296039628 0 3 6 3.59486813709167 R1
606 -0.836242010007091 0 2 5.33333333333333 3.98608691436713 R1
204 -0.838054073643339 0.56 3 6.8 4.53431361950185 R2
690 -0.848874687627165 0 2 5.23076923076923 3.8059436544163 R1
789 -0.859538230766528 0 1 4 3.49024614917318 R1
645 -0.859538230766528 0 1 4 3.49024614917318 R1
847 -0.859538230766528 0.5 1 4 3.49024614917318 R2
45 -0.905357460425185 0.444444444444444 2 3.66666666666667 1.84089350286454 R2
490 -0.905357460425185 0 2 3.66666666666667 1.84089350286454 R1
121 -0.905357460425185 0 2 3.66666666666667 1.84089350286454 R1
344 -0.905357460425185 0 2 3.66666666666667 1.84089350286454 R1
775 -0.910299127363513 0 2 4.76923076923077 3.04211075896695 R1
612 -0.910299127363513 0.444444444444444 2 4.76923076923077 3.04211075896695 R2
41 -0.910299127363513 0 2 4.76923076923077 3.04211075896695 R1
406 -0.910299127363513 0 2 4.76923076923077 3.04211075896695 R1
744 -0.910975037348554 0 1 3.85714285714286 3.13635691430002 R1
668 -0.910975037348554 0 1 3.85714285714286 3.13635691430002 R1
401 -0.910975037348554 0 1 3.85714285714286 3.13635691430002 R1
547 -0.910975037348554 0 1 3.85714285714286 3.13635691430002 R1
440 -0.912870929175277 0 1 2 1.09544511501033 R1
836 -0.912870929175277 0 1 2 1.09544511501033 R1
828 -0.912870929175278 0 1 2 1.09544511501033 R1
450 -0.912870929175278 0.5 1 2 1.09544511501033 R2
527 -0.923132662754102 0.444444444444444 2 6.66666666666667 5.05525029603437 R2
142 -0.923132662754102 0.444444444444444 2 6.66666666666667 5.05525029603437 R2
725 -0.923132662754102 0 2 6.66666666666667 5.05525029603437 R1
337 -0.923380516876639 0 2 4.25 2.43669858620224 R1
598 -0.923380516876639 0 2 4.25 2.43669858620224 R1
764 -0.928476690885259 0 2 4.5 2.69258240356725 R1
407 -0.928476690885259 0 2 4.5 2.69258240356725 R1
905 -0.939218894684372 0 1 11.2173913043478 10.878604936692 R1
81 -0.939218894684372 0 1 11.2173913043478 10.878604936692 R1
375 -0.940160410192076 0.78 4 8.26666666666667 4.53823264669801 R3
868 -0.94105766010944 0 2 6.58823529411765 4.87561547884756 R1
54 -0.94105766010944 0 2 6.58823529411765 4.87561547884756 R1
498 -0.959529968647359 0 2 10.1333333333333 8.4763723897012 R1
301 -0.970725343394151 0 2 5.5 3.60555127546399 R1
511 -0.970725343394151 0 2 5.5 3.60555127546399 R1
718 -0.9933040709736 0 7 10.4444444444444 3.46766367429495 R1
542 -0.995893206467704 0 2 5.66666666666667 3.68178700572909 R1
543 -0.995893206467704 0 2 5.66666666666667 3.68178700572909 R1
85 -0.996157810530451 0.5 4 9.27272727272727 5.29306422836715 R2
350 -1 0 2 3 1 R1
349 -1 0 2 3 1 R1
574 -1 0 2 3 1 R1
575 -1 0 2 3 1 R1
148 -1 0.5 2 3 1 R2
149 -1 0 2 3 1 R1
869 -1.0041580220928 0.666666666666667 1 4.66666666666667 3.65148371670111 R3
539 -1.0041580220928 0.5 1 4.66666666666667 3.65148371670111 R2
885 -1.01673756410472 0 3 6.5 3.4423828956117 R1
884 -1.01673756410472 0 3 6.5 3.4423828956117 R1
883 -1.01673756410472 0 3 6.5 3.4423828956117 R1
691 -1.02105494048526 0 3 4.75 1.71391365010026 R1
683 -1.03209369308428 0.5 1 2.4 1.35646599662505 R2
93 -1.03209369308428 0 1 2.4 1.35646599662505 R1
230 -1.03479295522196 0 4 5.83333333333333 1.77169096878911 R1
231 -1.03479295522196 0 4 5.83333333333333 1.77169096878911 R1
823 -1.03479295522196 0 4 5.83333333333333 1.77169096878911 R1
781 -1.05859461933895 0.64 2 6.8 4.53431361950185 R3
841 -1.05893982781199 0 3 8.16666666666667 4.87909372276815 R1
839 -1.05893982781199 0 3 8.16666666666667 4.87909372276815 R1
840 -1.05893982781199 0 3 8.16666666666667 4.87909372276815 R1
175 -1.06066017177982 0 1 4 2.82842712474619 R1
371 -1.06066017177982 0 1 4 2.82842712474619 R1
358 -1.07588765518308 0.666666666666667 1 2.44444444444444 1.34256066373273 R3
171 -1.07588765518308 0 1 2.44444444444444 1.34256066373273 R1
777 -1.07588765518308 0.5 1 2.44444444444444 1.34256066373273 R2
432 -1.08394602023175 0 1 5.22222222222222 3.89523292065736 R1
766 -1.08711461300922 0 1 5.33333333333333 3.98608691436713 R1
291 -1.09234002043034 0 1 7.6 6.04207469886517 R1
585 -1.09276297773483 0.444444444444444 2 5.83333333333333 3.50792752997487 R2
736 -1.11142622327356 0 3 7.07692307692308 3.66819046694349 R1
904 -1.11142622327356 0 3 7.07692307692308 3.66819046694349 R1
306 -1.11142622327356 0 3 7.07692307692308 3.66819046694349 R1
899 -1.11162161474986 0 1 5.23076923076923 3.8059436544163 R1
318 -1.11162161474986 0 1 5.23076923076923 3.8059436544163 R1
100 -1.11269728052837 0 2 6 3.59486813709167 R1
811 -1.13456337088467 0 1 4.66666666666667 3.23178657161089 R1
434 -1.1345946952522 0 2 4.61538461538462 2.3051267790418 R1
466 -1.1345946952522 0 2 4.61538461538462 2.3051267790418 R1
607 -1.13581527365935 0 1 3.16666666666667 1.9075871903766 R1
611 -1.13581527365935 0 1 3.16666666666667 1.9075871903766 R1
317 -1.13581527365935 0 1 3.16666666666667 1.9075871903766 R1
648 -1.13877647258485 0 2 7.06666666666667 4.44921965692362 R1
647 -1.13877647258485 0 2 7.06666666666667 4.44921965692362 R1
860 -1.14615997064611 0 1 6.58823529411765 4.87561547884756 R1
55 -1.14615997064611 0 1 6.58823529411765 4.87561547884756 R1
807 -1.14615997064611 0 1 6.58823529411765 4.87561547884756 R1
528 -1.16051050633084 0.48 3 8.26666666666667 4.53823264669801 R2
759 -1.18321595661992 0 1 3.33333333333333 1.97202659436654 R1
852 -1.19091668410366 0 2 5.55555555555556 2.98556196500987 R1
61 -1.20718231448006 0 4 13.4545454545455 7.83191183397813 R1
888 -1.2094157958139 0 2 4.8 2.31516738055805 R1
754 -1.24807544150677 0 1 5.5 3.60555127546399 R1
110 -1.26491106406735 0 2 4 1.58113883008419 R1
533 -1.26750044459526 0 1 5.66666666666667 3.68178700572909 R1
549 -1.27775557667556 0 1 6.61538461538462 4.3947251867956 R1
571 -1.27876486002446 0.444444444444444 2 6.18181818181818 3.2702010452009 R2
427 -1.27913516503457 0.5 1 6.8 4.53431361950185 R2
719 -1.281682672224 0 6 10.4444444444444 3.46766367429495 R1
15 -1.30545982401324 0 1 3.75 2.10653744329409 R1
853 -1.33333333333333 0 2 3.6 1.2 R1
876 -1.3337718577107 0 1 4.25 2.43669858620224 R1
408 -1.33630620956212 0 1 2.66666666666667 1.24721912892465 R1
813 -1.34164078649987 0.444444444444444 2 3.71428571428571 1.27775312999988 R2
812 -1.34164078649987 0.444444444444444 2 3.71428571428571 1.27775312999988 R2
316 -1.34164078649987 0 2 3.5 1.11803398874989 R1
355 -1.34164078649987 0 2 3.5 1.11803398874989 R1
743 -1.36353498691081 0 1 7.06666666666667 4.44921965692362 R1
634 -1.37401077314545 0 2 9.27272727272727 5.29306422836715 R1
431 -1.37401077314545 0 2 9.27272727272727 5.29306422836715 R1
635 -1.37401077314545 0 2 9.27272727272727 5.29306422836715 R1
491 -1.37783158062218 0 1 5.83333333333333 3.50792752997487 R1
821 -1.38086060246961 0.444444444444444 2 8.26666666666667 4.53823264669801 R2
133 -1.38086060246961 0 2 8.26666666666667 4.53823264669801 R1
134 -1.38086060246961 0 2 8.26666666666667 4.53823264669801 R1
388 -1.41421356237309 0 2 2.66666666666667 0.471404520791032 R1
396 -1.41421356237309 0.444444444444444 2 2.66666666666667 0.471404520791032 R2
151 -1.41421356237309 0 1 2 0.707106781186548 R1
132 -1.41421356237309 0.5 4 5 0.707106781186548 R2
863 -1.41421356237309 0 1 2 0.707106781186548 R1
873 -1.41421356237309 0.666666666666667 1 2 0.707106781186548 R3
879 -1.41421356237309 0 1 2 0.707106781186548 R1
588 -1.4485719366803 0 1 3.66666666666667 1.84089350286454 R1
96 -1.45555627434895 0 3 9.25 4.29389100932942 R1
365 -1.46254780408161 0 2 13.4545454545455 7.83191183397813 R1
128 -1.46885201922308 0 1 8.16666666666667 4.87909372276815 R1
870 -1.4711597309822 0 1 4.88888888888889 2.64341716741563 R1
544 -1.4711597309822 0 1 4.88888888888889 2.64341716741563 R1
695 -1.48556270541642 0.444444444444444 2 4.66666666666667 1.7950549357115 R2
451 -1.50755672288882 0 2 4.5 1.6583123951777 R1
452 -1.52586200150781 0 1 5.55555555555556 2.98556196500987 R1
49 -1.54348726628258 0.75 1 2.8 1.16619037896906 R3
605 -1.57841037450494 0 1 4.4 2.1540659228538 R1
126 -1.57841037450494 0.5 1 4.4 2.1540659228538 R2
684 -1.59773045787885 0 1 6.5 3.4423828956117 R1
518 -1.59773045787885 0 1 6.5 3.4423828956117 R1
649 -1.61723722389799 0 1 5.81818181818182 2.97926720148617 R1
820 -1.63299316185545 0 3 5 1.22474487139159 R1
78 -1.68844527824479 0 2 9.25 4.29389100932942 R1
79 -1.68844527824479 0 2 9.25 4.29389100932942 R1
716 -1.73205080756888 0 3 4.5 0.866025403784439 R1
746 -1.83711730708738 0 1 2.8 0.979795897113271 R1
92 -1.98679853559757 0 1 6 2.51661147842358 R1
703 -1.99999999999999 0 4 6.4 1.20000000000001 R1
573 -2.13808993529939 0 1 3.66666666666667 1.24721912892465 R1
357 -2.59272486435067 0.545454545454546 7 12.5 2.12132034355964 R2
