116 3.23832471934978 0.224866151100535 36 10.0952380952381 7.99943308648903 R5
172 3.14577134872125 0.2784 21 5.2 5.02261552048996 R5
192 3.03605980467727 0.142011834319526 12 3.625 2.75850956133924 R5
8 3.01883917748034 0.356290174471993 26 5.42857142857143 6.81435060366429 R6
22 2.93121991826015 0.648648648648649 20 5.2 5.04909232766973 R6
76 2.89194468333109 0.24 26 6.875 6.61319703320565 R5
140 2.87209005079727 0.5725 25 5.42857142857143 6.81435060366429 R6
373 2.59436825058347 0.277777777777778 15 4.3 4.12431812546026 R5
91 2.59436825058347 0.555765595463138 15 4.3 4.12431812546026 R6
86 2.58684191348901 0.425240054869685 20 6.4 5.25737577123797 R6
244 2.54927057955896 0.18 9 3.38461538461538 2.20274170204252 R5
47 2.37841337703551 0.582857142857143 22 6.33333333333333 6.58702428178983 R2
67 2.2765986012713 0.185 18 7.88235294117647 4.44419453353508 R2
3 2.22775616405875 0.434782608695652 17 6.4 4.75815090134813 R2
148 2.22229781868603 0.435196195005945 21 7.09090909090909 6.25887799202128 R2
10 2.21539510248685 0.540816326530612 8 3.55555555555556 2.00616334280753 R2
349 2.15727748652002 0.58 6 2.85714285714286 1.45686271816937 R2
84 2.14431483798483 0.32 12 5.11111111111111 3.21262939884466 R2
60 2.08306126062843 0.169421487603306 20 7.66666666666667 5.9207732227772 R2
59 2.08306126062843 0.169421487603306 20 7.66666666666667 5.9207732227772 R2
363 2.00860219023596 0.142011834319526 12 6 2.98715197522271 R2
291 1.96116135138184 0.244897959183674 6 3.14285714285714 1.45686271816937 R2
73 1.88444590361102 0.529585798816568 17 8.66666666666667 4.42216638714053 R2
512 1.85695338177052 0.197530864197531 8 4.66666666666667 1.7950549357115 R2
242 1.8516401995451 0.34 8 4 2.16024689946929 R2
183 1.83612698209861 0.364583333333333 19 7.47368421052632 6.27751560858804 R2
306 1.82264475373153 0.685 10 5.33333333333333 2.5603819159562 R3
27 1.81497042594606 0.429752066115702 8 4 2.20389266007736 R2
420 1.81497042594606 0.513888888888889 8 4 2.20389266007736 R2
43 1.74574312188794 0.314049586776859 9 4.2 2.7495454169735 R2
251 1.74297868132238 0.18 18 7.09090909090909 6.25887799202128 R2
63 1.7037220312632 0.5632 16 8.18181818181818 4.58888344149962 R2
96 1.67682829415398 0.374291115311909 18 7.47368421052632 6.27751560858804 R2
261 1.64135000860458 0.408163265306122 5 2.88888888888889 1.28620410031002 R2
187 1.64131119505851 0.6875 7 3.38461538461538 2.20274170204252 R3
286 1.63074849665442 0.40625 6 3.55555555555556 1.49897084035912 R2
201 1.54483211908305 0.328125 13 5.2 5.04909232766973 R2
55 1.46753165817085 0.495274102079395 16 6.33333333333333 6.58702428178983 R2
430 1.4368424162142 0.357142857142857 11 7 2.78388218141501 R2
5 1.42886901662352 0.378698224852071 10 6.5 2.44948974278318 R2
278 1.42343258974661 0.408163265306122 16 7.09090909090909 6.25887799202128 R2
277 1.42343258974661 0.444444444444444 16 7.09090909090909 6.25887799202128 R2
331 1.4142135623731 0.197530864197531 8 4.66666666666667 2.35702260395516 R2
341 1.4142135623731 0.32 4 2.66666666666667 0.942809041582063 R2
114 1.4142135623731 0.625 2 1.33333333333333 0.471404520791032 R3
46 1.41421356237309 0.653061224489796 3 2 0.707106781186548 R3
406 1.41421356237309 0.375 3 2 0.707106781186548 R2
369 1.41226962528601 0.104938271604938 17 10.4 4.67332857821917 R2
371 1.38204663816129 0.165289256198347 10 4.3 4.12431812546026 R2
12 1.38204663816128 0.571428571428571 8 4.2 2.7495454169735 R2
206 1.37981674433444 0.110726643598616 16 6.875 6.61319703320565 R2
32 1.36319183957923 0.225694444444444 21 10.0952380952381 7.99943308648903 R2
94 1.36122781945955 0.545454545454546 7 4 2.20389266007736 R2
109 1.29986736723936 0.512396694214876 7 4.66666666666667 1.7950549357115 R2
61 1.26788616280052 0.124444444444444 14 8.18181818181818 4.58888344149962 R2
260 1.26491106406735 0.408163265306122 5 3 1.58113883008419 R2
7 1.23818298092786 0.537109375 20 10.0952380952381 7.99943308648903 R2
121 1.22474487139159 0.32 4 2.8 0.979795897113272 R2
499 1.1989322303201 0.207612456747405 15 7.47368421052632 6.27751560858804 R2
103 1.18585412256314 0.46 7 4 2.5298221281347 R2
531 1.1180339887499 0.244897959183674 6 4 1.78885438199983 R2
299 1.11317412227649 0.520808561236623 19 10.0952380952381 7.99943308648903 R2
75 1.07739115653511 0.124444444444444 14 6.875 6.61319703320565 R2
366 1.00430109511798 0.459183673469388 9 6 2.98715197522271 R2
188 1.00430109511798 0.473372781065089 9 6 2.98715197522271 R2
97 1 0.277777777777778 5 3.5 1.5 R2
332 0.989949493661167 0.21875 7 4.66666666666667 2.35702260395516 R2
285 0.963624111659432 0.448979591836735 5 3.55555555555556 1.49897084035912 R2
287 0.963624111659432 0.448979591836735 5 3.55555555555556 1.49897084035912 R2
276 0.944113452382956 0.493074792243767 13 7.09090909090909 6.25887799202128 R2
213 0.926522686563902 0.142011834319526 12 7.88235294117647 4.44419453353508 R2
254 0.880334854430841 0.13265306122449 13 7.47368421052632 6.27751560858804 R2
456 0.860972183415943 0.40625 6 3.625 2.75850956133924 R2
57 0.860277178927738 0.40625 12 6.33333333333333 6.58702428178983 R2
151 0.798341654675717 0.21875 7 4.44444444444444 3.20108006464176 R2
105 0.790569415042095 0.375 6 4 2.5298221281347 R2
283 0.784340406595071 0.652892561983471 12 7.09090909090909 6.25887799202128 R3
601 0.742781352708208 0.40625 6 4.66666666666667 1.7950549357115 R2
11 0.720003408308225 0.277777777777778 5 3.55555555555556 2.00616334280753 R2
118 0.68475227121768 0.165289256198347 10 6.4 5.25737577123797 R2
408 0.669534063411986 0.197530864197531 8 6 2.98715197522271 R2
372 0.654653670707977 0.37037037037037 7 4.3 4.12431812546026 R2
126 0.650944554904119 0.583333333333333 7 5.33333333333333 2.5603819159562 R2
74 0.623752774836117 0.336734693877551 11 6.875 6.61319703320565 R2
352 0.614132360106504 0.152777777777778 11 8.18181818181818 4.58888344149962 R2
290 0.588348405414552 0.5 4 3.14285714285714 1.45686271816937 R2
166 0.546430757221958 0.459183673469388 9 6.4 4.75815090134813 R2
120 0.464794315019301 0.524444444444444 10 7.09090909090909 6.25887799202128 R2
93 0.453742606486515 0.448979591836735 5 4 2.20389266007736 R2
62 0.396214425875164 0.459183673469388 10 8.18181818181818 4.58888344149962 R2
64 0.396214425875164 0.165289256198347 10 8.18181818181818 4.58888344149962 R2
104 0.395284707521047 0.408163265306122 5 4 2.5298221281347 R2
501 0.356499719788396 0.42 7 5.2 5.04909232766973 R2
264 0.334767031705993 0.345679012345679 7 6 2.98715197522271 R2
197 0.324442842261525 0.58 6 5.14285714285714 2.64189171555813 R2
117 0.304334342763413 0.197530864197531 8 6.4 5.25737577123797 R2
587 0.296499726664441 0.5 4 3.55555555555556 1.49897084035912 R2
246 0.279372118307831 0.32 4 3.38461538461538 2.20274170204252 R2
245 0.279372118307831 0.32 4 3.38461538461538 2.20274170204252 R2
247 0.279372118307831 0.32 4 3.38461538461538 2.20274170204252 R2
48 0.253022699684629 0.396694214876033 8 6.33333333333333 6.58702428178983 R2
141 0.230605770501971 0.462809917355372 7 5.42857142857143 6.81435060366429 R2
615 0.22519581195983 0.18 9 7.66666666666667 5.9207732227772 R2
522 0.204124145231932 0.345679012345679 7 6.5 2.44948974278318 R2
49 0.185695338177052 0.64 5 4.66666666666667 1.7950549357115 R3
236 0.15927956196057 0.56 6 5.2 5.02261552048996 R2
85 0.11412537853628 0.21875 7 6.4 5.25737577123797 R2
662 0.0863868425581358 0.48 3 2.88888888888889 1.28620410031002 R2
570 0.083841414707699 0.197530864197531 8 7.47368421052632 6.27751560858804 R2
637 0 0.32 4 4 2.20389266007736 R2
39 0 0.32 4 4 1.22474487139159 R2
200 0 0.666666666666667 4 4 2.20389266007736 R3
155 0 0.408163265306122 5 5 1.5 R2
622 0 0.444444444444444 2 2 0.707106781186548 R2
37 0 0.444444444444444 4 4 1.22474487139159 R2
623 0 0.444444444444444 2 2 0.707106781186548 R2
636 0 0.5 4 4 2.20389266007736 R2
301 -0.0119056055858447 0.497777777777778 10 10.0952380952381 7.99943308648903 R2
149 -0.0145248223443532 0.21875 7 7.09090909090909 6.25887799202128 R2
1 -0.0396214425875163 0.636678200692042 8 8.18181818181818 4.58888344149962 R3
353 -0.0396214425875163 0.197530864197531 8 8.18181818181818 4.58888344149962 R2
189 -0.0727392967453312 0.5 4 4.3 4.12431812546026 R2
131 -0.0727392967453312 0.444444444444444 4 4.3 4.12431812546026 R2
95 -0.0980580675690916 0.5 3 3.14285714285714 1.45686271816937 R2
173 -0.130188910980824 0.408163265306122 5 5.33333333333333 2.5603819159562 R2
56 -0.202418159747703 0.448979591836735 5 6.33333333333333 6.58702428178983 R2
446 -0.204124145231932 0.611111111111111 6 6.5 2.44948974278318 R2
521 -0.204124145231932 0.375 6 6.5 2.44948974278318 R2
579 -0.257539376818856 0.21875 7 8.18181818181818 4.58888344149962 R2
398 -0.261923322888585 0.197530864197531 8 10.0952380952381 7.99943308648903 R2
377 -0.266292549917987 0.277777777777778 5 6.4 5.25737577123797 R2
318 -0.266292549917987 0.448979591836735 5 6.4 5.25737577123797 R2
416 -0.282842712474619 0.32 4 4.66666666666667 2.35702260395516 R2
317 -0.283523988561871 0.53125 5 6.875 6.61319703320565 R2
603 -0.315203619229767 0.375 3 4.3 4.12431812546026 R2
393 -0.356390736230318 0.375 3 5.42857142857143 6.81435060366429 R2
288 -0.37062465833055 0.375 3 3.55555555555556 1.49897084035912 R2
605 -0.37062465833055 0.375 3 3.55555555555556 1.49897084035912 R2
606 -0.37062465833055 0.375 3 3.55555555555556 1.49897084035912 R2
631 -0.371390676354104 0.32 4 4.66666666666667 1.7950549357115 R2
300 -0.386932181539955 0.46 7 10.0952380952381 7.99943308648903 R2
438 -0.471404520790938 0.660493827160494 10 10.1818181818182 0.385694607920007 R3
228 -0.471404520790938 0.390532544378698 10 10.1818181818182 0.385694607920007 R2
382 -0.493843959708008 0.571428571428572 4 7.09090909090909 6.25887799202128 R2
9 -0.50313986291339 0.5 2 5.42857142857143 6.81435060366429 R2
2 -0.504397622051038 0.444444444444444 4 6.4 4.75815090134813 R2
4 -0.504397622051038 0.444444444444444 4 6.4 4.75815090134813 R2
128 -0.520755643923295 0.444444444444444 4 5.33333333333333 2.5603819159562 R2
90 -0.557667941714203 0.444444444444444 2 4.3 4.12431812546026 R2
314 -0.557667941714203 0.444444444444444 2 4.3 4.12431812546026 R2
483 -0.588348405414552 0.444444444444444 2 2.85714285714286 1.45686271816937 R2
482 -0.588348405414552 0.444444444444444 2 2.85714285714286 1.45686271816937 R2
536 -0.62858726619262 0.444444444444444 2 3.38461538461538 2.20274170204252 R2
537 -0.62858726619262 0.444444444444444 2 3.38461538461538 2.20274170204252 R2
23 -0.633777279623816 0.5 2 5.2 5.04909232766973 R2
440 -0.633777279623816 0.625 2 5.2 5.04909232766973 R3
439 -0.633777279623816 0.625 2 5.2 5.04909232766973 R3
378 -0.646710478372253 0.375 3 6.4 5.25737577123797 R2
696 -0.653617005495892 0.375 3 7.09090909090909 6.25887799202128 R2
548 -0.657859019180035 0.5 2 6.33333333333333 6.58702428178983 R2
115 -0.707106781186548 0.5 1 1.33333333333333 0.471404520791032 R2
397 -0.707106781186548 0.444444444444444 2 2.66666666666667 0.942809041582063 R2
69 -0.727532837268552 0.21875 7 10.4 4.67332857821917 R2
298 -0.761958757494065 0.32 4 10.0952380952381 7.99943308648903 R2
664 -0.788185341859406 0.48 3 7.66666666666667 5.9207732227772 R2
42 -0.800132264198639 0.444444444444444 2 4.2 2.7495454169735 R2
643 -0.836217700292991 0.666666666666667 1 5.2 5.02261552048996 R3
319 -0.836919442599387 0.444444444444444 2 6.4 5.25737577123797 R2
480 -0.871950712960071 0.64 2 7.47368421052632 6.27751560858804 R3
705 -0.871950712960071 0.444444444444444 2 7.47368421052632 6.27751560858804 R2
68 -0.873578533045965 0.32 4 7.88235294117647 4.44419453353508 R2
92 -0.90748521297303 0.444444444444444 2 4 2.20389266007736 R2
700 -0.928476690885261 0.375 3 4.66666666666667 1.7950549357115 R2
701 -0.928476690885261 0.375 3 4.66666666666667 1.7950549357115 R2
455 -0.951600834301832 0.666666666666667 1 3.625 2.75850956133924 R3
492 -1.00430109511798 0.375 3 6 2.98715197522271 R2
415 -1.03774904332554 0.625 2 3.55555555555556 1.49897084035912 R3
315 -1.07602570847597 0.666666666666667 1 4.44444444444444 3.20108006464176 R3
471 -1.0985911854972 0.48 3 7.88235294117647 4.44419453353508 R2
132 -1.13489464961484 0.5 1 6.4 4.75815090134813 R2
510 -1.2747548783982 0.5 1 2.85714285714286 1.45686271816937 R2
488 -1.30188910980824 0.625 2 5.33333333333333 2.5603819159562 R3
560 -1.32360383794843 0.444444444444444 2 7.88235294117647 4.44419453353508 R2
458 -1.33333333333333 0.375 3 5 1.5 R2
459 -1.33333333333333 0.375 3 5 1.5 R2
702 -1.38873014965883 0.5 1 4 2.16024689946929 R2
709 -1.47087101353638 0.5 1 3.14285714285714 1.45686271816937 R2
445 -1.56814040426404 0.5 1 5.14285714285714 2.64189171555813 R2
641 -1.56814040426404 0.5 1 5.14285714285714 2.64189171555813 R2
532 -1.67705098312484 0.5 1 4 1.78885438199983 R2
119 -1.83711730708738 0.5 1 2.8 0.979795897113272 R2
