177 3.47099862540882 0 29 6.94736842105263 6.35339680560951 R5
116 3.23832471934978 0.224866151100535 36 10.0952380952381 7.99943308648903 R5
172 3.14577134872125 0.2784 21 5.2 5.02261552048996 R5
192 3.03605980467727 0.142011834319526 12 3.625 2.75850956133924 R5
8 3.01883917748034 0.356290174471993 26 5.42857142857143 6.81435060366429 R6
22 2.93121991826015 0.648648648648649 20 5.2 5.04909232766973 R6
76 2.89194468333109 0.24 26 6.875 6.61319703320565 R5
140 2.87209005079727 0.5725 25 5.42857142857143 6.81435060366429 R6
373 2.59436825058347 0.277777777777778 15 4.3 4.12431812546026 R5
91 2.59436825058347 0.555765595463138 15 4.3 4.12431812546026 R6
86 2.58684191348901 0.425240054869685 20 6.4 5.25737577123797 R6
244 2.54927057955896 0.18 9 3.38461538461538 2.20274170204252 R5
35 2.44948974278318 0 7 4 1.22474487139159 R1
47 2.37841337703551 0.582857142857143 22 6.33333333333333 6.58702428178983 R2
150 2.36031445730212 0 12 4.44444444444444 3.20108006464176 R1
67 2.2765986012713 0.185 18 7.88235294117647 4.44419453353508 R2
3 2.22775616405875 0.434782608695652 17 6.4 4.75815090134813 R2
148 2.22229781868603 0.435196195005945 21 7.09090909090909 6.25887799202128 R2
10 2.21539510248685 0.540816326530612 8 3.55555555555556 2.00616334280753 R2
349 2.15727748652002 0.58 6 2.85714285714286 1.45686271816937 R2
84 2.14431483798483 0.32 12 5.11111111111111 3.21262939884466 R2
335 2.12132034355925 0 11 10.1818181818182 0.385694607920007 R1
336 2.12132034355925 0 11 10.1818181818182 0.385694607920007 R1
60 2.08306126062843 0.169421487603306 20 7.66666666666667 5.9207732227772 R2
59 2.08306126062843 0.169421487603306 20 7.66666666666667 5.9207732227772 R2
363 2.00860219023596 0.142011834319526 12 6 2.98715197522271 R2
160 2 0 8 5 1.5 R1
186 2 0 4 2.4 0.8 R1
291 1.96116135138184 0.244897959183674 6 3.14285714285714 1.45686271816937 R2
73 1.88444590361102 0.529585798816568 17 8.66666666666667 4.42216638714053 R2
512 1.85695338177052 0.197530864197531 8 4.66666666666667 1.7950549357115 R2
242 1.8516401995451 0.34 8 4 2.16024689946929 R2
269 1.83711730708738 0 5 3.2 0.979795897113271 R1
183 1.83612698209861 0.364583333333333 19 7.47368421052632 6.27751560858804 R2
82 1.82574185835055 0 5 3 1.09544511501033 R1
127 1.82264475373153 0 10 5.33333333333333 2.5603819159562 R1
306 1.82264475373153 0.685 10 5.33333333333333 2.5603819159562 R3
27 1.81497042594606 0.429752066115702 8 4 2.20389266007736 R2
420 1.81497042594606 0.513888888888889 8 4 2.20389266007736 R2
43 1.74574312188794 0.314049586776859 9 4.2 2.7495454169735 R2
251 1.74297868132238 0.18 18 7.09090909090909 6.25887799202128 R2
63 1.7037220312632 0.5632 16 8.18181818181818 4.58888344149962 R2
96 1.67682829415398 0.374291115311909 18 7.47368421052632 6.27751560858804 R2
19 1.67682829415398 0 18 7.47368421052632 6.27751560858804 R1
263 1.64135000860458 0 5 2.88888888888889 1.28620410031002 R1
261 1.64135000860458 0.408163265306122 5 2.88888888888889 1.28620410031002 R2
187 1.64131119505851 0.6875 7 3.38461538461538 2.20274170204252 R3
286 1.63074849665442 0.40625 6 3.55555555555556 1.49897084035912 R2
204 1.5822451967854 0 17 6.94736842105263 6.35339680560951 R1
609 1.58113883008419 0 3 2 0.632455532033676 R1
201 1.54483211908305 0.328125 13 5.2 5.04909232766973 R2
136 1.52664506722759 0 7 4.57142857142857 1.59078981795143 R1
137 1.52664506722759 0 7 4.57142857142857 1.59078981795143 R1
55 1.46753165817085 0.495274102079395 16 6.33333333333333 6.58702428178983 R2
430 1.4368424162142 0.357142857142857 11 7 2.78388218141501 R2
5 1.42886901662352 0.378698224852071 10 6.5 2.44948974278318 R2
278 1.42343258974661 0.408163265306122 16 7.09090909090909 6.25887799202128 R2
277 1.42343258974661 0.444444444444444 16 7.09090909090909 6.25887799202128 R2
331 1.4142135623731 0.197530864197531 8 4.66666666666667 2.35702260395516 R2
113 1.4142135623731 0 2 1.33333333333333 0.471404520791032 R1
341 1.4142135623731 0.32 4 2.66666666666667 0.942809041582063 R2
114 1.4142135623731 0.625 2 1.33333333333333 0.471404520791032 R3
46 1.41421356237309 0.653061224489796 3 2 0.707106781186548 R3
406 1.41421356237309 0.375 3 2 0.707106781186548 R2
258 1.41421356237309 0 6 4 1.4142135623731 R1
146 1.41421356237309 0 2 1.33333333333333 0.471404520791032 R1
369 1.41226962528601 0.104938271604938 17 10.4 4.67332857821917 R2
371 1.38204663816129 0.165289256198347 10 4.3 4.12431812546026 R2
12 1.38204663816128 0.571428571428571 8 4.2 2.7495454169735 R2
206 1.37981674433444 0.110726643598616 16 6.875 6.61319703320565 R2
217 1.37654799146637 0 14 7.88235294117647 4.44419453353508 R1
32 1.36319183957923 0.225694444444444 21 10.0952380952381 7.99943308648903 R2
94 1.36122781945955 0.545454545454546 7 4 2.20389266007736 R2
109 1.29986736723936 0.512396694214876 7 4.66666666666667 1.7950549357115 R2
61 1.26788616280052 0.124444444444444 14 8.18181818181818 4.58888344149962 R2
260 1.26491106406735 0.408163265306122 5 3 1.58113883008419 R2
7 1.23818298092786 0.537109375 20 10.0952380952381 7.99943308648903 R2
233 1.22474487139159 0 3 2 0.816496580927726 R1
121 1.22474487139159 0.32 4 2.8 0.979795897113272 R2
414 1.2234867869595 0 7 3.625 2.75850956133924 R1
499 1.1989322303201 0.207612456747405 15 7.47368421052632 6.27751560858804 R2
103 1.18585412256314 0.46 7 4 2.5298221281347 R2
531 1.1180339887499 0.244897959183674 6 4 1.78885438199983 R2
299 1.11317412227649 0.520808561236623 19 10.0952380952381 7.99943308648903 R2
75 1.07739115653511 0.124444444444444 14 6.875 6.61319703320565 R2
163 1.0639172457346 0 16 9.8 5.82752091373338 R1
162 1.0639172457346 0 16 9.8 5.82752091373338 R1
229 1.0639172457346 0 16 9.8 5.82752091373338 R1
366 1.00430109511798 0.459183673469388 9 6 2.98715197522271 R2
188 1.00430109511798 0.473372781065089 9 6 2.98715197522271 R2
97 1 0.277777777777778 5 3.5 1.5 R2
332 0.989949493661167 0.21875 7 4.66666666666667 2.35702260395516 R2
71 0.979911869877732 0 13 8.66666666666667 4.42216638714053 R1
285 0.963624111659432 0.448979591836735 5 3.55555555555556 1.49897084035912 R2
287 0.963624111659432 0.448979591836735 5 3.55555555555556 1.49897084035912 R2
276 0.944113452382956 0.493074792243767 13 7.09090909090909 6.25887799202128 R2
213 0.926522686563902 0.142011834319526 12 7.88235294117647 4.44419453353508 R2
215 0.926522686563902 0 12 7.88235294117647 4.44419453353508 R1
241 0.925820099772551 0 6 4 2.16024689946929 R1
240 0.925820099772551 0 6 4 2.16024689946929 R1
79 0.912870929175276 0 4 3 1.09544511501033 R1
81 0.912870929175276 0 4 3 1.09544511501033 R1
80 0.912870929175276 0 4 3 1.09544511501033 R1
254 0.880334854430841 0.13265306122449 13 7.47368421052632 6.27751560858804 R2
456 0.860972183415943 0.40625 6 3.625 2.75850956133924 R2
57 0.860277178927738 0.40625 12 6.33333333333333 6.58702428178983 R2
462 0.816496580927727 0 6 5.2 0.97979589711327 R1
465 0.816496580927727 0 6 5.2 0.97979589711327 R1
466 0.816496580927727 0 6 5.2 0.97979589711327 R1
151 0.798341654675717 0.21875 7 4.44444444444444 3.20108006464176 R2
208 0.795264601525648 0 12 6.94736842105263 6.35339680560951 R1
105 0.790569415042095 0.375 6 4 2.5298221281347 R2
279 0.784340406595071 0 12 7.09090909090909 6.25887799202128 R1
283 0.784340406595071 0.652892561983471 12 7.09090909090909 6.25887799202128 R3
370 0.770328886519643 0 14 10.4 4.67332857821917 R1
165 0.756596433076557 0 10 6.4 4.75815090134813 R1
164 0.756596433076557 0 10 6.4 4.75815090134813 R1
580 0.756577919312706 0 9 5.2 5.02261552048996 R1
581 0.756577919312706 0 9 5.2 5.02261552048996 R1
601 0.742781352708208 0.40625 6 4.66666666666667 1.7950549357115 R2
500 0.721036166486212 0 12 7.47368421052632 6.27751560858804 R1
230 0.720718134207309 0 14 9.8 5.82752091373338 R1
231 0.720718134207309 0 14 9.8 5.82752091373338 R1
11 0.720003408308225 0.277777777777778 5 3.55555555555556 2.00616334280753 R2
339 0.720003408308225 0 5 3.55555555555556 2.00616334280753 R1
431 0.7184212081071 0 9 7 2.78388218141501 R1
432 0.7184212081071 0 9 7 2.78388218141501 R1
429 0.7184212081071 0 9 7 2.78388218141501 R1
129 0.707106781186548 0 3 2.66666666666667 0.471404520791032 R1
324 0.707106781186548 0 3 2.66666666666667 0.471404520791032 R1
323 0.707106781186548 0 3 2.66666666666667 0.471404520791032 R1
130 0.707106781186548 0 3 2.66666666666667 0.471404520791032 R1
199 0.702959491566638 0 7 5.14285714285714 2.64189171555813 R1
198 0.702959491566638 0 7 5.14285714285714 2.64189171555813 R1
195 0.702959491566638 0 7 5.14285714285714 2.64189171555813 R1
196 0.702959491566638 0 7 5.14285714285714 2.64189171555813 R1
118 0.68475227121768 0.165289256198347 10 6.4 5.25737577123797 R2
408 0.669534063411986 0.197530864197531 8 6 2.98715197522271 R2
159 0.666666666666667 0 6 5 1.5 R1
567 0.654653670707977 0 6 4.2 2.7495454169735 R1
566 0.654653670707977 0 6 4.2 2.7495454169735 R1
372 0.654653670707977 0.37037037037037 7 4.3 4.12431812546026 R2
126 0.650944554904119 0.583333333333333 7 5.33333333333333 2.5603819159562 R2
259 0.632455532033676 0 4 3 1.58113883008419 R1
74 0.623752774836117 0.336734693877551 11 6.875 6.61319703320565 R2
352 0.614132360106504 0.152777777777778 11 8.18181818181818 4.58888344149962 R2
523 0.612372435695795 0 8 6.5 2.44948974278318 R1
524 0.612372435695795 0 8 6.5 2.44948974278318 R1
290 0.588348405414552 0.5 4 3.14285714285714 1.45686271816937 R2
591 0.587957294286164 0 7 5.11111111111111 3.21262939884466 R1
592 0.587957294286164 0 7 5.11111111111111 3.21262939884466 R1
596 0.559016994374948 0 5 4 1.78885438199983 R1
597 0.559016994374948 0 5 4 1.78885438199983 R1
166 0.546430757221958 0.459183673469388 9 6.4 4.75815090134813 R2
142 0.524104023868115 0 9 5.42857142857143 6.81435060366429 R1
191 0.498457579872388 0 5 3.625 2.75850956133924 R1
210 0.480472363421745 0 10 6.94736842105263 6.35339680560951 R1
214 0.476497381661435 0 10 7.88235294117647 4.44419453353508 R1
120 0.464794315019301 0.524444444444444 10 7.09090909090909 6.25887799202128 R2
93 0.453742606486515 0.448979591836735 5 4 2.20389266007736 R2
62 0.396214425875164 0.459183673469388 10 8.18181818181818 4.58888344149962 R2
64 0.396214425875164 0.165289256198347 10 8.18181818181818 4.58888344149962 R2
104 0.395284707521047 0.408163265306122 5 4 2.5298221281347 R2
170 0.358379014411282 0 7 5.2 5.02261552048996 R1
501 0.356499719788396 0.42 7 5.2 5.04909232766973 R2
264 0.334767031705993 0.345679012345679 7 6 2.98715197522271 R2
320 0.333333333333333 0 4 3.5 1.5 R1
321 0.333333333333333 0 4 3.5 1.5 R1
197 0.324442842261525 0.58 6 5.14285714285714 2.64189171555813 R2
207 0.321327187036788 0 9 6.875 6.61319703320565 R1
117 0.304334342763413 0.197530864197531 8 6.4 5.25737577123797 R2
358 0.301511344577764 0 10 8.66666666666667 4.42216638714053 R1
359 0.301511344577764 0 10 8.66666666666667 4.42216638714053 R1
357 0.301511344577764 0 10 8.66666666666667 4.42216638714053 R1
587 0.296499726664441 0.5 4 3.55555555555556 1.49897084035912 R2
246 0.279372118307831 0.32 4 3.38461538461538 2.20274170204252 R2
245 0.279372118307831 0.32 4 3.38461538461538 2.20274170204252 R2
247 0.279372118307831 0.32 4 3.38461538461538 2.20274170204252 R2
583 0.27668578554643 0 6 5.11111111111111 3.21262939884466 R1
48 0.253022699684629 0.396694214876033 8 6.33333333333333 6.58702428178983 R2
220 0.251484729210202 0 9 7.88235294117647 4.44419453353508 R1
218 0.251484729210202 0 9 7.88235294117647 4.44419453353508 R1
221 0.251484729210202 0 9 7.88235294117647 4.44419453353508 R1
216 0.251484729210202 0 9 7.88235294117647 4.44419453353508 R1
219 0.251484729210202 0 9 7.88235294117647 4.44419453353508 R1
255 0.243140102652327 0 9 7.47368421052632 6.27751560858804 R1
141 0.230605770501971 0.462809917355372 7 5.42857142857143 6.81435060366429 R2
615 0.22519581195983 0.18 9 7.66666666666667 5.9207732227772 R2
613 0.22519581195983 0 9 7.66666666666667 5.9207732227772 R1
522 0.204124145231932 0.345679012345679 7 6.5 2.44948974278318 R2
426 0.204124145231932 0 3 2.8 0.979795897113272 R1
425 0.204124145231932 0 3 2.8 0.979795897113272 R1
424 0.204124145231932 0 3 2.8 0.979795897113272 R1
49 0.185695338177052 0.64 5 4.66666666666667 1.7950549357115 R3
110 0.185695338177052 0 5 4.66666666666667 1.7950549357115 R1
108 0.185695338177052 0 5 4.66666666666667 1.7950549357115 R1
111 0.185695338177052 0 5 4.66666666666667 1.7950549357115 R1
152 0.173552533625156 0 5 4.44444444444444 3.20108006464176 R1
236 0.15927956196057 0.56 6 5.2 5.02261552048996 R2
171 0.15927956196057 0 6 5.2 5.02261552048996 R1
477 0.158444319905954 0 6 5.2 5.04909232766973 R1
476 0.158444319905954 0 6 5.2 5.04909232766973 R1
642 0.158444319905954 0 6 5.2 5.04909232766973 R1
478 0.158444319905954 0 6 5.2 5.04909232766973 R1
330 0.14142135623731 0 5 4.66666666666667 2.35702260395516 R1
312 0.135942976328833 0 4 3.625 2.75850956133924 R1
190 0.135942976328833 0 4 3.625 2.75850956133924 R1
85 0.11412537853628 0.21875 7 6.4 5.25737577123797 R2
31 0.113103253065525 0 11 10.0952380952381 7.99943308648903 R1
30 0.113103253065525 0 11 10.0952380952381 7.99943308648903 R1
389 0.0980580675690922 0 3 2.85714285714286 1.45686271816937 R1
388 0.0980580675690922 0 3 2.85714285714286 1.45686271816937 R1
387 0.0980580675690922 0 3 2.85714285714286 1.45686271816937 R1
662 0.0863868425581358 0.48 3 2.88888888888889 1.28620410031002 R2
682 0.0863868425581358 0 3 2.88888888888889 1.28620410031002 R1
681 0.0863868425581358 0 3 2.88888888888889 1.28620410031002 R1
180 0.0838566438188985 0 6 5.42857142857143 6.81435060366429 R1
570 0.083841414707699 0.197530864197531 8 7.47368421052632 6.27751560858804 R2
296 0.0343199111527289 0 10 9.8 5.82752091373338 R1
275 0.00828400626589212 0 7 6.94736842105263 6.35339680560951 R1
274 0.00828400626589212 0 7 6.94736842105263 6.35339680560951 R1
15 0 0 5 5 5.96046447753906e-08 R1
14 0 0 5 5 5.96046447753906e-08 R1
364 0 0 6 6 2.98715197522271 R1
367 0 0 6 6 2.98715197522271 R1
637 0 0.32 4 4 2.20389266007736 R2
39 0 0.32 4 4 1.22474487139159 R2
45 0 0 2 2 0.707106781186548 R1
380 0 0 4 4 1.4142135623731 R1
200 0 0.666666666666667 4 4 2.20389266007736 R3
17 0 0 5 5 5.96046447753906e-08 R1
33 0 0 3 3 1.09544511501033 R1
610 0 0 2 2 0.632455532033676 R1
687 0 0 2 2 0.632455532033676 R1
155 0 0.408163265306122 5 5 1.5 R2
257 0 0 4 4 1.4142135623731 R1
16 0 0 5 5 5.96046447753906e-08 R1
368 0 0 6 6 2.98715197522271 R1
622 0 0.444444444444444 2 2 0.707106781186548 R2
37 0 0.444444444444444 4 4 1.22474487139159 R2
688 0 0 2 2 0.632455532033676 R1
623 0 0.444444444444444 2 2 0.707106781186548 R2
239 0 0 4 4 2.16024689946929 R1
158 0 0 5 5 1.5 R1
36 0 0 4 4 1.22474487139159 R1
18 0 0 5 5 5.96046447753906e-08 R1
44 0 0 2 2 0.707106781186548 R1
243 0 0 4 4 2.16024689946929 R1
157 0 0 5 5 1.5 R1
636 0 0.5 4 4 2.20389266007736 R2
365 0 0 6 6 2.98715197522271 R1
403 0 0 2 2 0.816496580927726 R1
156 0 0 5 5 1.5 R1
13 0 0 5 5 5.96046447753906e-08 R1
38 0 0 4 4 1.22474487139159 R1
301 -0.0119056055858447 0.497777777777778 10 10.0952380952381 7.99943308648903 R2
149 -0.0145248223443532 0.21875 7 7.09090909090909 6.25887799202128 R2
1 -0.0396214425875163 0.636678200692042 8 8.18181818181818 4.58888344149962 R3
353 -0.0396214425875163 0.197530864197531 8 8.18181818181818 4.58888344149962 R2
608 -0.0398198904901424 0 5 5.2 5.02261552048996 R1
265 -0.0727392967453308 0 4 4.2 2.7495454169735 R1
189 -0.0727392967453312 0.5 4 4.3 4.12431812546026 R2
374 -0.0727392967453312 0 4 4.3 4.12431812546026 R1
131 -0.0727392967453312 0.444444444444444 4 4.3 4.12431812546026 R2
409 -0.0855920985021827 0 10 10.4 4.67332857821917 R1
423 -0.0980580675690916 0 3 3.14285714285714 1.45686271816937 R1
422 -0.0980580675690916 0 3 3.14285714285714 1.45686271816937 R1
95 -0.0980580675690916 0.5 3 3.14285714285714 1.45686271816937 R2
517 -0.130188910980824 0 5 5.33333333333333 2.5603819159562 R1
515 -0.130188910980824 0 5 5.33333333333333 2.5603819159562 R1
519 -0.130188910980824 0 5 5.33333333333333 2.5603819159562 R1
518 -0.130188910980824 0 5 5.33333333333333 2.5603819159562 R1
516 -0.130188910980824 0 5 5.33333333333333 2.5603819159562 R1
173 -0.130188910980824 0.408163265306122 5 5.33333333333333 2.5603819159562 R2
342 -0.132311194662207 0 6 6.875 6.61319703320565 R1
527 -0.136914464237215 0 9 10.0952380952381 7.99943308648903 R1
525 -0.136914464237215 0 9 10.0952380952381 7.99943308648903 R1
526 -0.136914464237215 0 9 10.0952380952381 7.99943308648903 R1
529 -0.136914464237215 0 9 10.0952380952381 7.99943308648903 R1
528 -0.136914464237215 0 9 10.0952380952381 7.99943308648903 R1
400 -0.138842026900124 0 4 4.44444444444444 3.20108006464176 R1
467 -0.138842026900124 0 4 4.44444444444444 3.20108006464176 R1
205 -0.149112112786059 0 6 6.94736842105263 6.35339680560951 R1
600 -0.174607573942394 0 3 3.38461538461538 2.20274170204252 R1
56 -0.202418159747703 0.448979591836735 5 6.33333333333333 6.58702428178983 R2
446 -0.204124145231932 0.611111111111111 6 6.5 2.44948974278318 R2
520 -0.204124145231932 0 6 6.5 2.44948974278318 R1
521 -0.204124145231932 0.375 6 6.5 2.44948974278318 R2
385 -0.204124145231932 0 3 3.2 0.979795897113271 R1
384 -0.204124145231932 0 3 3.2 0.979795897113271 R1
383 -0.204124145231932 0 3 3.2 0.979795897113271 R1
715 -0.209641609547246 0 4 5.42857142857143 6.81435060366429 R1
716 -0.209641609547246 0 4 5.42857142857143 6.81435060366429 R1
538 -0.209641609547246 0 4 5.42857142857143 6.81435060366429 R1
41 -0.209641609547246 0 4 5.42857142857143 6.81435060366429 R1
714 -0.209641609547246 0 4 5.42857142857143 6.81435060366429 R1
691 -0.226571627214722 0 3 3.625 2.75850956133924 R1
599 -0.226571627214722 0 3 3.625 2.75850956133924 R1
670 -0.226571627214722 0 3 3.625 2.75850956133924 R1
182 -0.234755961181558 0 6 7.47368421052632 6.27751560858804 R1
708 -0.238919342940855 0 4 5.2 5.02261552048996 R1
579 -0.257539376818856 0.21875 7 8.18181818181818 4.58888344149962 R2
554 -0.261923322888585 0 8 10.0952380952381 7.99943308648903 R1
398 -0.261923322888585 0.197530864197531 8 10.0952380952381 7.99943308648903 R2
377 -0.266292549917987 0.277777777777778 5 6.4 5.25737577123797 R2
318 -0.266292549917987 0.448979591836735 5 6.4 5.25737577123797 R2
29 -0.276924387810856 0 3 3.55555555555556 2.00616334280753 R1
533 -0.276924387810856 0 3 3.55555555555556 2.00616334280753 R1
28 -0.276924387810856 0 3 3.55555555555556 2.00616334280753 R1
617 -0.281494764949788 0 6 7.66666666666667 5.9207732227772 R1
614 -0.281494764949788 0 6 7.66666666666667 5.9207732227772 R1
616 -0.281494764949788 0 6 7.66666666666667 5.9207732227772 R1
416 -0.282842712474619 0.32 4 4.66666666666667 2.35702260395516 R2
317 -0.283523988561871 0.53125 5 6.875 6.61319703320565 R2
211 -0.30650823183801 0 5 6.94736842105263 6.35339680560951 R1
212 -0.30650823183801 0 5 6.94736842105263 6.35339680560951 R1
209 -0.30650823183801 0 5 6.94736842105263 6.35339680560951 R1
486 -0.315203619229767 0 3 4.3 4.12431812546026 R1
603 -0.315203619229767 0.375 3 4.3 4.12431812546026 R2
487 -0.315203619229767 0 3 4.3 4.12431812546026 R1
703 -0.315203619229767 0 3 4.3 4.12431812546026 R1
582 -0.345857231933037 0 4 5.11111111111111 3.21262939884466 R1
565 -0.345857231933037 0 4 5.11111111111111 3.21262939884466 R1
83 -0.345857231933037 0 4 5.11111111111111 3.21262939884466 R1
194 -0.356390736230318 0 3 5.42857142857143 6.81435060366429 R1
193 -0.356390736230318 0 3 5.42857142857143 6.81435060366429 R1
393 -0.356390736230318 0.375 3 5.42857142857143 6.81435060366429 R2
474 -0.35921060405355 0 4 4.57142857142857 1.59078981795143 R1
472 -0.35921060405355 0 4 4.57142857142857 1.59078981795143 R1
473 -0.35921060405355 0 4 4.57142857142857 1.59078981795143 R1
658 -0.35921060405355 0 6 7 2.78388218141501 R1
288 -0.37062465833055 0.375 3 3.55555555555556 1.49897084035912 R2
605 -0.37062465833055 0.375 3 3.55555555555556 1.49897084035912 R2
606 -0.37062465833055 0.375 3 3.55555555555556 1.49897084035912 R2
630 -0.371390676354104 0 4 4.66666666666667 1.7950549357115 R1
631 -0.371390676354104 0.32 4 4.66666666666667 1.7950549357115 R2
72 -0.376889180722204 0 7 8.66666666666667 4.42216638714053 R1
300 -0.386932181539955 0.46 7 10.0952380952381 7.99943308648903 R2
571 -0.394054649126186 0 5 7.47368421052632 6.27751560858804 R1
20 -0.394054649126186 0 5 7.47368421052632 6.27751560858804 R1
343 -0.434736782461536 0 4 6.875 6.61319703320565 R1
568 -0.436435780471985 0 3 4.2 2.7495454169735 R1
125 -0.450391623919661 0 5 7.66666666666667 5.9207732227772 R1
468 -0.451236587425405 0 3 4.44444444444444 3.20108006464176 R1
469 -0.451236587425405 0 3 4.44444444444444 3.20108006464176 R1
26 -0.453742606486515 0 3 4 2.20389266007736 R1
24 -0.453742606486515 0 3 4 2.20389266007736 R1
25 -0.453742606486515 0 3 4 2.20389266007736 R1
421 -0.453742606486515 0 3 4 2.20389266007736 R1
629 -0.462910049886276 0 3 4 2.16024689946929 R1
295 -0.463904350889961 0 4 6.94736842105263 6.35339680560951 R1
237 -0.463904350889961 0 4 6.94736842105263 6.35339680560951 R1
294 -0.463904350889961 0 4 6.94736842105263 6.35339680560951 R1
514 -0.463904350889961 0 4 6.94736842105263 6.35339680560951 R1
238 -0.463904350889961 0 4 6.94736842105263 6.35339680560951 R1
578 -0.471404520790938 0 10 10.1818181818182 0.385694607920007 R1
572 -0.471404520790938 0 10 10.1818181818182 0.385694607920007 R1
438 -0.471404520790938 0.660493827160494 10 10.1818181818182 0.385694607920007 R3
573 -0.471404520790938 0 10 10.1818181818182 0.385694607920007 R1
574 -0.471404520790938 0 10 10.1818181818182 0.385694607920007 R1
575 -0.471404520790938 0 10 10.1818181818182 0.385694607920007 R1
576 -0.471404520790938 0 10 10.1818181818182 0.385694607920007 R1
228 -0.471404520790938 0.390532544378698 10 10.1818181818182 0.385694607920007 R2
577 -0.471404520790938 0 10 10.1818181818182 0.385694607920007 R1
382 -0.493843959708008 0.571428571428572 4 7.09090909090909 6.25887799202128 R2
624 -0.493843959708008 0 4 7.09090909090909 6.25887799202128 R1
508 -0.5 0 2 2.4 0.8 R1
507 -0.5 0 2 2.4 0.8 R1
184 -0.5 0 2 2.4 0.8 R1
185 -0.5 0 2 2.4 0.8 R1
644 -0.50313986291339 0 2 5.42857142857143 6.81435060366429 R1
710 -0.50313986291339 0 2 5.42857142857143 6.81435060366429 R1
40 -0.50313986291339 0 2 5.42857142857143 6.81435060366429 R1
9 -0.50313986291339 0.5 2 5.42857142857143 6.81435060366429 R2
634 -0.504397622051038 0 4 6.4 4.75815090134813 R1
633 -0.504397622051038 0 4 6.4 4.75815090134813 R1
2 -0.504397622051038 0.444444444444444 4 6.4 4.75815090134813 R2
4 -0.504397622051038 0.444444444444444 4 6.4 4.75815090134813 R2
559 -0.506045399369258 0 3 6.33333333333333 6.58702428178983 R1
558 -0.506045399369258 0 3 6.33333333333333 6.58702428178983 R1
555 -0.511941040191325 0 6 10.0952380952381 7.99943308648903 R1
128 -0.520755643923295 0.444444444444444 4 5.33333333333333 2.5603819159562 R2
181 -0.553353337070814 0 4 7.47368421052632 6.27751560858804 R1
594 -0.557667941714203 0 2 4.3 4.12431812546026 R1
595 -0.557667941714203 0 2 4.3 4.12431812546026 R1
604 -0.557667941714203 0 2 4.3 4.12431812546026 R1
659 -0.557667941714203 0 2 4.3 4.12431812546026 R1
90 -0.557667941714203 0.444444444444444 2 4.3 4.12431812546026 R2
314 -0.557667941714203 0.444444444444444 2 4.3 4.12431812546026 R2
680 -0.559016994374948 0 3 4 1.78885438199983 R1
98 -0.585949576361201 0 3 6.875 6.61319703320565 R1
100 -0.585949576361201 0 3 6.875 6.61319703320565 R1
661 -0.585949576361201 0 3 6.875 6.61319703320565 R1
99 -0.585949576361201 0 3 6.875 6.61319703320565 R1
483 -0.588348405414552 0.444444444444444 2 2.85714285714286 1.45686271816937 R2
482 -0.588348405414552 0.444444444444444 2 2.85714285714286 1.45686271816937 R2
677 -0.589086230758277 0 2 3.625 2.75850956133924 R1
692 -0.589086230758277 0 2 3.625 2.75850956133924 R1
313 -0.589086230758277 0 2 3.625 2.75850956133924 R1
457 -0.589086230758277 0 2 3.625 2.75850956133924 R1
360 -0.621300469941912 0 3 6.94736842105263 6.35339680560951 R1
536 -0.62858726619262 0.444444444444444 2 3.38461538461538 2.20274170204252 R2
427 -0.62858726619262 0 2 3.38461538461538 2.20274170204252 R1
428 -0.62858726619262 0 2 3.38461538461538 2.20274170204252 R1
537 -0.62858726619262 0.444444444444444 2 3.38461538461538 2.20274170204252 R2
223 -0.62858726619262 0 2 3.38461538461538 2.20274170204252 R1
625 -0.62858726619262 0 2 3.38461538461538 2.20274170204252 R1
346 -0.632455532033676 0 2 3 1.58113883008419 R1
23 -0.633777279623816 0.5 2 5.2 5.04909232766973 R2
21 -0.633777279623816 0 2 5.2 5.04909232766973 R1
412 -0.633777279623816 0 2 5.2 5.04909232766973 R1
440 -0.633777279623816 0.625 2 5.2 5.04909232766973 R3
439 -0.633777279623816 0.625 2 5.2 5.04909232766973 R3
411 -0.633777279623816 0 2 5.2 5.04909232766973 R1
348 -0.637118247842279 0 2 5.2 5.02261552048996 R1
347 -0.637118247842279 0 2 5.2 5.02261552048996 R1
668 -0.637118247842279 0 2 5.2 5.02261552048996 R1
669 -0.637118247842279 0 2 5.2 5.02261552048996 R1
378 -0.646710478372253 0.375 3 6.4 5.25737577123797 R2
284 -0.646710478372253 0 3 6.4 5.25737577123797 R1
392 -0.649888989596462 0 1 5.42857142857143 6.81435060366429 R1
539 -0.649888989596462 0 1 5.42857142857143 6.81435060366429 R1
676 -0.649888989596462 0 1 5.42857142857143 6.81435060366429 R1
470 -0.649888989596462 0 1 5.42857142857143 6.81435060366429 R1
698 -0.653617005495892 0 3 7.09090909090909 6.25887799202128 R1
697 -0.653617005495892 0 3 7.09090909090909 6.25887799202128 R1
696 -0.653617005495892 0.375 3 7.09090909090909 6.25887799202128 R2
548 -0.657859019180035 0.5 2 6.33333333333333 6.58702428178983 R2
551 -0.657859019180035 0 2 6.33333333333333 6.58702428178983 R1
706 -0.691094740465089 0 2 2.88888888888889 1.28620410031002 R1
262 -0.691094740465089 0 2 2.88888888888889 1.28620410031002 R1
707 -0.691094740465089 0 2 2.88888888888889 1.28620410031002 R1
145 -0.707106781186547 0 1 1.33333333333333 0.471404520791032 R1
404 -0.707106781186547 0 1 1.33333333333333 0.471404520791032 R1
340 -0.707106781186548 0 2 2.66666666666667 0.942809041582063 R1
112 -0.707106781186548 0 1 1.33333333333333 0.471404520791032 R1
704 -0.707106781186548 0 1 1.33333333333333 0.471404520791032 R1
115 -0.707106781186548 0.5 1 1.33333333333333 0.471404520791032 R2
397 -0.707106781186548 0.444444444444444 2 2.66666666666667 0.942809041582063 R2
547 -0.707106781186548 0 1 1.33333333333333 0.471404520791032 R1
333 -0.707106781186548 0 3 4.66666666666667 2.35702260395516 R1
434 -0.7184212081071 0 5 7 2.78388218141501 R1
433 -0.7184212081071 0 5 7 2.78388218141501 R1
69 -0.727532837268552 0.21875 7 10.4 4.67332857821917 R2
543 -0.737162370260866 0 2 6.875 6.61319703320565 R1
316 -0.737162370260866 0 2 6.875 6.61319703320565 R1
544 -0.737162370260866 0 2 6.875 6.61319703320565 R1
298 -0.761958757494065 0.32 4 10.0952380952381 7.99943308648903 R2
485 -0.775388285870396 0 2 3.55555555555556 2.00616334280753 R1
484 -0.775388285870396 0 2 3.55555555555556 2.00616334280753 R1
178 -0.778696588993863 0 2 6.94736842105263 6.35339680560951 R1
334 -0.778696588993863 0 2 6.94736842105263 6.35339680560951 R1
179 -0.778696588993863 0 2 6.94736842105263 6.35339680560951 R1
289 -0.784464540552735 0 2 3.14285714285714 1.45686271816937 R1
664 -0.788185341859406 0.48 3 7.66666666666667 5.9207732227772 R2
713 -0.788185341859406 0 3 7.66666666666667 5.9207732227772 R1
712 -0.788185341859406 0 3 7.66666666666667 5.9207732227772 R1
42 -0.800132264198639 0.444444444444444 2 4.2 2.7495454169735 R2
266 -0.800132264198639 0 2 4.2 2.7495454169735 R1
256 -0.800132264198639 0 1 4.3 4.12431812546026 R1
549 -0.800132264198639 0 1 4.3 4.12431812546026 R1
502 -0.800132264198639 0 1 4.3 4.12431812546026 R1
540 -0.809672638990812 0 1 6.33333333333333 6.58702428178983 R1
386 -0.809672638990812 0 1 6.33333333333333 6.58702428178983 R1
267 -0.809672638990812 0 1 6.33333333333333 6.58702428178983 R1
381 -0.813390051283777 0 2 7.09090909090909 6.25887799202128 R1
490 -0.813390051283777 0 2 7.09090909090909 6.25887799202128 R1
147 -0.813390051283777 0 2 7.09090909090909 6.25887799202128 R1
253 -0.813390051283777 0 2 7.09090909090909 6.25887799202128 R1
252 -0.813390051283777 0 2 7.09090909090909 6.25887799202128 R1
491 -0.813390051283777 0 2 7.09090909090909 6.25887799202128 R1
87 -0.816496580927726 0 3 4 1.22474487139159 R1
89 -0.816496580927726 0 3 4 1.22474487139159 R1
88 -0.816496580927726 0 3 4 1.22474487139159 R1
410 -0.82915619758885 0 5 8.66666666666667 4.42216638714053 R1
325 -0.831832679506258 0 1 5.2 5.04909232766973 R1
498 -0.831832679506258 0 1 5.2 5.04909232766973 R1
675 -0.836217700292991 0 1 5.2 5.02261552048996 R1
564 -0.836217700292991 0 1 5.2 5.02261552048996 R1
643 -0.836217700292991 0.666666666666667 1 5.2 5.02261552048996 R3
319 -0.836919442599387 0.444444444444444 2 6.4 5.25737577123797 R2
480 -0.871950712960071 0.64 2 7.47368421052632 6.27751560858804 R3
665 -0.871950712960071 0 2 7.47368421052632 6.27751560858804 R1
705 -0.871950712960071 0.444444444444444 2 7.47368421052632 6.27751560858804 R2
68 -0.873578533045965 0.32 4 7.88235294117647 4.44419453353508 R2
122 -0.873578533045965 0 4 7.88235294117647 4.44419453353508 R1
123 -0.873578533045965 0 4 7.88235294117647 4.44419453353508 R1
602 -0.88837516416053 0 1 6.875 6.61319703320565 R1
92 -0.90748521297303 0.444444444444444 2 4 2.20389266007736 R2
481 -0.911293179512876 0 4 8.18181818181818 4.58888344149962 R1
34 -0.912870929175276 0 2 3 1.09544511501033 R1
202 -0.912870929175276 0 2 3 1.09544511501033 R1
305 -0.912870929175276 0 2 3 1.09544511501033 R1
203 -0.912870929175276 0 2 3 1.09544511501033 R1
304 -0.912870929175276 0 2 3 1.09544511501033 R1
509 -0.925820099772551 0 2 4 2.16024689946929 R1
638 -0.925820099772551 0 2 4 2.16024689946929 R1
700 -0.928476690885261 0.375 3 4.66666666666667 1.7950549357115 R2
701 -0.928476690885261 0.375 3 4.66666666666667 1.7950549357115 R2
413 -0.951600834301832 0 1 3.625 2.75850956133924 R1
671 -0.951600834301832 0 1 3.625 2.75850956133924 R1
455 -0.951600834301832 0.666666666666667 1 3.625 2.75850956133924 R3
58 -0.957082200829279 0 2 7.66666666666667 5.9207732227772 R1
695 -0.973163097071662 0 1 7.09090909090909 6.25887799202128 R1
678 -0.973163097071662 0 1 7.09090909090909 6.25887799202128 R1
139 -0.987829161147262 0 3 4.57142857142857 1.59078981795143 R1
138 -0.987829161147262 0 3 4.57142857142857 1.59078981795143 R1
541 -0.995277423429142 0 4 9.8 5.82752091373338 R1
542 -0.995277423429142 0 4 9.8 5.82752091373338 R1
492 -1.00430109511798 0.375 3 6 2.98715197522271 R2
569 -1.01197647479681 0 2 10.0952380952381 7.99943308648903 R1
399 -1.01197647479681 0 2 10.0952380952381 7.99943308648903 R1
362 -1.02712840682652 0 1 6.4 5.25737577123797 R1
685 -1.0312494009047 0 1 7.47368421052632 6.27751560858804 R1
475 -1.0312494009047 0 1 7.47368421052632 6.27751560858804 R1
645 -1.0312494009047 0 1 7.47368421052632 6.27751560858804 R1
593 -1.0312494009047 0 1 7.47368421052632 6.27751560858804 R1
415 -1.03774904332554 0.625 2 3.55555555555556 1.49897084035912 R3
396 -1.05528970602217 0 4 8.66666666666667 4.42216638714053 R1
315 -1.07602570847597 0.666666666666667 1 4.44444444444444 3.20108006464176 R3
655 -1.07602570847597 0 1 4.44444444444444 3.20108006464176 R1
222 -1.08256695844285 0 1 3.38461538461538 2.20274170204252 R1
124 -1.0985911854972 0 3 7.88235294117647 4.44419453353508 R1
471 -1.0985911854972 0.48 3 7.88235294117647 4.44419453353508 R2
628 -1.0985911854972 0 3 7.88235294117647 4.44419453353508 R1
322 -1.13489464961484 0 1 6.4 4.75815090134813 R1
132 -1.13489464961484 0.5 1 6.4 4.75815090134813 R2
394 -1.13698533344818 0 1 10.0952380952381 7.99943308648903 R1
479 -1.13698533344818 0 1 10.0952380952381 7.99943308648903 R1
699 -1.16382874792529 0 1 4.2 2.7495454169735 R1
489 -1.16382874792529 0 1 4.2 2.7495454169735 R1
684 -1.18585412256314 0 1 4 2.5298221281347 R1
550 -1.18585412256314 0 1 4 2.5298221281347 R1
232 -1.22474487139159 0 1 2 0.816496580927726 R1
268 -1.22474487139159 0 2 3.2 0.979795897113271 R1
463 -1.22474487139159 0 4 5.2 0.97979589711327 R1
464 -1.22474487139159 0 4 5.2 0.97979589711327 R1
607 -1.26491106406735 0 1 3 1.58113883008419 R1
711 -1.27385218392994 0 1 3.55555555555556 2.00616334280753 R1
510 -1.2747548783982 0.5 1 2.85714285714286 1.45686271816937 R2
663 -1.27967175815224 0 1 5.11111111111111 3.21262939884466 R1
635 -1.27967175815224 0 1 5.11111111111111 3.21262939884466 R1
488 -1.30188910980824 0.625 2 5.33333333333333 2.5603819159562 R3
560 -1.32360383794843 0.444444444444444 2 7.88235294117647 4.44419453353508 R2
458 -1.33333333333333 0.375 3 5 1.5 R2
459 -1.33333333333333 0.375 3 5 1.5 R2
161 -1.33847653495643 0 2 9.8 5.82752091373338 R1
598 -1.33847653495643 0 2 9.8 5.82752091373338 R1
553 -1.33906812682397 0 2 6 2.98715197522271 R1
552 -1.33906812682397 0 2 6 2.98715197522271 R1
407 -1.33906812682397 0 2 6 2.98715197522271 R1
660 -1.36122781945955 0 1 4 2.20389266007736 R1
273 -1.36122781945955 0 1 4 2.20389266007736 R1
70 -1.36947357603492 0 4 10.4 4.67332857821917 R1
702 -1.38873014965883 0.5 1 4 2.16024689946929 R2
395 -1.41421356237309 0 2 2.66666666666667 0.471404520791032 R1
361 -1.41421356237309 0 2 2.66666666666667 0.471404520791032 R1
379 -1.41421356237309 0 2 4 1.4142135623731 R1
405 -1.41421356237309 0 1 2 0.707106781186548 R1
649 -1.41421356237309 0 1 2 0.707106781186548 R1
307 -1.46857632348831 0 1 2.88888888888889 1.28620410031002 R1
709 -1.47087101353638 0.5 1 3.14285714285714 1.45686271816937 R2
513 -1.50755672288882 0 2 8.66666666666667 4.42216638714053 R1
417 -1.55563491861041 0 1 4.66666666666667 2.35702260395516 R1
683 -1.5650469822069 0 1 8.18181818181818 4.58888344149962 R1
679 -1.5650469822069 0 1 8.18181818181818 4.58888344149962 R1
445 -1.56814040426404 0.5 1 5.14285714285714 2.64189171555813 R2
641 -1.56814040426404 0.5 1 5.14285714285714 2.64189171555813 R2
632 -1.58113883008419 0 1 2 0.632455532033676 R1
721 -1.66666666666667 0 1 3.5 1.5 R1
532 -1.67705098312484 0.5 1 4 1.78885438199983 R2
530 -1.69245584275071 0 1 5.33333333333333 2.5603819159562 R1
586 -1.70487342832053 0 1 3.55555555555556 1.49897084035912 R1
686 -1.79605302026775 0 2 7 2.78388218141501 R1
119 -1.83711730708738 0.5 1 2.8 0.979795897113272 R2
511 -2.04264871994757 0 1 4.66666666666667 1.7950549357115 R1
6 -2.24536559755125 0 1 6.5 2.44948974278318 R1
