1049 5
127 21
1801 4
71 32
1648 5
1481 6
882 5
1488 3
1050 7
560 10
1178 5
798 9
898 8
1387 5
512 11
1273 5
463 13
458 9
517 10
2516 4
451 16
454 8
1785 3
2538 3
1364 6
1408 6
2448 3
1250 9
1363 5
722 10
2507 3
634 11
1109 6
578 7
1630 7
695 9
978 6
728 9
1244 7
1638 6
742 7
378 9
325 12
29 33
889 8
350 20
1233 5
1810 4
540 12
1615 4
1162 6
58 34
684 9
211 22
153 15
1732 4
2073 4
2387 3
861 5
337 18
2406 3
101 25
340 21
76 34
311 16
982 9
571 8
1214 6
1190 10
825 8
389 15
917 5
2425 4
495 6
1703 5
1171 5
1345 5
1123 5
966 5
1322 7
992 4
1816 5
758 7
2460 4
3571 3
236 23
706 10
218 18
1172 7
2510 4
14 35
2458 3
3124 3
1259 7
834 5
285 22
2441 3
3574 3
2474 3
234 16
2414 4
594 13
1438 4
1216 6
2285 4
1135 8
2864 3
1203 6
96 12
1068 6
1778 4
3667 3
1667 4
486 10
1354 5
160 22
569 13
8 58
98 28
1048 10
2434 3
1000 7
1381 6
1061 8
43 29
1396 4
686 10
2054 4
391 14
288 11
943 12
193 24
119 36
586 9
180 26
410 12
246 12
999 6
690 6
1168 6
61 33
1180 6
430 9
1185 7
447 10
1446 4
536 12
1741 4
1767 6
1653 4
1315 5
1130 6
415 13
1688 4
1266 6
2394 3
189 10
2597 3
1292 8
1356 6
480 11
1153 6
438 10
1871 5
107 16
2385 4
87 29
1022 9
1458 6
1832 4
444 19
508 9
2704 3
953 8
1336 7
221 22
39 33
1089 8
558 11
417 8
12 39
1762 4
784 9
260 20
573 12
1844 4
3707 3
1084 7
762 7
2504 4
1144 9
638 12
2798 3
734 12
1723 5
875 12
2479 3
1 69
506 11
116 24
136 25
1197 8
144 10
2419 3
661 8
1440 6
2524 3
2482 4
381 19
1471 4
1814 4
308 11
906 9
177 23
678 12
373 11
773 7
1247 6
205 19
22 48
927 10
1752 4
1309 6
301 16
2874 3
51 37
1758 4
1622 6
1260 6
1822 4
456 16
3685 3
652 9
874 13
975 8
3605 3
493 18
2220 4
1436 6
1033 7
2528 3
2400 3
1320 7
796 8
1026 4
3709 3
366 15
844 10
272 19
1646 4
1469 4
775 10
3544 3
400 6
2518 3
534 8
919 7
746 6
1268 5
20 32
888 9
633 14
1011 7
2023 4
151 24
1754 6
1669 4
1825 4
3562 3
1627 6
1161 6
468 8
1285 7
2093 4
1019 8
700 11
287 13
475 9
78 18
990 7
413 12
294 19
764 6
932 6
1442 5
1614 5
349 17
1743 5
515 7
1242 6
2545 3
1208 6
1107 5
138 24
1383 6
606 13
1803 3
137 25
3542 3
2522 3
1855 5
724 11
1201 7
666 9
432 11
519 15
1074 5
860 6
1195 4
1063 8
17 37
2451 3
1776 3
2158 4
1274 5
2415 3
708 9
110 20
333 22
710 13
1656 3
323 17
856 8
1834 5
1664 4
112 23
3700 3
191 14
545 11
2467 3
187 21
588 9
1684 4
646 16
756 12
446 9
1283 7
262 20
1220 6
212 19
2436 4
1331 6
3663 3
1149 5
2383 3
542 17
1305 4
961 10
2407 3
1087 7
1288 5
810 8
2476 4
574 14
1238 5
170 21
33 29
660 9
1793 4
7 30
1701 4
227 15
26 59
977 7
2443 4
566 7
526 7
1901 4
264 17
806 10
255 15
359 14
182 17
1229 4
1817 5
108 23
604 12
1001 7
556 8
717 9
232 26
477 14
815 8
671 8
1338 6
1182 5
225 23
1447 5
330 13
142 25
207 25
167 17
48 41
1857 5
360 13
2423 3
692 12
663 7
2431 3
3564 3
854 10
969 8
1174 4
1076 9
1946 4
766 6
510 9
393 17
449 14
658 9
274 11
549 14
659 10
877 9
1128 6
1771 3
1141 8
682 9
353 20
375 17
984 10
1155 6
2409 4
946 7
788 7
3515 3
1485 6
128 24
1724 5
3692 3
250 9
303 18
614 6
1765 6
501 6
1313 4
278 19
490 13
1843 5
130 25
155 30
1373 5
387 15
53 24
1465 6
1302 5
1112 7
626 10
1397 4
3678 3
1294 5
941 8
461 11
583 13
2392 4
257 12
1426 9
951 8
782 12
85 33
1824 4
809 10
1156 5
1486 7
425 15
1869 5
591 7
832 7
736 9
539 9
781 13
828 11
276 21
1920 4
102 24
2465 3
1831 5
1698 4
3523 3
520 16
1218 6
532 11
1193 7
2455 3
55 30
2398 3
1681 5
259 23
57 26
424 14
872 12
1625 6
163 22
1402 6
1836 5
395 11
1146 8
89 25
175 23
2402 3
584 15
988 5
35 31
2929 4
1841 5
2453 4
3584 3
1454 6
347 16
2827 3
1333 7
665 9
434 13
1184 5
865 7
1476 7
1207 4
2533 4
904 7
930 9
442 11
1675 4
649 9
2851 3
689 10
1318 5
648 13
886 9
642 12
1116 8
1764 5
1329 7
1725 5
198 18
1718 4
1098 5
1059 10
2379 4
727 11
939 6
320 18
3528 3
3713 3
811 6
913 11
2019 4
202 11
465 11
249 19
361 15
2468 4
184 24
819 7
1177 6
1189 9
1127 6
776 10
894 6
1748 6
858 6
1298 5
1819 4
1459 5
140 27
1900 4
1269 5
412 15
181 20
385 15
954 11
1359 5
1479 7
307 20
1671 4
801 10
985 9
1463 4
1467 4
830 7
154 31
754 13
847 9
479 13
1101 6
1166 5
704 9
326 17
1462 6
1378 5
1165 8
1003 8
681 8
2543 4
1054 9
1800 4
619 14
1717 4
335 11
1029 6
698 12
5 56
1634 6
3616 3
621 9
524 14
1848 5
554 11
552 15
1867 5
2495 3
598 11
2486 3
780 10
2438 3
3547 3
1623 6
2505 3
1433 4
74 24
240 19
890 6
440 14
1926 4
230 15
1289 6
299 18
115 20
377 9
2525 3
2374 3
1282 7
922 7
602 12
841 7
1694 5
1311 5
1044 7
1072 7
2470 4
1787 4
1394 6
612 12
1751 4
936 6
2251 4
1277 7
91 17
3579 3
1240 6
1086 8
467 15
701 14
474 16
481 9
867 10
214 9
564 7
817 6
563 11
1650 5
2539 3
2547 3
731 10
3639 3
657 13
229 13
1865 5
768 8
1092 8
503 8
673 12
1756 4
1636 6
2491 3
68 33
1483 6
315 9
1827 3
2514 4
3628 3
338 18
2501 4
761 6
576 7
1347 6
222 21
25 32
738 6
1775 5
2418 4
1415 6
484 8
1243 6
1078 5
1036 5
305 17
2530 4
1253 7
928 9
1265 3
544 9
623 10
1512 4
1196 6
1114 7
2389 4
217 18
2382 3
3657 3
328 9
239 13
122 22
628 6
269 9
1730 3
1223 6
878 7
281 13
158 33
363 14
46 31
1316 4
1851 5
733 13
997 7
36 22
630 10
1368 4
748 8
472 12
1655 4
1449 4
317 15
608 10
711 12
132 25
1791 4
1254 5
1642 3
1649 5
3712 3
1234 5
892 9
2878 3
1314 4
3591 3
1428 7
546 15
537 12
1798 5
1474 7
2535 4
522 17
125 30
1632 7
1423 6
1018 9
44 21
2412 3
1687 5
1125 5
667 16
1007 10
741 6
1443 5
1188 7
1833 5
1186 5
998 6
2862 3
1280 7
714 11
1789 5
313 16
529 10
1838 3
1773 3
1058 7
987 7
1324 5
397 18
1150 3
1657 4
2390 3
2185 4
908 12
1335 7
1191 5
459 9
284 17
823 7
903 7
247 16
1340 7
165 19
289 17
729 10
1753 4
771 8
2 74
808 11
401 12
845 10
186 23
1847 4
2553 4
1797 4
1231 7
1119 6
1249 5
147 24
973 5
1142 8
2095 4
1291 7
319 20
915 9
1179 5
1456 5
1052 5
735 12
404 17
516 9
2004 3
1813 4
1493 5
2397 3
1551 5
974 7
1271 5
702 9
1668 4
1715 5
344 11
636 11
1710 4
1406 4
1104 6
561 7
1133 8
209 11
2421 4
1118 9
3718 3
357 15
1307 5
117 20
1812 3
2428 3
1769 5
2475 3
455 10
80 33
600 10
336 17
2472 3
1673 5
457 11
1301 6
821 10
696 8
383 13
2532 3
963 6
297 26
1721 4
1873 6
2497 3
1431 7
92 24
1212 6
3687 3
2433 3
980 8
1805 5
10 34
550 7
1164 5
1477 6
2922 3
1651 5
1081 8
505 14
670 10
1094 6
1736 4
419 17
958 11
995 7
1225 6
837 6
2015 3
290 20
592 9
149 33
625 7
2542 4
712 11
210 18
406 14
1640 6
173 20
530 12
66 34
19 26
3637 3
365 26
763 6
2026 3
470 10
1524 4
793 11
1205 5
1287 8
2403 3
654 8
570 16
252 17
883 6
1159 5
2048 4
283 15
156 25
3625 3
655 12
421 10
59 20
2332 4
1971 4
1367 6
271 11
1226 6
2498 4
1256 7
1070 6
1024 8
1744 3
1853 5
491 12
864 6
1863 5
1016 7
219 28
2463 3
2480 3
13 43
1170 5
2493 3
799 10
105 31
1514 5
925 8
840 7
1647 5
597 13
390 20
2380 3
111 26
1686 5
3549 3
1411 5
38 16
408 12
1480 7
196 17
242 17
945 9
1169 7
559 12
32 39
206 25
118 13
443 12
1674 4
959 10
331 15
1065 8
358 13
1659 5
3606 3
737 11
1795 4
767 6
580 7
1020 7
84 22
805 10
437 9
194 21
1768 5
220 14
2523 3
1312 5
2395 4
1257 6
846 10
1021 5
31 30
1263 6
1689 5
934 6
2307 4
1861 5
1296 7
948 9
1303 5
1654 4
572 11
968 5
2450 3
675 11
1398 6
226 14
15 31
431 9
527 7
1430 7
1145 7
382 17
1870 5
1448 5
2466 3
1506 5
62 39
833 7
139 26
129 26
926 14
548 16
1246 6
859 5
3524 3
739 7
1083 7
1110 6
1293 6
3697 3
876 10
1792 4
662 7
1772 4
418 13
933 6
783 10
168 10
135 25
348 15
145 21
1152 6
789 5
49 38
178 31
1131 5
3624 3
772 6
124 20
993 7
1759 5
627 9
1090 8
1308 5
1429 9
2032 4
2536 3
715 5
2503 4
2483 3
1722 4
23 58
388 11
364 21
653 9
1692 5
950 9
2677 3
1678 4
1445 6
1845 5
509 12
1015 8
367 13
976 8
716 10
1821 3
3580 3
2478 3
1842 5
940 10
1466 6
485 13
743 7
685 8
778 14
21 34
523 16
2377 3
720 11
1270 5
460 7
2449 4
1645 4
453 9
1389 6
324 19
1460 5
723 13
2500 4
244 20
1202 7
637 15
351 16
595 9
1755 4
1138 8
488 8
1854 4
752 7
1232 6
1012 9
835 4
379 8
1267 5
1386 5
901 6
113 24
1639 6
152 14
452 13
342 13
862 6
579 6
295 12
341 15
535 10
1056 10
1618 5
77 24
683 6
2540 4
541 13
2260 5
1215 6
64 23
1712 5
2753 3
1473 6
881 6
765 7
897 6
1628 5
2521 4
312 16
45 38
3671 3
405 18
507 12
2435 3
1002 7
237 22
1173 5
370 14
309 8
1734 6
2371 4
2519 4
567 11
1733 5
416 15
100 26
380 24
914 11
965 5
300 18
1279 7
1258 6
824 7
1439 5
120 18
286 18
2405 4
1075 9
2426 3
800 8
1148 7
2386 4
254 17
392 14
1321 5
1365 5
1407 5
496 14
2442 3
605 9
1779 4
607 9
1807 5
1699 4
42 37
644 8
759 13
851 9
1820 4
399 23
2508 3
1228 6
1073 7
235 21
1931 4
1811 4
2110 3
694 13
436 14
1342 7
2457 3
1802 3
213 21
94 14
816 8
1103 7
1450 7
568 12
265 12
1062 8
296 12
1129 7
791 9
171 21
1143 6
1700 5
1355 6
3640 3
916 8
3617 3
386 16
445 15
200 8
1261 4
1339 7
329 12
525 11
27 35
787 10
1621 6
161 34
582 15
1866 5
1310 5
109 35
1858 4
557 12
718 9
1581 5
1239 6
1507 5
441 18
868 8
672 12
1140 8
769 9
1181 6
275 24
983 9
1809 3
803 10
197 30
1731 4
853 9
751 11
1766 6
60 22
1245 6
1746 4
691 7
1067 5
1676 4
1388 5
346 19
911 11
1295 7
427 9
1111 6
677 14
907 10
82 12
650 12
1154 5
1868 5
1210 7
590 8
895 7
1763 5
69 25
664 6
1157 7
1470 4
1790 5
224 19
2388 3
1690 4
617 14
79 24
1420 4
352 13
1982 4
2502 4
1006 12
2393 3
126 18
426 12
251 13
369 10
996 7
1533 5
1435 5
1840 4
3656 3
279 25
651 12
176 16
2408 4
956 8
629 11
483 10
498 8
947 5
1823 3
2055 4
256 15
2537 4
372 18
920 6
1661 4
1330 7
428 20
1284 7
887 9
3526 3
99 21
1160 7
72 20
3553 3
869 7
500 17
1221 4
1496 3
1933 4
1757 5
790 9
1200 8
533 9
918 7
1122 6
2416 3
1275 7
1108 6
1053 11
462 12
414 10
1770 6
1014 8
1856 4
843 8
2529 4
1209 6
1804 5
263 24
632 13
991 7
394 9
2484 4
610 10
514 6
2444 3
931 7
725 8
513 15
615 10
50 18
476 17
1994 4
1198 9
1409 5
1626 6
797 9
1077 5
2459 3
2464 4
1716 4
1136 7
1175 5
293 11
2854 3
1272 6
1299 3
1781 3
1236 6
967 7
1683 4
645 8
322 9
469 12
635 12
575 12
1088 9
1382 7
1835 5
1452 6
1176 7
2384 3
1815 3
979 6
709 8
1005 6
28 58
310 16
40 25
589 8
192 21
1337 6
215 19
699 9
687 9
1115 7
960 10
818 8
150 14
1707 4
245 10
2511 3
543 16
267 20
1892 3
1777 4
826 6
2546 4
354 13
1437 6
2494 3
1344 7
1064 6
2517 3
757 13
332 11
9 34
1099 6
1217 6
1740 3
745 8
34 38
603 14
2527 4
90 28
1850 5
3514 3
565 8
620 9
1346 6
2693 3
1434 4
850 10
2471 3
2424 3
1547 4
891 6
1045 8
937 9
1004 7
1619 6
16 40
730 13
921 6
1069 6
1013 11
233 21
1224 6
3631 3
368 18
1693 4
316 9
1806 4
994 8
1738 3
1786 4
611 13
1370 5
1849 4
849 8
11 43
492 13
208 13
2440 3
842 8
511 11
93 24
899 11
292 18
2437 4
2531 4
2445 3
291 20
2429 3
3703 3
374 16
199 11
114 26
2410 3
429 13
3688 3
1328 6
73 33
409 12
1091 8
2485 3
1737 4
67 42
3636 3
795 7
241 29
812 9
489 14
794 5
585 12
327 17
2391 4
944 11
1080 8
1780 4
1281 7
1113 11
674 14
732 11
1864 5
1317 6
280 6
957 10
273 25
471 9
2430 4
622 15
970 8
2381 4
1509 6
2375 4
24 37
1416 6
1325 5
104 33
1643 5
2512 4
131 26
502 7
1286 4
314 14
1796 4
1237 6
1635 6
1264 4
1872 5
355 14
2490 3
553 14
159 23
747 10
1252 6
1633 6
2643 3
555 9
1037 6
47 30
1427 6
1484 6
2513 3
1017 6
37 38
855 9
270 13
195 13
2042 4
1057 8
1706 5
538 8
1788 5
679 7
680 10
831 10
1147 5
521 11
1960 4
1332 5
162 11
1241 6
880 8
433 12
1441 3
647 11
1399 5
1206 5
334 14
986 6
786 5
1117 8
740 8
1008 9
1027 7
103 28
201 22
871 13
1680 5
423 13
719 7
1139 6
1319 6
1826 4
902 8
1222 6
827 12
266 19
1747 5
1742 3
2585 3
820 14
174 15
1799 3
1624 6
422 17
1219 6
1695 5
905 8
2534 4
1194 9
3716 3
97 22
2378 3
1704 5
41 24
3645 3
668 12
52 24
750 10
688 9
1749 6
1451 6
302 21
774 6
1126 5
866 6
1453 5
2452 3
910 9
1341 7
693 7
770 6
593 11
188 10
402 11
1534 5
1097 8
641 11
893 8
1641 5
838 7
616 7
640 9
804 11
83 18
1121 6
870 8
896 6
1468 5
1726 5
2068 5
1385 5
1464 5
1818 3
1494 4
962 9
1085 9
755 8
1837 5
777 11
1714 4
2018 4
3609 3
143 25
464 15
1403 5
1672 4
1051 7
6 46
562 9
1304 5
1102 4
183 18
497 15
518 10
3569 3
1478 5
2544 4
1211 6
2541 4
439 14
362 19
1379 5
169 29
411 14
1711 4
2399 4
1542 5
705 9
478 7
384 12
398 14
836 7
1720 4
942 9
955 7
1735 5
2496 3
407 7
3686 3
18 30
376 11
912 10
785 9
1432 6
2369 4
599 8
587 7
609 9
1167 7
1235 6
190 26
298 12
95 20
1750 4
1808 5
923 8
1739 3
822 10
601 10
243 7
231 20
2051 4
779 7
551 8
148 23
343 10
504 9
753 11
697 7
1343 7
981 9
2489 3
2404 3
726 11
2509 4
857 8
1010 6
707 7
106 28
964 5
157 20
1665 4
65 44
935 7
203 19
261 19
1782 4
1213 7
1093 5
1023 6
81 23
2506 4
321 20
1300 6
2473 4
86 16
624 15
1199 9
792 9
1158 6
656 12
371 19
1079 5
204 22
1248 5
2422 3
435 12
814 7
2401 4
1652 5
2492 3
2462 3
1482 6
924 11
885 8
884 6
1709 4
339 12
760 11
228 14
863 7
749 9
2481 3
268 21
531 11
2469 3
829 11
3677 3
345 16
1745 4
172 13
596 10
1297 4
1862 5
223 12
721 10
613 11
1043 6
1255 7
2660 3
669 9
282 14
420 15
1082 9
1066 5
121 23
1852 5
639 13
952 10
989 6
494 9
487 7
1505 4
1071 8
1348 6
2372 4
2235 4
238 15
873 10
577 8
1137 6
253 13
448 15
1227 6
216 25
2427 3
852 11
643 10
63 33
1951 4
1637 6
1120 5
179 20
1532 3
1475 6
1105 4
1794 5
1187 7
713 14
676 12
1334 7
1251 7
2499 3
277 20
2456 3
1192 5
1784 3
879 8
938 8
1679 4
1830 4
1620 6
2700 3
1095 6
1183 6
1262 5
1290 6
1444 5
1132 7
2370 3
929 10
1846 5
133 28
2554 4
123 16
304 14
2515 3
547 18
631 14
2417 3
1616 5
258 19
396 19
1422 5
1631 6
1828 4
482 8
949 8
499 11
56 28
1369 6
1151 5
54 22
306 17
1204 7
70 20
1047 9
839 9
1055 8
2520 3
2447 3
1276 3
166 24
88 29
1009 5
30 41
141 25
909 9
403 16
466 17
1124 8
1230 4
75 17
134 35
618 11
848 11
1917 4
1829 5
1163 6
3717 3
1904 4
450 13
1761 3
1629 5
1702 5
1323 5
1455 6
1713 4
1060 7
3590 3
2420 3
1492 4
703 7
900 6
1134 7
318 14
1729 4
2526 4
972 8
1100 6
473 17
2488 3
1461 6
1774 4
3 58
185 27
2487 3
248 17
146 13
2396 3
1719 5
356 17
802 8
4 39
528 7
164 24
807 10
3567 3
2040 5
