1049 0
127 1
1801 0
71 1
1648 0
1481 0
882 0
1488 0
1050 0
560 0
1178 0
798 0
898 0
1387 0
512 0
1273 0
463 0
458 0
517 0
2516 0
451 0
454 0
1785 0
2538 0
1364 0
1408 0
2448 0
1250 1
1363 0
722 0
2507 0
634 0
1109 0
578 0
1630 0
695 0
978 0
728 0
1244 0
1638 0
742 0
378 0
325 0
29 1
889 0
350 0
1233 0
1810 0
540 0
1615 0
1162 0
58 3
684 0
211 0
153 0
1732 0
2073 0
2387 0
861 0
337 1
2406 0
101 2
340 1
76 1
311 0
982 0
571 0
1214 0
1190 1
825 0
389 0
917 0
2425 0
495 0
1703 0
1171 0
1345 0
1123 0
966 0
1322 0
992 0
1816 0
758 0
2460 0
3571 0
236 2
706 0
218 1
1172 0
2510 0
14 1
2458 0
3124 0
1259 0
834 0
285 1
2441 0
3574 0
2474 0
234 1
2414 0
594 0
1438 0
1216 0
2285 0
1135 0
2864 0
1203 0
96 0
1068 0
1778 0
3667 0
1667 0
486 0
1354 0
160 0
569 0
8 3
98 1
1048 0
2434 0
1000 0
1381 0
1061 0
43 3
1396 0
686 0
2054 0
391 0
288 0
943 1
193 1
119 2
586 0
180 1
410 0
246 0
999 0
690 0
1168 0
61 1
1180 0
430 0
1185 0
447 0
1446 0
536 1
1741 0
1767 0
1653 0
1315 0
1130 0
415 0
1688 0
1266 0
2394 0
189 0
2597 0
1292 0
1356 0
480 0
1153 0
438 0
1871 0
107 0
2385 0
87 0
1022 0
1458 0
1832 0
444 0
508 0
2704 0
953 0
1336 0
221 1
39 1
1089 0
558 0
417 0
12 1
1762 0
784 0
260 0
573 0
1844 0
3707 0
1084 0
762 0
2504 0
1144 0
638 0
2798 0
734 0
1723 0
875 1
2479 0
1 4
506 0
116 1
136 2
1197 0
144 0
2419 0
661 0
1440 0
2524 0
2482 0
381 0
1471 0
1814 0
308 0
906 0
177 0
678 0
373 0
773 0
1247 0
205 0
22 2
927 0
1752 0
1309 0
301 0
2874 0
51 1
1758 0
1622 0
1260 0
1822 0
456 0
3685 0
652 0
874 0
975 0
3605 0
493 1
2220 0
1436 0
1033 0
2528 0
2400 0
1320 0
796 0
1026 0
3709 0
366 1
844 1
272 1
1646 0
1469 0
775 0
3544 0
400 0
2518 0
534 0
919 0
746 0
1268 0
20 1
888 1
633 0
1011 0
2023 0
151 1
1754 0
1669 0
1825 0
3562 0
1627 0
1161 0
468 0
1285 0
2093 0
1019 0
700 0
287 0
475 0
78 0
990 0
413 0
294 1
764 0
932 0
1442 0
1614 0
349 1
1743 0
515 0
1242 0
2545 0
1208 0
1107 0
138 2
1383 0
606 1
1803 0
137 1
3542 0
2522 0
1855 0
724 0
1201 0
666 0
432 0
519 0
1074 0
860 0
1195 0
1063 0
17 2
2451 0
1776 0
2158 0
1274 0
2415 0
708 0
110 1
333 1
710 0
1656 0
323 0
856 0
1834 0
1664 0
112 1
3700 0
191 0
545 1
2467 0
187 1
588 0
1684 0
646 1
756 1
446 0
1283 0
262 0
1220 0
212 1
2436 0
1331 0
3663 0
1149 0
2383 0
542 0
1305 0
961 0
2407 0
1087 0
1288 0
810 0
2476 0
574 1
1238 0
170 1
33 1
660 0
1793 0
7 1
1701 0
227 0
26 1
977 0
2443 0
566 0
526 0
1901 0
264 0
806 1
255 1
359 0
182 1
1229 0
1817 0
108 1
604 0
1001 0
556 0
717 0
232 1
477 0
815 0
671 0
1338 0
1182 0
225 1
1447 0
330 0
142 1
207 1
167 0
48 1
1857 0
360 0
2423 0
692 0
663 0
2431 0
3564 0
854 0
969 0
1174 0
1076 0
1946 0
766 0
510 0
393 1
449 0
658 0
274 0
549 0
659 0
877 0
1128 0
1771 0
1141 0
682 0
353 1
375 1
984 0
1155 0
2409 0
946 0
788 0
3515 0
1485 0
128 0
1724 0
3692 0
250 0
303 0
614 0
1765 0
501 0
1313 0
278 0
490 0
1843 0
130 0
155 1
1373 0
387 1
53 1
1465 0
1302 0
1112 0
626 0
1397 0
3678 0
1294 0
941 0
461 0
583 0
2392 0
257 0
1426 1
951 0
782 0
85 2
1824 0
809 0
1156 0
1486 0
425 1
1869 0
591 0
832 0
736 0
539 0
781 0
828 1
276 1
1920 0
102 2
2465 0
1831 0
1698 0
3523 0
520 0
1218 0
532 0
1193 0
2455 0
55 1
2398 0
1681 0
259 1
57 2
424 0
872 0
1625 0
163 0
1402 0
1836 0
395 0
1146 0
89 2
175 1
2402 0
584 1
988 0
35 1
2929 0
1841 0
2453 0
3584 0
1454 0
347 0
2827 0
1333 0
665 0
434 0
1184 0
865 0
1476 0
1207 0
2533 0
904 0
930 0
442 0
1675 0
649 0
2851 0
689 0
1318 0
648 0
886 0
642 0
1116 0
1764 0
1329 0
1725 0
198 1
1718 0
1098 0
1059 1
2379 0
727 0
939 0
320 1
3528 0
3713 0
811 0
913 0
2019 0
202 0
465 0
249 1
361 1
2468 0
184 2
819 0
1177 0
1189 1
1127 0
776 0
894 0
1748 0
858 0
1298 0
1819 0
1459 0
140 2
1900 0
1269 0
412 0
181 0
385 0
954 0
1359 0
1479 0
307 1
1671 0
801 0
985 0
1463 0
1467 0
830 0
154 1
754 1
847 0
479 0
1101 0
1166 0
704 0
326 0
1462 0
1378 0
1165 0
1003 0
681 0
2543 0
1054 0
1800 0
619 0
1717 0
335 0
1029 0
698 0
5 3
1634 0
3616 0
621 0
524 1
1848 0
554 0
552 0
1867 0
2495 0
598 0
2486 0
780 0
2438 0
3547 0
1623 0
2505 0
1433 0
74 1
240 1
890 0
440 0
1926 0
230 0
1289 0
299 1
115 0
377 0
2525 0
2374 0
1282 0
922 0
602 0
841 0
1694 0
1311 0
1044 0
1072 0
2470 0
1787 0
1394 0
612 0
1751 0
936 0
2251 0
1277 0
91 0
3579 0
1240 0
1086 0
467 0
701 1
474 0
481 0
867 0
214 0
564 0
817 0
563 0
1650 0
2539 0
2547 0
731 0
3639 0
657 0
229 0
1865 0
768 0
1092 0
503 0
673 1
1756 0
1636 0
2491 0
68 1
1483 0
315 0
1827 0
2514 0
3628 0
338 1
2501 0
761 0
576 0
1347 0
222 1
25 1
738 0
1775 0
2418 0
1415 0
484 0
1243 0
1078 0
1036 0
305 0
2530 0
1253 0
928 0
1265 0
544 0
623 1
1512 0
1196 0
1114 0
2389 0
217 0
2382 0
3657 0
328 0
239 0
122 1
628 0
269 0
1730 0
1223 0
878 0
281 0
158 1
363 0
46 1
1316 0
1851 0
733 0
997 0
36 0
630 0
1368 0
748 0
472 0
1655 0
1449 0
317 1
608 0
711 0
132 1
1791 0
1254 0
1642 0
1649 0
3712 0
1234 0
892 0
2878 0
1314 0
3591 0
1428 0
546 0
537 0
1798 0
1474 0
2535 0
522 0
125 1
1632 0
1423 0
1018 1
44 1
2412 0
1687 0
1125 0
667 1
1007 0
741 0
1443 0
1188 0
1833 0
1186 0
998 0
2862 0
1280 0
714 0
1789 0
313 1
529 0
1838 0
1773 0
1058 0
987 0
1324 0
397 1
1150 0
1657 0
2390 0
2185 0
908 1
1335 0
1191 0
459 0
284 0
823 0
903 0
247 0
1340 0
165 0
289 1
729 0
1753 0
771 0
2 3
808 0
401 0
845 0
186 1
1847 0
2553 0
1797 0
1231 0
1119 0
1249 0
147 1
973 0
1142 0
2095 0
1291 0
319 1
915 0
1179 0
1456 0
1052 0
735 0
404 1
516 0
2004 0
1813 0
1493 0
2397 0
1551 0
974 0
1271 0
702 0
1668 0
1715 0
344 0
636 0
1710 0
1406 0
1104 0
561 0
1133 0
209 0
2421 0
1118 0
3718 0
357 0
1307 0
117 1
1812 0
2428 0
1769 0
2475 0
455 0
80 2
600 0
336 1
2472 0
1673 0
457 0
1301 0
821 0
696 0
383 0
2532 0
963 0
297 1
1721 0
1873 0
2497 0
1431 0
92 2
1212 0
3687 0
2433 0
980 0
1805 0
10 1
550 0
1164 0
1477 0
2922 0
1651 0
1081 0
505 0
670 0
1094 0
1736 0
419 0
958 1
995 0
1225 0
837 0
2015 0
290 0
592 0
149 1
625 0
2542 0
712 1
210 1
406 1
1640 0
173 1
530 1
66 2
19 2
3637 0
365 1
763 0
2026 0
470 0
1524 0
793 0
1205 0
1287 0
2403 0
654 0
570 0
252 0
883 0
1159 0
2048 0
283 0
156 0
3625 0
655 1
421 0
59 1
2332 0
1971 0
1367 0
271 0
1226 0
2498 0
1256 0
1070 0
1024 0
1744 0
1853 0
491 0
864 0
1863 0
1016 0
219 1
2463 0
2480 0
13 2
1170 0
2493 0
799 0
105 1
1514 0
925 0
840 0
1647 0
597 0
390 1
2380 0
111 1
1686 0
3549 0
1411 0
38 0
408 0
1480 0
196 1
242 1
945 0
1169 0
559 0
32 1
206 1
118 0
443 0
1674 0
959 0
331 1
1065 0
358 0
1659 0
3606 0
737 0
1795 0
767 0
580 0
1020 0
84 1
805 0
437 0
194 1
1768 0
220 0
2523 0
1312 0
2395 0
1257 0
846 1
1021 0
31 0
1263 0
1689 0
934 0
2307 0
1861 0
1296 0
948 0
1303 0
1654 0
572 0
968 0
2450 0
675 0
1398 0
226 0
15 1
431 0
527 0
1430 0
1145 0
382 1
1870 0
1448 0
2466 0
1506 0
62 2
833 0
139 1
129 1
926 1
548 0
1246 0
859 0
3524 0
739 0
1083 0
1110 0
1293 0
3697 0
876 0
1792 0
662 0
1772 0
418 0
933 0
783 0
168 0
135 2
348 1
145 1
1152 0
789 0
49 1
178 1
1131 0
3624 0
772 0
124 0
993 0
1759 0
627 0
1090 0
1308 0
1429 0
2032 0
2536 0
715 0
2503 0
2483 0
1722 0
23 3
388 0
364 1
653 0
1692 0
950 0
2677 0
1678 0
1445 0
1845 0
509 0
1015 0
367 0
976 0
716 0
1821 0
3580 0
2478 0
1842 0
940 1
1466 0
485 0
743 0
685 0
778 0
21 1
523 0
2377 0
720 0
1270 0
460 0
2449 0
1645 0
453 0
1389 0
324 0
1460 0
723 0
2500 0
244 1
1202 0
637 0
351 1
595 0
1755 0
1138 0
488 0
1854 0
752 0
1232 0
1012 0
835 0
379 0
1267 0
1386 0
901 0
113 1
1639 0
152 0
452 0
342 0
862 0
579 0
295 0
341 0
535 0
1056 0
1618 0
77 1
683 0
2540 0
541 1
2260 0
1215 0
64 1
1712 0
2753 0
1473 0
881 0
765 0
897 0
1628 0
2521 0
312 1
45 0
3671 0
405 0
507 0
2435 0
1002 0
237 0
1173 0
370 0
309 0
1734 0
2371 0
2519 0
567 0
1733 0
416 0
100 1
380 1
914 0
965 0
300 0
1279 0
1258 0
824 0
1439 0
120 1
286 1
2405 0
1075 0
2426 0
800 0
1148 0
2386 0
254 1
392 0
1321 0
1365 0
1407 0
496 1
2442 0
605 0
1779 0
607 0
1807 0
1699 0
42 0
644 0
759 0
851 0
1820 0
399 1
2508 0
1228 0
1073 0
235 1
1931 0
1811 0
2110 0
694 0
436 0
1342 0
2457 0
1802 0
213 1
94 1
816 0
1103 0
1450 0
568 1
265 0
1062 0
296 0
1129 0
791 0
171 1
1143 0
1700 0
1355 0
3640 0
916 0
3617 0
386 1
445 0
200 0
1261 0
1339 0
329 0
525 0
27 1
787 0
1621 0
161 3
582 0
1866 0
1310 0
109 1
1858 0
557 0
718 0
1581 0
1239 0
1507 0
441 0
868 0
672 0
1140 0
769 0
1181 0
275 2
983 0
1809 0
803 1
197 1
1731 0
853 0
751 0
1766 0
60 0
1245 0
1746 0
691 0
1067 0
1676 0
1388 0
346 0
911 0
1295 0
427 0
1111 0
677 0
907 0
82 0
650 1
1154 0
1868 0
1210 0
590 0
895 0
1763 0
69 1
664 0
1157 0
1470 0
1790 0
224 1
2388 0
1690 0
617 1
79 1
1420 0
352 0
1982 0
2502 0
1006 0
2393 0
126 1
426 0
251 0
369 0
996 0
1533 0
1435 0
1840 0
3656 0
279 1
651 0
176 0
2408 0
956 0
629 0
483 0
498 0
947 0
1823 0
2055 0
256 0
2537 0
372 1
920 0
1661 0
1330 0
428 0
1284 0
887 0
3526 0
99 0
1160 0
72 1
3553 0
869 0
500 1
1221 0
1496 0
1933 0
1757 0
790 0
1200 0
533 0
918 0
1122 0
2416 0
1275 0
1108 0
1053 0
462 0
414 0
1770 0
1014 0
1856 0
843 0
2529 0
1209 0
1804 0
263 1
632 0
991 0
394 0
2484 0
610 0
514 0
2444 0
931 0
725 0
513 0
615 0
50 0
476 1
1994 0
1198 1
1409 0
1626 0
797 0
1077 0
2459 0
2464 0
1716 0
1136 0
1175 0
293 0
2854 0
1272 0
1299 0
1781 0
1236 0
967 0
1683 0
645 0
322 0
469 0
635 0
575 1
1088 0
1382 0
1835 0
1452 0
1176 0
2384 0
1815 0
979 0
709 0
1005 0
28 3
310 1
40 0
589 0
192 1
1337 0
215 0
699 0
687 0
1115 0
960 1
818 0
150 0
1707 0
245 0
2511 0
543 0
267 0
1892 0
1777 0
826 0
2546 0
354 1
1437 0
2494 0
1344 0
1064 0
2517 0
757 1
332 0
9 2
1099 0
1217 0
1740 0
745 0
34 2
603 0
2527 0
90 0
1850 0
3514 0
565 0
620 0
1346 0
2693 0
1434 0
850 0
2471 0
2424 0
1547 0
891 0
1045 0
937 0
1004 0
1619 0
16 0
730 0
921 0
1069 0
1013 0
233 0
1224 0
3631 0
368 1
1693 0
316 0
1806 0
994 0
1738 0
1786 0
611 0
1370 0
1849 0
849 0
11 3
492 1
208 0
2440 0
842 0
511 0
93 0
899 0
292 0
2437 0
2531 0
2445 0
291 1
2429 0
3703 0
374 0
199 0
114 2
2410 0
429 0
3688 0
1328 0
73 1
409 0
1091 0
2485 0
1737 0
67 2
3636 0
795 0
241 1
812 0
489 1
794 0
585 1
327 1
2391 0
944 0
1080 0
1780 0
1281 0
1113 0
674 0
732 0
1864 0
1317 0
280 0
957 0
273 2
471 0
2430 0
622 0
970 0
2381 0
1509 0
2375 0
24 2
1416 0
1325 0
104 1
1643 0
2512 0
131 0
502 0
1286 0
314 0
1796 0
1237 0
1635 0
1264 0
1872 0
355 0
2490 0
553 0
159 1
747 0
1252 0
1633 0
2643 0
555 1
1037 0
47 1
1427 0
1484 0
2513 0
1017 0
37 2
855 0
270 0
195 0
2042 0
1057 0
1706 0
538 0
1788 0
679 0
680 0
831 0
1147 0
521 0
1960 0
1332 0
162 0
1241 0
880 0
433 0
1441 0
647 0
1399 0
1206 0
334 0
986 0
786 0
1117 1
740 0
1008 0
1027 0
103 1
201 0
871 0
1680 0
423 1
719 0
1139 0
1319 0
1826 0
902 0
1222 0
827 0
266 1
1747 0
1742 0
2585 0
820 1
174 0
1799 0
1624 0
422 0
1219 0
1695 0
905 0
2534 0
1194 0
3716 0
97 1
2378 0
1704 0
41 1
3645 0
668 0
52 1
750 0
688 0
1749 0
1451 0
302 1
774 0
1126 0
866 0
1453 0
2452 0
910 0
1341 0
693 0
770 0
593 0
188 0
402 0
1534 0
1097 0
641 0
893 0
1641 0
838 0
616 0
640 0
804 0
83 0
1121 0
870 0
896 0
1468 0
1726 0
2068 0
1385 0
1464 0
1818 0
1494 0
962 0
1085 0
755 0
1837 0
777 1
1714 0
2018 0
3609 0
143 1
464 1
1403 0
1672 0
1051 0
6 2
562 0
1304 0
1102 0
183 0
497 0
518 0
3569 0
1478 0
2544 0
1211 0
2541 0
439 1
362 1
1379 0
169 1
411 0
1711 0
2399 0
1542 0
705 0
478 0
384 0
398 1
836 0
1720 0
942 1
955 0
1735 0
2496 0
407 0
3686 0
18 1
376 0
912 0
785 0
1432 0
2369 0
599 0
587 0
609 0
1167 0
1235 0
190 1
298 0
95 2
1750 0
1808 0
923 0
1739 0
822 0
601 0
243 0
231 0
2051 0
779 0
551 0
148 1
343 0
504 0
753 1
697 0
1343 0
981 0
2489 0
2404 0
726 0
2509 0
857 0
1010 0
707 0
106 1
964 0
157 1
1665 0
65 0
935 0
203 1
261 0
1782 0
1213 0
1093 0
1023 0
81 1
2506 0
321 0
1300 0
2473 0
86 1
624 1
1199 0
792 0
1158 0
656 1
371 1
1079 0
204 1
1248 0
2422 0
435 0
814 0
2401 0
1652 0
2492 0
2462 0
1482 0
924 1
885 0
884 0
1709 0
339 0
760 0
228 0
863 0
749 0
2481 0
268 0
531 0
2469 0
829 0
3677 0
345 0
1745 0
172 0
596 0
1297 0
1862 0
223 0
721 1
613 0
1043 0
1255 0
2660 0
669 0
282 0
420 0
1082 0
1066 0
121 0
1852 0
639 1
952 0
989 0
494 0
487 0
1505 0
1071 0
1348 0
2372 0
2235 0
238 0
873 1
577 0
1137 0
253 0
448 0
1227 0
216 1
2427 0
852 0
643 0
63 1
1951 0
1637 0
1120 0
179 0
1532 0
1475 0
1105 0
1794 0
1187 0
713 0
676 0
1334 0
1251 0
2499 0
277 2
2456 0
1192 0
1784 0
879 0
938 0
1679 0
1830 0
1620 0
2700 0
1095 0
1183 0
1262 0
1290 0
1444 0
1132 0
2370 0
929 0
1846 0
133 1
2554 0
123 0
304 0
2515 0
547 0
631 1
2417 0
1616 0
258 1
396 0
1422 0
1631 0
1828 0
482 0
949 0
499 0
56 0
1369 0
1151 0
54 1
306 0
1204 0
70 0
1047 1
839 0
1055 0
2520 0
2447 0
1276 0
166 1
88 1
1009 0
30 2
141 2
909 0
403 1
466 0
1124 0
1230 0
75 0
134 1
618 0
848 0
1917 0
1829 0
1163 0
3717 0
1904 0
450 1
1761 0
1629 0
1702 0
1323 0
1455 0
1713 0
1060 0
3590 0
2420 0
1492 0
703 0
900 0
1134 0
318 0
1729 0
2526 0
972 0
1100 0
473 1
2488 0
1461 0
1774 0
3 3
185 1
2487 0
248 0
146 0
2396 0
1719 0
356 0
802 0
4 2
528 0
164 0
807 0
3567 0
2040 0
