8 2.81941937217301 0.255102040816327 12 4.30769230769231 2.72833043861049 R5
67 2.72800293254974 0.165289256198347 10 3.22222222222222 2.48451997499977 R5
30 2.52457797976288 0.461538461538462 9 3.25 2.27760839478607 R6
40 2.50541389351142 0.530636525877454 26 8.3 7.06470098447202 R6
228 2.15141149680191 0.355029585798817 10 4 2.78886675511359 R2
118 2.13808993529939 0 5 2.33333333333333 1.24721912892465 R1
34 2.03025890455188 0.527777777777778 8 3.66666666666667 2.13437474581095 R2
64 1.92301846064982 0.197530864197531 8 3.22222222222222 2.48451997499977 R2
28 1.82073295492521 0.291666666666667 10 5.6 2.41660919471892 R2
138 1.75171149185159 0 10 4.90909090909091 2.90624861148105 R1
137 1.75171149185159 0 10 4.90909090909091 2.90624861148105 R1
74 1.66410058867569 0 4 2.28571428571429 1.03015750727543 R1
112 1.51457224071029 0.095 19 8.3 7.06470098447202 R2
58 1.49082560201043 0.5 9 5.14285714285714 2.58725289661069 R2
145 1.46059348668044 0 9 5 2.73861278752583 R1
144 1.46059348668044 0 9 5 2.73861278752583 R1
21 1.46050146050219 0.21875 7 3.71428571428571 2.24971653543195 R2
290 1.42312676129515 0.304498269896194 14 8.36363636363636 3.96054925650763 R2
59 1.42312676129515 0.507936507936508 14 8.36363636363636 3.96054925650763 R2
100 1.41547719350744 0.277008310249308 16 7.8 5.7930993431841 R2
140 1.41421356237309 0 2 1.33333333333333 0.471404520791032 R1
94 1.41421356237309 0 3 2 0.707106781186548 R1
161 1.41421356237309 0.375 3 2 0.707106781186548 R2
259 1.41421356237309 0 10 6.66666666666667 2.35702260395516 R1
260 1.41421356237309 0 10 6.66666666666667 2.35702260395516 R1
258 1.41421356237309 0 10 6.66666666666667 2.35702260395516 R1
285 1.41421356237308 0.518518518518518 6 5.33333333333333 0.471404520791038 R2
286 1.41421356237308 0.518518518518518 6 5.33333333333333 0.471404520791038 R2
14 1.35724178507659 0.152777777777778 11 6 3.68394198806503 R2
53 1.35724178507659 0.152777777777778 11 6 3.68394198806503 R2
170 1.35680105059994 0 5 3.2 1.32664991614216 R1
17 1.27017059221718 0 7 4.25 2.1650635094611 R1
25 1.26491106406735 0 5 3 1.58113883008419 R1
108 1.26491106406735 0 5 3 1.58113883008419 R1
181 1.24285802356751 0.296296296296296 15 7.8 5.7930993431841 R2
119 1.23147462562426 0.255 17 8.3 7.06470098447202 R2
195 1.22620463933689 0 15 10.4444444444444 3.71516744384455 R1
85 1.22620463933689 0.332409972299169 15 10.4444444444444 3.71516744384455 R2
224 1.22474487139159 0 5 4.4 0.489897948556634 R1
225 1.22474487139159 0 5 4.4 0.489897948556634 R1
180 1.22474487139159 0.691358024691358 4 2.8 0.979795897113271 R3
43 1.20604537831106 0.571428571428571 4 2.66666666666667 1.10554159678513 R2
44 1.20604537831106 0.32 4 2.66666666666667 1.10554159678513 R2
246 1.19674700326782 0 7 5.14285714285714 1.55182578445718 R1
245 1.19674700326782 0 7 5.14285714285714 1.55182578445718 R1
52 1.16666666666667 0 5 3.6 1.2 R1
51 1.16666666666667 0 5 3.6 1.2 R1
63 1.1180339887499 0 6 3.22222222222222 2.48451997499977 R1
11 1.10940039245046 0 11 7 3.60555127546399 R1
61 1.10431526074847 0.73356401384083 8 5.14285714285714 2.58725289661069 R3
36 1.08579342806127 0.165289256198347 10 6 3.68394198806503 R2
182 1.07023885362757 0.2265625 14 7.8 5.7930993431841 R2
5 1.0690449676497 0 5 3.66666666666667 1.24721912892465 R1
19 1.01600101600152 0.244897959183674 6 3.71428571428571 2.24971653543195 R2
208 1 0 4 3.5 0.5 R1
147 1 0 5 3.5 1.5 R1
207 1 0 4 3.5 0.5 R1
146 1 0 5 3.5 1.5 R1
221 0.986796780260552 0 7 4.30769230769231 2.72833043861049 R1
6 0.986796780260552 0.37037037037037 7 4.30769230769231 2.72833043861049 R2
190 0.957037767287327 0 14 10.4444444444444 3.71516744384455 R1
32 0.918146297609777 0.680555555555555 12 8.36363636363636 3.96054925650763 R3
123 0.905752918579103 0 9 6.4 2.87054001888147 R1
71 0.866025403784441 0 9 7.71428571428571 1.48461497791618 R1
69 0.866025403784441 0 9 7.71428571428571 1.48461497791618 R1
72 0.866025403784441 0 9 7.71428571428571 1.48461497791618 R1
70 0.866025403784441 0 9 7.71428571428571 1.48461497791618 R1
82 0.814345071045956 0.314049586776859 9 6 3.68394198806503 R2
56 0.814345071045956 0.5859375 9 6 3.68394198806503 R2
16 0.808290376865476 0 6 4.25 2.1650635094611 R1
24 0.808290376865476 0 6 4.25 2.1650635094611 R1
23 0.808290376865476 0.54 6 4.25 2.1650635094611 R2
46 0.806828202995202 0.475 14 8.3 7.06470098447202 R2
183 0.725000513747712 0.142011834319526 12 7.8 5.7930993431841 R2
98 0.719452934153333 0 7 4.90909090909091 2.90624861148105 R1
236 0.717137165600636 0 6 4 2.78886675511359 R1
237 0.717137165600636 0 6 4 2.78886675511359 R1
68 0.715541752799933 0 5 3.22222222222222 2.48451997499977 R1
351 0.707106781186548 0 3 2.66666666666667 0.471404520791032 R1
349 0.707106781186548 0 3 2.66666666666667 0.471404520791032 R1
114 0.693375245281536 0 3 2.28571428571429 1.03015750727543 R1
252 0.693375245281536 0 3 2.28571428571429 1.03015750727543 R1
87 0.685994340570035 0.5 4 3.2 1.16619037896906 R2
60 0.685994340570035 0.75 4 3.2 1.16619037896906 R3
86 0.685994340570035 0.32 4 3.2 1.16619037896906 R2
120 0.665279395452184 0 13 8.3 7.06470098447202 R1
121 0.665279395452184 0 13 8.3 7.06470098447202 R1
55 0.632455532033676 0.641975308641975 4 3 1.58113883008419 R3
26 0.632455532033676 0 4 3 1.58113883008419 R1
171 0.603022689155527 0 4 3.2 1.32664991614216 R1
18 0.571500571500857 0 5 3.71428571428571 2.24971653543195 R1
217 0.557386411433294 0 8 6.4 2.87054001888147 R1
216 0.557386411433294 0 8 6.4 2.87054001888147 R1
12 0.554700196225229 0 9 7 3.60555127546399 R1
10 0.554700196225229 0 9 7 3.60555127546399 R1
9 0.554700196225229 0 9 7 3.60555127546399 R1
35 0.542896714030637 0.197530864197531 8 6 3.68394198806503 R2
193 0.418704023188205 0 12 10.4444444444444 3.71516744384455 R1
191 0.418704023188205 0 12 10.4444444444444 3.71516744384455 R1
233 0.382181780366148 0 11 8.3 7.06470098447202 R1
158 0.382181780366148 0 11 8.3 7.06470098447202 R1
232 0.382181780366148 0 11 8.3 7.06470098447202 R1
136 0.375366748253913 0 6 4.90909090909091 2.90624861148105 R1
167 0.365148371670111 0 6 5 2.73861278752583 R1
62 0.33129457822454 0.493827160493827 6 5.14285714285714 2.58725289661069 R2
177 0.329292779969071 0.32 4 3.25 2.27760839478607 R2
65 0.313049516849971 0.32 4 3.22222222222222 2.48451997499977 R2
66 0.313049516849971 0 4 3.22222222222222 2.48451997499977 R1
42 0.301511344577764 0.375 3 2.66666666666667 1.10554159678513 R2
241 0.271448357015318 0.21875 7 6 3.68394198806503 R2
240 0.271448357015318 0.21875 7 6 3.68394198806503 R2
1 0.267261241912425 0 4 3.66666666666667 1.24721912892465 R1
2 0.267261241912425 0 4 3.66666666666667 1.24721912892465 R1
3 0.267261241912425 0 4 3.66666666666667 1.24721912892465 R1
4 0.267261241912425 0 4 3.66666666666667 1.24721912892465 R1
273 0.204124145231931 0.653061224489796 3 2.8 0.979795897113271 R3
272 0.204124145231931 0 3 2.8 0.979795897113271 R1
271 0.204124145231931 0 3 2.8 0.979795897113271 R1
126 0.165521177720474 0 6 5.6 2.41660919471892 R1
109 0.160675602081711 0.609375 9 8.36363636363636 3.96054925650763 R2
96 0.156173761888606 0.641975308641975 4 3.66666666666667 2.13437474581095 R3
20 0.127000127000191 0 4 3.71428571428571 2.24971653543195 R1
268 0.0990841652801125 0 9 8.3 7.06470098447202 R1
151 0.0345238339879864 0.446280991735537 8 7.8 5.7930993431841 R2
93 0 0 2 2 0.707106781186548 R1
374 0 0 4 4 2.78886675511359 R1
135 0 0 5 5 2.73861278752583 R1
159 0 0.444444444444444 2 2 0.707106781186548 R2
160 0 0.625 2 2 0.707106781186548 R3
302 0 0 5 5 5.96046447753906e-08 R1
305 0 0 5 5 5.96046447753906e-08 R1
373 0 0 4 4 2.78886675511359 R1
301 0 0 5 5 5.96046447753906e-08 R1
92 0 0 2 2 0.707106781186548 R1
304 0 0 5 5 5.96046447753906e-08 R1
306 0 0.53125 5 5 5.96046447753906e-08 R2
134 0 0 5 5 2.73861278752583 R1
303 0 0 5 5 5.96046447753906e-08 R1
57 -0.0552157630374234 0.567901234567901 5 5.14285714285714 2.58725289661069 R2
335 -0.0894427190999919 0 3 3.22222222222222 2.48451997499977 R1
320 -0.0918146297609776 0 8 8.36363636363636 3.96054925650763 R1
321 -0.0918146297609776 0 8 8.36363636363636 3.96054925650763 R1
319 -0.0918146297609776 0 8 8.36363636363636 3.96054925650763 R1
322 -0.0918146297609776 0 8 8.36363636363636 3.96054925650763 R1
318 -0.0918146297609776 0 8 8.36363636363636 3.96054925650763 R1
325 -0.0920574617898318 0 5 5.14285714285714 1.55182578445718 R1
326 -0.0920574617898318 0 5 5.14285714285714 1.55182578445718 R1
324 -0.0920574617898318 0 5 5.14285714285714 1.55182578445718 R1
323 -0.0920574617898318 0 5 5.14285714285714 1.55182578445718 R1
31 -0.10976425998969 0.612244897959184 3 3.25 2.27760839478607 R2
220 -0.112776774886921 0 4 4.30769230769231 2.72833043861049 R1
222 -0.112776774886921 0.32 4 4.30769230769231 2.72833043861049 R2
223 -0.112776774886921 0.32 4 4.30769230769231 2.72833043861049 R2
388 -0.115470053837925 0 4 4.25 2.1650635094611 R1
45 -0.138095335951945 0.56198347107438 7 7.8 5.7930993431841 R2
357 -0.139346602858323 0 6 6.4 2.87054001888147 R1
384 -0.150755672288882 0 3 3.2 1.32664991614216 R1
383 -0.150755672288882 0 3 3.2 1.32664991614216 R1
88 -0.171498585142509 0.375 3 3.2 1.16619037896906 R2
156 -0.24828176658071 0 5 5.6 2.41660919471892 R1
153 -0.267261241912424 0 2 2.33333333333333 1.24721912892465 R1
152 -0.267261241912424 0.625 2 2.33333333333333 1.24721912892465 R3
116 -0.267261241912424 0.64 2 2.33333333333333 1.24721912892465 R3
117 -0.267261241912424 0 2 2.33333333333333 1.24721912892465 R1
154 -0.277350098112614 0 2 2.28571428571429 1.03015750727543 R1
253 -0.277350098112614 0 2 2.28571428571429 1.03015750727543 R1
95 -0.312347523777212 0 3 3.66666666666667 2.13437474581095 R1
33 -0.312347523777212 0.5 3 3.66666666666667 2.13437474581095 R2
111 -0.312347523777212 0.375 3 3.66666666666667 2.13437474581095 R2
377 -0.312805623544927 0 4 4.90909090909091 2.90624861148105 R1
398 -0.312805623544927 0 4 4.90909090909091 2.90624861148105 R1
376 -0.312805623544927 0 4 4.90909090909091 2.90624861148105 R1
375 -0.312805623544927 0 4 4.90909090909091 2.90624861148105 R1
41 -0.325562257348941 0.56198347107438 6 8.3 7.06470098447202 R2
113 -0.441726104299386 0.444444444444444 4 5.14285714285714 2.58725289661069 R2
270 -0.479301293269411 0 3 4.30769230769231 2.72833043861049 R1
107 -0.479301293269411 0 3 4.30769230769231 2.72833043861049 R1
269 -0.479301293269411 0 3 4.30769230769231 2.72833043861049 R1
106 -0.479301293269411 0 3 4.30769230769231 2.72833043861049 R1
358 -0.491934955049954 0 2 3.22222222222222 2.48451997499977 R1
202 -0.491934955049954 0 2 3.22222222222222 2.48451997499977 R1
315 -0.491934955049954 0 2 3.22222222222222 2.48451997499977 R1
187 -0.491934955049954 0 2 3.22222222222222 2.48451997499977 R1
372 -0.491934955049954 0.444444444444444 2 3.22222222222222 2.48451997499977 R2
359 -0.491934955049954 0 2 3.22222222222222 2.48451997499977 R1
360 -0.491934955049954 0 2 3.22222222222222 2.48451997499977 R1
347 -0.5 0.693877551020408 3 3.6 1.2 R3
348 -0.5 0 3 3.6 1.2 R1
29 -0.548821299948452 0.444444444444444 2 3.25 2.27760839478607 R2
189 -0.548821299948452 0.444444444444444 2 3.25 2.27760839478607 R2
342 -0.548821299948452 0.64 2 3.25 2.27760839478607 R3
392 -0.548821299948452 0 2 3.25 2.27760839478607 R1
393 -0.548821299948452 0 2 3.25 2.27760839478607 R1
249 -0.603022689155528 0 2 2.66666666666667 1.10554159678513 R1
248 -0.603022689155528 0 2 2.66666666666667 1.10554159678513 R1
143 -0.608659872434977 0 4 8.3 7.06470098447202 R1
198 -0.632455532033676 0 2 3 1.58113883008419 R1
197 -0.632455532033676 0 2 3 1.58113883008419 R1
27 -0.662084710881894 0.5 4 5.6 2.41660919471892 R2
287 -0.707106781186537 0.277777777777778 5 5.33333333333333 0.471404520791038 R2
284 -0.707106781186537 0.277777777777778 5 5.33333333333333 0.471404520791038 R2
210 -0.707106781186537 0.46875 5 5.33333333333333 0.471404520791038 R2
283 -0.707106781186537 0.277777777777778 5 5.33333333333333 0.471404520791038 R2
328 -0.707106781186547 0 5 6.66666666666667 2.35702260395516 R1
329 -0.707106781186547 0 5 6.66666666666667 2.35702260395516 R1
261 -0.707106781186547 0 5 6.66666666666667 2.35702260395516 R1
262 -0.707106781186547 0 5 6.66666666666667 2.35702260395516 R1
330 -0.707106781186547 0 5 6.66666666666667 2.35702260395516 R1
263 -0.707106781186547 0 5 6.66666666666667 2.35702260395516 R1
139 -0.707106781186547 0 1 1.33333333333333 0.471404520791032 R1
218 -0.707106781186547 0 1 1.33333333333333 0.471404520791032 R1
230 -0.717137165600636 0 2 4 2.78886675511359 R1
229 -0.717137165600636 0 2 4 2.78886675511359 R1
80 -0.762000762001143 0 2 3.71428571428571 2.24971653543195 R1
104 -0.814345071045957 0 3 6 3.68394198806503 R1
105 -0.814345071045957 0 3 6 3.68394198806503 R1
368 -0.816496580927729 0 4 4.4 0.489897948556634 R1
367 -0.816496580927729 0 4 4.4 0.489897948556634 R1
366 -0.816496580927729 0 4 4.4 0.489897948556634 R1
89 -0.828236445561349 0.48 3 5.14285714285714 2.58725289661069 R2
165 -0.845825811651902 0 2 4.30769230769231 2.72833043861049 R1
7 -0.845825811651902 0 2 4.30769230769231 2.72833043861049 R1
166 -0.845825811651902 0 2 4.30769230769231 2.72833043861049 R1
205 -0.891757487521013 0 2 8.3 7.06470098447202 R1
204 -0.891757487521013 0 2 8.3 7.06470098447202 R1
176 -0.891757487521013 0 2 8.3 7.06470098447202 R1
267 -0.891757487521013 0 2 8.3 7.06470098447202 R1
314 -0.894427190999917 0 1 3.22222222222222 2.48451997499977 R1
201 -0.894427190999917 0 1 3.22222222222222 2.48451997499977 R1
251 -0.894427190999917 0 1 3.22222222222222 2.48451997499977 R1
354 -0.894427190999917 0 1 3.22222222222222 2.48451997499977 R1
194 -0.927130337059598 0 7 10.4444444444444 3.71516744384455 R1
192 -0.927130337059598 0 7 10.4444444444444 3.71516744384455 R1
196 -0.927130337059598 0 7 10.4444444444444 3.71516744384455 R1
148 -1 0 2 3.5 1.5 R1
343 -1 0 3 3.5 0.5 R1
344 -1 0 3 3.5 0.5 R1
149 -1 0 2 3.5 1.5 R1
312 -1.00097799534377 0 2 4.90909090909091 2.90624861148105 R1
313 -1.00097799534377 0 2 4.90909090909091 2.90624861148105 R1
299 -1.0011911856516 0 2 7.8 5.7930993431841 R1
300 -1.0011911856516 0 2 7.8 5.7930993431841 R1
186 -1.03330629506403 0 1 8.3 7.06470098447202 R1
209 -1.03330629506403 0 1 8.3 7.06470098447202 R1
250 -1.03330629506403 0 1 8.3 7.06470098447202 R1
150 -1.03330629506403 0 1 8.3 7.06470098447202 R1
15 -1.03923048454133 0 2 4.25 2.1650635094611 R1
22 -1.03923048454133 0 2 4.25 2.1650635094611 R1
371 -1.0690449676497 0 1 2.33333333333333 1.24721912892465 R1
317 -1.07570574840095 0 1 4 2.78886675511359 R1
394 -1.07570574840095 0 1 4 2.78886675511359 R1
157 -1.07588765518308 0 3 5.6 2.41660919471892 R1
54 -1.08579342806128 0 2 6 3.68394198806503 R1
13 -1.08579342806128 0 2 6 3.68394198806503 R1
226 -1.09544511501033 0 2 5 2.73861278752583 R1
227 -1.09544511501033 0 2 5 2.73861278752583 R1
164 -1.09544511501033 0 2 5 2.73861278752583 R1
102 -1.15470053837925 0 6 7.71428571428571 1.48461497791618 R1
101 -1.15470053837925 0 6 7.71428571428571 1.48461497791618 R1
103 -1.15470053837925 0 6 7.71428571428571 1.48461497791618 R1
389 -1.17381035559153 0.5 1 7.8 5.7930993431841 R2
99 -1.17381035559153 0.5 1 7.8 5.7930993431841 R2
79 -1.20650120650181 0 1 3.71428571428571 2.24971653543195 R1
390 -1.20650120650181 0 1 3.71428571428571 2.24971653543195 R1
73 -1.24807544150676 0 1 2.28571428571429 1.03015750727543 R1
115 -1.24807544150676 0.5 1 2.28571428571429 1.03015750727543 R2
110 -1.24939009510885 0.5 1 3.66666666666667 2.13437474581095 R2
234 -1.26491106406735 0 1 3 1.58113883008419 R1
235 -1.26491106406735 0.666666666666667 1 3 1.58113883008419 R3
50 -1.33333333333333 0 2 3.6 1.2 R1
97 -1.34506418124319 0 1 4.90909090909091 2.90624861148105 R1
276 -1.35724178507659 0 1 6 3.68394198806503 R1
163 -1.35724178507659 0 1 6 3.68394198806503 R1
178 -1.38675049056307 0 2 7 3.60555127546399 R1
179 -1.38675049056307 0 2 7 3.60555127546399 R1
350 -1.41421356237309 0.444444444444444 2 2.66666666666667 0.471404520791032 R2
380 -1.41421356237309 0 1 2 0.707106781186548 R1
231 -1.41421356237309 0 1 2 0.707106781186548 R1
327 -1.46546408115872 0 5 10.4444444444444 3.71516744384455 R1
188 -1.50111069989303 0.5 1 4.25 2.1650635094611 R2
254 -1.50755672288882 0 1 2.66666666666667 1.10554159678513 R1
257 -1.60125712808528 0 1 5.14285714285714 2.58725289661069 R1
289 -1.60675602081711 0.444444444444444 2 8.36363636363636 3.96054925650763 R2
203 -1.6583123951777 0 1 3.2 1.32664991614216 R1
391 -1.83711730708738 0 1 2.8 0.979795897113271 R1
316 -1.8592462526598 0 1 8.36363636363636 3.96054925650763 R1
122 -1.88117913858737 0 1 6.4 2.87054001888147 R1
275 -1.8864844365676 0 1 3.2 1.16619037896906 R1
247 -2.02526415937631 0 2 5.14285714285714 1.55182578445718 R1
47 -2.13808993529939 0 1 3.66666666666667 1.24721912892465 R1
