8 2.81941937217301 0.255102040816327 12 4.30769230769231 2.72833043861049 R5
67 2.72800293254974 0.165289256198347 10 3.22222222222222 2.48451997499977 R5
30 2.52457797976288 0.461538461538462 9 3.25 2.27760839478607 R6
40 2.50541389351142 0.530636525877454 26 8.3 7.06470098447202 R6
228 2.15141149680191 0.355029585798817 10 4 2.78886675511359 R2
34 2.03025890455188 0.527777777777778 8 3.66666666666667 2.13437474581095 R2
64 1.92301846064982 0.197530864197531 8 3.22222222222222 2.48451997499977 R2
28 1.82073295492521 0.291666666666667 10 5.6 2.41660919471892 R2
112 1.51457224071029 0.095 19 8.3 7.06470098447202 R2
58 1.49082560201043 0.5 9 5.14285714285714 2.58725289661069 R2
21 1.46050146050219 0.21875 7 3.71428571428571 2.24971653543195 R2
290 1.42312676129515 0.304498269896194 14 8.36363636363636 3.96054925650763 R2
59 1.42312676129515 0.507936507936508 14 8.36363636363636 3.96054925650763 R2
100 1.41547719350744 0.277008310249308 16 7.8 5.7930993431841 R2
161 1.41421356237309 0.375 3 2 0.707106781186548 R2
285 1.41421356237308 0.518518518518518 6 5.33333333333333 0.471404520791038 R2
286 1.41421356237308 0.518518518518518 6 5.33333333333333 0.471404520791038 R2
14 1.35724178507659 0.152777777777778 11 6 3.68394198806503 R2
53 1.35724178507659 0.152777777777778 11 6 3.68394198806503 R2
181 1.24285802356751 0.296296296296296 15 7.8 5.7930993431841 R2
119 1.23147462562426 0.255 17 8.3 7.06470098447202 R2
85 1.22620463933689 0.332409972299169 15 10.4444444444444 3.71516744384455 R2
180 1.22474487139159 0.691358024691358 4 2.8 0.979795897113271 R3
43 1.20604537831106 0.571428571428571 4 2.66666666666667 1.10554159678513 R2
44 1.20604537831106 0.32 4 2.66666666666667 1.10554159678513 R2
61 1.10431526074847 0.73356401384083 8 5.14285714285714 2.58725289661069 R3
36 1.08579342806127 0.165289256198347 10 6 3.68394198806503 R2
182 1.07023885362757 0.2265625 14 7.8 5.7930993431841 R2
19 1.01600101600152 0.244897959183674 6 3.71428571428571 2.24971653543195 R2
6 0.986796780260552 0.37037037037037 7 4.30769230769231 2.72833043861049 R2
32 0.918146297609777 0.680555555555555 12 8.36363636363636 3.96054925650763 R3
82 0.814345071045956 0.314049586776859 9 6 3.68394198806503 R2
56 0.814345071045956 0.5859375 9 6 3.68394198806503 R2
23 0.808290376865476 0.54 6 4.25 2.1650635094611 R2
46 0.806828202995202 0.475 14 8.3 7.06470098447202 R2
183 0.725000513747712 0.142011834319526 12 7.8 5.7930993431841 R2
87 0.685994340570035 0.5 4 3.2 1.16619037896906 R2
60 0.685994340570035 0.75 4 3.2 1.16619037896906 R3
86 0.685994340570035 0.32 4 3.2 1.16619037896906 R2
55 0.632455532033676 0.641975308641975 4 3 1.58113883008419 R3
35 0.542896714030637 0.197530864197531 8 6 3.68394198806503 R2
62 0.33129457822454 0.493827160493827 6 5.14285714285714 2.58725289661069 R2
177 0.329292779969071 0.32 4 3.25 2.27760839478607 R2
65 0.313049516849971 0.32 4 3.22222222222222 2.48451997499977 R2
42 0.301511344577764 0.375 3 2.66666666666667 1.10554159678513 R2
241 0.271448357015318 0.21875 7 6 3.68394198806503 R2
240 0.271448357015318 0.21875 7 6 3.68394198806503 R2
273 0.204124145231931 0.653061224489796 3 2.8 0.979795897113271 R3
109 0.160675602081711 0.609375 9 8.36363636363636 3.96054925650763 R2
96 0.156173761888606 0.641975308641975 4 3.66666666666667 2.13437474581095 R3
151 0.0345238339879864 0.446280991735537 8 7.8 5.7930993431841 R2
159 0 0.444444444444444 2 2 0.707106781186548 R2
160 0 0.625 2 2 0.707106781186548 R3
306 0 0.53125 5 5 5.96046447753906e-08 R2
57 -0.0552157630374234 0.567901234567901 5 5.14285714285714 2.58725289661069 R2
31 -0.10976425998969 0.612244897959184 3 3.25 2.27760839478607 R2
222 -0.112776774886921 0.32 4 4.30769230769231 2.72833043861049 R2
223 -0.112776774886921 0.32 4 4.30769230769231 2.72833043861049 R2
45 -0.138095335951945 0.56198347107438 7 7.8 5.7930993431841 R2
88 -0.171498585142509 0.375 3 3.2 1.16619037896906 R2
152 -0.267261241912424 0.625 2 2.33333333333333 1.24721912892465 R3
116 -0.267261241912424 0.64 2 2.33333333333333 1.24721912892465 R3
33 -0.312347523777212 0.5 3 3.66666666666667 2.13437474581095 R2
111 -0.312347523777212 0.375 3 3.66666666666667 2.13437474581095 R2
41 -0.325562257348941 0.56198347107438 6 8.3 7.06470098447202 R2
113 -0.441726104299386 0.444444444444444 4 5.14285714285714 2.58725289661069 R2
372 -0.491934955049954 0.444444444444444 2 3.22222222222222 2.48451997499977 R2
347 -0.5 0.693877551020408 3 3.6 1.2 R3
29 -0.548821299948452 0.444444444444444 2 3.25 2.27760839478607 R2
189 -0.548821299948452 0.444444444444444 2 3.25 2.27760839478607 R2
342 -0.548821299948452 0.64 2 3.25 2.27760839478607 R3
27 -0.662084710881894 0.5 4 5.6 2.41660919471892 R2
287 -0.707106781186537 0.277777777777778 5 5.33333333333333 0.471404520791038 R2
284 -0.707106781186537 0.277777777777778 5 5.33333333333333 0.471404520791038 R2
210 -0.707106781186537 0.46875 5 5.33333333333333 0.471404520791038 R2
283 -0.707106781186537 0.277777777777778 5 5.33333333333333 0.471404520791038 R2
89 -0.828236445561349 0.48 3 5.14285714285714 2.58725289661069 R2
389 -1.17381035559153 0.5 1 7.8 5.7930993431841 R2
99 -1.17381035559153 0.5 1 7.8 5.7930993431841 R2
115 -1.24807544150676 0.5 1 2.28571428571429 1.03015750727543 R2
110 -1.24939009510885 0.5 1 3.66666666666667 2.13437474581095 R2
235 -1.26491106406735 0.666666666666667 1 3 1.58113883008419 R3
350 -1.41421356237309 0.444444444444444 2 2.66666666666667 0.471404520791032 R2
188 -1.50111069989303 0.5 1 4.25 2.1650635094611 R2
289 -1.60675602081711 0.444444444444444 2 8.36363636363636 3.96054925650763 R2
