*Vertices 6529
0.00688612
0.00643616
0.00612736
0.00598179
0.00550095
0.00533332
0.00426136
0.00422607
0.00403197
0.00385993
0.00351585
0.00332616
0.00332175
0.00328204
0.00320705
0.00318499
0.00311441
0.00308794
0.00307912
0.00303942
0.00296443
0.00292472
0.00284532
0.00283209
0.00283209
0.00279238
0.00277915
0.00275268
0.00274386
0.0027218
0.00266446
0.00264681
0.00263799
0.00257182
0.00254094
0.00247918
0.00244389
0.00243948
0.00239095
0.00238213
0.00234684
0.00231155
0.00229831
0.00228949
0.00225861
0.00220567
0.00220126
0.00220126
0.0021748
0.00216597
0.00216597
0.00214833
0.00214833
0.00209098
0.00207333
0.00206892
0.00206892
0.00206892
0.00205128
0.00203363
0.00202922
0.00200716
0.00199393
0.00198511
0.00197628
0.00197628
0.00196305
0.00195864
0.00194982
0.00192776
0.00192335
0.00190129
0.00189688
0.00189247
0.00187041
0.001866
0.00185718
0.00183953
0.00180865
0.00179542
0.00176895
0.00176013
0.00175572
0.00174248
0.00173366
0.0017116
0.00169837
0.00169837
0.00169837
0.00168955
0.00168514
0.00166749
0.00166308
0.00165867
0.00165426
0.00165426
0.00164984
0.00164543
0.00164543
0.0016322
0.00157926
0.00157485
0.00157485
0.00157485
0.00156603
0.00153956
0.00153515
0.00153515
0.00153074
0.00152633
0.0015175
0.0015175
0.00150427
0.00149986
0.00149104
0.00148662
0.00146457
0.00146016
0.00145575
0.00144251
0.0014381
0.0014381
0.00143369
0.00143369
0.00142045
0.00140281
0.00140281
0.0013984
0.0013984
0.0013984
0.0013984
0.00138958
0.00138516
0.00138075
0.00137193
0.00137193
0.00137193
0.00136752
0.00136311
0.00135428
0.00134105
0.00134105
0.00134105
0.00133223
0.00133223
0.0013234
0.0013234
0.00131899
0.00131458
0.00131458
0.00130576
0.00130576
0.00130135
0.00128811
0.0012837
0.0012837
0.0012837
0.00127929
0.00127929
0.00127929
0.00127488
0.00127047
0.00124841
0.00124841
0.00124841
0.001244
0.001244
0.001244
0.001244
0.001244
0.00123518
0.00123077
0.00122636
0.00121753
0.00121753
0.00121753
0.00121312
0.0012043
0.00119106
0.00118224
0.00117342
0.00116901
0.00116901
0.0011646
0.00116018
0.00115136
0.00115136
0.00114254
0.00113813
0.00113813
0.00113813
0.00113813
0.00113372
0.00112048
0.00112048
0.00111607
0.00111607
0.00110725
0.00110725
0.00110725
0.00110284
0.00110284
0.0010896
0.0010896
0.00106755
0.00106314
0.00105872
0.00105872
0.00105431
0.00105431
0.0010499
0.0010499
0.0010499
0.00104108
0.00103226
0.00103226
0.00102343
0.00101902
0.00101902
0.0010102
0.00100579
0.00100138
0.00100138
0.000996965
0.000988142
0.00097932
0.000974908
0.000970497
0.000970497
0.000970497
0.000970497
0.000966086
0.000957263
0.000952851
0.000952851
0.00094844
0.000944029
0.000944029
0.000939617
0.000939617
0.000939617
0.000930795
0.000926383
0.000926383
0.000926383
0.000921972
0.000917561
0.000917561
0.000913149
0.000908738
0.000908738
0.000908738
0.000904327
0.000899915
0.000899915
0.000895504
0.000895504
0.000895504
0.000895504
0.000891093
0.000891093
0.00088227
0.00088227
0.000873447
0.000873447
0.000869036
0.000869036
0.000864625
0.000864625
0.000864625
0.000860213
0.000860213
0.000855802
0.000855802
0.000855802
0.000855802
0.000855802
0.00085139
0.000846979
0.000838156
0.000838156
0.000829334
0.000829334
0.000824922
0.000820511
0.000820511
0.0008161
0.0008161
0.0008161
0.000811688
0.000811688
0.000811688
0.000807277
0.000807277
0.000807277
0.000807277
0.000802866
0.000798454
0.000798454
0.000798454
0.000794043
0.000789632
0.000789632
0.000780809
0.000776398
0.000776398
0.000771986
0.000771986
0.000767575
0.000767575
0.000767575
0.000763163
0.000758752
0.000758752
0.000749929
0.000749929
0.000749929
0.000745518
0.000745518
0.000745518
0.000745518
0.000741107
0.000736695
0.000736695
0.000732284
0.000732284
0.000732284
0.000732284
0.000732284
0.000732284
0.000732284
0.000727873
0.000727873
0.000723461
0.000723461
0.000723461
0.00071905
0.00071905
0.000714639
0.000714639
0.000710227
0.000705816
0.000705816
0.000705816
0.000705816
0.000705816
0.000705816
0.000701405
0.000701405
0.000696993
0.000692582
0.000692582
0.000692582
0.000692582
0.000692582
0.000692582
0.000688171
0.000688171
0.000683759
0.000683759
0.000679348
0.000679348
0.000679348
0.000674936
0.000666114
0.000666114
0.000661702
0.000657291
0.000657291
0.000657291
0.000657291
0.000657291
0.00065288
0.00065288
0.00065288
0.000648468
0.000648468
0.000644057
0.000644057
0.000644057
0.000639646
0.000635234
0.000635234
0.000635234
0.000635234
0.000635234
0.000630823
0.000630823
0.000630823
0.000626412
0.000626412
0.000622
0.000622
0.000622
0.000617589
0.000599944
0.000599944
0.000599944
0.000599944
0.000599944
0.000599944
0.000595532
0.000595532
0.000595532
0.000591121
0.000591121
0.000591121
0.000591121
0.000591121
0.000586709
0.000586709
0.000586709
0.000586709
0.000586709
0.000586709
0.000586709
0.000582298
0.000582298
0.000582298
0.000577887
0.000577887
0.000577887
0.000577887
0.000577887
0.000573475
0.000573475
0.000573475
0.000573475
0.000569064
0.000569064
0.000564653
0.000564653
0.000564653
0.000564653
0.000560241
0.000560241
0.000560241
0.000560241
0.00055583
0.00055583
0.00055583
0.00055583
0.00055583
0.000551419
0.000551419
0.000551419
0.000551419
0.000551419
0.000547007
0.000547007
0.000547007
0.000547007
0.000547007
0.000547007
0.000547007
0.000542596
0.000538185
0.000538185
0.000538185
0.000538185
0.000538185
0.000538185
0.000538185
0.000533773
0.000533773
0.000529362
0.000529362
0.000529362
0.000529362
0.000529362
0.000529362
0.000529362
0.000524951
0.000524951
0.000524951
0.000520539
0.000520539
0.000520539
0.000520539
0.000511717
0.000511717
0.000511717
0.000511717
0.000511717
0.000511717
0.000507305
0.000507305
0.000507305
0.000507305
0.000507305
0.000507305
0.000507305
0.000502894
0.000502894
0.000502894
0.000502894
0.000502894
0.000502894
0.000498482
0.000498482
0.000498482
0.000494071
0.000494071
0.000494071
0.000494071
0.000494071
0.000494071
0.000494071
0.000494071
0.00048966
0.00048966
0.00048966
0.00048966
0.00048966
0.000485248
0.000485248
0.000485248
0.000485248
0.000485248
0.000480837
0.000480837
0.000480837
0.000480837
0.000476426
0.000476426
0.000476426
0.000476426
0.000476426
0.000476426
0.000476426
0.000476426
0.000476426
0.000472014
0.000467603
0.000467603
0.000467603
0.000467603
0.000467603
0.000463192
0.000463192
0.00045878
0.00045878
0.00045878
0.00045878
0.00045878
0.000454369
0.000454369
0.000454369
0.000454369
0.000454369
0.000449958
0.000449958
0.000449958
0.000449958
0.000449958
0.000449958
0.000449958
0.000449958
0.000449958
0.000445546
0.000445546
0.000445546
0.000445546
0.000445546
0.000445546
0.000445546
0.000445546
0.000441135
0.000441135
0.000441135
0.000441135
0.000441135
0.000441135
0.000436724
0.000436724
0.000432312
0.000432312
0.000432312
0.000432312
0.000432312
0.000432312
0.000432312
0.000432312
0.000432312
0.000427901
0.000427901
0.00042349
0.00042349
0.00042349
0.00042349
0.00042349
0.00042349
0.00042349
0.00042349
0.000419078
0.000419078
0.000419078
0.000414667
0.000414667
0.000414667
0.000414667
0.000414667
0.000414667
0.000414667
0.000414667
0.000414667
0.000414667
0.000414667
0.000414667
0.000410256
0.000410256
0.000410256
0.000405844
0.000405844
0.000405844
0.000405844
0.000405844
0.000405844
0.000405844
0.000401433
0.000401433
0.000401433
0.000401433
0.000401433
0.000401433
0.000397021
0.000397021
0.000397021
0.000397021
0.000397021
0.000397021
0.000397021
0.000397021
0.000397021
0.000397021
0.000397021
0.00039261
0.00039261
0.00039261
0.000388199
0.000388199
0.000388199
0.000388199
0.000388199
0.000388199
0.000388199
0.000388199
0.000388199
0.000383787
0.000383787
0.000383787
0.000383787
0.000379376
0.000379376
0.000379376
0.000379376
0.000379376
0.000379376
0.000379376
0.000374965
0.000370553
0.000370553
0.000370553
0.000370553
0.000370553
0.000370553
0.000370553
0.000370553
0.000370553
0.000370553
0.000370553
0.000370553
0.000366142
0.000361731
0.000357319
0.000357319
0.000357319
0.000357319
0.000357319
0.000352908
0.000352908
0.000352908
0.000352908
0.000352908
0.000352908
0.000352908
0.000352908
0.000352908
0.000352908
0.000352908
0.000352908
0.000352908
0.000352908
0.000352908
0.000348497
0.000348497
0.000348497
0.000348497
0.000344085
0.000344085
0.000344085
0.000344085
0.000344085
0.000344085
0.000344085
0.000344085
0.000344085
0.000344085
0.000344085
0.000344085
0.000344085
0.000344085
0.000344085
0.000344085
0.000339674
0.000339674
0.000339674
0.000335263
0.000335263
0.000335263
0.000335263
0.000335263
0.000335263
0.000335263
0.000335263
0.000335263
0.000335263
0.000335263
0.000335263
0.000335263
0.000330851
0.000330851
0.000330851
0.00032644
0.00032644
0.00032644
0.00032644
0.00032644
0.00032644
0.00032644
0.00032644
0.00032644
0.00032644
0.00032644
0.00032644
0.00032644
0.000322029
0.000322029
0.000322029
0.000322029
0.000322029
0.000322029
0.000322029
0.000317617
0.000317617
0.000317617
0.000317617
0.000317617
0.000317617
0.000317617
0.000317617
0.000317617
0.000317617
0.000317617
0.000317617
0.000317617
0.000317617
0.000317617
0.000317617
0.000317617
0.000317617
0.000317617
0.000317617
0.000313206
0.000313206
0.000313206
0.000308794
0.000308794
0.000308794
0.000308794
0.000308794
0.000308794
0.000308794
0.000308794
0.000304383
0.000304383
0.000304383
0.000304383
0.000304383
0.000304383
0.000299972
0.000299972
0.000299972
0.000299972
0.000299972
0.000299972
0.000299972
0.00029556
0.00029556
0.00029556
0.000291149
0.000291149
0.000291149
0.000291149
0.000291149
0.000291149
0.000291149
0.000291149
0.000291149
0.000291149
0.000291149
0.000286738
0.000286738
0.000286738
0.000286738
0.000282326
0.000282326
0.000282326
0.000282326
0.000282326
0.000282326
0.000282326
0.000282326
0.000282326
0.000282326
0.000277915
0.000277915
0.000277915
0.000277915
0.000277915
0.000273504
0.000273504
0.000273504
0.000273504
0.000273504
0.000273504
0.000273504
0.000273504
0.000273504
0.000273504
0.000273504
0.000273504
0.000273504
0.000273504
0.000273504
0.000273504
0.000273504
0.000273504
0.000273504
0.000273504
0.000273504
0.000273504
0.000273504
0.000273504
0.000273504
0.000273504
0.000269092
0.000269092
0.000269092
0.000269092
0.000269092
0.000264681
0.000264681
0.000264681
0.000264681
0.000264681
0.000264681
0.000264681
0.000264681
0.000264681
0.000264681
0.000264681
0.000264681
0.000264681
0.000264681
0.000264681
0.000264681
0.000264681
0.000264681
0.000264681
0.000264681
0.000264681
0.000264681
0.000264681
0.000264681
0.000264681
0.000264681
0.000264681
0.000264681
0.000264681
0.000264681
0.000264681
0.000264681
0.000264681
0.000264681
0.000264681
0.000264681
0.00026027
0.00026027
0.00026027
0.00026027
0.00026027
0.00026027
0.000255858
0.000255858
0.000255858
0.000255858
0.000255858
0.000255858
0.000255858
0.000255858
0.000255858
0.000255858
0.000255858
0.000247036
0.000247036
0.000247036
0.000247036
0.000247036
0.000247036
0.000247036
0.000247036
0.000247036
0.000247036
0.000247036
0.000247036
0.000247036
0.000247036
0.000247036
0.000242624
0.000242624
0.000242624
0.000242624
0.000238213
0.000238213
0.000238213
0.000238213
0.000238213
0.000238213
0.000238213
0.000238213
0.000238213
0.000238213
0.000238213
0.000238213
0.000238213
0.000238213
0.000238213
0.000238213
0.000238213
0.000238213
0.000238213
0.000238213
0.000233802
0.000233802
0.000233802
0.000233802
0.000233802
0.000233802
0.000233802
0.000233802
0.000233802
0.00022939
0.00022939
0.00022939
0.00022939
0.00022939
0.00022939
0.00022939
0.00022939
0.00022939
0.00022939
0.00022939
0.00022939
0.000224979
0.000224979
0.000220567
0.000220567
0.000220567
0.000220567
0.000220567
0.000220567
0.000220567
0.000220567
0.000220567
0.000220567
0.000220567
0.000220567
0.000220567
0.000220567
0.000220567
0.000220567
0.000220567
0.000220567
0.000220567
0.000220567
0.000220567
0.000220567
0.000220567
0.000220567
0.000220567
0.000220567
0.000220567
0.000220567
0.000220567
0.000220567
0.000220567
0.000220567
0.000220567
0.000220567
0.000220567
0.000216156
0.000216156
0.000216156
0.000216156
0.000216156
0.000211745
0.000211745
0.000211745
0.000211745
0.000211745
0.000211745
0.000211745
0.000211745
0.000211745
0.000211745
0.000211745
0.000211745
0.000211745
0.000211745
0.000211745
0.000211745
0.000211745
0.000211745
0.000211745
0.000211745
0.000211745
0.000211745
0.000211745
0.000207333
0.000207333
0.000207333
0.000207333
0.000202922
0.000202922
0.000202922
0.000202922
0.000202922
0.000202922
0.000202922
0.000202922
0.000202922
0.000202922
0.000202922
0.000202922
0.000202922
0.000202922
0.000202922
0.000202922
0.000198511
0.000194099
0.000194099
0.000194099
0.000194099
0.000194099
0.000194099
0.000194099
0.000194099
0.000194099
0.000194099
0.000194099
0.000194099
0.000194099
0.000194099
0.000194099
0.000194099
0.000194099
0.000194099
0.000194099
0.000194099
0.000194099
0.000194099
0.000194099
0.000194099
0.000194099
0.000194099
0.000194099
0.000194099
0.000194099
0.000194099
0.000194099
0.000189688
0.000189688
0.000189688
0.000189688
0.000189688
0.000185277
0.000185277
0.000185277
0.000185277
0.000185277
0.000185277
0.000185277
0.000185277
0.000185277
0.000185277
0.000185277
0.000185277
0.000185277
0.000185277
0.000185277
0.000185277
0.000185277
0.000185277
0.000185277
0.000185277
0.000185277
0.000185277
0.000185277
0.000185277
0.000185277
0.000185277
0.000185277
0.000185277
0.000185277
0.000185277
0.000185277
0.000185277
0.000185277
0.000185277
0.000185277
0.000185277
0.000185277
0.000180865
0.000180865
0.000180865
0.000180865
0.000180865
0.000176454
0.000176454
0.000176454
0.000176454
0.000176454
0.000176454
0.000176454
0.000176454
0.000176454
0.000176454
0.000176454
0.000176454
0.000176454
0.000176454
0.000176454
0.000176454
0.000176454
0.000176454
0.000176454
0.000176454
0.000176454
0.000176454
0.000176454
0.000176454
0.000176454
0.000176454
0.000176454
0.000176454
0.000176454
0.000176454
0.000176454
0.000176454
0.000176454
0.000176454
0.000176454
0.000176454
0.000176454
0.000176454
0.000172043
0.000172043
0.000172043
0.000172043
0.000172043
0.000167631
0.000167631
0.000167631
0.000167631
0.000167631
0.000167631
0.000167631
0.000167631
0.000167631
0.000167631
0.000167631
0.000167631
0.000167631
0.000167631
0.000167631
0.000167631
0.000167631
0.000167631
0.000167631
0.000167631
0.000167631
0.000167631
0.00016322
0.00016322
0.00016322
0.00016322
0.00016322
0.00016322
0.00016322
0.00016322
0.000158809
0.000158809
0.000158809
0.000158809
0.000158809
0.000158809
0.000158809
0.000158809
0.000158809
0.000158809
0.000158809
0.000158809
0.000158809
0.000158809
0.000158809
0.000158809
0.000158809
0.000158809
0.000158809
0.000158809
0.000158809
0.000158809
0.000158809
0.000158809
0.000158809
0.000158809
0.000158809
0.000158809
0.000158809
0.000158809
0.000158809
0.000158809
0.000158809
0.000154397
0.000154397
0.000154397
0.000154397
0.000154397
0.000149986
0.000149986
0.000149986
0.000149986
0.000149986
0.000149986
0.000149986
0.000149986
0.000149986
0.000149986
0.000149986
0.000149986
0.000149986
0.000149986
0.000149986
0.000149986
0.000149986
0.000149986
0.000149986
0.000149986
0.000149986
0.000145575
0.000145575
0.000145575
0.000145575
0.000145575
0.000145575
0.000141163
0.000141163
0.000141163
0.000141163
0.000141163
0.000141163
0.000141163
0.000141163
0.000141163
0.000141163
0.000141163
0.000141163
0.000141163
0.000141163
0.000141163
0.000141163
0.000141163
0.000141163
0.000141163
0.000141163
0.000141163
0.000141163
0.000141163
0.000141163
0.000141163
0.000141163
0.000141163
0.000141163
0.000141163
0.000141163
0.000141163
0.000141163
0.000141163
0.000141163
0.000141163
0.000141163
0.000141163
0.000141163
0.000141163
0.000141163
0.000141163
0.000141163
0.000141163
0.000141163
0.000141163
0.000141163
0.000141163
0.000141163
0.000141163
0.000141163
0.000141163
0.000141163
0.000141163
0.000141163
0.000141163
0.000141163
0.000141163
0.000141163
0.000141163
0.000141163
0.000141163
0.000141163
0.000141163
0.000141163
0.000141163
0.000141163
0.000141163
0.000136752
0.000136752
0.000136752
0.000136752
0.000136752
0.000136752
0.00013234
0.00013234
0.00013234
0.00013234
0.00013234
0.00013234
0.00013234
0.00013234
0.00013234
0.00013234
0.00013234
0.00013234
0.00013234
0.00013234
0.00013234
0.00013234
0.00013234
0.00013234
0.00013234
0.00013234
0.00013234
0.00013234
0.00013234
0.00013234
0.00013234
0.00013234
0.00013234
0.00013234
0.00013234
0.00013234
0.00013234
0.00013234
0.00013234
0.00013234
0.00013234
0.00013234
0.00013234
0.00013234
0.00013234
0.00013234
0.00013234
0.00013234
0.00013234
0.00013234
0.00013234
0.00013234
0.00013234
0.00013234
0.00013234
0.00013234
0.00013234
0.00013234
0.00013234
0.00013234
0.00013234
0.00013234
0.00013234
0.00013234
0.00013234
0.00013234
0.00013234
0.00013234
0.00013234
0.00013234
0.00013234
0.00013234
0.00013234
0.00013234
0.00013234
0.00013234
0.00013234
0.00013234
0.00013234
0.00013234
0.000127929
0.000127929
0.000127929
0.000127929
0.000127929
0.000127929
0.000123518
0.000123518
0.000123518
0.000123518
0.000123518
0.000123518
0.000123518
0.000123518
0.000123518
0.000123518
0.000123518
0.000123518
0.000123518
0.000123518
0.000123518
0.000123518
0.000123518
0.000123518
0.000123518
0.000123518
0.000123518
0.000123518
0.000123518
0.000119106
0.000119106
0.000119106
0.000119106
0.000119106
0.000119106
0.000114695
0.000114695
0.000114695
0.000114695
0.000114695
0.000114695
0.000114695
0.000114695
0.000114695
0.000114695
0.000114695
0.000114695
0.000114695
0.000114695
0.000114695
0.000114695
0.000114695
0.000114695
0.000114695
0.000114695
0.000114695
0.000114695
0.000114695
0.000114695
0.000114695
0.000114695
0.000114695
0.000114695
0.000114695
0.000114695
0.000114695
0.000114695
0.000114695
0.000114695
0.000114695
0.000114695
0.000114695
0.000114695
0.000114695
0.000114695
0.000114695
0.000114695
0.000114695
0.000114695
0.000114695
0.000114695
0.000114695
0.000114695
0.000114695
0.000114695
0.000114695
0.000114695
0.000114695
0.000114695
0.000114695
0.000114695
0.000114695
0.000114695
0.000114695
0.000114695
0.000114695
0.000114695
0.000114695
0.000114695
0.000114695
0.000114695
0.000114695
0.000114695
0.000114695
0.000114695
0.000105872
0.000105872
0.000105872
0.000105872
0.000105872
0.000105872
0.000105872
0.000105872
0.000105872
0.000105872
0.000105872
0.000105872
0.000105872
0.000105872
0.000105872
0.000105872
0.000105872
0.000105872
0.000105872
0.000105872
0.000105872
0.000105872
0.000105872
0.000105872
0.000105872
0.000105872
0.000105872
0.000105872
0.000105872
0.000105872
0.000105872
0.000105872
0.000105872
0.000105872
0.000105872
0.000105872
0.000105872
0.000105872
0.000105872
0.000105872
0.000105872
0.000105872
0.000105872
0.000105872
0.000105872
0.000105872
0.000105872
0.000105872
0.000105872
0.000105872
0.000105872
0.000105872
0.000105872
0.000105872
0.000105872
0.000105872
0.000105872
0.000105872
0.000105872
0.000105872
0.000105872
0.000105872
0.000105872
0.000105872
0.000105872
0.000105872
0.000105872
0.000105872
0.000105872
0.000105872
0.000105872
0.000105872
0.000105872
0.000105872
0.000105872
0.000105872
0.000105872
0.000105872
0.000105872
0.000105872
0.000105872
0.000105872
0.000105872
0.000105872
0.000105872
0.000105872
0.000105872
0.000105872
0.000105872
0.000105872
0.000105872
0.000105872
0.000105872
0.000105872
0.000105872
0.000105872
0.000105872
0.000105872
0.000105872
0.000105872
0.000105872
0.000105872
0.000105872
0.000105872
0.000105872
0.000105872
0.000105872
0.000105872
0.000101461
0.000101461
0.000101461
0.000101461
0.000101461
0.000101461
0.000101461
0.000101461
0.000101461
0.000101461
9.70497e-05
9.70497e-05
9.70497e-05
9.70497e-05
9.70497e-05
9.70497e-05
9.70497e-05
9.70497e-05
9.70497e-05
9.70497e-05
9.70497e-05
9.70497e-05
9.70497e-05
9.70497e-05
9.70497e-05
9.70497e-05
9.70497e-05
9.70497e-05
9.70497e-05
9.70497e-05
9.70497e-05
9.70497e-05
9.70497e-05
9.70497e-05
9.70497e-05
9.70497e-05
9.70497e-05
9.70497e-05
9.70497e-05
9.70497e-05
9.70497e-05
9.70497e-05
9.70497e-05
9.70497e-05
9.70497e-05
9.70497e-05
9.70497e-05
9.70497e-05
9.70497e-05
9.70497e-05
9.70497e-05
9.70497e-05
9.70497e-05
9.70497e-05
9.70497e-05
9.70497e-05
9.26383e-05
9.26383e-05
9.26383e-05
9.26383e-05
9.26383e-05
9.26383e-05
9.26383e-05
9.26383e-05
8.8227e-05
8.8227e-05
8.8227e-05
8.8227e-05
8.8227e-05
8.8227e-05
8.8227e-05
8.8227e-05
8.8227e-05
8.8227e-05
8.8227e-05
8.8227e-05
8.8227e-05
8.8227e-05
8.8227e-05
8.8227e-05
8.8227e-05
8.8227e-05
8.8227e-05
8.8227e-05
8.8227e-05
8.8227e-05
8.8227e-05
8.8227e-05
8.8227e-05
8.8227e-05
8.8227e-05
8.8227e-05
8.8227e-05
8.8227e-05
8.8227e-05
8.8227e-05
8.8227e-05
8.8227e-05
8.8227e-05
8.8227e-05
8.8227e-05
8.8227e-05
8.8227e-05
8.8227e-05
8.8227e-05
8.8227e-05
8.8227e-05
8.8227e-05
8.8227e-05
8.8227e-05
8.8227e-05
8.8227e-05
8.8227e-05
8.8227e-05
8.8227e-05
8.8227e-05
8.8227e-05
8.8227e-05
8.8227e-05
8.8227e-05
8.8227e-05
8.8227e-05
8.8227e-05
8.8227e-05
8.8227e-05
8.8227e-05
8.8227e-05
8.8227e-05
8.8227e-05
8.8227e-05
8.8227e-05
8.8227e-05
8.8227e-05
8.8227e-05
8.8227e-05
8.8227e-05
8.8227e-05
8.8227e-05
8.8227e-05
8.8227e-05
8.8227e-05
8.8227e-05
8.8227e-05
8.8227e-05
8.8227e-05
8.8227e-05
8.8227e-05
8.8227e-05
8.8227e-05
8.8227e-05
8.8227e-05
8.8227e-05
8.8227e-05
8.8227e-05
8.8227e-05
8.8227e-05
8.8227e-05
8.8227e-05
8.8227e-05
8.8227e-05
8.8227e-05
8.8227e-05
8.8227e-05
8.8227e-05
8.8227e-05
8.8227e-05
8.8227e-05
8.8227e-05
8.8227e-05
8.8227e-05
8.8227e-05
8.8227e-05
8.8227e-05
8.8227e-05
8.8227e-05
8.8227e-05
8.8227e-05
8.8227e-05
8.8227e-05
8.8227e-05
8.8227e-05
8.8227e-05
8.8227e-05
8.8227e-05
8.8227e-05
8.8227e-05
8.8227e-05
8.8227e-05
8.8227e-05
8.8227e-05
8.8227e-05
8.8227e-05
8.8227e-05
8.8227e-05
8.8227e-05
8.8227e-05
8.8227e-05
8.8227e-05
8.8227e-05
8.8227e-05
8.8227e-05
8.8227e-05
8.8227e-05
8.8227e-05
8.8227e-05
8.8227e-05
8.8227e-05
8.8227e-05
8.8227e-05
8.8227e-05
8.8227e-05
8.38156e-05
8.38156e-05
8.38156e-05
8.38156e-05
8.38156e-05
7.94043e-05
7.94043e-05
7.94043e-05
7.94043e-05
7.94043e-05
7.94043e-05
7.94043e-05
7.94043e-05
7.94043e-05
7.94043e-05
7.94043e-05
7.94043e-05
7.94043e-05
7.94043e-05
7.94043e-05
7.94043e-05
7.94043e-05
7.94043e-05
7.94043e-05
7.94043e-05
7.94043e-05
7.94043e-05
7.94043e-05
7.94043e-05
7.94043e-05
7.94043e-05
7.94043e-05
7.94043e-05
7.94043e-05
7.94043e-05
7.94043e-05
7.94043e-05
7.94043e-05
7.94043e-05
7.94043e-05
7.94043e-05
7.94043e-05
7.94043e-05
7.94043e-05
7.94043e-05
7.94043e-05
7.94043e-05
7.94043e-05
7.94043e-05
7.94043e-05
7.94043e-05
7.94043e-05
7.94043e-05
7.94043e-05
7.94043e-05
7.94043e-05
7.94043e-05
7.94043e-05
7.94043e-05
7.94043e-05
7.94043e-05
7.94043e-05
7.94043e-05
7.94043e-05
7.94043e-05
7.94043e-05
7.94043e-05
7.94043e-05
7.94043e-05
7.94043e-05
7.94043e-05
7.94043e-05
7.94043e-05
7.94043e-05
7.94043e-05
7.94043e-05
7.94043e-05
7.94043e-05
7.94043e-05
7.94043e-05
7.94043e-05
7.94043e-05
7.94043e-05
7.94043e-05
7.94043e-05
7.94043e-05
7.94043e-05
7.94043e-05
7.94043e-05
7.94043e-05
7.94043e-05
7.94043e-05
7.94043e-05
7.94043e-05
7.94043e-05
7.94043e-05
7.94043e-05
7.94043e-05
7.94043e-05
7.94043e-05
7.94043e-05
7.94043e-05
7.94043e-05
7.94043e-05
7.94043e-05
7.94043e-05
7.94043e-05
7.94043e-05
7.94043e-05
7.94043e-05
7.94043e-05
7.94043e-05
7.94043e-05
7.94043e-05
7.94043e-05
7.94043e-05
7.94043e-05
7.94043e-05
7.94043e-05
7.94043e-05
7.94043e-05
7.94043e-05
7.94043e-05
7.94043e-05
7.94043e-05
7.94043e-05
7.94043e-05
7.94043e-05
7.94043e-05
7.94043e-05
7.94043e-05
7.94043e-05
7.94043e-05
7.94043e-05
7.94043e-05
7.94043e-05
7.94043e-05
7.94043e-05
7.94043e-05
7.94043e-05
7.94043e-05
7.94043e-05
7.94043e-05
7.94043e-05
7.94043e-05
7.94043e-05
7.94043e-05
7.94043e-05
7.94043e-05
7.94043e-05
7.94043e-05
7.94043e-05
7.49929e-05
7.49929e-05
7.49929e-05
7.49929e-05
7.49929e-05
7.49929e-05
7.49929e-05
7.05816e-05
7.05816e-05
7.05816e-05
7.05816e-05
7.05816e-05
7.05816e-05
7.05816e-05
7.05816e-05
7.05816e-05
7.05816e-05
7.05816e-05
7.05816e-05
7.05816e-05
7.05816e-05
7.05816e-05
7.05816e-05
7.05816e-05
7.05816e-05
7.05816e-05
7.05816e-05
7.05816e-05
7.05816e-05
7.05816e-05
7.05816e-05
7.05816e-05
7.05816e-05
7.05816e-05
7.05816e-05
7.05816e-05
7.05816e-05
7.05816e-05
7.05816e-05
7.05816e-05
7.05816e-05
7.05816e-05
7.05816e-05
7.05816e-05
7.05816e-05
7.05816e-05
7.05816e-05
7.05816e-05
6.61702e-05
6.61702e-05
6.61702e-05
6.61702e-05
6.61702e-05
6.61702e-05
6.17589e-05
6.17589e-05
6.17589e-05
6.17589e-05
6.17589e-05
6.17589e-05
6.17589e-05
6.17589e-05
6.17589e-05
6.17589e-05
6.17589e-05
6.17589e-05
6.17589e-05
6.17589e-05
6.17589e-05
6.17589e-05
6.17589e-05
6.17589e-05
6.17589e-05
6.17589e-05
6.17589e-05
6.17589e-05
6.17589e-05
6.17589e-05
6.17589e-05
6.17589e-05
6.17589e-05
6.17589e-05
6.17589e-05
6.17589e-05
6.17589e-05
6.17589e-05
6.17589e-05
6.17589e-05
6.17589e-05
6.17589e-05
6.17589e-05
6.17589e-05
6.17589e-05
6.17589e-05
6.17589e-05
6.17589e-05
6.17589e-05
6.17589e-05
6.17589e-05
6.17589e-05
6.17589e-05
6.17589e-05
6.17589e-05
6.17589e-05
6.17589e-05
6.17589e-05
6.17589e-05
6.17589e-05
6.17589e-05
6.17589e-05
6.17589e-05
6.17589e-05
6.17589e-05
6.17589e-05
6.17589e-05
6.17589e-05
6.17589e-05
6.17589e-05
6.17589e-05
6.17589e-05
6.17589e-05
6.17589e-05
6.17589e-05
6.17589e-05
6.17589e-05
6.17589e-05
6.17589e-05
6.17589e-05
6.17589e-05
6.17589e-05
6.17589e-05
6.17589e-05
6.17589e-05
6.17589e-05
6.17589e-05
6.17589e-05
6.17589e-05
6.17589e-05
6.17589e-05
6.17589e-05
6.17589e-05
6.17589e-05
6.17589e-05
6.17589e-05
6.17589e-05
5.73475e-05
5.73475e-05
5.73475e-05
5.73475e-05
5.73475e-05
5.73475e-05
5.29362e-05
5.29362e-05
5.29362e-05
5.29362e-05
5.29362e-05
5.29362e-05
5.29362e-05
5.29362e-05
5.29362e-05
5.29362e-05
5.29362e-05
5.29362e-05
5.29362e-05
5.29362e-05
5.29362e-05
5.29362e-05
5.29362e-05
5.29362e-05
5.29362e-05
5.29362e-05
5.29362e-05
5.29362e-05
5.29362e-05
5.29362e-05
5.29362e-05
5.29362e-05
5.29362e-05
5.29362e-05
5.29362e-05
5.29362e-05
5.29362e-05
5.29362e-05
5.29362e-05
5.29362e-05
5.29362e-05
5.29362e-05
5.29362e-05
5.29362e-05
5.29362e-05
5.29362e-05
5.29362e-05
5.29362e-05
5.29362e-05
5.29362e-05
5.29362e-05
5.29362e-05
5.29362e-05
5.29362e-05
5.29362e-05
5.29362e-05
5.29362e-05
5.29362e-05
5.29362e-05
5.29362e-05
5.29362e-05
5.29362e-05
5.29362e-05
5.29362e-05
5.29362e-05
5.29362e-05
5.29362e-05
5.29362e-05
5.29362e-05
5.29362e-05
5.29362e-05
5.29362e-05
5.29362e-05
5.29362e-05
5.29362e-05
5.29362e-05
5.29362e-05
5.29362e-05
5.29362e-05
5.29362e-05
5.29362e-05
5.29362e-05
5.29362e-05
5.29362e-05
5.29362e-05
5.29362e-05
5.29362e-05
5.29362e-05
5.29362e-05
5.29362e-05
5.29362e-05
5.29362e-05
5.29362e-05
5.29362e-05
5.29362e-05
5.29362e-05
5.29362e-05
5.29362e-05
5.29362e-05
5.29362e-05
5.29362e-05
5.29362e-05
5.29362e-05
5.29362e-05
5.29362e-05
5.29362e-05
5.29362e-05
5.29362e-05
5.29362e-05
5.29362e-05
5.29362e-05
5.29362e-05
5.29362e-05
5.29362e-05
5.29362e-05
5.29362e-05
5.29362e-05
5.29362e-05
5.29362e-05
5.29362e-05
5.29362e-05
5.29362e-05
5.29362e-05
5.29362e-05
5.29362e-05
5.29362e-05
5.29362e-05
5.29362e-05
5.29362e-05
5.29362e-05
5.29362e-05
5.29362e-05
5.29362e-05
5.29362e-05
5.29362e-05
5.29362e-05
5.29362e-05
5.29362e-05
5.29362e-05
5.29362e-05
5.29362e-05
5.29362e-05
5.29362e-05
5.29362e-05
5.29362e-05
5.29362e-05
5.29362e-05
5.29362e-05
5.29362e-05
5.29362e-05
5.29362e-05
5.29362e-05
5.29362e-05
5.29362e-05
5.29362e-05
5.29362e-05
5.29362e-05
5.29362e-05
5.29362e-05
5.29362e-05
5.29362e-05
5.29362e-05
5.29362e-05
5.29362e-05
5.29362e-05
5.29362e-05
5.29362e-05
5.29362e-05
5.29362e-05
5.29362e-05
5.29362e-05
5.29362e-05
5.29362e-05
5.29362e-05
5.29362e-05
5.29362e-05
5.29362e-05
5.29362e-05
5.29362e-05
5.29362e-05
5.29362e-05
5.29362e-05
5.29362e-05
5.29362e-05
5.29362e-05
5.29362e-05
5.29362e-05
5.29362e-05
5.29362e-05
5.29362e-05
5.29362e-05
5.29362e-05
5.29362e-05
5.29362e-05
5.29362e-05
5.29362e-05
5.29362e-05
5.29362e-05
5.29362e-05
5.29362e-05
5.29362e-05
5.29362e-05
5.29362e-05
5.29362e-05
5.29362e-05
5.29362e-05
5.29362e-05
5.29362e-05
5.29362e-05
5.29362e-05
5.29362e-05
5.29362e-05
5.29362e-05
5.29362e-05
5.29362e-05
5.29362e-05
5.29362e-05
5.29362e-05
5.29362e-05
5.29362e-05
5.29362e-05
5.29362e-05
5.29362e-05
5.29362e-05
5.29362e-05
5.29362e-05
5.29362e-05
5.29362e-05
5.29362e-05
5.29362e-05
5.29362e-05
5.29362e-05
5.29362e-05
5.29362e-05
5.29362e-05
5.29362e-05
5.29362e-05
5.29362e-05
5.29362e-05
5.29362e-05
5.29362e-05
5.29362e-05
5.29362e-05
5.29362e-05
5.29362e-05
5.29362e-05
5.29362e-05
5.29362e-05
5.29362e-05
5.29362e-05
5.29362e-05
5.29362e-05
5.29362e-05
5.29362e-05
5.29362e-05
5.29362e-05
5.29362e-05
5.29362e-05
5.29362e-05
5.29362e-05
5.29362e-05
5.29362e-05
5.29362e-05
5.29362e-05
5.29362e-05
5.29362e-05
5.29362e-05
5.29362e-05
5.29362e-05
5.29362e-05
5.29362e-05
5.29362e-05
5.29362e-05
5.29362e-05
5.29362e-05
5.29362e-05
5.29362e-05
5.29362e-05
5.29362e-05
5.29362e-05
5.29362e-05
5.29362e-05
5.29362e-05
5.29362e-05
5.29362e-05
5.29362e-05
5.29362e-05
5.29362e-05
5.29362e-05
5.29362e-05
5.29362e-05
5.29362e-05
5.29362e-05
5.29362e-05
5.29362e-05
5.29362e-05
5.29362e-05
5.29362e-05
5.29362e-05
5.29362e-05
5.29362e-05
5.29362e-05
5.29362e-05
5.29362e-05
5.29362e-05
5.29362e-05
5.29362e-05
5.29362e-05
5.29362e-05
5.29362e-05
5.29362e-05
5.29362e-05
5.29362e-05
5.29362e-05
5.29362e-05
5.29362e-05
5.29362e-05
5.29362e-05
5.29362e-05
5.29362e-05
5.29362e-05
5.29362e-05
5.29362e-05
5.29362e-05
5.29362e-05
5.29362e-05
5.29362e-05
5.29362e-05
5.29362e-05
5.29362e-05
5.29362e-05
5.29362e-05
5.29362e-05
5.29362e-05
5.29362e-05
5.29362e-05
5.29362e-05
5.29362e-05
5.29362e-05
5.29362e-05
5.29362e-05
5.29362e-05
5.29362e-05
5.29362e-05
5.29362e-05
5.29362e-05
5.29362e-05
5.29362e-05
5.29362e-05
5.29362e-05
5.29362e-05
5.29362e-05
5.29362e-05
5.29362e-05
5.29362e-05
5.29362e-05
5.29362e-05
5.29362e-05
5.29362e-05
5.29362e-05
5.29362e-05
5.29362e-05
5.29362e-05
5.29362e-05
5.29362e-05
5.29362e-05
5.29362e-05
5.29362e-05
5.29362e-05
5.29362e-05
5.29362e-05
5.29362e-05
5.29362e-05
5.29362e-05
5.29362e-05
5.29362e-05
5.29362e-05
5.29362e-05
5.29362e-05
5.29362e-05
5.29362e-05
5.29362e-05
5.29362e-05
5.29362e-05
5.29362e-05
5.29362e-05
5.29362e-05
5.29362e-05
5.29362e-05
5.29362e-05
5.29362e-05
5.29362e-05
5.29362e-05
5.29362e-05
5.29362e-05
5.29362e-05
5.29362e-05
5.29362e-05
5.29362e-05
5.29362e-05
5.29362e-05
5.29362e-05
5.29362e-05
5.29362e-05
5.29362e-05
5.29362e-05
5.29362e-05
5.29362e-05
5.29362e-05
5.29362e-05
5.29362e-05
5.29362e-05
5.29362e-05
5.29362e-05
5.29362e-05
5.29362e-05
5.29362e-05
5.29362e-05
5.29362e-05
5.29362e-05
5.29362e-05
5.29362e-05
5.29362e-05
5.29362e-05
5.29362e-05
5.29362e-05
5.29362e-05
5.29362e-05
5.29362e-05
5.29362e-05
5.29362e-05
5.29362e-05
5.29362e-05
5.29362e-05
5.29362e-05
5.29362e-05
5.29362e-05
5.29362e-05
5.29362e-05
5.29362e-05
5.29362e-05
5.29362e-05
5.29362e-05
5.29362e-05
5.29362e-05
5.29362e-05
5.29362e-05
5.29362e-05
5.29362e-05
5.29362e-05
5.29362e-05
5.29362e-05
5.29362e-05
5.29362e-05
5.29362e-05
5.29362e-05
5.29362e-05
5.29362e-05
5.29362e-05
5.29362e-05
5.29362e-05
5.29362e-05
5.29362e-05
5.29362e-05
5.29362e-05
5.29362e-05
5.29362e-05
5.29362e-05
5.29362e-05
5.29362e-05
5.29362e-05
5.29362e-05
5.29362e-05
5.29362e-05
5.29362e-05
5.29362e-05
5.29362e-05
5.29362e-05
5.29362e-05
5.29362e-05
5.29362e-05
5.29362e-05
5.29362e-05
5.29362e-05
5.29362e-05
5.29362e-05
5.29362e-05
5.29362e-05
5.29362e-05
5.29362e-05
5.29362e-05
5.29362e-05
5.29362e-05
5.29362e-05
5.29362e-05
5.29362e-05
5.29362e-05
5.29362e-05
5.29362e-05
5.29362e-05
5.29362e-05
5.29362e-05
5.29362e-05
5.29362e-05
5.29362e-05
5.29362e-05
5.29362e-05
5.29362e-05
5.29362e-05
5.29362e-05
5.29362e-05
5.29362e-05
5.29362e-05
5.29362e-05
5.29362e-05
5.29362e-05
5.29362e-05
5.29362e-05
5.29362e-05
5.29362e-05
5.29362e-05
5.29362e-05
5.29362e-05
5.29362e-05
5.29362e-05
5.29362e-05
5.29362e-05
5.29362e-05
5.29362e-05
5.29362e-05
5.29362e-05
5.29362e-05
5.29362e-05
5.29362e-05
5.29362e-05
5.29362e-05
5.29362e-05
5.29362e-05
5.29362e-05
5.29362e-05
5.29362e-05
5.29362e-05
5.29362e-05
5.29362e-05
5.29362e-05
5.29362e-05
5.29362e-05
5.29362e-05
5.29362e-05
5.29362e-05
5.29362e-05
5.29362e-05
5.29362e-05
5.29362e-05
5.29362e-05
5.29362e-05
5.29362e-05
5.29362e-05
5.29362e-05
5.29362e-05
5.29362e-05
5.29362e-05
5.29362e-05
5.29362e-05
5.29362e-05
5.29362e-05
5.29362e-05
5.29362e-05
5.29362e-05
5.29362e-05
5.29362e-05
5.29362e-05
5.29362e-05
5.29362e-05
5.29362e-05
5.29362e-05
5.29362e-05
5.29362e-05
5.29362e-05
5.29362e-05
5.29362e-05
5.29362e-05
5.29362e-05
5.29362e-05
5.29362e-05
5.29362e-05
5.29362e-05
5.29362e-05
5.29362e-05
5.29362e-05
5.29362e-05
5.29362e-05
5.29362e-05
5.29362e-05
5.29362e-05
5.29362e-05
5.29362e-05
5.29362e-05
5.29362e-05
5.29362e-05
5.29362e-05
5.29362e-05
5.29362e-05
5.29362e-05
5.29362e-05
5.29362e-05
5.29362e-05
5.29362e-05
5.29362e-05
5.29362e-05
5.29362e-05
5.29362e-05
5.29362e-05
5.29362e-05
5.29362e-05
5.29362e-05
5.29362e-05
5.29362e-05
5.29362e-05
5.29362e-05
5.29362e-05
5.29362e-05
5.29362e-05
5.29362e-05
5.29362e-05
5.29362e-05
5.29362e-05
5.29362e-05
5.29362e-05
5.29362e-05
5.29362e-05
5.29362e-05
5.29362e-05
5.29362e-05
5.29362e-05
5.29362e-05
5.29362e-05
5.29362e-05
5.29362e-05
5.29362e-05
5.29362e-05
5.29362e-05
5.29362e-05
5.29362e-05
5.29362e-05
5.29362e-05
5.29362e-05
4.85248e-05
4.85248e-05
4.41135e-05
4.41135e-05
4.41135e-05
4.41135e-05
4.41135e-05
4.41135e-05
4.41135e-05
4.41135e-05
4.41135e-05
4.41135e-05
4.41135e-05
4.41135e-05
4.41135e-05
4.41135e-05
4.41135e-05
4.41135e-05
4.41135e-05
4.41135e-05
4.41135e-05
4.41135e-05
4.41135e-05
4.41135e-05
4.41135e-05
4.41135e-05
4.41135e-05
4.41135e-05
4.41135e-05
4.41135e-05
4.41135e-05
4.41135e-05
4.41135e-05
4.41135e-05
4.41135e-05
4.41135e-05
4.41135e-05
4.41135e-05
4.41135e-05
4.41135e-05
4.41135e-05
4.41135e-05
4.41135e-05
4.41135e-05
4.41135e-05
4.41135e-05
4.41135e-05
4.41135e-05
4.41135e-05
3.97021e-05
3.97021e-05
3.97021e-05
3.52908e-05
3.52908e-05
3.52908e-05
3.52908e-05
3.52908e-05
3.52908e-05
3.52908e-05
3.52908e-05
3.52908e-05
3.52908e-05
3.52908e-05
3.52908e-05
3.52908e-05
3.52908e-05
3.52908e-05
3.52908e-05
3.52908e-05
3.52908e-05
3.52908e-05
3.52908e-05
3.52908e-05
3.52908e-05
3.52908e-05
3.52908e-05
3.52908e-05
3.52908e-05
3.52908e-05
3.52908e-05
3.52908e-05
3.52908e-05
3.52908e-05
3.52908e-05
3.52908e-05
3.52908e-05
3.52908e-05
3.52908e-05
3.52908e-05
3.52908e-05
3.52908e-05
3.52908e-05
3.52908e-05
3.52908e-05
3.52908e-05
3.52908e-05
3.52908e-05
3.52908e-05
3.52908e-05
3.52908e-05
3.52908e-05
3.52908e-05
3.52908e-05
3.52908e-05
3.52908e-05
3.52908e-05
3.52908e-05
3.52908e-05
3.52908e-05
3.52908e-05
3.52908e-05
3.52908e-05
3.52908e-05
3.52908e-05
3.52908e-05
3.52908e-05
3.52908e-05
3.52908e-05
3.52908e-05
3.52908e-05
3.52908e-05
3.52908e-05
3.52908e-05
3.52908e-05
3.52908e-05
3.52908e-05
3.52908e-05
3.52908e-05
3.52908e-05
3.52908e-05
3.52908e-05
3.52908e-05
3.52908e-05
3.52908e-05
3.52908e-05
3.52908e-05
3.52908e-05
3.52908e-05
3.52908e-05
3.52908e-05
3.52908e-05
3.52908e-05
3.52908e-05
3.52908e-05
3.52908e-05
3.52908e-05
3.52908e-05
3.52908e-05
3.52908e-05
3.52908e-05
3.52908e-05
3.52908e-05
3.52908e-05
3.52908e-05
3.52908e-05
3.52908e-05
3.52908e-05
3.52908e-05
3.52908e-05
3.52908e-05
3.52908e-05
3.52908e-05
3.52908e-05
3.52908e-05
3.52908e-05
3.52908e-05
3.52908e-05
3.52908e-05
3.52908e-05
3.52908e-05
3.52908e-05
3.52908e-05
3.52908e-05
3.52908e-05
3.52908e-05
3.52908e-05
3.52908e-05
3.52908e-05
3.52908e-05
3.52908e-05
3.52908e-05
3.52908e-05
3.52908e-05
3.52908e-05
3.52908e-05
3.52908e-05
3.52908e-05
3.52908e-05
3.52908e-05
3.52908e-05
3.52908e-05
3.52908e-05
3.52908e-05
3.52908e-05
3.52908e-05
3.52908e-05
3.52908e-05
3.52908e-05
3.52908e-05
3.52908e-05
3.52908e-05
3.52908e-05
3.52908e-05
3.52908e-05
3.52908e-05
3.52908e-05
3.52908e-05
3.52908e-05
3.08794e-05
3.08794e-05
3.08794e-05
3.08794e-05
3.08794e-05
3.08794e-05
3.08794e-05
3.08794e-05
3.08794e-05
2.64681e-05
2.64681e-05
2.64681e-05
2.64681e-05
2.64681e-05
2.64681e-05
2.64681e-05
2.64681e-05
2.64681e-05
2.64681e-05
2.64681e-05
2.64681e-05
2.64681e-05
2.64681e-05
2.64681e-05
2.64681e-05
2.64681e-05
2.64681e-05
2.64681e-05
2.64681e-05
2.64681e-05
2.64681e-05
2.64681e-05
2.64681e-05
2.64681e-05
2.64681e-05
2.64681e-05
2.64681e-05
2.64681e-05
2.64681e-05
2.64681e-05
2.64681e-05
2.64681e-05
2.64681e-05
2.64681e-05
2.64681e-05
2.64681e-05
2.64681e-05
2.64681e-05
2.64681e-05
2.64681e-05
2.64681e-05
2.64681e-05
2.64681e-05
2.64681e-05
2.64681e-05
2.64681e-05
2.64681e-05
2.64681e-05
2.64681e-05
2.64681e-05
2.64681e-05
2.64681e-05
2.64681e-05
2.64681e-05
2.64681e-05
2.64681e-05
2.64681e-05
2.64681e-05
2.64681e-05
2.64681e-05
2.64681e-05
2.64681e-05
2.64681e-05
2.64681e-05
2.64681e-05
2.64681e-05
2.64681e-05
2.64681e-05
2.64681e-05
2.64681e-05
2.64681e-05
2.64681e-05
2.64681e-05
2.64681e-05
2.64681e-05
2.64681e-05
2.64681e-05
2.64681e-05
2.64681e-05
2.64681e-05
2.64681e-05
2.64681e-05
2.64681e-05
2.64681e-05
2.64681e-05
2.64681e-05
2.64681e-05
2.64681e-05
2.64681e-05
2.64681e-05
2.64681e-05
2.64681e-05
2.64681e-05
2.64681e-05
2.64681e-05
2.64681e-05
2.64681e-05
2.64681e-05
2.64681e-05
2.64681e-05
2.64681e-05
2.64681e-05
2.64681e-05
2.64681e-05
2.64681e-05
2.64681e-05
2.64681e-05
2.64681e-05
2.64681e-05
2.64681e-05
2.64681e-05
2.64681e-05
2.64681e-05
2.64681e-05
2.64681e-05
2.64681e-05
2.64681e-05
2.64681e-05
2.64681e-05
2.64681e-05
2.64681e-05
2.64681e-05
2.64681e-05
2.64681e-05
2.64681e-05
2.64681e-05
2.64681e-05
2.64681e-05
2.64681e-05
2.64681e-05
2.64681e-05
2.64681e-05
2.64681e-05
2.64681e-05
2.64681e-05
2.64681e-05
2.64681e-05
2.64681e-05
2.64681e-05
2.64681e-05
2.64681e-05
2.64681e-05
2.64681e-05
2.64681e-05
2.64681e-05
2.64681e-05
2.64681e-05
2.64681e-05
2.64681e-05
2.64681e-05
2.64681e-05
2.64681e-05
2.64681e-05
2.64681e-05
2.64681e-05
2.64681e-05
2.64681e-05
2.64681e-05
2.64681e-05
2.64681e-05
2.64681e-05
2.64681e-05
2.64681e-05
2.64681e-05
2.64681e-05
2.64681e-05
2.64681e-05
2.64681e-05
2.64681e-05
2.64681e-05
2.64681e-05
2.64681e-05
2.64681e-05
2.64681e-05
2.64681e-05
2.64681e-05
2.64681e-05
2.64681e-05
2.64681e-05
2.64681e-05
2.64681e-05
2.64681e-05
2.64681e-05
2.64681e-05
2.64681e-05
2.64681e-05
2.64681e-05
2.64681e-05
2.64681e-05
2.64681e-05
2.64681e-05
2.64681e-05
2.64681e-05
2.64681e-05
2.64681e-05
2.64681e-05
2.64681e-05
2.64681e-05
2.64681e-05
2.64681e-05
2.64681e-05
2.64681e-05
2.64681e-05
2.64681e-05
2.64681e-05
2.64681e-05
2.64681e-05
2.64681e-05
2.64681e-05
2.64681e-05
2.64681e-05
2.64681e-05
2.64681e-05
2.64681e-05
2.64681e-05
2.64681e-05
2.64681e-05
2.64681e-05
2.64681e-05
2.64681e-05
2.64681e-05
2.64681e-05
2.64681e-05
2.64681e-05
2.64681e-05
2.64681e-05
2.64681e-05
2.64681e-05
2.64681e-05
2.64681e-05
2.64681e-05
2.64681e-05
2.64681e-05
2.64681e-05
2.64681e-05
2.64681e-05
2.64681e-05
2.64681e-05
2.64681e-05
2.64681e-05
2.64681e-05
2.64681e-05
2.64681e-05
2.64681e-05
2.64681e-05
2.64681e-05
2.64681e-05
2.64681e-05
2.64681e-05
2.64681e-05
2.64681e-05
2.64681e-05
2.64681e-05
2.64681e-05
2.64681e-05
2.64681e-05
2.64681e-05
2.64681e-05
2.64681e-05
2.64681e-05
2.64681e-05
2.64681e-05
2.64681e-05
2.64681e-05
2.64681e-05
2.64681e-05
2.64681e-05
2.64681e-05
2.64681e-05
2.64681e-05
2.64681e-05
2.64681e-05
2.64681e-05
2.64681e-05
2.64681e-05
2.64681e-05
2.64681e-05
2.64681e-05
2.64681e-05
2.64681e-05
2.64681e-05
2.64681e-05
2.64681e-05
2.64681e-05
2.64681e-05
2.64681e-05
2.64681e-05
2.64681e-05
2.64681e-05
2.64681e-05
2.64681e-05
2.64681e-05
2.64681e-05
2.64681e-05
2.64681e-05
2.64681e-05
2.64681e-05
2.64681e-05
2.64681e-05
2.64681e-05
2.64681e-05
2.64681e-05
2.64681e-05
2.64681e-05
2.64681e-05
2.64681e-05
2.64681e-05
2.64681e-05
2.64681e-05
2.64681e-05
2.64681e-05
2.64681e-05
2.64681e-05
2.64681e-05
2.64681e-05
2.64681e-05
2.64681e-05
2.64681e-05
2.64681e-05
2.64681e-05
2.64681e-05
2.64681e-05
2.64681e-05
2.64681e-05
2.64681e-05
2.64681e-05
2.64681e-05
2.64681e-05
2.64681e-05
2.64681e-05
2.64681e-05
2.64681e-05
2.64681e-05
2.64681e-05
2.64681e-05
2.64681e-05
2.64681e-05
2.64681e-05
2.64681e-05
2.64681e-05
2.64681e-05
2.64681e-05
2.64681e-05
2.64681e-05
2.64681e-05
2.64681e-05
2.64681e-05
2.64681e-05
2.64681e-05
2.64681e-05
2.64681e-05
2.64681e-05
2.64681e-05
2.64681e-05
2.64681e-05
2.64681e-05
2.64681e-05
2.64681e-05
2.64681e-05
2.64681e-05
2.64681e-05
2.64681e-05
2.64681e-05
2.64681e-05
2.64681e-05
2.64681e-05
2.64681e-05
2.64681e-05
2.64681e-05
2.64681e-05
2.64681e-05
2.64681e-05
2.64681e-05
2.64681e-05
2.64681e-05
2.64681e-05
2.64681e-05
2.64681e-05
2.64681e-05
2.64681e-05
2.64681e-05
2.64681e-05
2.64681e-05
2.64681e-05
2.64681e-05
2.64681e-05
2.64681e-05
2.64681e-05
2.64681e-05
2.64681e-05
2.64681e-05
2.64681e-05
2.64681e-05
2.64681e-05
2.64681e-05
2.64681e-05
2.64681e-05
2.64681e-05
2.64681e-05
2.64681e-05
2.64681e-05
2.64681e-05
2.64681e-05
2.64681e-05
2.64681e-05
2.64681e-05
2.64681e-05
2.64681e-05
2.64681e-05
2.64681e-05
2.64681e-05
2.64681e-05
2.64681e-05
2.64681e-05
2.64681e-05
2.64681e-05
2.64681e-05
2.64681e-05
2.64681e-05
2.64681e-05
2.64681e-05
2.64681e-05
2.64681e-05
2.64681e-05
2.64681e-05
2.64681e-05
2.64681e-05
2.64681e-05
2.64681e-05
2.64681e-05
2.64681e-05
2.64681e-05
2.64681e-05
2.64681e-05
2.64681e-05
2.64681e-05
2.64681e-05
2.64681e-05
2.64681e-05
2.64681e-05
2.64681e-05
2.64681e-05
2.64681e-05
2.64681e-05
2.64681e-05
2.64681e-05
2.64681e-05
2.64681e-05
2.64681e-05
2.64681e-05
2.64681e-05
2.64681e-05
2.64681e-05
2.64681e-05
2.64681e-05
2.64681e-05
2.64681e-05
2.64681e-05
2.64681e-05
2.64681e-05
2.64681e-05
2.64681e-05
2.64681e-05
2.64681e-05
2.64681e-05
2.64681e-05
2.64681e-05
2.64681e-05
2.64681e-05
2.64681e-05
2.64681e-05
2.64681e-05
2.64681e-05
2.64681e-05
2.64681e-05
2.64681e-05
2.64681e-05
2.64681e-05
2.64681e-05
2.64681e-05
2.64681e-05
2.64681e-05
2.64681e-05
2.64681e-05
2.64681e-05
2.64681e-05
2.64681e-05
2.64681e-05
2.64681e-05
2.64681e-05
2.64681e-05
2.64681e-05
2.64681e-05
2.64681e-05
2.64681e-05
2.64681e-05
2.64681e-05
2.64681e-05
2.64681e-05
2.64681e-05
2.64681e-05
2.64681e-05
2.64681e-05
2.64681e-05
2.64681e-05
2.64681e-05
2.64681e-05
2.64681e-05
2.64681e-05
2.64681e-05
2.64681e-05
2.64681e-05
2.64681e-05
2.64681e-05
2.64681e-05
2.64681e-05
2.64681e-05
2.64681e-05
2.64681e-05
2.64681e-05
2.64681e-05
2.64681e-05
2.64681e-05
2.64681e-05
2.64681e-05
2.64681e-05
2.64681e-05
2.64681e-05
2.64681e-05
2.64681e-05
2.64681e-05
2.64681e-05
2.64681e-05
2.64681e-05
2.64681e-05
2.64681e-05
2.64681e-05
2.64681e-05
2.64681e-05
2.64681e-05
2.64681e-05
2.64681e-05
2.64681e-05
2.64681e-05
2.64681e-05
2.64681e-05
2.64681e-05
2.64681e-05
2.64681e-05
2.64681e-05
2.64681e-05
2.64681e-05
2.64681e-05
2.64681e-05
2.64681e-05
2.64681e-05
2.64681e-05
2.64681e-05
2.64681e-05
2.64681e-05
2.64681e-05
2.64681e-05
2.64681e-05
2.64681e-05
2.64681e-05
2.64681e-05
2.64681e-05
2.64681e-05
2.64681e-05
2.64681e-05
2.64681e-05
2.64681e-05
2.64681e-05
2.64681e-05
2.64681e-05
2.64681e-05
2.64681e-05
2.64681e-05
2.64681e-05
2.64681e-05
2.64681e-05
2.64681e-05
2.64681e-05
2.64681e-05
2.64681e-05
2.64681e-05
2.64681e-05
2.64681e-05
2.64681e-05
2.64681e-05
2.64681e-05
2.64681e-05
2.64681e-05
2.64681e-05
2.64681e-05
2.64681e-05
2.64681e-05
2.64681e-05
2.64681e-05
2.64681e-05
2.64681e-05
2.64681e-05
2.64681e-05
2.64681e-05
2.64681e-05
2.64681e-05
2.64681e-05
2.64681e-05
2.64681e-05
2.64681e-05
2.64681e-05
2.64681e-05
2.64681e-05
2.64681e-05
2.64681e-05
2.64681e-05
2.64681e-05
2.64681e-05
2.64681e-05
2.64681e-05
2.64681e-05
2.64681e-05
2.64681e-05
2.64681e-05
2.64681e-05
2.64681e-05
2.64681e-05
2.64681e-05
2.64681e-05
2.64681e-05
2.64681e-05
2.64681e-05
2.64681e-05
2.64681e-05
2.64681e-05
2.64681e-05
2.64681e-05
2.64681e-05
2.64681e-05
2.64681e-05
2.64681e-05
2.64681e-05
2.64681e-05
2.64681e-05
2.64681e-05
2.64681e-05
2.64681e-05
2.64681e-05
2.64681e-05
2.64681e-05
2.64681e-05
2.64681e-05
2.64681e-05
2.64681e-05
2.64681e-05
2.64681e-05
2.64681e-05
2.64681e-05
2.64681e-05
2.64681e-05
2.64681e-05
2.64681e-05
2.64681e-05
2.64681e-05
2.64681e-05
2.64681e-05
2.64681e-05
2.64681e-05
2.64681e-05
2.64681e-05
2.64681e-05
2.64681e-05
2.64681e-05
2.64681e-05
2.64681e-05
2.64681e-05
2.64681e-05
2.64681e-05
2.64681e-05
2.64681e-05
2.64681e-05
2.64681e-05
2.64681e-05
2.64681e-05
2.64681e-05
2.64681e-05
2.64681e-05
2.64681e-05
2.64681e-05
2.64681e-05
2.64681e-05
2.64681e-05
2.64681e-05
2.64681e-05
2.64681e-05
2.64681e-05
2.64681e-05
2.64681e-05
2.64681e-05
2.64681e-05
2.64681e-05
2.64681e-05
2.64681e-05
2.64681e-05
2.64681e-05
2.64681e-05
2.64681e-05
2.64681e-05
2.64681e-05
2.64681e-05
2.64681e-05
2.64681e-05
2.64681e-05
2.64681e-05
2.64681e-05
2.64681e-05
2.64681e-05
2.64681e-05
2.64681e-05
2.64681e-05
2.64681e-05
2.64681e-05
2.64681e-05
2.64681e-05
2.64681e-05
2.64681e-05
2.64681e-05
2.64681e-05
2.64681e-05
2.64681e-05
2.64681e-05
2.64681e-05
2.64681e-05
2.64681e-05
2.64681e-05
2.64681e-05
2.64681e-05
2.64681e-05
2.64681e-05
2.64681e-05
2.64681e-05
2.64681e-05
2.64681e-05
2.64681e-05
2.64681e-05
2.64681e-05
2.64681e-05
2.64681e-05
2.64681e-05
2.64681e-05
2.64681e-05
2.64681e-05
2.64681e-05
2.64681e-05
2.64681e-05
2.64681e-05
2.64681e-05
2.64681e-05
2.64681e-05
2.64681e-05
2.64681e-05
2.64681e-05
2.64681e-05
2.64681e-05
2.64681e-05
2.64681e-05
2.64681e-05
2.64681e-05
2.64681e-05
2.64681e-05
2.64681e-05
2.64681e-05
2.64681e-05
2.64681e-05
2.64681e-05
2.64681e-05
2.64681e-05
2.64681e-05
2.64681e-05
2.64681e-05
2.64681e-05
2.64681e-05
2.64681e-05
2.64681e-05
2.64681e-05
2.64681e-05
2.64681e-05
2.64681e-05
2.64681e-05
2.64681e-05
2.64681e-05
2.64681e-05
2.64681e-05
2.64681e-05
2.64681e-05
2.64681e-05
2.64681e-05
2.64681e-05
2.64681e-05
2.64681e-05
2.64681e-05
2.64681e-05
2.64681e-05
2.64681e-05
2.64681e-05
2.64681e-05
2.64681e-05
2.64681e-05
2.64681e-05
2.64681e-05
2.64681e-05
2.64681e-05
2.64681e-05
2.64681e-05
2.64681e-05
2.64681e-05
2.64681e-05
2.64681e-05
2.64681e-05
2.64681e-05
2.64681e-05
2.64681e-05
2.64681e-05
2.64681e-05
2.64681e-05
2.64681e-05
2.64681e-05
2.64681e-05
2.64681e-05
2.64681e-05
2.64681e-05
2.64681e-05
2.64681e-05
2.64681e-05
2.64681e-05
2.64681e-05
2.64681e-05
2.64681e-05
2.64681e-05
2.64681e-05
2.64681e-05
2.64681e-05
2.64681e-05
2.64681e-05
2.64681e-05
2.64681e-05
2.64681e-05
2.64681e-05
2.64681e-05
2.64681e-05
2.64681e-05
2.64681e-05
2.64681e-05
2.64681e-05
2.64681e-05
2.64681e-05
2.64681e-05
2.64681e-05
2.64681e-05
2.64681e-05
2.64681e-05
2.64681e-05
2.64681e-05
2.64681e-05
2.64681e-05
2.64681e-05
2.64681e-05
2.64681e-05
2.64681e-05
2.64681e-05
2.64681e-05
2.64681e-05
2.64681e-05
2.64681e-05
2.64681e-05
2.64681e-05
2.64681e-05
2.64681e-05
2.64681e-05
2.64681e-05
2.64681e-05
2.64681e-05
2.64681e-05
2.64681e-05
2.64681e-05
2.64681e-05
2.64681e-05
2.64681e-05
2.64681e-05
2.64681e-05
2.64681e-05
2.64681e-05
2.64681e-05
2.64681e-05
2.64681e-05
2.64681e-05
2.64681e-05
2.64681e-05
2.64681e-05
2.64681e-05
2.64681e-05
2.64681e-05
2.64681e-05
2.64681e-05
2.64681e-05
2.64681e-05
2.64681e-05
2.64681e-05
2.64681e-05
2.64681e-05
2.64681e-05
2.64681e-05
2.64681e-05
2.64681e-05
2.64681e-05
2.64681e-05
2.64681e-05
2.64681e-05
2.64681e-05
2.64681e-05
2.64681e-05
2.64681e-05
2.64681e-05
2.64681e-05
2.64681e-05
2.64681e-05
2.64681e-05
2.64681e-05
2.64681e-05
2.64681e-05
2.64681e-05
2.64681e-05
2.64681e-05
2.64681e-05
2.64681e-05
2.64681e-05
2.64681e-05
2.64681e-05
2.64681e-05
2.64681e-05
2.64681e-05
2.64681e-05
2.64681e-05
2.64681e-05
2.64681e-05
2.64681e-05
2.64681e-05
2.64681e-05
2.64681e-05
2.64681e-05
2.64681e-05
2.64681e-05
2.64681e-05
2.64681e-05
2.64681e-05
2.64681e-05
2.64681e-05
2.64681e-05
2.64681e-05
2.64681e-05
2.64681e-05
2.64681e-05
2.64681e-05
2.64681e-05
2.64681e-05
2.64681e-05
2.64681e-05
2.64681e-05
2.64681e-05
2.64681e-05
2.64681e-05
2.64681e-05
2.64681e-05
2.64681e-05
2.64681e-05
2.64681e-05
2.64681e-05
2.64681e-05
2.64681e-05
2.64681e-05
2.64681e-05
2.64681e-05
2.64681e-05
2.64681e-05
2.64681e-05
2.64681e-05
2.64681e-05
2.64681e-05
2.64681e-05
2.64681e-05
2.64681e-05
2.64681e-05
2.64681e-05
2.64681e-05
2.64681e-05
2.64681e-05
2.64681e-05
2.64681e-05
2.64681e-05
2.64681e-05
2.64681e-05
2.64681e-05
2.64681e-05
2.64681e-05
2.64681e-05
2.64681e-05
2.64681e-05
2.64681e-05
2.64681e-05
2.64681e-05
2.64681e-05
2.64681e-05
2.64681e-05
2.64681e-05
2.64681e-05
2.64681e-05
2.64681e-05
2.64681e-05
2.64681e-05
2.64681e-05
2.64681e-05
2.64681e-05
2.64681e-05
2.64681e-05
2.64681e-05
2.64681e-05
2.64681e-05
2.64681e-05
2.64681e-05
2.64681e-05
2.64681e-05
2.64681e-05
2.64681e-05
2.64681e-05
2.64681e-05
2.64681e-05
2.64681e-05
2.64681e-05
2.64681e-05
2.64681e-05
2.64681e-05
2.64681e-05
2.64681e-05
2.64681e-05
2.64681e-05
2.64681e-05
2.64681e-05
2.64681e-05
2.64681e-05
2.64681e-05
2.64681e-05
2.64681e-05
2.64681e-05
2.64681e-05
2.64681e-05
2.64681e-05
2.64681e-05
2.64681e-05
2.64681e-05
2.64681e-05
2.64681e-05
2.64681e-05
2.64681e-05
2.64681e-05
2.64681e-05
2.64681e-05
2.64681e-05
2.64681e-05
2.64681e-05
2.64681e-05
2.64681e-05
2.64681e-05
2.64681e-05
2.64681e-05
2.64681e-05
2.64681e-05
2.64681e-05
2.64681e-05
2.64681e-05
2.64681e-05
2.64681e-05
2.64681e-05
2.64681e-05
2.64681e-05
2.64681e-05
2.64681e-05
2.64681e-05
2.64681e-05
2.64681e-05
2.64681e-05
2.64681e-05
2.64681e-05
2.64681e-05
2.64681e-05
2.64681e-05
2.64681e-05
2.64681e-05
2.64681e-05
2.64681e-05
2.64681e-05
2.64681e-05
2.64681e-05
2.64681e-05
2.64681e-05
2.64681e-05
2.64681e-05
2.64681e-05
2.64681e-05
2.64681e-05
2.64681e-05
2.64681e-05
2.64681e-05
2.64681e-05
2.64681e-05
2.64681e-05
2.64681e-05
2.64681e-05
2.64681e-05
2.64681e-05
2.64681e-05
2.64681e-05
2.64681e-05
2.64681e-05
2.64681e-05
2.64681e-05
2.64681e-05
2.64681e-05
2.64681e-05
2.64681e-05
2.64681e-05
2.64681e-05
2.64681e-05
2.64681e-05
2.64681e-05
2.64681e-05
2.64681e-05
2.64681e-05
2.64681e-05
2.64681e-05
2.64681e-05
2.64681e-05
2.64681e-05
2.64681e-05
2.64681e-05
2.64681e-05
2.64681e-05
2.64681e-05
2.64681e-05
2.64681e-05
2.64681e-05
2.64681e-05
2.64681e-05
2.64681e-05
2.64681e-05
2.64681e-05
2.64681e-05
2.64681e-05
2.64681e-05
2.64681e-05
2.64681e-05
2.64681e-05
2.64681e-05
2.64681e-05
2.64681e-05
2.64681e-05
2.64681e-05
2.64681e-05
2.64681e-05
2.64681e-05
2.64681e-05
2.64681e-05
2.64681e-05
2.64681e-05
2.64681e-05
2.64681e-05
2.64681e-05
2.64681e-05
2.64681e-05
2.20567e-05
1.76454e-05
1.76454e-05
1.76454e-05
1.76454e-05
1.76454e-05
1.76454e-05
1.76454e-05
1.76454e-05
1.76454e-05
1.76454e-05
1.76454e-05
1.76454e-05
1.76454e-05
1.76454e-05
1.76454e-05
1.76454e-05
1.76454e-05
1.76454e-05
1.76454e-05
1.76454e-05
1.76454e-05
1.76454e-05
1.76454e-05
1.76454e-05
1.76454e-05
1.76454e-05
1.76454e-05
1.76454e-05
1.76454e-05
1.76454e-05
1.76454e-05
1.76454e-05
1.76454e-05
1.76454e-05
1.76454e-05
1.76454e-05
1.76454e-05
1.76454e-05
1.76454e-05
1.76454e-05
1.76454e-05
1.76454e-05
1.76454e-05
1.76454e-05
1.76454e-05
1.76454e-05
1.76454e-05
1.76454e-05
1.76454e-05
1.76454e-05
1.76454e-05
1.76454e-05
1.76454e-05
1.76454e-05
1.76454e-05
1.76454e-05
1.76454e-05
1.76454e-05
1.76454e-05
1.76454e-05
1.76454e-05
1.76454e-05
1.76454e-05
1.76454e-05
1.76454e-05
1.76454e-05
1.76454e-05
1.76454e-05
1.76454e-05
1.76454e-05
1.76454e-05
1.76454e-05
1.76454e-05
1.76454e-05
1.76454e-05
1.76454e-05
1.76454e-05
1.76454e-05
1.76454e-05
1.76454e-05
1.76454e-05
1.76454e-05
1.76454e-05
1.76454e-05
1.76454e-05
1.76454e-05
1.76454e-05
1.76454e-05
1.76454e-05
1.76454e-05
1.76454e-05
1.76454e-05
1.76454e-05
1.76454e-05
1.76454e-05
1.76454e-05
1.76454e-05
1.76454e-05
1.76454e-05
1.76454e-05
1.76454e-05
1.76454e-05
1.76454e-05
1.76454e-05
1.76454e-05
1.76454e-05
1.76454e-05
1.76454e-05
1.76454e-05
1.76454e-05
1.76454e-05
1.76454e-05
1.76454e-05
1.76454e-05
1.76454e-05
1.76454e-05
1.76454e-05
1.76454e-05
1.76454e-05
1.76454e-05
1.76454e-05
1.76454e-05
1.76454e-05
1.76454e-05
1.76454e-05
1.76454e-05
1.76454e-05
1.76454e-05
1.76454e-05
1.76454e-05
1.76454e-05
1.76454e-05
1.76454e-05
1.76454e-05
1.76454e-05
1.76454e-05
1.76454e-05
1.76454e-05
1.76454e-05
1.76454e-05
1.76454e-05
1.76454e-05
1.76454e-05
1.76454e-05
1.76454e-05
1.76454e-05
1.76454e-05
1.76454e-05
1.76454e-05
1.76454e-05
1.76454e-05
1.76454e-05
1.76454e-05
1.76454e-05
1.76454e-05
1.76454e-05
1.76454e-05
1.76454e-05
1.76454e-05
1.76454e-05
1.76454e-05
1.76454e-05
1.76454e-05
1.76454e-05
1.76454e-05
1.76454e-05
1.76454e-05
1.76454e-05
1.76454e-05
1.76454e-05
1.76454e-05
1.76454e-05
1.76454e-05
1.76454e-05
1.76454e-05
1.76454e-05
1.76454e-05
1.76454e-05
1.76454e-05
1.76454e-05
1.76454e-05
1.76454e-05
1.76454e-05
1.76454e-05
1.76454e-05
1.76454e-05
1.76454e-05
1.76454e-05
1.76454e-05
1.76454e-05
1.76454e-05
1.76454e-05
1.76454e-05
1.76454e-05
1.76454e-05
1.76454e-05
1.76454e-05
1.76454e-05
1.76454e-05
1.76454e-05
1.76454e-05
1.76454e-05
1.76454e-05
1.76454e-05
1.76454e-05
1.76454e-05
1.76454e-05
1.76454e-05
1.76454e-05
1.76454e-05
1.76454e-05
1.76454e-05
1.76454e-05
1.76454e-05
1.76454e-05
1.76454e-05
1.76454e-05
1.76454e-05
1.76454e-05
1.76454e-05
1.76454e-05
1.76454e-05
1.76454e-05
1.76454e-05
1.76454e-05
1.76454e-05
1.76454e-05
1.76454e-05
1.76454e-05
1.76454e-05
1.76454e-05
1.76454e-05
1.76454e-05
1.76454e-05
1.76454e-05
1.76454e-05
1.76454e-05
1.76454e-05
1.76454e-05
1.76454e-05
1.76454e-05
1.76454e-05
1.76454e-05
1.76454e-05
8.8227e-06
8.8227e-06
8.8227e-06
8.8227e-06
8.8227e-06
8.8227e-06
8.8227e-06
8.8227e-06
8.8227e-06
8.8227e-06
8.8227e-06
8.8227e-06
8.8227e-06
8.8227e-06
8.8227e-06
8.8227e-06
8.8227e-06
8.8227e-06
8.8227e-06
8.8227e-06
8.8227e-06
8.8227e-06
8.8227e-06
8.8227e-06
8.8227e-06
8.8227e-06
8.8227e-06
8.8227e-06
8.8227e-06
8.8227e-06
8.8227e-06
8.8227e-06
8.8227e-06
8.8227e-06
8.8227e-06
8.8227e-06
8.8227e-06
8.8227e-06
8.8227e-06
8.8227e-06
8.8227e-06
8.8227e-06
8.8227e-06
8.8227e-06
8.8227e-06
8.8227e-06
8.8227e-06
8.8227e-06
8.8227e-06
8.8227e-06
8.8227e-06
8.8227e-06
8.8227e-06
8.8227e-06
8.8227e-06
8.8227e-06
8.8227e-06
8.8227e-06
8.8227e-06
8.8227e-06
8.8227e-06
8.8227e-06
8.8227e-06
8.8227e-06
8.8227e-06
8.8227e-06
8.8227e-06
8.8227e-06
8.8227e-06
8.8227e-06
8.8227e-06
8.8227e-06
8.8227e-06
8.8227e-06
8.8227e-06
8.8227e-06
8.8227e-06
8.8227e-06
8.8227e-06
8.8227e-06
8.8227e-06
8.8227e-06
8.8227e-06
8.8227e-06
8.8227e-06
8.8227e-06
8.8227e-06
8.8227e-06
8.8227e-06
8.8227e-06
8.8227e-06
8.8227e-06
8.8227e-06
8.8227e-06
8.8227e-06
8.8227e-06
8.8227e-06
8.8227e-06
8.8227e-06
8.8227e-06
8.8227e-06
8.8227e-06
8.8227e-06
8.8227e-06
8.8227e-06
8.8227e-06
8.8227e-06
8.8227e-06
8.8227e-06
8.8227e-06
8.8227e-06
8.8227e-06
8.8227e-06
8.8227e-06
8.8227e-06
8.8227e-06
8.8227e-06
8.8227e-06
8.8227e-06
8.8227e-06
8.8227e-06
8.8227e-06
8.8227e-06
8.8227e-06
8.8227e-06
8.8227e-06
8.8227e-06
8.8227e-06
8.8227e-06
8.8227e-06
8.8227e-06
8.8227e-06
8.8227e-06
8.8227e-06
8.8227e-06
8.8227e-06
8.8227e-06
8.8227e-06
8.8227e-06
8.8227e-06
8.8227e-06
8.8227e-06
8.8227e-06
8.8227e-06
8.8227e-06
8.8227e-06
8.8227e-06
8.8227e-06
8.8227e-06
8.8227e-06
8.8227e-06
8.8227e-06
8.8227e-06
8.8227e-06
8.8227e-06
8.8227e-06
8.8227e-06
8.8227e-06
8.8227e-06
8.8227e-06
8.8227e-06
8.8227e-06
8.8227e-06
8.8227e-06
8.8227e-06
8.8227e-06
8.8227e-06
8.8227e-06
8.8227e-06
8.8227e-06
8.8227e-06
8.8227e-06
8.8227e-06
8.8227e-06
8.8227e-06
8.8227e-06
8.8227e-06
8.8227e-06
8.8227e-06
8.8227e-06
8.8227e-06
8.8227e-06
8.8227e-06
8.8227e-06
8.8227e-06
8.8227e-06
8.8227e-06
8.8227e-06
8.8227e-06
8.8227e-06
8.8227e-06
8.8227e-06
8.8227e-06
8.8227e-06
8.8227e-06
8.8227e-06
8.8227e-06
8.8227e-06
8.8227e-06
8.8227e-06
8.8227e-06
8.8227e-06
8.8227e-06
8.8227e-06
8.8227e-06
8.8227e-06
8.8227e-06
8.8227e-06
8.8227e-06
8.8227e-06
8.8227e-06
8.8227e-06
8.8227e-06
8.8227e-06
8.8227e-06
8.8227e-06
8.8227e-06
8.8227e-06
8.8227e-06
8.8227e-06
8.8227e-06
8.8227e-06
8.8227e-06
8.8227e-06
8.8227e-06
8.8227e-06
8.8227e-06
8.8227e-06
8.8227e-06
8.8227e-06
8.8227e-06
8.8227e-06
8.8227e-06
8.8227e-06
8.8227e-06
8.8227e-06
8.8227e-06
8.8227e-06
8.8227e-06
8.8227e-06
8.8227e-06
8.8227e-06
8.8227e-06
8.8227e-06
8.8227e-06
8.8227e-06
8.8227e-06
8.8227e-06
8.8227e-06
8.8227e-06
8.8227e-06
8.8227e-06
8.8227e-06
8.8227e-06
8.8227e-06
8.8227e-06
8.8227e-06
8.8227e-06
8.8227e-06
8.8227e-06
8.8227e-06
8.8227e-06
8.8227e-06
8.8227e-06
8.8227e-06
8.8227e-06
8.8227e-06
8.8227e-06
8.8227e-06
8.8227e-06
8.8227e-06
8.8227e-06
8.8227e-06
8.8227e-06
8.8227e-06
8.8227e-06
8.8227e-06
8.8227e-06
8.8227e-06
8.8227e-06
8.8227e-06
8.8227e-06
8.8227e-06
8.8227e-06
8.8227e-06
8.8227e-06
8.8227e-06
8.8227e-06
8.8227e-06
8.8227e-06
8.8227e-06
8.8227e-06
8.8227e-06
8.8227e-06
8.8227e-06
8.8227e-06
8.8227e-06
8.8227e-06
8.8227e-06
8.8227e-06
8.8227e-06
8.8227e-06
8.8227e-06
8.8227e-06
8.8227e-06
8.8227e-06
8.8227e-06
8.8227e-06
8.8227e-06
8.8227e-06
8.8227e-06
8.8227e-06
8.8227e-06
8.8227e-06
8.8227e-06
8.8227e-06
8.8227e-06
8.8227e-06
8.8227e-06
8.8227e-06
8.8227e-06
8.8227e-06
8.8227e-06
8.8227e-06
8.8227e-06
8.8227e-06
8.8227e-06
8.8227e-06
8.8227e-06
8.8227e-06
8.8227e-06
8.8227e-06
8.8227e-06
8.8227e-06
8.8227e-06
8.8227e-06
8.8227e-06
8.8227e-06
8.8227e-06
8.8227e-06
8.8227e-06
8.8227e-06
8.8227e-06
8.8227e-06
8.8227e-06
8.8227e-06
8.8227e-06
8.8227e-06
8.8227e-06
8.8227e-06
8.8227e-06
8.8227e-06
8.8227e-06
8.8227e-06
8.8227e-06
8.8227e-06
8.8227e-06
8.8227e-06
8.8227e-06
8.8227e-06
8.8227e-06
8.8227e-06
8.8227e-06
8.8227e-06
8.8227e-06
8.8227e-06
8.8227e-06
8.8227e-06
8.8227e-06
8.8227e-06
8.8227e-06
8.8227e-06
8.8227e-06
8.8227e-06
8.8227e-06
8.8227e-06
8.8227e-06
8.8227e-06
8.8227e-06
8.8227e-06
8.8227e-06
8.8227e-06
8.8227e-06
8.8227e-06
8.8227e-06
8.8227e-06
8.8227e-06
8.8227e-06
8.8227e-06
8.8227e-06
8.8227e-06
8.8227e-06
8.8227e-06
8.8227e-06
8.8227e-06
8.8227e-06
8.8227e-06
8.8227e-06
8.8227e-06
8.8227e-06
8.8227e-06
8.8227e-06
8.8227e-06
8.8227e-06
8.8227e-06
8.8227e-06
8.8227e-06
8.8227e-06
8.8227e-06
8.8227e-06
8.8227e-06
8.8227e-06
8.8227e-06
8.8227e-06
8.8227e-06
8.8227e-06
8.8227e-06
8.8227e-06
8.8227e-06
8.8227e-06
8.8227e-06
8.8227e-06
8.8227e-06
8.8227e-06
8.8227e-06
8.8227e-06
8.8227e-06
8.8227e-06
8.8227e-06
8.8227e-06
8.8227e-06
8.8227e-06
8.8227e-06
8.8227e-06
8.8227e-06
8.8227e-06
8.8227e-06
8.8227e-06
8.8227e-06
8.8227e-06
8.8227e-06
8.8227e-06
8.8227e-06
8.8227e-06
8.8227e-06
8.8227e-06
8.8227e-06
8.8227e-06
8.8227e-06
8.8227e-06
8.8227e-06
8.8227e-06
8.8227e-06
8.8227e-06
8.8227e-06
8.8227e-06
8.8227e-06
8.8227e-06
8.8227e-06
8.8227e-06
8.8227e-06
8.8227e-06
8.8227e-06
8.8227e-06
8.8227e-06
8.8227e-06
8.8227e-06
8.8227e-06
8.8227e-06
8.8227e-06
8.8227e-06
8.8227e-06
8.8227e-06
8.8227e-06
8.8227e-06
8.8227e-06
8.8227e-06
8.8227e-06
8.8227e-06
8.8227e-06
8.8227e-06
8.8227e-06
8.8227e-06
8.8227e-06
8.8227e-06
8.8227e-06
8.8227e-06
8.8227e-06
8.8227e-06
8.8227e-06
8.8227e-06
8.8227e-06
8.8227e-06
8.8227e-06
8.8227e-06
8.8227e-06
8.8227e-06
8.8227e-06
8.8227e-06
8.8227e-06
8.8227e-06
8.8227e-06
8.8227e-06
8.8227e-06
8.8227e-06
8.8227e-06
8.8227e-06
8.8227e-06
8.8227e-06
8.8227e-06
8.8227e-06
8.8227e-06
8.8227e-06
8.8227e-06
8.8227e-06
8.8227e-06
8.8227e-06
8.8227e-06
8.8227e-06
8.8227e-06
8.8227e-06
8.8227e-06
8.8227e-06
8.8227e-06
8.8227e-06
8.8227e-06
8.8227e-06
8.8227e-06
8.8227e-06
8.8227e-06
8.8227e-06
8.8227e-06
8.8227e-06
8.8227e-06
8.8227e-06
8.8227e-06
8.8227e-06
8.8227e-06
8.8227e-06
8.8227e-06
8.8227e-06
8.8227e-06
8.8227e-06
8.8227e-06
8.8227e-06
8.8227e-06
8.8227e-06
8.8227e-06
8.8227e-06
8.8227e-06
8.8227e-06
8.8227e-06
8.8227e-06
8.8227e-06
8.8227e-06
8.8227e-06
8.8227e-06
8.8227e-06
8.8227e-06
8.8227e-06
8.8227e-06
8.8227e-06
8.8227e-06
8.8227e-06
8.8227e-06
8.8227e-06
8.8227e-06
8.8227e-06
8.8227e-06
8.8227e-06
8.8227e-06
8.8227e-06
8.8227e-06
8.8227e-06
8.8227e-06
8.8227e-06
8.8227e-06
8.8227e-06
8.8227e-06
8.8227e-06
8.8227e-06
8.8227e-06
8.8227e-06
8.8227e-06
8.8227e-06
8.8227e-06
8.8227e-06
8.8227e-06
8.8227e-06
8.8227e-06
8.8227e-06
8.8227e-06
8.8227e-06
8.8227e-06
8.8227e-06
8.8227e-06
8.8227e-06
8.8227e-06
8.8227e-06
8.8227e-06
8.8227e-06
8.8227e-06
8.8227e-06
8.8227e-06
8.8227e-06
8.8227e-06
8.8227e-06
8.8227e-06
8.8227e-06
8.8227e-06
8.8227e-06
8.8227e-06
8.8227e-06
8.8227e-06
8.8227e-06
8.8227e-06
8.8227e-06
8.8227e-06
8.8227e-06
8.8227e-06
8.8227e-06
8.8227e-06
8.8227e-06
8.8227e-06
8.8227e-06
8.8227e-06
8.8227e-06
8.8227e-06
8.8227e-06
8.8227e-06
8.8227e-06
8.8227e-06
8.8227e-06
8.8227e-06
8.8227e-06
8.8227e-06
8.8227e-06
8.8227e-06
8.8227e-06
8.8227e-06
8.8227e-06
8.8227e-06
8.8227e-06
8.8227e-06
8.8227e-06
8.8227e-06
8.8227e-06
8.8227e-06
8.8227e-06
8.8227e-06
8.8227e-06
8.8227e-06
8.8227e-06
8.8227e-06
8.8227e-06
8.8227e-06
8.8227e-06
8.8227e-06
8.8227e-06
8.8227e-06
8.8227e-06
8.8227e-06
8.8227e-06
8.8227e-06
8.8227e-06
8.8227e-06
8.8227e-06
8.8227e-06
8.8227e-06
8.8227e-06
8.8227e-06
8.8227e-06
8.8227e-06
8.8227e-06
8.8227e-06
8.8227e-06
8.8227e-06
8.8227e-06
8.8227e-06
8.8227e-06
8.8227e-06
8.8227e-06
8.8227e-06
8.8227e-06
8.8227e-06
8.8227e-06
8.8227e-06
8.8227e-06
8.8227e-06
8.8227e-06
8.8227e-06
8.8227e-06
8.8227e-06
8.8227e-06
8.8227e-06
8.8227e-06
8.8227e-06
8.8227e-06
8.8227e-06
8.8227e-06
8.8227e-06
8.8227e-06
8.8227e-06
8.8227e-06
8.8227e-06
8.8227e-06
8.8227e-06
8.8227e-06
8.8227e-06
8.8227e-06
8.8227e-06
8.8227e-06
8.8227e-06
8.8227e-06
8.8227e-06
8.8227e-06
8.8227e-06
8.8227e-06
8.8227e-06
8.8227e-06
8.8227e-06
8.8227e-06
8.8227e-06
8.8227e-06
8.8227e-06
8.8227e-06
8.8227e-06
8.8227e-06
8.8227e-06
8.8227e-06
8.8227e-06
8.8227e-06
8.8227e-06
8.8227e-06
8.8227e-06
8.8227e-06
8.8227e-06
8.8227e-06
8.8227e-06
8.8227e-06
8.8227e-06
8.8227e-06
8.8227e-06
8.8227e-06
8.8227e-06
8.8227e-06
8.8227e-06
8.8227e-06
8.8227e-06
8.8227e-06
8.8227e-06
8.8227e-06
8.8227e-06
8.8227e-06
8.8227e-06
8.8227e-06
8.8227e-06
8.8227e-06
8.8227e-06
8.8227e-06
8.8227e-06
8.8227e-06
8.8227e-06
8.8227e-06
8.8227e-06
8.8227e-06
8.8227e-06
8.8227e-06
8.8227e-06
8.8227e-06
8.8227e-06
8.8227e-06
8.8227e-06
8.8227e-06
8.8227e-06
8.8227e-06
8.8227e-06
8.8227e-06
8.8227e-06
8.8227e-06
8.8227e-06
8.8227e-06
8.8227e-06
8.8227e-06
8.8227e-06
8.8227e-06
8.8227e-06
8.8227e-06
8.8227e-06
8.8227e-06
8.8227e-06
8.8227e-06
8.8227e-06
8.8227e-06
8.8227e-06
8.8227e-06
8.8227e-06
8.8227e-06
8.8227e-06
8.8227e-06
8.8227e-06
8.8227e-06
8.8227e-06
8.8227e-06
8.8227e-06
8.8227e-06
8.8227e-06
8.8227e-06
8.8227e-06
8.8227e-06
8.8227e-06
8.8227e-06
8.8227e-06
8.8227e-06
8.8227e-06
8.8227e-06
8.8227e-06
8.8227e-06
8.8227e-06
8.8227e-06
8.8227e-06
8.8227e-06
8.8227e-06
8.8227e-06
8.8227e-06
8.8227e-06
8.8227e-06
8.8227e-06
8.8227e-06
8.8227e-06
8.8227e-06
8.8227e-06
8.8227e-06
8.8227e-06
8.8227e-06
8.8227e-06
8.8227e-06
8.8227e-06
8.8227e-06
8.8227e-06
8.8227e-06
8.8227e-06
8.8227e-06
8.8227e-06
8.8227e-06
8.8227e-06
8.8227e-06
8.8227e-06
8.8227e-06
8.8227e-06
8.8227e-06
8.8227e-06
8.8227e-06
8.8227e-06
8.8227e-06
8.8227e-06
8.8227e-06
8.8227e-06
8.8227e-06
8.8227e-06
8.8227e-06
8.8227e-06
8.8227e-06
8.8227e-06
8.8227e-06
8.8227e-06
8.8227e-06
8.8227e-06
8.8227e-06
8.8227e-06
8.8227e-06
8.8227e-06
8.8227e-06
8.8227e-06
8.8227e-06
8.8227e-06
8.8227e-06
8.8227e-06
8.8227e-06
8.8227e-06
8.8227e-06
8.8227e-06
8.8227e-06
8.8227e-06
8.8227e-06
8.8227e-06
8.8227e-06
8.8227e-06
8.8227e-06
8.8227e-06
8.8227e-06
8.8227e-06
8.8227e-06
8.8227e-06
8.8227e-06
8.8227e-06
8.8227e-06
8.8227e-06
8.8227e-06
8.8227e-06
8.8227e-06
8.8227e-06
8.8227e-06
8.8227e-06
8.8227e-06
8.8227e-06
8.8227e-06
8.8227e-06
8.8227e-06
8.8227e-06
8.8227e-06
8.8227e-06
8.8227e-06
8.8227e-06
8.8227e-06
8.8227e-06
8.8227e-06
8.8227e-06
8.8227e-06
8.8227e-06
8.8227e-06
8.8227e-06
8.8227e-06
8.8227e-06
8.8227e-06
8.8227e-06
8.8227e-06
8.8227e-06
8.8227e-06
8.8227e-06
8.8227e-06
8.8227e-06
8.8227e-06
8.8227e-06
8.8227e-06
8.8227e-06
8.8227e-06
8.8227e-06
8.8227e-06
8.8227e-06
8.8227e-06
8.8227e-06
8.8227e-06
8.8227e-06
8.8227e-06
8.8227e-06
8.8227e-06
8.8227e-06
8.8227e-06
8.8227e-06
8.8227e-06
8.8227e-06
8.8227e-06
8.8227e-06
8.8227e-06
8.8227e-06
8.8227e-06
8.8227e-06
8.8227e-06
8.8227e-06
8.8227e-06
8.8227e-06
8.8227e-06
8.8227e-06
8.8227e-06
8.8227e-06
8.8227e-06
8.8227e-06
8.8227e-06
8.8227e-06
8.8227e-06
8.8227e-06
8.8227e-06
8.8227e-06
8.8227e-06
8.8227e-06
8.8227e-06
8.8227e-06
8.8227e-06
8.8227e-06
8.8227e-06
8.8227e-06
8.8227e-06
8.8227e-06
8.8227e-06
8.8227e-06
8.8227e-06
8.8227e-06
8.8227e-06
8.8227e-06
8.8227e-06
8.8227e-06
8.8227e-06
8.8227e-06
8.8227e-06
8.8227e-06
8.8227e-06
8.8227e-06
8.8227e-06
8.8227e-06
8.8227e-06
8.8227e-06
8.8227e-06
8.8227e-06
8.8227e-06
8.8227e-06
8.8227e-06
8.8227e-06
8.8227e-06
8.8227e-06
8.8227e-06
8.8227e-06
8.8227e-06
8.8227e-06
8.8227e-06
8.8227e-06
8.8227e-06
8.8227e-06
8.8227e-06
8.8227e-06
8.8227e-06
8.8227e-06
8.8227e-06
8.8227e-06
8.8227e-06
8.8227e-06
8.8227e-06
8.8227e-06
8.8227e-06
8.8227e-06
8.8227e-06
8.8227e-06
8.8227e-06
8.8227e-06
8.8227e-06
8.8227e-06
8.8227e-06
8.8227e-06
8.8227e-06
8.8227e-06
8.8227e-06
8.8227e-06
8.8227e-06
8.8227e-06
8.8227e-06
8.8227e-06
8.8227e-06
8.8227e-06
8.8227e-06
8.8227e-06
8.8227e-06
8.8227e-06
8.8227e-06
8.8227e-06
8.8227e-06
8.8227e-06
8.8227e-06
8.8227e-06
8.8227e-06
8.8227e-06
8.8227e-06
8.8227e-06
8.8227e-06
8.8227e-06
8.8227e-06
8.8227e-06
8.8227e-06
8.8227e-06
8.8227e-06
8.8227e-06
8.8227e-06
8.8227e-06
8.8227e-06
8.8227e-06
8.8227e-06
8.8227e-06
8.8227e-06
8.8227e-06
8.8227e-06
8.8227e-06
8.8227e-06
8.8227e-06
8.8227e-06
8.8227e-06
8.8227e-06
8.8227e-06
8.8227e-06
8.8227e-06
8.8227e-06
8.8227e-06
8.8227e-06
8.8227e-06
8.8227e-06
8.8227e-06
8.8227e-06
8.8227e-06
8.8227e-06
8.8227e-06
8.8227e-06
8.8227e-06
8.8227e-06
8.8227e-06
8.8227e-06
8.8227e-06
8.8227e-06
8.8227e-06
8.8227e-06
8.8227e-06
8.8227e-06
8.8227e-06
8.8227e-06
8.8227e-06
8.8227e-06
8.8227e-06
8.8227e-06
8.8227e-06
8.8227e-06
8.8227e-06
8.8227e-06
8.8227e-06
8.8227e-06
8.8227e-06
8.8227e-06
8.8227e-06
8.8227e-06
8.8227e-06
8.8227e-06
8.8227e-06
8.8227e-06
8.8227e-06
8.8227e-06
8.8227e-06
8.8227e-06
8.8227e-06
8.8227e-06
8.8227e-06
8.8227e-06
8.8227e-06
8.8227e-06
8.8227e-06
8.8227e-06
8.8227e-06
8.8227e-06
8.8227e-06
8.8227e-06
8.8227e-06
8.8227e-06
8.8227e-06
8.8227e-06
8.8227e-06
8.8227e-06
8.8227e-06
8.8227e-06
8.8227e-06
8.8227e-06
8.8227e-06
8.8227e-06
8.8227e-06
8.8227e-06
8.8227e-06
8.8227e-06
8.8227e-06
8.8227e-06
8.8227e-06
8.8227e-06
8.8227e-06
8.8227e-06
8.8227e-06
8.8227e-06
8.8227e-06
8.8227e-06
8.8227e-06
8.8227e-06
8.8227e-06
8.8227e-06
8.8227e-06
8.8227e-06
8.8227e-06
8.8227e-06
8.8227e-06
8.8227e-06
8.8227e-06
8.8227e-06
8.8227e-06
8.8227e-06
8.8227e-06
8.8227e-06
8.8227e-06
8.8227e-06
8.8227e-06
8.8227e-06
8.8227e-06
8.8227e-06
8.8227e-06
8.8227e-06
8.8227e-06
8.8227e-06
8.8227e-06
8.8227e-06
8.8227e-06
8.8227e-06
8.8227e-06
8.8227e-06
8.8227e-06
8.8227e-06
8.8227e-06
8.8227e-06
8.8227e-06
8.8227e-06
8.8227e-06
8.8227e-06
8.8227e-06
8.8227e-06
8.8227e-06
8.8227e-06
8.8227e-06
8.8227e-06
8.8227e-06
8.8227e-06
8.8227e-06
8.8227e-06
8.8227e-06
8.8227e-06
8.8227e-06
8.8227e-06
8.8227e-06
8.8227e-06
8.8227e-06
8.8227e-06
8.8227e-06
8.8227e-06
8.8227e-06
8.8227e-06
8.8227e-06
8.8227e-06
8.8227e-06
8.8227e-06
8.8227e-06
8.8227e-06
8.8227e-06
8.8227e-06
8.8227e-06
8.8227e-06
8.8227e-06
8.8227e-06
8.8227e-06
8.8227e-06
8.8227e-06
8.8227e-06
8.8227e-06
8.8227e-06
8.8227e-06
8.8227e-06
8.8227e-06
8.8227e-06
8.8227e-06
8.8227e-06
8.8227e-06
8.8227e-06
8.8227e-06
8.8227e-06
8.8227e-06
8.8227e-06
8.8227e-06
8.8227e-06
8.8227e-06
8.8227e-06
8.8227e-06
8.8227e-06
8.8227e-06
8.8227e-06
8.8227e-06
8.8227e-06
8.8227e-06
8.8227e-06
8.8227e-06
8.8227e-06
8.8227e-06
8.8227e-06
8.8227e-06
8.8227e-06
8.8227e-06
8.8227e-06
8.8227e-06
8.8227e-06
8.8227e-06
8.8227e-06
8.8227e-06
8.8227e-06
8.8227e-06
8.8227e-06
8.8227e-06
8.8227e-06
8.8227e-06
8.8227e-06
8.8227e-06
8.8227e-06
8.8227e-06
8.8227e-06
8.8227e-06
8.8227e-06
8.8227e-06
8.8227e-06
8.8227e-06
8.8227e-06
8.8227e-06
8.8227e-06
8.8227e-06
8.8227e-06
8.8227e-06
8.8227e-06
8.8227e-06
8.8227e-06
8.8227e-06
8.8227e-06
8.8227e-06
8.8227e-06
8.8227e-06
8.8227e-06
8.8227e-06
8.8227e-06
8.8227e-06
8.8227e-06
8.8227e-06
8.8227e-06
8.8227e-06
8.8227e-06
8.8227e-06
8.8227e-06
8.8227e-06
8.8227e-06
8.8227e-06
8.8227e-06
8.8227e-06
8.8227e-06
8.8227e-06
8.8227e-06
8.8227e-06
8.8227e-06
8.8227e-06
8.8227e-06
8.8227e-06
8.8227e-06
8.8227e-06
8.8227e-06
8.8227e-06
8.8227e-06
8.8227e-06
8.8227e-06
8.8227e-06
8.8227e-06
8.8227e-06
8.8227e-06
8.8227e-06
8.8227e-06
8.8227e-06
8.8227e-06
8.8227e-06
8.8227e-06
8.8227e-06
8.8227e-06
8.8227e-06
8.8227e-06
8.8227e-06
8.8227e-06
8.8227e-06
8.8227e-06
8.8227e-06
8.8227e-06
8.8227e-06
8.8227e-06
8.8227e-06
8.8227e-06
8.8227e-06
8.8227e-06
8.8227e-06
8.8227e-06
8.8227e-06
8.8227e-06
8.8227e-06
8.8227e-06
8.8227e-06
8.8227e-06
8.8227e-06
8.8227e-06
8.8227e-06
8.8227e-06
8.8227e-06
8.8227e-06
8.8227e-06
8.8227e-06
8.8227e-06
8.8227e-06
8.8227e-06
8.8227e-06
8.8227e-06
8.8227e-06
8.8227e-06
8.8227e-06
8.8227e-06
8.8227e-06
8.8227e-06
8.8227e-06
8.8227e-06
8.8227e-06
8.8227e-06
8.8227e-06
8.8227e-06
8.8227e-06
8.8227e-06
8.8227e-06
8.8227e-06
8.8227e-06
8.8227e-06
8.8227e-06
8.8227e-06
8.8227e-06
8.8227e-06
8.8227e-06
8.8227e-06
8.8227e-06
8.8227e-06
8.8227e-06
8.8227e-06
8.8227e-06
8.8227e-06
8.8227e-06
8.8227e-06
8.8227e-06
8.8227e-06
8.8227e-06
8.8227e-06
8.8227e-06
8.8227e-06
8.8227e-06
8.8227e-06
8.8227e-06
8.8227e-06
8.8227e-06
8.8227e-06
8.8227e-06
8.8227e-06
8.8227e-06
8.8227e-06
8.8227e-06
8.8227e-06
8.8227e-06
8.8227e-06
8.8227e-06
8.8227e-06
8.8227e-06
8.8227e-06
8.8227e-06
8.8227e-06
8.8227e-06
8.8227e-06
8.8227e-06
8.8227e-06
8.8227e-06
8.8227e-06
8.8227e-06
8.8227e-06
8.8227e-06
8.8227e-06
8.8227e-06
8.8227e-06
8.8227e-06
8.8227e-06
8.8227e-06
8.8227e-06
8.8227e-06
8.8227e-06
8.8227e-06
8.8227e-06
8.8227e-06
8.8227e-06
8.8227e-06
8.8227e-06
8.8227e-06
8.8227e-06
8.8227e-06
8.8227e-06
8.8227e-06
8.8227e-06
8.8227e-06
8.8227e-06
8.8227e-06
8.8227e-06
8.8227e-06
8.8227e-06
8.8227e-06
8.8227e-06
8.8227e-06
8.8227e-06
8.8227e-06
8.8227e-06
8.8227e-06
8.8227e-06
8.8227e-06
8.8227e-06
8.8227e-06
8.8227e-06
8.8227e-06
8.8227e-06
8.8227e-06
8.8227e-06
8.8227e-06
8.8227e-06
8.8227e-06
8.8227e-06
8.8227e-06
8.8227e-06
8.8227e-06
8.8227e-06
8.8227e-06
8.8227e-06
8.8227e-06
8.8227e-06
8.8227e-06
8.8227e-06
8.8227e-06
8.8227e-06
8.8227e-06
8.8227e-06
8.8227e-06
8.8227e-06
8.8227e-06
8.8227e-06
8.8227e-06
8.8227e-06
8.8227e-06
8.8227e-06
8.8227e-06
8.8227e-06
8.8227e-06
8.8227e-06
8.8227e-06
8.8227e-06
8.8227e-06
8.8227e-06
8.8227e-06
8.8227e-06
8.8227e-06
8.8227e-06
8.8227e-06
8.8227e-06
8.8227e-06
8.8227e-06
8.8227e-06
8.8227e-06
8.8227e-06
8.8227e-06
8.8227e-06
8.8227e-06
8.8227e-06
8.8227e-06
8.8227e-06
8.8227e-06
8.8227e-06
8.8227e-06
8.8227e-06
8.8227e-06
8.8227e-06
8.8227e-06
8.8227e-06
8.8227e-06
8.8227e-06
8.8227e-06
8.8227e-06
8.8227e-06
8.8227e-06
8.8227e-06
8.8227e-06
8.8227e-06
8.8227e-06
8.8227e-06
8.8227e-06
8.8227e-06
8.8227e-06
8.8227e-06
8.8227e-06
8.8227e-06
8.8227e-06
8.8227e-06
8.8227e-06
8.8227e-06
8.8227e-06
8.8227e-06
8.8227e-06
8.8227e-06
8.8227e-06
8.8227e-06
8.8227e-06
8.8227e-06
8.8227e-06
8.8227e-06
8.8227e-06
8.8227e-06
8.8227e-06
8.8227e-06
8.8227e-06
8.8227e-06
8.8227e-06
8.8227e-06
8.8227e-06
8.8227e-06
8.8227e-06
8.8227e-06
8.8227e-06
8.8227e-06
8.8227e-06
8.8227e-06
8.8227e-06
8.8227e-06
8.8227e-06
8.8227e-06
8.8227e-06
8.8227e-06
8.8227e-06
8.8227e-06
8.8227e-06
8.8227e-06
8.8227e-06
8.8227e-06
8.8227e-06
8.8227e-06
8.8227e-06
8.8227e-06
8.8227e-06
8.8227e-06
8.8227e-06
8.8227e-06
8.8227e-06
8.8227e-06
8.8227e-06
8.8227e-06
8.8227e-06
8.8227e-06
8.8227e-06
8.8227e-06
8.8227e-06
8.8227e-06
8.8227e-06
8.8227e-06
8.8227e-06
8.8227e-06
8.8227e-06
8.8227e-06
8.8227e-06
8.8227e-06
8.8227e-06
8.8227e-06
8.8227e-06
8.8227e-06
8.8227e-06
8.8227e-06
8.8227e-06
8.8227e-06
8.8227e-06
8.8227e-06
8.8227e-06
8.8227e-06
8.8227e-06
8.8227e-06
8.8227e-06
8.8227e-06
8.8227e-06
8.8227e-06
8.8227e-06
8.8227e-06
8.8227e-06
8.8227e-06
8.8227e-06
8.8227e-06
8.8227e-06
8.8227e-06
8.8227e-06
8.8227e-06
8.8227e-06
8.8227e-06
8.8227e-06
8.8227e-06
8.8227e-06
8.8227e-06
8.8227e-06
8.8227e-06
8.8227e-06
8.8227e-06
8.8227e-06
8.8227e-06
8.8227e-06
8.8227e-06
8.8227e-06
8.8227e-06
8.8227e-06
8.8227e-06
8.8227e-06
8.8227e-06
8.8227e-06
8.8227e-06
8.8227e-06
8.8227e-06
8.8227e-06
8.8227e-06
8.8227e-06
8.8227e-06
8.8227e-06
8.8227e-06
8.8227e-06
8.8227e-06
8.8227e-06
8.8227e-06
8.8227e-06
8.8227e-06
8.8227e-06
8.8227e-06
8.8227e-06
8.8227e-06
8.8227e-06
8.8227e-06
8.8227e-06
8.8227e-06
8.8227e-06
8.8227e-06
8.8227e-06
8.8227e-06
8.8227e-06
8.8227e-06
8.8227e-06
8.8227e-06
8.8227e-06
8.8227e-06
8.8227e-06
8.8227e-06
8.8227e-06
8.8227e-06
8.8227e-06
8.8227e-06
8.8227e-06
8.8227e-06
8.8227e-06
8.8227e-06
8.8227e-06
8.8227e-06
8.8227e-06
8.8227e-06
8.8227e-06
8.8227e-06
8.8227e-06
8.8227e-06
8.8227e-06
8.8227e-06
8.8227e-06
8.8227e-06
8.8227e-06
8.8227e-06
8.8227e-06
8.8227e-06
8.8227e-06
8.8227e-06
8.8227e-06
8.8227e-06
8.8227e-06
8.8227e-06
8.8227e-06
8.8227e-06
8.8227e-06
8.8227e-06
8.8227e-06
8.8227e-06
8.8227e-06
8.8227e-06
8.8227e-06
8.8227e-06
8.8227e-06
8.8227e-06
8.8227e-06
8.8227e-06
8.8227e-06
8.8227e-06
8.8227e-06
8.8227e-06
8.8227e-06
8.8227e-06
8.8227e-06
8.8227e-06
8.8227e-06
8.8227e-06
8.8227e-06
8.8227e-06
8.8227e-06
8.8227e-06
8.8227e-06
8.8227e-06
8.8227e-06
8.8227e-06
8.8227e-06
8.8227e-06
8.8227e-06
8.8227e-06
8.8227e-06
8.8227e-06
8.8227e-06
8.8227e-06
8.8227e-06
8.8227e-06
8.8227e-06
8.8227e-06
8.8227e-06
8.8227e-06
8.8227e-06
8.8227e-06
8.8227e-06
8.8227e-06
8.8227e-06
8.8227e-06
8.8227e-06
8.8227e-06
8.8227e-06
8.8227e-06
8.8227e-06
8.8227e-06
8.8227e-06
8.8227e-06
8.8227e-06
8.8227e-06
8.8227e-06
8.8227e-06
8.8227e-06
8.8227e-06
8.8227e-06
8.8227e-06
8.8227e-06
8.8227e-06
8.8227e-06
8.8227e-06
8.8227e-06
8.8227e-06
8.8227e-06
8.8227e-06
8.8227e-06
8.8227e-06
8.8227e-06
8.8227e-06
8.8227e-06
8.8227e-06
8.8227e-06
8.8227e-06
8.8227e-06
8.8227e-06
8.8227e-06
8.8227e-06
8.8227e-06
8.8227e-06
8.8227e-06
8.8227e-06
8.8227e-06
8.8227e-06
8.8227e-06
8.8227e-06
8.8227e-06
8.8227e-06
8.8227e-06
8.8227e-06
8.8227e-06
8.8227e-06
8.8227e-06
8.8227e-06
8.8227e-06
8.8227e-06
8.8227e-06
8.8227e-06
8.8227e-06
8.8227e-06
8.8227e-06
8.8227e-06
8.8227e-06
8.8227e-06
8.8227e-06
8.8227e-06
8.8227e-06
8.8227e-06
8.8227e-06
8.8227e-06
8.8227e-06
8.8227e-06
8.8227e-06
8.8227e-06
8.8227e-06
8.8227e-06
8.8227e-06
8.8227e-06
8.8227e-06
8.8227e-06
8.8227e-06
8.8227e-06
8.8227e-06
8.8227e-06
8.8227e-06
8.8227e-06
8.8227e-06
8.8227e-06
8.8227e-06
8.8227e-06
8.8227e-06
8.8227e-06
8.8227e-06
8.8227e-06
8.8227e-06
8.8227e-06
8.8227e-06
8.8227e-06
8.8227e-06
8.8227e-06
8.8227e-06
8.8227e-06
8.8227e-06
8.8227e-06
8.8227e-06
8.8227e-06
8.8227e-06
8.8227e-06
8.8227e-06
8.8227e-06
8.8227e-06
8.8227e-06
8.8227e-06
8.8227e-06
8.8227e-06
8.8227e-06
8.8227e-06
8.8227e-06
8.8227e-06
8.8227e-06
8.8227e-06
8.8227e-06
8.8227e-06
8.8227e-06
8.8227e-06
8.8227e-06
8.8227e-06
8.8227e-06
8.8227e-06
8.8227e-06
8.8227e-06
8.8227e-06
8.8227e-06
8.8227e-06
8.8227e-06
8.8227e-06
8.8227e-06
8.8227e-06
8.8227e-06
8.8227e-06
8.8227e-06
8.8227e-06
8.8227e-06
8.8227e-06
8.8227e-06
8.8227e-06
8.8227e-06
8.8227e-06
8.8227e-06
8.8227e-06
8.8227e-06
8.8227e-06
8.8227e-06
8.8227e-06
8.8227e-06
8.8227e-06
8.8227e-06
8.8227e-06
8.8227e-06
8.8227e-06
8.8227e-06
8.8227e-06
8.8227e-06
8.8227e-06
8.8227e-06
8.8227e-06
8.8227e-06
8.8227e-06
8.8227e-06
8.8227e-06
8.8227e-06
8.8227e-06
8.8227e-06
8.8227e-06
8.8227e-06
8.8227e-06
8.8227e-06
8.8227e-06
8.8227e-06
8.8227e-06
8.8227e-06
8.8227e-06
8.8227e-06
8.8227e-06
8.8227e-06
8.8227e-06
8.8227e-06
8.8227e-06
8.8227e-06
8.8227e-06
8.8227e-06
8.8227e-06
8.8227e-06
8.8227e-06
8.8227e-06
8.8227e-06
8.8227e-06
8.8227e-06
8.8227e-06
8.8227e-06
8.8227e-06
8.8227e-06
8.8227e-06
8.8227e-06
8.8227e-06
8.8227e-06
8.8227e-06
8.8227e-06
8.8227e-06
8.8227e-06
8.8227e-06
8.8227e-06
8.8227e-06
8.8227e-06
8.8227e-06
8.8227e-06
8.8227e-06
8.8227e-06
8.8227e-06
8.8227e-06
8.8227e-06
8.8227e-06
8.8227e-06
8.8227e-06
8.8227e-06
8.8227e-06
8.8227e-06
8.8227e-06
8.8227e-06
8.8227e-06
8.8227e-06
8.8227e-06
8.8227e-06
8.8227e-06
8.8227e-06
8.8227e-06
8.8227e-06
8.8227e-06
8.8227e-06
8.8227e-06
8.8227e-06
8.8227e-06
8.8227e-06
8.8227e-06
8.8227e-06
8.8227e-06
8.8227e-06
8.8227e-06
8.8227e-06
8.8227e-06
8.8227e-06
8.8227e-06
8.8227e-06
8.8227e-06
8.8227e-06
8.8227e-06
8.8227e-06
8.8227e-06
8.8227e-06
8.8227e-06
8.8227e-06
8.8227e-06
8.8227e-06
8.8227e-06
8.8227e-06
8.8227e-06
8.8227e-06
8.8227e-06
8.8227e-06
8.8227e-06
8.8227e-06
8.8227e-06
8.8227e-06
8.8227e-06
8.8227e-06
8.8227e-06
8.8227e-06
8.8227e-06
8.8227e-06
8.8227e-06
0
0
0
