*Vertices 105
0.113784
0.0486486
0.0483784
0.0456757
0.0437838
0.0418919
0.0332432
0.0313514
0.0313514
0.0291892
0.0251351
0.0237838
0.022973
0.0210811
0.0205405
0.0197297
0.0189189
0.0175676
0.0145946
0.0145946
0.0140541
0.0140541
0.0140541
0.0140541
0.0137838
0.0132432
0.0108108
0.0105405
0.00972973
0.00945946
0.00864865
0.00864865
0.00837838
0.00837838
0.00756757
0.0072973
0.0072973
0.00702703
0.00675676
0.00648649
0.00648649
0.00540541
0.00540541
0.00540541
0.00540541
0.00486486
0.00459459
0.00432432
0.00432432
0.00378378
0.00378378
0.00378378
0.00378378
0.00378378
0.00378378
0.00351351
0.00351351
0.00324324
0.00324324
0.00324324
0.00324324
0.00297297
0.00243243
0.00216216
0.00189189
0.00162162
0.00162162
0.00162162
0.00162162
0.00162162
0.00162162
0.00162162
0.00162162
0.00162162
0.00162162
0.00162162
0.00162162
0.00108108
0.000540541
0.000540541
0.000540541
0.000540541
0.000540541
0.000540541
0.000540541
0.000540541
0.000540541
0.000540541
0.000540541
0.000540541
0.000540541
0.000540541
0.000540541
0.000540541
0.000540541
0.000540541
0.000540541
0.000540541
0.000540541
0.000540541
0.000540541
0.000540541
0.000540541
0.000540541
0.000540541
