*Vertices 627
2
1
6
7
1
11
11
10
22
28
11
10
7
9
5
4
4
6
25
25
30
4
6
4
4
1
14
12
3
5
5
17
4
4
6
4
16
6
16
2
10
6
4
15
7
22
6
6
20
1
3
7
3
7
7
6
5
21
5
19
9
2
5
2
4
4
3
22
16
6
12
12
10
10
11
7
8
7
1
1
20
2
2
28
1
8
4
6
14
15
3
13
12
30
3
2
4
3
8
3
8
8
6
13
5
4
4
4
7
7
3
3
15
7
3
2
1
1
2
2
11
8
2
2
2
4
4
4
4
4
16
5
19
32
18
14
14
14
14
14
10
7
2
1
1
5
5
5
7
9
7
21
21
12
10
13
2
2
2
7
4
3
2
21
5
2
5
2
2
2
2
2
4
10
3
15
20
3
3
4
4
11
4
4
10
6
18
16
9
9
6
6
6
6
6
7
9
3
4
8
3
3
12
5
8
5
5
10
9
11
9
9
9
4
5
2
2
2
4
9
7
19
19
19
1
3
3
1
13
4
4
10
11
13
17
5
10
4
4
4
4
4
4
4
1
1
3
4
3
4
4
3
3
3
3
2
6
3
5
4
4
4
4
1
1
7
6
5
5
7
2
2
4
2
2
16
12
1
3
5
3
9
2
1
1
2
2
2
3
3
3
4
9
5
10
6
5
1
4
3
5
4
4
2
2
4
4
1
4
4
10
2
5
13
11
10
1
3
1
2
1
1
2
5
4
2
29
28
28
28
28
28
28
28
28
28
28
28
28
28
28
4
3
4
4
11
4
4
4
3
9
10
9
9
12
9
9
28
3
4
1
1
4
4
1
1
2
2
3
1
1
1
2
2
2
10
10
3
5
6
6
1
13
6
6
9
6
6
16
14
2
11
4
4
10
1
2
4
2
2
2
1
1
1
1
2
2
2
3
3
3
1
1
12
4
4
4
9
1
1
1
2
7
9
10
5
2
1
1
4
4
2
2
2
5
2
2
2
4
9
10
1
2
1
1
1
1
2
6
2
1
1
2
2
2
3
2
2
3
2
4
4
4
4
3
3
1
2
4
4
4
1
6
1
4
1
4
5
8
2
2
2
1
1
2
7
21
4
7
4
1
1
1
1
1
2
2
2
2
5
12
6
1
1
3
1
1
1
3
3
4
1
2
2
3
3
1
1
1
4
4
6
6
3
1
2
1
2
14
9
4
5
1
1
9
5
3
2
2
2
2
4
1
2
4
1
3
3
1
2
3
6
3
2
1
4
6
1
2
2
2
1
8
8
11
11
11
1
1
1
4
4
4
6
6
1
3
5
1
1
2
1
1
1
2
2
1
5
2
1
3
3
3
3
1
1
2
2
2
1
1
3
1
1
1
4
3
1
1
4
2
2
2
3
1
3
3
4
4
2
2
3
3
3
3
2
1
