104 2.67349857544799 0.345679012345679 28 8.94736842105263 7.12647904656346 R6
73 2.31729648808663 0 8 3.33333333333333 2.0138409955991 R1
23 2.30466383879213 0.142011834319526 12 4.8 3.12409987036266 R2
262 2.23606797749979 0 8 4.66666666666667 1.49071198499986 R1
39 2.10887847469991 0.486111111111111 8 3.66666666666667 2.05480466765633 R2
111 1.94665705356915 0 4 2.28571428571429 0.880630571852711 R1
209 1.9095718489925 0 9 4.25 2.48746859276655 R1
60 1.84553367631391 0.3046875 13 5.85714285714286 3.8703477668983 R2
62 1.75610822101489 0.506666666666667 10 4.75 2.98956518577535 R2
131 1.75171149185159 0 10 4.90909090909091 2.90624861148105 R1
130 1.75171149185159 0 10 4.90909090909091 2.90624861148105 R1
45 1.63299316185545 0 4 2 1.22474487139159 R1
46 1.63299316185545 0 4 2 1.22474487139159 R1
101 1.62221421130763 0 7 3.66666666666667 2.05480466765633 R1
178 1.58113883008419 0 3 2 0.632455532033675 R1
87 1.54865756349254 0.165289256198347 10 6.22222222222222 2.43938871112224 R2
139 1.53283837893463 0 9 4.75 2.77263412660235 R1
141 1.53283837893463 0 9 4.75 2.77263412660235 R1
28 1.45960089839952 0 6 3.66666666666667 1.59861050777091 R1
18 1.4142135623731 0 2 1.33333333333333 0.471404520791032 R1
319 1.4142135623731 0 2 1.33333333333333 0.471404520791032 R1
316 1.41421356237309 0 3 2 0.707106781186548 R1
133 1.41421356237309 0 2 1.33333333333333 0.471404520791032 R1
167 1.35680105059994 0 5 3.2 1.32664991614216 R1
69 1.34164078649987 0.571428571428571 4 2.5 1.11803398874989 R2
57 1.32878424694601 0.272189349112426 11 5.85714285714286 3.8703477668983 R2
112 1.27028109109684 0.244897959183674 18 8.94736842105263 7.12647904656346 R2
105 1.27028109109684 0.0997229916897509 18 8.94736842105263 7.12647904656346 R2
53 1.26491106406735 0 6 4 1.58113883008419 R1
16 1.24807544150677 0.21875 7 4 2.40370085030933 R2
10 1.24807544150677 0 7 4 2.40370085030933 R1
206 1.2247448713916 0 5 4.4 0.48989794855663 R1
55 1.2247448713916 0.277777777777778 5 4.4 0.48989794855663 R2
205 1.2247448713916 0 5 4.4 0.48989794855663 R1
56 1.2247448713916 0.448979591836735 5 4.4 0.48989794855663 R2
21 1.22474487139159 0 3 2 0.816496580927726 R1
291 1.22474487139159 0.448979591836735 5 3.2 1.46969384566991 R2
43 1.22474487139159 0 5 3.2 1.46969384566991 R1
44 1.22474487139159 0 5 3.2 1.46969384566991 R1
14 1.21267812518167 0.277777777777778 5 3.33333333333333 1.37436854187255 R2
12 1.21267812518167 0 5 3.33333333333333 1.37436854187255 R1
121 1.13871879668569 0.540816326530612 9 6.22222222222222 2.43938871112224 R2
65 1.08711461300922 0.579881656804734 8 4.75 2.98956518577535 R2
5 1.0690449676497 0 5 3.66666666666667 1.24721912892465 R1
31 1.02441134543266 0.231111111111111 13 9.2 3.70944739819828 R2
25 1.02429503946317 0.685 8 4.8 3.12409987036266 R3
116 0.966736489045664 0 9 5.66666666666667 3.44802681092953 R1
146 0.966736489045664 0 9 5.66666666666667 3.44802681092953 R1
90 0.883883476483185 0 5 3.33333333333333 1.88561808316413 R1
89 0.883883476483185 0 5 3.33333333333333 1.88561808316413 R1
91 0.883883476483185 0.277777777777778 5 3.33333333333333 1.88561808316413 R2
64 0.883883476483185 0.66 5 3.33333333333333 1.88561808316413 R3
52 0.883883476483185 0 5 3.33333333333333 1.88561808316413 R1
32 0.849315845791489 0.53125 15 8.94736842105263 7.12647904656346 R2
27 0.834057656228299 0 5 3.66666666666667 1.59861050777091 R1
17 0.832050294337844 0 6 4 2.40370085030933 R1
9 0.832050294337844 0 6 4 2.40370085030933 R1
67 0.827605888602368 0.277777777777778 5 3.33333333333333 2.0138409955991 R2
74 0.827605888602368 0 5 3.33333333333333 2.0138409955991 R1
68 0.827605888602368 0.277777777777778 5 3.33333333333333 2.0138409955991 R2
41 0.816496580927727 0 2 1.6 0.489897948556635 R1
42 0.816496580927727 0 2 1.6 0.489897948556635 R1
82 0.816496580927727 0 2 1.6 0.489897948556635 R1
199 0.812034817578119 0.18 9 5.85714285714286 3.8703477668983 R2
86 0.812034817578119 0.314049586776859 9 5.85714285714286 3.8703477668983 R2
153 0.811107105653813 0 3 2.28571428571429 0.880630571852711 R1
30 0.754829412424069 0.142011834319526 12 9.2 3.70944739819828 R2
150 0.728780029878842 0.197530864197531 8 6.22222222222222 2.43938871112224 R2
100 0.719452934153333 0 7 4.90909090909091 2.90624861148105 R1
292 0.707106781186548 0 3 2.66666666666667 0.471404520791032 R1
171 0.707106781186548 0.375 3 2.66666666666667 0.471404520791032 R2
294 0.707106781186548 0 3 2.66666666666667 0.471404520791032 R1
228 0.707106781186548 0.375 3 2.66666666666667 0.471404520791032 R2
227 0.707106781186548 0 3 2.66666666666667 0.471404520791032 R1
173 0.707106781186548 0.375 3 2.66666666666667 0.471404520791032 R2
24 0.704202839630928 0 7 4.8 3.12409987036266 R1
213 0.703526470681448 0 6 4.25 2.48746859276655 R1
212 0.703526470681448 0 6 4.25 2.48746859276655 R1
198 0.676715542331965 0 8 5.66666666666667 3.44802681092953 R1
226 0.64888568452305 0 5 3.66666666666667 2.05480466765633 R1
142 0.632455532033676 0 5 4 1.58113883008419 R1
168 0.603022689155527 0 4 3.2 1.32664991614216 R1
114 0.568672348921258 0 13 8.94736842105263 7.12647904656346 R1
113 0.568672348921258 0 13 8.94736842105263 7.12647904656346 R1
7 0.553660102894172 0.197530864197531 8 5.85714285714286 3.8703477668983 R2
47 0.544331053951817 0 4 3.2 1.46969384566991 R1
29 0.485247479415473 0.152777777777778 11 9.2 3.70944739819828 R2
164 0.450834817333716 0 6 4.75 2.77263412660235 R1
179 0.447213595499958 0 3 2.5 1.11803398874989 R1
66 0.418121005003545 0.244897959183674 6 4.75 2.98956518577535 R2
129 0.375366748253913 0 6 4.90909090909091 2.90624861148105 R1
72 0.331042355440947 0 4 3.33333333333333 2.0138409955991 R1
218 0.295285388210225 0.21875 7 5.85714285714286 3.8703477668983 R2
217 0.295285388210225 0.21875 7 5.85714285714286 3.8703477668983 R2
216 0.295285388210225 0.21875 7 5.85714285714286 3.8703477668983 R2
157 0.288028852051027 0 11 8.94736842105263 7.12647904656346 R1
1 0.267261241912425 0 4 3.66666666666667 1.24721912892465 R1
2 0.267261241912425 0 4 3.66666666666667 1.24721912892465 R1
3 0.267261241912425 0 4 3.66666666666667 1.24721912892465 R1
4 0.267261241912425 0 4 3.66666666666667 1.24721912892465 R1
259 0.223606797749979 0 5 4.66666666666667 1.49071198499986 R1
260 0.223606797749979 0 5 4.66666666666667 1.49071198499986 R1
261 0.223606797749979 0 5 4.66666666666667 1.49071198499986 R1
258 0.223606797749979 0 5 4.66666666666667 1.49071198499986 R1
257 0.223606797749979 0 5 4.66666666666667 1.49071198499986 R1
188 0.208514414057075 0 4 3.66666666666667 1.59861050777091 R1
98 0.162221421130763 0.571428571428572 4 3.66666666666667 2.05480466765633 R2
103 0.162221421130763 0 4 3.66666666666667 2.05480466765633 R1
156 0.162221421130763 0 4 3.66666666666667 2.05480466765633 R1
301 0.0966736489045663 0 6 5.66666666666667 3.44802681092953 R1
61 0.0836242010007091 0.567901234567901 5 4.75 2.98956518577535 R2
63 0.0640184399664481 0.493827160493827 5 4.8 3.12409987036266 R2
244 0.00738535518079552 0 9 8.94736842105263 7.12647904656346 R1
246 0.00738535518079552 0 9 8.94736842105263 7.12647904656346 R1
137 0.00738535518079552 0.297520661157025 9 8.94736842105263 7.12647904656346 R2
245 0.00738535518079552 0 9 8.94736842105263 7.12647904656346 R1
144 2.71947991102104e-16 0 2 2 0.816496580927726 R1
331 0 0 2 2 0.632455532033675 R1
236 0 0 5 5 5.96046447753906e-08 R1
234 0 0 5 5 5.96046447753906e-08 R1
96 0 0 2 2 1.22474487139159 R1
237 0 0 5 5 5.96046447753906e-08 R1
315 0 0 2 2 0.707106781186548 R1
177 0 0 2 2 0.632455532033675 R1
239 0 0 5 5 5.96046447753906e-08 R1
235 0 0 5 5 5.96046447753906e-08 R1
317 0 0 2 2 0.707106781186548 R1
95 0 0 2 2 1.22474487139159 R1
333 0 0 4 4 2.40370085030933 R1
238 0 0 5 5 5.96046447753906e-08 R1
332 0 0 2 2 0.632455532033675 R1
152 -0.0910975037348549 0.244897959183674 6 6.22222222222222 2.43938871112224 R2
151 -0.0910975037348549 0.244897959183674 6 6.22222222222222 2.43938871112224 R2
148 -0.0910975037348549 0.244897959183674 6 6.22222222222222 2.43938871112224 R2
149 -0.0910975037348549 0.244897959183674 6 6.22222222222222 2.43938871112224 R2
320 -0.100503781525921 0 4 4.25 2.48746859276655 R1
321 -0.100503781525921 0 4 4.25 2.48746859276655 R1
201 -0.136082763487954 0.56 3 3.2 1.46969384566991 R2
48 -0.136082763487954 0 3 3.2 1.46969384566991 R1
34 -0.136082763487954 0 3 3.2 1.46969384566991 R1
329 -0.150755672288882 0 3 3.2 1.32664991614216 R1
330 -0.150755672288882 0 3 3.2 1.32664991614216 R1
277 -0.165521177720474 0 3 3.33333333333333 2.0138409955991 R1
11 -0.242535625036333 0 3 3.33333333333333 1.37436854187255 R1
174 -0.242535625036333 0.611111111111111 3 3.33333333333333 1.37436854187255 R2
13 -0.242535625036333 0 3 3.33333333333333 1.37436854187255 R1
106 -0.250872603002127 0.444444444444444 4 4.75 2.98956518577535 R2
268 -0.256073759865792 0 4 4.8 3.12409987036266 R1
140 -0.27050089040023 0 4 4.75 2.77263412660235 R1
138 -0.27050089040023 0 4 4.75 2.77263412660235 R1
324 -0.312805623544927 0 4 4.90909090909091 2.90624861148105 R1
351 -0.312805623544927 0 4 4.90909090909091 2.90624861148105 R1
323 -0.312805623544927 0 4 4.90909090909091 2.90624861148105 R1
322 -0.312805623544927 0 4 4.90909090909091 2.90624861148105 R1
97 -0.324442842261525 0 3 3.66666666666667 2.05480466765633 R1
154 -0.324442842261525 0 2 2.28571428571429 0.880630571852711 R1
109 -0.324442842261525 0 2 2.28571428571429 0.880630571852711 R1
110 -0.324442842261525 0 2 2.28571428571429 0.880630571852711 R1
108 -0.324442842261525 0 2 2.28571428571429 0.880630571852711 R1
286 -0.417028828114149 0 3 3.66666666666667 1.59861050777091 R1
26 -0.417028828114149 0.375 3 3.66666666666667 1.59861050777091 R2
180 -0.447213595499958 0 2 2.5 1.11803398874989 R1
59 -0.479838755841616 0.444444444444444 4 5.85714285714286 3.8703477668983 R2
22 -0.576165959698032 0 3 4.8 3.12409987036266 R1
170 -0.576165959698032 0.56 3 4.8 3.12409987036266 R2
92 -0.585369407004964 0.48 3 4.75 2.98956518577535 R2
175 -0.593080252618911 0.21875 7 9.2 3.70944739819828 R2
54 -0.632455532033676 0 3 4 1.58113883008419 R1
302 -0.662084710881894 0 2 3.33333333333333 2.0138409955991 R1
272 -0.662084710881894 0 2 3.33333333333333 2.0138409955991 R1
304 -0.662084710881894 0 2 3.33333333333333 2.0138409955991 R1
303 -0.662084710881894 0 2 3.33333333333333 2.0138409955991 R1
136 -0.694223386994782 0 4 8.94736842105263 7.12647904656346 R1
132 -0.707106781186547 0 1 1.33333333333333 0.471404520791032 R1
200 -0.707106781186547 0 1 1.33333333333333 0.471404520791032 R1
314 -0.707106781186548 0 1 1.33333333333333 0.471404520791032 R1
338 -0.707106781186548 0 1 1.33333333333333 0.471404520791032 R1
19 -0.707106781186548 0 1 1.33333333333333 0.471404520791032 R1
318 -0.707106781186548 0 1 1.33333333333333 0.471404520791032 R1
51 -0.707106781186548 0 2 3.33333333333333 1.88561808316413 R1
102 -0.811107105653812 0 2 3.66666666666667 2.05480466765633 R1
187 -0.811107105653812 0 2 3.66666666666667 2.05480466765633 R1
297 -0.811107105653812 0 2 3.66666666666667 2.05480466765633 R1
225 -0.811107105653812 0 2 3.66666666666667 2.05480466765633 R1
33 -0.816496580927725 0.444444444444444 2 3.2 1.46969384566991 R2
327 -0.816496580927726 0 1 2 1.22474487139159 R1
326 -0.816496580927726 0 1 2 1.22474487139159 R1
79 -0.816496580927726 0 1 2 1.22474487139159 R1
155 -0.816496580927726 0 1 2 1.22474487139159 R1
311 -0.816496580927735 0 4 4.4 0.48989794855663 R1
202 -0.816496580927735 0 4 4.4 0.48989794855663 R1
312 -0.816496580927735 0 4 4.4 0.48989794855663 R1
203 -0.816496580927735 0 4 4.4 0.48989794855663 R1
204 -0.816496580927735 0.32 4 4.4 0.48989794855663 R2
310 -0.816496580927735 0 4 4.4 0.48989794855663 R1
15 -0.832050294337844 0 2 4 2.40370085030933 R1
8 -0.832050294337844 0 2 4 2.40370085030933 R1
176 -0.834545135429898 0 3 8.94736842105263 7.12647904656346 R1
343 -0.896258159530272 0 2 4.8 3.12409987036266 R1
346 -0.896258159530272 0 2 4.8 3.12409987036266 R1
344 -0.896258159530272 0 2 4.8 3.12409987036266 R1
211 -0.904534033733291 0 2 4.25 2.48746859276655 R1
210 -0.904534033733291 0 2 4.25 2.48746859276655 R1
145 -0.974866883865013 0 2 8.94736842105263 7.12647904656346 R1
37 -0.974866883865013 0 2 8.94736842105263 7.12647904656346 R1
240 -0.974866883865013 0 2 8.94736842105263 7.12647904656346 R1
169 -0.974866883865013 0 2 8.94736842105263 7.12647904656346 R1
190 -0.974866883865013 0 2 8.94736842105263 7.12647904656346 R1
163 -0.991836598134175 0 2 4.75 2.77263412660235 R1
208 -0.991836598134175 0 2 4.75 2.77263412660235 R1
207 -0.991836598134175 0 2 4.75 2.77263412660235 R1
71 -0.996588185209509 0.5 2 5.85714285714286 3.8703477668983 R2
58 -0.996588185209509 0 2 5.85714285714286 3.8703477668983 R1
270 -1.00097799534377 0 2 4.90909090909091 2.90624861148105 R1
269 -1.00097799534377 0 2 4.90909090909091 2.90624861148105 R1
189 -1.11518863230013 0 1 8.94736842105263 7.12647904656346 R1
285 -1.1180339887499 0.48 3 4.66666666666667 1.49071198499986 R2
289 -1.1180339887499 0 3 4.66666666666667 1.49071198499986 R1
290 -1.1180339887499 0 3 4.66666666666667 1.49071198499986 R1
278 -1.15864824404331 0 1 3.33333333333333 2.0138409955991 R1
271 -1.15864824404331 0 1 3.33333333333333 2.0138409955991 R1
20 -1.22474487139159 0 1 2 0.816496580927726 R1
83 -1.22474487139159 0 1 1.6 0.489897948556635 R1
313 -1.22474487139159 0 1 1.6 0.489897948556635 R1
334 -1.23743686707646 0 1 3.33333333333333 1.88561808316413 R1
247 -1.23743686707646 0 1 3.33333333333333 1.88561808316413 R1
117 -1.23743686707646 0 1 3.33333333333333 1.88561808316413 R1
342 -1.24807544150677 0 1 4 2.40370085030933 R1
345 -1.24807544150677 0 1 4 2.40370085030933 R1
233 -1.25436301501064 0 1 4.75 2.98956518577535 R1
298 -1.25436301501064 0.5 1 4.75 2.98956518577535 R2
162 -1.25496289989346 0 1 5.85714285714286 3.8703477668983 R1
6 -1.25496289989346 0 1 5.85714285714286 3.8703477668983 R1
248 -1.25496289989346 0 1 5.85714285714286 3.8703477668983 R1
143 -1.26491106406735 0 2 4 1.58113883008419 R1
230 -1.2977713690461 0 1 3.66666666666667 2.05480466765633 R1
347 -1.30654915983698 0 1 4.25 2.48746859276655 R1
88 -1.3209138041554 0 3 6.22222222222222 2.43938871112224 R1
183 -1.34164078649987 0 1 2.5 1.11803398874989 R1
99 -1.34506418124319 0 1 4.90909090909091 2.90624861148105 R1
115 -1.35343108466393 0 1 5.66666666666667 3.44802681092953 R1
147 -1.35343108466393 0 1 5.66666666666667 3.44802681092953 R1
229 -1.41421356237309 0 2 2.66666666666667 0.471404520791032 R1
172 -1.41421356237309 0 2 2.66666666666667 0.471404520791032 R1
293 -1.41421356237309 0.444444444444444 2 2.66666666666667 0.471404520791032 R2
328 -1.41421356237309 0 1 2 0.707106781186548 R1
107 -1.45999279017686 0 1 2.28571428571429 0.880630571852711 R1
335 -1.4969103983675 0.5 1 3.2 1.46969384566991 R2
251 -1.4969103983675 0 1 3.2 1.46969384566991 R1
325 -1.58113883008419 0 1 2 0.632455532033675 R1
184 -1.6583123951777 0 1 3.2 1.32664991614216 R1
84 -1.6681153124566 0 1 3.66666666666667 1.59861050777091 R1
38 -1.67140798465329 0.5 3 9.2 3.70944739819828 R2
339 -1.69774937525433 0 1 3.33333333333333 1.37436854187255 R1
256 -1.73085257096225 0 2 6.22222222222222 2.43938871112224 R1
40 -2.13808993529939 0 1 3.66666666666667 1.24721912892465 R1
