*Vertices 77
0.136299
0.069209
0.0473164
0.0473164
0.0409605
0.0381356
0.0381356
0.0360169
0.0310734
0.029661
0.0268362
0.0268362
0.0261299
0.0254237
0.0240113
0.0240113
0.0211864
0.0183616
0.0169492
0.0162429
0.0155367
0.0155367
0.0112994
0.0112994
0.0112994
0.0112994
0.00988701
0.00918079
0.00847458
0.00847458
0.00847458
0.00706215
0.00706215
0.00706215
0.00635593
0.00635593
0.00564972
0.00564972
0.0049435
0.0049435
0.00423729
0.00423729
0.00423729
0.00423729
0.00423729
0.00423729
0.00423729
0.00423729
0.00282486
0.00282486
0.00282486
0.00282486
0.00282486
0.00282486
0.00211864
0.00141243
0.00141243
0.00141243
0.00141243
0.00141243
0.00141243
0.00141243
0.00141243
0.00141243
0.00141243
0.00141243
0.00141243
0.00141243
0.00141243
0.00141243
0.00141243
0.00141243
0.00141243
0.00141243
0.00141243
0.00141243
0.00141243
