*Vertices 351
4
4
4
4
5
1
9
2
6
7
3
5
3
6
2
8
6
2
1
1
3
3
13
7
20
4
5
6
12
13
15
24
3
3
1
1
2
6
12
1
2
2
5
5
4
4
4
3
1
1
2
5
6
3
6
7
13
2
6
16
9
15
9
10
13
7
6
6
7
3
4
4
8
5
3
3
3
3
1
1
1
2
1
1
2
11
11
3
5
5
6
5
2
2
2
2
3
7
1
7
7
2
4
36
19
6
1
2
2
2
4
21
13
13
1
9
1
6
4
4
14
1
1
1
1
2
3
2
6
10
10
1
2
1
1
4
11
4
9
4
9
5
2
2
2
9
1
7
7
9
7
7
3
2
1
4
11
3
4
3
1
1
2
6
1
1
5
4
2
5
4
2
4
6
8
3
2
3
3
2
1
1
1
1
1
1
2
4
1
2
2
2
2
2
2
1
1
8
10
1
5
4
4
5
5
5
2
2
9
2
2
6
6
1
1
8
8
8
4
4
4
2
2
2
2
5
3
4
2
1
1
1
1
5
5
5
5
5
5
2
2
2
2
9
9
9
1
1
1
1
1
1
1
1
1
2
5
5
5
5
5
8
2
2
2
1
1
4
2
2
1
2
1
1
1
1
3
1
4
4
4
2
2
2
5
3
2
2
3
3
7
3
3
3
1
1
2
2
1
1
6
2
2
2
2
2
2
2
2
4
4
4
1
1
2
3
2
1
2
4
4
4
4
4
1
1
1
1
3
3
2
2
4
1
2
1
1
1
1
1
1
1
2
2
1
2
1
2
2
2
4
