32 17
90 6
118 4
71 7
102 6
18 31
125 4
16 22
44 11
55 13
84 6
27 13
95 6
57 11
20 18
109 7
89 9
31 18
35 16
11 29
78 6
93 8
106 6
65 8
29 13
138 3
58 12
153 3
15 24
81 5
60 12
73 8
101 5
86 6
76 11
62 6
67 6
129 3
2 61
17 28
82 7
110 6
135 3
14 19
112 6
69 8
49 15
24 23
104 4
124 4
131 3
121 4
79 8
23 18
96 7
159 3
47 10
8 32
98 4
37 9
117 3
43 9
5 22
33 11
21 15
63 11
7 32
26 17
80 6
119 5
99 7
72 9
74 7
61 6
108 5
115 7
92 4
103 7
10 27
113 4
91 6
48 14
107 4
87 8
77 6
133 3
123 3
50 7
39 12
64 9
97 4
41 11
12 22
52 10
56 6
45 17
66 9
19 25
54 5
70 8
68 12
1 55
116 4
136 5
88 5
30 17
100 7
25 17
128 3
120 7
28 16
40 14
75 9
134 3
59 7
130 4
53 11
122 6
22 20
42 9
158 3
46 14
13 19
105 5
6 31
85 6
36 9
3 35
94 5
9 29
51 15
111 6
38 16
4 35
34 9
132 3
