176 4.22394119563013 0.228531855955679 33 7.02702702702703 6.14899018950436 R5
262 3.91076747886105 0.54756242568371 38 8.07142857142857 7.65286394303545 R6
508 3.57985818369731 0.4608 18 4 3.91076944437522 R6
811 3.44490351215566 0 20 4.4 4.52842871939778 R5
277 3.39218428707613 0.285318559556787 32 7.23529411764706 7.30051901269159 R5
411 3.38411256808203 0 24 5.72413793103448 5.40048881391776 R5
447 3.37070369098317 0.421296296296296 27 5.61904761904762 6.34317173537018 R6
288 3.32409467547172 0.728163265306122 17 4.625 3.72281815295886 R6
81 3.24400344767004 0.677734375 17 3.69230769230769 4.10224357722258 R6
23 3.21523436448441 0.696859021183346 19 4.94736842105263 4.37063989305825 R6
264 3.2009219983224 0.660336011687363 19 4.71428571428572 4.4629998148038 R6
274 3.11823116175407 0.778775510204082 30 7.23529411764706 7.30051901269159 R7
35 3.07039995785392 0.0570934256055364 33 8.30769230769231 8.04204925457547 R5
10 2.97598788867321 0.0624349635796044 30 8.2 7.32529862872498 R5
17 2.94605354211529 0.0587695133149677 32 8.30769230769231 8.04204925457547 R5
265 2.89138232392731 0.359963269054178 26 6.71428571428571 6.67006715995929 R6
696 2.82685120785851 0.265 17 4.53333333333333 4.41008944227766 R5
210 2.76028623398098 0 24 7.02702702702703 6.14899018950436 R5
141 2.74250378563422 0.37603305785124 17 5.5 4.19324854180304 R6
218 2.72949454101638 0.428061831153389 21 6.28571428571429 5.3908463611752 R6
513 2.69265228299346 0.426122448979592 26 7.11111111111111 7.01497516340649 R6
211 2.68793601114312 0.43213296398892 14 4.28571428571429 3.614031611621 R6
52 2.68032520834812 0.415 15 4.4 3.95474398665704 R6
428 2.67191671712434 0 17 6.94736842105263 3.76232968434979 R5
71 2.66556994991592 0.255102040816327 12 4.5 2.81365716935569 R5
409 2.64343887393578 0 20 5.72413793103448 5.40048881391776 R5
26 2.63698996317119 0.455078125 23 7.375 5.92531644724567 R6
13 2.52631864584778 0.409036860879905 22 6.44444444444444 6.15740044555441 R6
282 2.51259453814803 0.314049586776859 9 2.75 2.48746859276655 R6
149 2.49121125968326 0.698961937716263 17 5.47368421052632 4.62679178438651 R3
88 2.49034834157499 0.666666666666667 8 2.8 2.08806130178211 R3
54 2.48312306006087 0.527942925089179 19 6.54545454545455 5.01567789968499 R2
655 2.45967477524977 0 8 4.33333333333333 1.49071198499986 R1
152 2.45847963002874 0.15625 22 6.61538461538461 6.25777622751161 R2
710 2.44948974278318 0.21875 7 4 1.22474487139159 R2
306 2.40606662968963 0.48 7 2.57142857142857 1.8405855323893 R2
136 2.4000768036866 0.231111111111111 13 4.66666666666667 3.47211110933328 R2
733 2.34505537086392 0.6656 14 5.14285714285714 3.77694401897208 R3
299 2.3094010767585 0.728395061728395 8 4 1.73205080756888 R3
600 2.27109989583068 0.591715976331361 8 3.33333333333333 2.05480466765633 R2
677 2.26499574392979 0.1504 23 7.11111111111111 7.01497516340649 R2
30 2.25320284859643 0.767361111111111 10 4 2.66287609379578 R3
44 2.21880078490092 0 8 3.42857142857143 2.06031501455085 R1
145 2.2146126712858 0.272189349112426 11 4.85714285714286 2.77378397699251 R2
96 2.2015062485245 0.0907029478458051 20 6.44444444444444 6.15740044555441 R2
124 2.19296395526486 0.0997229916897508 18 6.5 5.24404424085076 R2
123 2.19296395526486 0.244897959183674 18 6.5 5.24404424085076 R2
512 2.17359424239799 0.265927977839335 16 6.57142857142857 4.33777898591114 R2
80 2.16344996690756 0.357142857142857 11 4.4 3.05068298363935 R2
24 2.16344996690756 0.435555555555556 11 4.4 3.05068298363935 R2
269 2.15727748652002 0.6 6 2.85714285714286 1.45686271816937 R2
1191 2.15727748652002 0.244897959183674 6 2.85714285714286 1.45686271816937 R2
335 2.14372569270414 0.5 11 4.72727272727273 2.9260867162602 R2
181 2.13453742061366 0.40625 12 4.28571428571429 3.614031611621 R2
126 2.05894629224964 0.617283950617284 15 5.47368421052632 4.62679178438651 R2
473 2.05894629224964 0 15 5.47368421052632 4.62679178438651 R1
1203 2.02776776413453 0 9 5.42857142857143 1.76126114370542 R1
230 2.01246117974981 0.34 8 3.5 2.23606797749979 R2
62 2.01198707801292 0.5024 17 7.22222222222222 4.85976171747312 R2
267 2.00433934118287 0.302457466918715 19 9.28571428571428 4.84662727248211 R2
604 2 0.448979591836735 5 3 0.999999999999998 R2
959 2 0 5 3 1 R1
134 2 0.396694214876033 8 4 2 R2
161 1.97907610217313 0.095 19 6.61538461538461 6.25777622751161 R2
759 1.96396101212393 0.244897959183674 6 3 1.52752523165195 R2
497 1.94935886896179 0.152777777777778 11 4.66666666666667 3.24893144826966 R2
533 1.92857142857143 0.165289256198347 10 4.6 2.8 R2
20 1.91702895126808 0.142011834319526 12 5 3.65148371670111 R2
94 1.90349354378545 0.0831758034026464 22 8.2 7.24982758415674 R2
432 1.87453842981498 0 14 6.94736842105263 3.76232968434979 R1
163 1.87382922248963 0 13 10.7272727272727 1.21287855128422 R1
164 1.87382922248963 0 13 10.7272727272727 1.21287855128422 R1
247 1.87082869338697 0.21875 7 4 1.60356745147455 R2
908 1.86286203394322 0.690972222222222 11 5.16666666666667 3.13138237134266 R3
689 1.82574185835055 0 4 2 1.09544511501033 R1
1318 1.82574185835055 0 4 2 1.09544511501033 R1
323 1.81220608902269 0 9 5.07692307692308 2.16480727376466 R1
1304 1.81220608902269 0 9 5.07692307692308 2.16480727376466 R1
15 1.80741214472713 0 20 7.77777777777778 6.76227735764575 R1
1196 1.80199639601081 0.110726643598616 16 6.28571428571429 5.3908463611752 R2
309 1.80199639601081 0 16 6.28571428571429 5.3908463611752 R1
5 1.79023857356827 0 22 8.35294117647059 7.62303919992536 R1
656 1.78885438199983 0.21875 7 4.33333333333333 1.49071198499986 R2
720 1.78885438199983 0.32 4 2.85714285714286 0.638876564999941 R2
672 1.76776695296637 0 4 2.33333333333333 0.942809041582063 R1
418 1.76776695296637 0.32 4 2.33333333333333 0.942809041582064 R2
627 1.7673776120636 0.3046875 13 5.81818181818182 4.06354484338673 R2
629 1.7673776120636 0 13 5.81818181818182 4.06354484338673 R1
148 1.75 0.675555555555555 8 4.5 2 R3
77 1.74416319854476 0.18 9 4.75 2.43669858620224 R2
108 1.7417271443536 0.291666666666667 10 5.25 2.72717802865893 R2
380 1.73205080756888 0.611570247933884 6 3.75 1.29903810567666 R2
662 1.72061800402921 0 5 2.85714285714286 1.24539969815448 R1
374 1.71759675625296 0 15 5.72413793103448 5.40048881391776 R1
779 1.71252879704084 0.376543209876543 14 6.57142857142857 4.33777898591114 R2
614 1.69967317119759 0 8 4.28571428571429 2.18529407725405 R1
298 1.69774937525433 0.763888888888889 5 2.66666666666667 1.37436854187255 R3
266 1.69774937525433 0.448979591836735 5 2.66666666666667 1.37436854187255 R2
253 1.64156536333625 0.716553287981859 10 4.66666666666667 3.24893144826966 R3
407 1.63299316185545 0.32 4 2 1.22474487139159 R2
477 1.62762491425132 0.169421487603306 20 8.2 7.24982758415674 R2
345 1.62746694241347 0.18 9 4.33333333333333 2.86744175568088 R2
250 1.61148897248272 0.488340192043896 19 7.23529411764706 7.30051901269159 R2
857 1.60451490647684 0 8 4.33333333333333 2.28521820013368 R1
570 1.60356745147455 0 6 3.6 1.49666295470957 R1
562 1.60044426660118 0.1171875 15 7.22222222222222 4.85976171747312 R2
110 1.58525817400853 0.530612244897959 9 4.75 2.6809513236909 R2
109 1.58525817400853 0.314049586776859 9 4.75 2.6809513236909 R2
1567 1.58113883008419 0 3 2 0.632455532033676 R1
336 1.58113883008419 0 4 2.57142857142857 0.903507902905252 R1
885 1.58113883008419 0.5 4 2.57142857142857 0.903507902905252 R2
534 1.57142857142857 0.314049586776859 9 4.6 2.8 R2
632 1.56892908110547 0 6 3.33333333333333 1.69967317119759 R1
260 1.55870684718328 0.603806228373702 20 8.07142857142857 7.65286394303545 R2
12 1.55188145387792 0.110726643598616 16 6.44444444444444 6.15740044555441 R2
1055 1.55134350376268 0.612244897959184 7 4.28571428571429 1.74963553055941 R2
735 1.55076242266808 0.444444444444445 11 5.14285714285714 3.77694401897208 R2
621 1.52664506722759 0 7 4.57142857142857 1.59078981795143 R1
620 1.52664506722759 0 7 4.57142857142857 1.59078981795143 R1
743 1.50213523239762 0.446280991735537 8 4 2.66287609379578 R2
1240 1.5 0 7 4 2 R1
699 1.5 0.21875 7 4 2 R2
131 1.5 0.345679012345679 7 4 2 R2
1213 1.49357598761135 0 9 4.85714285714286 2.77378397699251 R1
463 1.49120227015865 0 5 3.14285714285714 1.24539969815448 R1
453 1.49120227015865 0 5 3.14285714285714 1.24539969815448 R1
378 1.48199607436226 0.509695290858726 13 6.57142857142857 4.33777898591114 R2
446 1.47890562833783 0.349030470914127 15 5.61904761904762 6.34317173537018 R2
6 1.47434262374636 0.235537190082645 19 8.2 7.32529862872498 R2
542 1.46702894076548 0.21875 7 4 2.04494943258218 R2
541 1.46702894076548 0 7 4 2.04494943258218 R1
543 1.46702894076548 0.21875 7 4 2.04494943258218 R2
3 1.46633458375548 0.680555555555556 11 4.53333333333333 4.41008944227766 R3
905 1.46021895010282 0 9 4.72727272727273 2.9260867162602 R1
25 1.4556184596705 0.594387755102041 16 7.375 5.92531644724567 R2
369 1.43591631723548 0 6 3.77777777777778 1.5475986974649 R1
259 1.42803681209007 0.172335600907029 19 8.07142857142857 7.65286394303545 R2
1211 1.42803681209007 0.364583333333333 19 8.07142857142857 7.65286394303545 R2
567 1.4142135623731 0 2 1.33333333333333 0.471404520791032 R1
919 1.41421356237309 0.375 3 2 0.707106781186548 R2
85 1.41421356237309 0 3 2 0.707106781186548 R1
767 1.41421356237309 0 2 1.33333333333333 0.471404520791032 R1
960 1.41421356237309 0.444444444444444 2 1.33333333333333 0.471404520791032 R2
1017 1.41421356237309 0.375 3 2 0.707106781186548 R2
838 1.41421356237309 0 3 2 0.707106781186548 R1
695 1.41421356237309 0 7 5.66666666666667 0.942809041582065 R1
694 1.41421356237309 0 7 5.66666666666667 0.942809041582065 R1
950 1.39669474920628 0.298676748582231 19 8.35294117647059 7.62303919992536 R2
573 1.38586973436717 0.21875 7 4.25 1.98431348329844 R2
649 1.375 0.545454545454546 7 4.8 1.6 R2
454 1.34164078649987 0 4 2.5 1.11803398874989 R1
317 1.34164078649987 0.666666666666667 4 2.5 1.11803398874989 R3
1515 1.34164078649987 0 4 2.5 1.11803398874989 R1
99 1.32955013751307 0.0950000000000001 19 8.30769230769231 8.04204925457547 R2
475 1.32125578978405 0.835743801652893 14 5.61904761904762 6.34317173537018 R4
591 1.32125578978405 0.672216441207076 14 5.61904761904762 6.34317173537018 R3
893 1.31163224530332 0.574380165289256 11 5.5 4.19324854180304 R2
28 1.28685110202754 0.1171875 15 7.375 5.92531644724567 R2
734 1.2859981066028 0.469387755102041 10 5.14285714285714 3.77694401897208 R2
676 1.26713048611457 0.110726643598616 16 7.11111111111111 7.01497516340649 R2
106 1.26551347441895 0.258503401360544 18 8.35294117647059 7.62303919992536 R2
4 1.26551347441895 0.374291115311909 18 8.35294117647059 7.62303919992536 R2
459 1.26491106406735 0.277777777777778 5 3 1.58113883008419 R2
66 1.25 0.46 7 4.5 2 R2
255 1.24803993791703 0.416666666666667 9 4.66666666666667 3.47211110933328 R2
308 1.24549750900747 0.6688 13 6.28571428571429 5.3908463611752 R3
622 1.24393264329409 0.34 8 4.5 2.81365716935569 R2
263 1.24222351694655 0.277777777777778 15 6.71428571428571 6.67006715995929 R2
1 1.22474487139159 0 4 2.8 0.97979589711327 R1
584 1.22474487139159 0 5 3 1.63299316185545 R1
1258 1.22474487139159 0 4 2.8 0.979795897113271 R1
185 1.22474487139159 0.641975308641975 5 3 1.63299316185545 R3
339 1.21589544281643 0 16 7.77777777777778 6.76227735764575 R1
590 1.20055928449963 0.335 16 7.23529411764706 7.30051901269159 R2
1142 1.17902314187228 0 15 9.28571428571428 4.84662727248211 R1
859 1.16691993198316 0 7 4.33333333333333 2.28521820013368 R1
682 1.15603932206181 0.469387755102041 10 4.94736842105263 4.37063989305825 R2
31 1.15603932206181 0.7744 10 4.94736842105263 4.37063989305825 R3
791 1.15470053837925 0 6 4 1.73205080756888 R1
227 1.15470053837925 0 8 5.71428571428571 1.97948663722158 R1
226 1.15470053837925 0 8 5.71428571428571 1.97948663722158 R1
223 1.15470053837925 0 8 5.71428571428571 1.97948663722158 R1
105 1.13433219963162 0.591836734693878 17 8.35294117647059 7.62303919992536 R2
175 1.1340029432597 0 14 7.02702702702703 6.14899018950436 R1
65 1.1340029432597 0.124444444444444 14 7.02702702702703 6.14899018950436 R2
63 1.1340029432597 0.124444444444444 14 7.02702702702703 6.14899018950436 R2
117 1.07716014250563 0 11 6.94736842105263 3.76232968434979 R1
121 1.07716014250563 0 11 6.94736842105263 3.76232968434979 R1
137 1.06801626733876 0.517958412098299 15 7.77777777777778 6.76227735764575 R2
172 1.0493443645942 0 12 10.7272727272727 1.21287855128422 R1
1279 1.02281662391352 0.429752066115702 8 4 3.91076944437522 R2
538 1.00836834673103 0 8 5.25 2.72717802865893 R1
451 1 0 4 3 1 R1
841 1 0.277777777777778 5 3.5 1.5 R2
342 1 0.32 4 3.5 0.5 R2
341 1 0 4 3.5 0.5 R1
450 1 0.32 4 3 1 R2
329 0.983130049483585 0.255102040816327 12 7.22222222222222 4.85976171747312 R2
565 0.983130049483585 0.442906574394464 12 7.22222222222222 4.85976171747312 R2
778 0.98058067569092 0 5 3.33333333333333 1.69967317119759 R1
1115 0.979795897113271 0.615384615384615 6 4.28571428571429 1.74963553055941 R2
410 0.9769230621067 0 11 5.72413793103448 5.40048881391776 R1
412 0.9769230621067 0 11 5.72413793103448 5.40048881391776 R1
127 0.962250448649376 0.277777777777778 5 3.75 1.29903810567666 R2
130 0.962250448649376 0.644628099173554 5 3.75 1.29903810567666 R3
529 0.96027659949672 0 9 4.71428571428572 4.4629998148038 R1
504 0.960030721474639 0.197530864197531 8 4.66666666666667 3.47211110933328 R2
935 0.928289800136598 0 15 8.2 7.32529862872498 R1
631 0.928289800136598 0 15 8.2 7.32529862872498 R1
73 0.923380516876639 0 7 4.75 2.43669858620224 R1
75 0.923380516876639 0 7 4.75 2.43669858620224 R1
661 0.917662935482247 0.32 4 2.85714285714286 1.24539969815448 R2
350 0.906571275128651 0.197530864197531 8 4.625 3.72281815295886 R2
294 0.904818702200994 0 8 5.16666666666667 3.13138237134266 R1
295 0.904818702200994 0 8 5.16666666666667 3.13138237134266 R1
293 0.904818702200994 0 8 5.16666666666667 3.13138237134266 R1
292 0.904818702200994 0 8 5.16666666666667 3.13138237134266 R1
1202 0.892217816219194 0 7 5.42857142857143 1.76126114370542 R1
101 0.888124306153157 0.272189349112426 11 6.54545454545455 5.01567789968499 R2
387 0.871969650056961 0.1171875 15 8.35294117647059 7.62303919992536 R2
416 0.858116330321033 0 11 6.5 5.24404424085076 R1
690 0.852268168781766 0 7 4.4 3.05068298363935 R1
429 0.811367380069172 0 10 6.94736842105263 3.76232968434979 R1
234 0.808746285115446 0 12 7.02702702702703 6.14899018950436 R1
245 0.791776594234157 0 14 8.2 7.32529862872498 R1
285 0.789753974479512 0.743801652892562 5 3.77777777777778 1.5475986974649 R3
441 0.789753974479512 0.53125 5 3.77777777777778 1.5475986974649 R2
439 0.789753974479512 0 5 3.77777777777778 1.5475986974649 R1
697 0.786076271703971 0 8 4.53333333333333 4.41008944227766 R1
617 0.784464540552736 0 6 4.28571428571429 2.18529407725405 R1
615 0.784464540552736 0 6 4.28571428571429 2.18529407725405 R1
628 0.783015397749695 0 9 5.81818181818182 4.06354484338673 R1
389 0.774686636624027 0.6464 14 8.07142857142857 7.65286394303545 R3
1345 0.766365042216979 0 13 9.28571428571428 4.84662727248211 R1
1350 0.766365042216979 0 13 9.28571428571428 4.84662727248211 R1
1348 0.766365042216979 0 13 9.28571428571428 4.84662727248211 R1
499 0.718184846459608 0.673469387755102 7 4.66666666666667 3.24893144826966 R3
479 0.707106781186554 0 5 4.66666666666667 0.471404520791027 R1
1209 0.707106781186554 0.408163265306122 5 4.66666666666667 0.471404520791027 R2
469 0.707106781186554 0.408163265306122 5 4.66666666666667 0.471404520791027 R2
478 0.707106781186554 0 5 4.66666666666667 0.471404520791027 R1
673 0.707106781186548 0 3 2.33333333333333 0.942809041582063 R1
1119 0.707106781186548 0 3 2.66666666666667 0.471404520791032 R1
404 0.707106781186548 0 3 2.66666666666667 0.471404520791032 R1
405 0.707106781186548 0 3 2.66666666666667 0.471404520791032 R1
1117 0.707106781186548 0 3 2.66666666666667 0.471404520791032 R1
200 0.707106781186547 0 3 2.33333333333333 0.942809041582064 R1
559 0.698440423745678 0 8 4.94736842105263 4.37063989305825 R1
314 0.688998622004134 0.355029585798816 10 6.28571428571429 5.3908463611752 R2
53 0.688749461914693 0.165289256198347 10 6.54545454545455 5.01567789968499 R2
588 0.670820393249937 0.448979591836735 5 3.5 2.23606797749979 R2
229 0.670820393249937 0.693877551020408 5 3.5 2.23606797749979 R3
93 0.662084710881894 0.13265306122449 13 8.2 7.24982758415674 R2
1133 0.659380473395788 0 11 9.33333333333333 2.52762514801718 R1
289 0.657438258651426 0.512396694214876 7 4.4 3.95474398665704 R2
761 0.654653670707977 0 4 3 1.52752523165195 R1
278 0.652653033855503 0.661625708884688 12 7.23529411764706 7.30051901269159 R3
1137 0.637957563979421 0.21875 7 4.625 3.72281815295886 R2
852 0.632455532033676 0 4 3 1.58113883008419 R1
246 0.623609564462323 0.46875 5 4 1.60356745147455 R2
41 0.583471643081276 0 13 8.30769230769231 8.04204925457547 R1
1150 0.581238193719096 0.493827160493827 6 4.33333333333333 2.86744175568088 R2
1151 0.581238193719096 0.244897959183674 6 4.33333333333333 2.86744175568088 R2
495 0.577350269189626 0 5 4.5 0.866025403784439 R1
492 0.577350269189626 0 5 4.5 0.866025403784439 R1
494 0.577350269189626 0 5 4.5 0.866025403784439 R1
87 0.574695771132691 0.32 4 2.8 2.08806130178211 R2
249 0.574695771132691 0.76 4 2.8 2.08806130178211 R3
810 0.574150585359277 0.345679012345679 7 4.4 4.52842871939778 R2
916 0.574150585359277 0 7 4.4 4.52842871939778 R1
564 0.571587238071851 0.390532544378698 10 7.22222222222222 4.85976171747312 R2
563 0.571587238071851 0.5078125 10 7.22222222222222 4.85976171747312 R2
84 0.571587238071851 0 10 7.22222222222222 4.85976171747312 R1
613 0.571587238071851 0.165289256198347 10 7.22222222222222 4.85976171747312 R2
686 0.562543950463012 0.48 6 3.69230769230769 4.10224357722258 R2
1007 0.559323501020133 0.345679012345679 7 4.53333333333333 4.41008944227766 R2
284 0.547722557505166 0 7 5 3.65148371670111 R1
474 0.546018906231948 0 8 5.47368421052632 4.62679178438651 R1
368 0.524472719250318 0 6 4.4 3.05068298363935 R1
936 0.518750182429275 0 12 8.2 7.32529862872498 R1
937 0.518750182429275 0 12 8.2 7.32529862872498 R1
1305 0.512147519731583 0 7 4.71428571428572 4.4629998148038 R1
519 0.511408311956759 0.628099173553719 6 4 3.91076944437522 R3
670 0.5 0.722222222222222 5 4 2 R3
532 0.5 0.244897959183674 6 4.6 2.8 R2
1049 0.492605877409837 0.291666666666667 10 6.71428571428571 6.67006715995929 R2
913 0.492605877409837 0 10 6.71428571428571 6.67006715995929 R1
731 0.491705158406952 0.48 7 5.14285714285714 3.77694401897208 R2
750 0.489009646921826 0 5 4 2.04494943258218 R1
704 0.476731294622796 0 9 6.5 5.24404424085076 R1
1179 0.469640974587611 0 7 4.94736842105263 4.37063989305825 R1
771 0.447213595499958 0 3 2.5 1.11803398874989 R1
455 0.447213595499958 0 3 2.5 1.11803398874989 R1
1514 0.447213595499958 0 3 2.5 1.11803398874989 R1
729 0.44301431381276 0.165289256198347 10 7.375 5.92531644724567 R2
906 0.43495883620084 0.40625 6 4.72727272727273 2.9260867162602 R2
297 0.43495883620084 0.611570247933884 6 4.72727272727273 2.9260867162602 R2
1630 0.426401432711221 0 6 5.07692307692308 2.16480727376466 R1
878 0.426401432711221 0.625 6 5.07692307692308 2.16480727376466 R3
934 0.426401432711221 0.7578125 6 5.07692307692308 2.16480727376466 R3
1628 0.426401432711221 0 6 5.07692307692308 2.16480727376466 R1
1629 0.426401432711221 0 6 5.07692307692308 2.16480727376466 R1
1440 0.412020962099684 0 6 4.85714285714286 2.77378397699251 R1
1442 0.412020962099684 0 6 4.85714285714286 2.77378397699251 R1
1443 0.412020962099684 0 6 4.85714285714286 2.77378397699251 R1
1441 0.412020962099684 0 6 4.85714285714286 2.77378397699251 R1
1444 0.412020962099684 0 6 4.85714285714286 2.77378397699251 R1
498 0.410391340834062 0 6 4.66666666666667 3.24893144826966 R1
500 0.410391340834062 0 6 4.66666666666667 3.24893144826966 R1
1468 0.408248290463863 0.408163265306122 5 4.28571428571429 1.74963553055941 R2
315 0.404577389939339 0.770083102493075 6 4.4 3.95474398665704 R3
261 0.382676531344399 0.426666666666667 11 8.07142857142857 7.65286394303545 R2
303 0.37869990853344 0.67590027700831 10 7.23529411764706 7.30051901269159 R3
281 0.37869990853344 0.690082644628099 10 7.23529411764706 7.30051901269159 R3
357 0.37869990853344 0.469387755102041 10 7.23529411764706 7.30051901269159 R2
280 0.37869990853344 0.291666666666667 10 7.23529411764706 7.30051901269159 R2
578 0.377964473009227 0 5 4.25 1.98431348329844 R1
574 0.377964473009227 0 5 4.25 1.98431348329844 R1
576 0.377964473009227 0 5 4.25 1.98431348329844 R1
575 0.377964473009227 0 5 4.25 1.98431348329844 R1
577 0.377964473009227 0 5 4.25 1.98431348329844 R1
29 0.375533808099405 0.722222222222222 5 4 2.66287609379578 R3
349 0.369343852830191 0.48 6 4.625 3.72281815295886 R2
1229 0.369343852830191 0 6 4.625 3.72281815295886 R1
1186 0.365815832365985 0 9 7.22222222222222 4.85976171747312 R1
579 0.334778811604011 0 11 8.30769230769231 8.04204925457547 R1
100 0.334778811604011 0.152777777777778 11 8.30769230769231 8.04204925457547 R2
915 0.333333333333333 0 4 3.5 1.5 R1
914 0.333333333333333 0 4 3.5 1.5 R1
503 0.332570730336295 0 6 4.53333333333333 4.41008944227766 R1
1414 0.324442842261525 0 4 3.33333333333333 2.05480466765633 R1
1411 0.324442842261525 0 4 3.33333333333333 2.05480466765633 R1
1413 0.324442842261525 0 4 3.33333333333333 2.05480466765633 R1
1412 0.324442842261525 0 4 3.33333333333333 2.05480466765633 R1
177 0.320861297899063 0 9 7.02702702702703 6.14899018950436 R1
209 0.320861297899063 0.459183673469388 9 7.02702702702703 6.14899018950436 R2
930 0.318774905262373 0.277777777777778 5 3.69230769230769 4.10224357722258 R2
128 0.290834290592744 0.42 7 5.81818181818182 4.06354484338673 R2
55 0.289999773437765 0 8 6.54545454545455 5.01567789968499 R1
701 0.286038776773678 0 8 6.5 5.24404424085076 R1
983 0.286038776773678 0 8 6.5 5.24404424085076 R1
118 0.279781855196266 0 8 6.94736842105263 3.76232968434979 R1
46 0.277350098112615 0 4 3.42857142857143 2.06031501455085 R1
45 0.277350098112615 0 4 3.42857142857143 2.06031501455085 R1
107 0.275009549108463 0 6 5.25 2.72717802865893 R1
1121 0.274246956169804 0.625 9 7.375 5.92531644724567 R3
675 0.269265228299346 0 9 7.11111111111111 7.01497516340649 R1
897 0.267261241912424 0 4 3.6 1.49666295470957 R1
896 0.267261241912424 0 4 3.6 1.49666295470957 R1
1135 0.263752189358315 0 10 9.33333333333333 2.52762514801718 R1
1130 0.263752189358315 0 10 9.33333333333333 2.52762514801718 R1
1128 0.263752189358315 0 10 9.33333333333333 2.52762514801718 R1
1127 0.263752189358315 0 10 9.33333333333333 2.52762514801718 R1
1131 0.263752189358315 0 10 9.33333333333333 2.52762514801718 R1
1129 0.263752189358315 0 10 9.33333333333333 2.52762514801718 R1
1136 0.263752189358315 0 10 9.33333333333333 2.52762514801718 R1
645 0.263752189358315 0.277777777777778 10 9.33333333333333 2.52762514801718 R2
1132 0.263752189358315 0 10 9.33333333333333 2.52762514801718 R1
1134 0.263752189358315 0 10 9.33333333333333 2.52762514801718 R1
248 0.25570415597838 0.617283950617284 5 4 3.91076944437522 R2
68 0.25 0.408163265306122 5 4.5 2 R2
147 0.25 0.448979591836735 5 4.5 2 R2
1333 0.242535625036333 0 3 2.66666666666667 1.37436854187255 R1
1332 0.242535625036333 0 3 2.66666666666667 1.37436854187255 R1
1334 0.242535625036333 0 3 2.66666666666667 1.37436854187255 R1
1155 0.242535625036333 0 3 2.66666666666667 1.37436854187255 R1
1156 0.242535625036333 0 3 2.66666666666667 1.37436854187255 R1
1157 0.242535625036333 0 3 2.66666666666667 1.37436854187255 R1
853 0.240841525429544 0 6 4.94736842105263 4.37063989305825 R1
799 0.236249367960444 0 7 5.72413793103448 5.40048881391776 R1
722 0.223606797749979 0 3 2.85714285714286 0.638876564999941 R1
741 0.223606797749979 0.375 3 2.85714285714286 0.638876564999941 R2
723 0.223606797749979 0 3 2.85714285714286 0.638876564999941 R1
721 0.223606797749979 0 3 2.85714285714286 0.638876564999941 R1
1634 0.204124145231932 0 3 2.8 0.97979589711327 R1
1635 0.204124145231932 0 3 2.8 0.97979589711327 R1
1633 0.204124145231932 0 3 2.8 0.97979589711327 R1
1256 0.204124145231931 0 3 2.8 0.979795897113271 R1
1257 0.204124145231931 0 3 2.8 0.979795897113271 R1
1255 0.204124145231931 0 3 2.8 0.979795897113271 R1
69 0.177704663327728 0 5 4.5 2.81365716935569 R1
70 0.177704663327728 0 5 4.5 2.81365716935569 R1
286 0.143591631723548 0 4 3.77777777777778 1.5475986974649 R1
1549 0.132499735000795 0 7 6.28571428571429 5.3908463611752 R1
742 0.132496288929064 0.408163265306122 5 4.4 4.52842871939778 R2
1152 0.132496288929064 0 5 4.4 4.52842871939778 R1
652 0.125 0.578512396694215 5 4.8 1.6 R2
998 0.125 0 5 4.8 1.6 R1
302 0.125 0.277777777777778 5 4.8 1.6 R2
506 0.12133646115798 0.314049586776859 9 8.07142857142857 7.65286394303545 R2
625 0.12133646115798 0.73469387755102 9 8.07142857142857 7.65286394303545 R3
138 0.119239295027575 0.244897959183674 6 5.5 4.19324854180304 R2
139 0.119239295027575 0.244897959183674 6 5.5 4.19324854180304 R2
660 0.114707866935281 0 3 2.85714285714286 1.24539969815448 R1
663 0.114707866935281 0 3 2.85714285714286 1.24539969815448 R1
472 0.113753938798322 0 6 5.47368421052632 4.62679178438651 R1
1120 0.105479598526848 0.34 8 7.375 5.92531644724567 R2
558 0.104746783211377 0.678200692041522 8 7.23529411764706 7.30051901269159 R3
592 0.104746783211377 0.34 8 7.23529411764706 7.30051901269159 R2
610 0.104746783211377 0 8 7.23529411764706 7.30051901269159 R1
351 0.100730141680961 0 5 4.625 3.72281815295886 R1
706 0.100503781525921 0 3 2.75 2.48746859276655 R1
1237 0.100503781525921 0 3 2.75 2.48746859276655 R1
491 0.0987997382908177 0 7 6.57142857142857 4.33777898591114 R1
1471 0.0980580675690922 0 3 2.85714285714286 1.45686271816937 R1
272 0.0980580675690922 0 3 2.85714285714286 1.45686271816937 R1
271 0.0980580675690922 0 3 2.85714285714286 1.45686271816937 R1
1470 0.0980580675690922 0 3 2.85714285714286 1.45686271816937 R1
270 0.0980580675690922 0.56 3 2.85714285714286 1.45686271816937 R2
356 0.0980580675690922 0.653061224489796 3 2.85714285714286 1.45686271816937 R3
555 0.0960030721474638 0.277777777777778 5 4.66666666666667 3.47211110933328 R2
89 0.0957826285221149 0 3 2.8 2.08806130178211 R1
90 0.0957826285221149 0 3 2.8 2.08806130178211 R1
112 0.0932504808240314 0 5 4.75 2.6809513236909 R1
111 0.0932504808240314 0.58 5 4.75 2.6809513236909 R2
904 0.0932054649001802 0.277777777777778 5 4.72727272727273 2.9260867162602 R2
651 0.0906249291993017 0.764542936288089 7 6.54545454545455 5.01567789968499 R3
954 0.0902256659231354 0 7 6.44444444444444 6.15740044555441 R1
808 0.0902256659231354 0 7 6.44444444444444 6.15740044555441 R1
807 0.0902256659231354 0 7 6.44444444444444 6.15740044555441 R1
104 0.0848820013329785 0.18 9 8.35294117647059 7.62303919992536 R2
1146 0.0640184399664476 0.66 5 4.71428571428572 4.4629998148038 R3
50 0.0614619907507185 0 7 6.61538461538461 6.25777622751161 R1
740 0.0614619907507185 0 7 6.61538461538461 6.25777622751161 R1
448 0.0600570813538202 0 6 5.61904761904762 6.34317173537018 R1
144 0.0515026202624603 0.448979591836735 5 4.85714285714286 2.77378397699251 R2
413 0.0510809444238795 0 6 5.72413793103448 5.40048881391776 R1
414 0.0510809444238795 0 6 5.72413793103448 5.40048881391776 R1
354 0.0447437370142683 0.58 6 5.81818181818182 4.06354484338673 R2
764 0.0428352936878121 0.556213017751479 7 6.71428571428571 6.67006715995929 R2
763 0.0428352936878121 0.21875 7 6.71428571428571 6.67006715995929 R2
1073 0.0139890927598132 0 7 6.94736842105263 3.76232968434979 R1
560 0.0120420762714771 0.277777777777778 5 4.94736842105263 4.37063989305825 R2
331 0.0120420762714771 0.5625 5 4.94736842105263 4.37063989305825 R2
1547 0.0120420762714771 0 5 4.94736842105263 4.37063989305825 R1
1499 1.05367121277235e-08 0 6 6 8.42936970217881e-08 R1
1495 1.05367121277235e-08 0 6 6 8.42936970217881e-08 R1
1493 1.05367121277235e-08 0 6 6 8.42936970217881e-08 R1
1498 1.05367121277235e-08 0 6 6 8.42936970217881e-08 R1
1496 1.05367121277235e-08 0 6 6 8.42936970217881e-08 R1
1494 1.05367121277235e-08 0 6 6 8.42936970217881e-08 R1
1497 1.05367121277235e-08 0 6 6 8.42936970217881e-08 R1
193 8.60318942650595e-09 0 10 10 2.06476546236143e-07 R1
189 8.60318942650595e-09 0 10 10 2.06476546236143e-07 R1
191 8.60318942650595e-09 0 10 10 2.06476546236143e-07 R1
198 8.60318942650595e-09 0 10 10 2.06476546236143e-07 R1
196 8.60318942650595e-09 0 10 10 2.06476546236143e-07 R1
194 8.60318942650595e-09 0 10 10 2.06476546236143e-07 R1
197 8.60318942650595e-09 0 10 10 2.06476546236143e-07 R1
192 8.60318942650595e-09 0 10 10 2.06476546236143e-07 R1
199 8.60318942650595e-09 0 10 10 2.06476546236143e-07 R1
195 8.60318942650595e-09 0 10 10 2.06476546236143e-07 R1
190 8.60318942650595e-09 0 10 10 2.06476546236143e-07 R1
666 5.53876557474029e-16 0 4 4 1.60356745147455 R1
667 5.53876557474029e-16 0 4 4 1.60356745147455 R1
668 5.53876557474029e-16 0 4 4 1.60356745147455 R1
304 2.27110913167631e-16 0.666666666666667 4 4 3.91076944437522 R3
748 2.17163907710572e-16 0 4 4 2.04494943258218 R1
1597 0 0 2 2 0.632455532033676 R1
1354 0 0 5 5 5.96046447753906e-08 R1
1356 0 0 5 5 5.96046447753906e-08 R1
1517 0 0.444444444444444 2 2 0.707106781186548 R2
844 0 0 2 2 1.09544511501033 R1
1001 0 0 10 10 1.19209289550781e-07 R1
1510 0 0 5 5 5.96046447753906e-08 R1
1508 0 0 5 5 5.96046447753906e-08 R1
1358 0 0 5 5 5.96046447753906e-08 R1
1003 0 0 10 10 1.19209289550781e-07 R1
1483 0 0 2 2 1.09544511501033 R1
1406 0 0.32 4 4 2.66287609379578 R2
1596 0 0 2 2 0.632455532033676 R1
958 0 0 3 3 1 R1
1225 0 0.32 4 4 1.22474487139159 R2
1226 0 0.32 4 4 1.22474487139159 R2
408 0 0.444444444444444 2 2 1.22474487139159 R2
1506 0 0 5 5 5.96046447753906e-08 R1
1357 0 0 5 5 5.96046447753906e-08 R1
789 0 0 4 4 1.73205080756888 R1
1002 0 0 10 10 1.19209289550781e-07 R1
1407 0 0.32 4 4 2.66287609379578 R2
813 0 0 2 2 0.707106781186548 R1
1228 0 0.32 4 4 1.22474487139159 R2
1355 0 0 5 5 5.96046447753906e-08 R1
1507 0 0 5 5 5.96046447753906e-08 R1
1006 0 0 10 10 1.19209289550781e-07 R1
956 0 0 3 3 1 R1
790 0 0 4 4 1.73205080756888 R1
1611 0 0 2 2 0.707106781186548 R1
1005 0 0 10 10 1.19209289550781e-07 R1
687 0 0 2 2 1.09544511501033 R1
1004 0 0 10 10 1.19209289550781e-07 R1
812 0 0 2 2 0.707106781186548 R1
327 0 0.489795918367347 4 4 2 R2
957 0 0 3 3 1 R1
1603 0 0 2 2 0.707106781186548 R1
1509 0 0 5 5 5.96046447753906e-08 R1
1602 0 0 2 2 0.707106781186548 R1
1241 0 0 4 4 2 R1
1353 0 0 5 5 5.96046447753906e-08 R1
688 0 0 2 2 1.09544511501033 R1
188 0 0.733727810650887 4 4 1.73205080756888 R3
1610 0 0 2 2 0.707106781186548 R1
792 0 0 4 4 1.73205080756888 R1
1300 0 0 2 2 0.632455532033676 R1
1516 0 0.444444444444444 2 2 0.707106781186548 R2
1505 0 0 5 5 5.96046447753906e-08 R1
1227 0 0.32 4 4 1.22474487139159 R2
1405 0 0.32 4 4 2.66287609379578 R2
1110 -2.71947991102104e-16 0.56 3 3 1.63299316185545 R2
1594 -2.71947991102104e-16 0 3 3 1.63299316185545 R1
602 -4.44089209850063e-16 0.375 3 3 0.999999999999998 R2
605 -4.44089209850063e-16 0.375 3 3 0.999999999999998 R2
603 -4.44089209850063e-16 0.375 3 3 0.999999999999998 R2
236 -0.00439536024519252 0 7 7.02702702702703 6.14899018950436 R1
232 -0.00439536024519252 0.591715976331361 7 7.02702702702703 6.14899018950436 R2
237 -0.00439536024519252 0 7 7.02702702702703 6.14899018950436 R1
235 -0.00439536024519252 0 7 7.02702702702703 6.14899018950436 R1
233 -0.00439536024519252 0 7 7.02702702702703 6.14899018950436 R1
238 -0.00439536024519252 0 7 7.02702702702703 6.14899018950436 R1
1000 -0.0158391310764321 0.21875 7 7.11111111111111 7.01497516340649 R2
907 -0.0158391310764321 0.597222222222222 7 7.11111111111111 7.01497516340649 R2
321 -0.0275868629534122 0.740740740740741 8 8.2 7.24982758415674 R3
276 -0.0322297794496541 0.37037037037037 7 7.23529411764706 7.30051901269159 R2
1529 -0.0378234737236115 0.448979591836735 5 5.14285714285714 3.77694401897208 R2
1527 -0.0378234737236115 0.448979591836735 5 5.14285714285714 3.77694401897208 R2
39 -0.0382604356118868 0 8 8.30769230769231 8.04204925457547 R1
36 -0.0382604356118868 0.444444444444444 8 8.30769230769231 8.04204925457547 R2
38 -0.0382604356118868 0 8 8.30769230769231 8.04204925457547 R1
40 -0.0382604356118868 0 8 8.30769230769231 8.04204925457547 R1
34 -0.0382604356118868 0 8 8.30769230769231 8.04204925457547 R1
37 -0.0382604356118868 0 8 8.30769230769231 8.04204925457547 R1
1457 -0.0532246295412347 0 5 5.16666666666667 3.13138237134266 R1
1349 -0.0589511570936136 0 9 9.28571428571428 4.84662727248211 R1
1347 -0.0589511570936136 0 9 9.28571428571428 4.84662727248211 R1
1352 -0.0589511570936136 0 9 9.28571428571428 4.84662727248211 R1
1346 -0.0589511570936136 0 9 9.28571428571428 4.84662727248211 R1
1351 -0.0589511570936136 0 9 9.28571428571428 4.84662727248211 R1
554 -0.0632877591161086 0.603550295857988 7 7.375 5.92531644724567 R2
955 -0.0721805327385079 0 6 6.44444444444444 6.15740044555441 R1
219 -0.0790569415042095 0.444444444444444 4 4.28571428571429 3.614031611621 R2
540 -0.0916698497028211 0 5 5.25 2.72717802865893 R1
539 -0.0916698497028211 0 5 5.25 2.72717802865893 R1
537 -0.0916698497028211 0 5 5.25 2.72717802865893 R1
700 -0.0953462589245592 0 6 6.5 5.24404424085076 R1
702 -0.0953462589245592 0 6 6.5 5.24404424085076 R1
703 -0.0953462589245592 0 6 6.5 5.24404424085076 R1
160 -0.0983391852011495 0 6 6.61538461538461 6.25777622751161 R1
1287 -0.0983391852011495 0.244897959183674 6 6.61538461538461 6.25777622751161 R2
1383 -0.11470786693528 0 3 3.14285714285714 1.24539969815448 R1
1382 -0.11470786693528 0 3 3.14285714285714 1.24539969815448 R1
898 -0.131118179812579 0 4 4.4 3.05068298363935 R1
1180 -0.131118179812579 0 4 4.4 3.05068298363935 R1
901 -0.131118179812579 0 4 4.4 3.05068298363935 R1
899 -0.131118179812579 0 4 4.4 3.05068298363935 R1
900 -0.131118179812579 0 4 4.4 3.05068298363935 R1
142 -0.131732984387757 0.56198347107438 6 6.57142857142857 4.33777898591114 R2
379 -0.131732984387757 0.244897959183674 6 6.57142857142857 4.33777898591114 R2
1072 -0.134087479112685 0 5 5.72413793103448 5.40048881391776 R1
471 -0.134087479112685 0 5 5.72413793103448 5.40048881391776 R1
1210 -0.140003609028439 0.583333333333333 7 8.07142857142857 7.65286394303545 R2
826 -0.140003609028439 0.684444444444444 7 8.07142857142857 7.65286394303545 R3
1328 -0.140003609028439 0.662721893491124 7 8.07142857142857 7.65286394303545 R3
330 -0.16004609991612 0.793388429752066 4 4.71428571428572 4.4629998148038 R3
1469 -0.163299316185545 0.32 4 4.28571428571429 1.74963553055941 R2
1467 -0.163299316185545 0.32 4 4.28571428571429 1.74963553055941 R2
7 -0.163815847082929 0 7 8.2 7.32529862872498 R1
11 -0.163815847082929 0 7 8.2 7.32529862872498 R1
787 -0.165521177720473 0.21875 7 8.2 7.24982758415674 R2
178 -0.16702368931732 0 6 7.02702702702703 6.14899018950436 R1
174 -0.16702368931732 0 6 7.02702702702703 6.14899018950436 R1
313 -0.168763185138904 0.611111111111111 3 3.69230769230769 4.10224357722258 R2
561 -0.168763185138904 0 3 3.69230769230769 4.10224357722258 R1
82 -0.168763185138904 0.375 3 3.69230769230769 4.10224357722258 R2
608 -0.169206342110685 0 6 7.23529411764706 7.30051901269159 R1
279 -0.169206342110685 0 6 7.23529411764706 7.30051901269159 R1
924 -0.169206342110685 0.518518518518518 6 7.23529411764706 7.30051901269159 R2
305 -0.177704663327728 0.743801652892562 4 4.5 2.81365716935569 R3
623 -0.177704663327728 0.5 4 4.5 2.81365716935569 R2
624 -0.177704663327728 0.5 4 4.5 2.81365716935569 R2
1197 -0.192006144294928 0 4 4.66666666666667 3.47211110933328 R1
135 -0.192006144294928 0.32 4 4.66666666666667 3.47211110933328 R2
1198 -0.192006144294928 0 4 4.66666666666667 3.47211110933328 R1
1566 -0.196116135138184 0 3 3.33333333333333 1.69967317119759 R1
1565 -0.196116135138184 0 3 3.33333333333333 1.69967317119759 R1
252 -0.205195670417031 0.444444444444444 4 4.66666666666667 3.24893144826966 R2
726 -0.205195670417031 0.32 4 4.66666666666667 3.24893144826966 R2
1572 -0.214285714285715 0 4 4.6 2.8 R1
1563 -0.214285714285715 0.489795918367347 4 4.6 2.8 R2
1573 -0.214285714285715 0 4 4.6 2.8 R1
1571 -0.214285714285715 0 4 4.6 2.8 R1
658 -0.223606797749979 0 4 4.33333333333333 1.49071198499986 R1
659 -0.223606797749979 0 4 4.33333333333333 1.49071198499986 R1
552 -0.223606797749979 0.444444444444444 4 4.33333333333333 1.49071198499986 R2
657 -0.223606797749979 0 4 4.33333333333333 1.49071198499986 R1
1080 -0.223606797749979 0 4 4.33333333333333 1.49071198499986 R1
1057 -0.223606797749979 0.489795918367347 4 4.33333333333333 1.49071198499986 R2
1079 -0.223606797749979 0 4 4.33333333333333 1.49071198499986 R1
589 -0.223606797749979 0 3 3.5 2.23606797749979 R1
551 -0.223606797749979 0.666666666666667 3 3.5 2.23606797749979 R3
1246 -0.232055116759065 0.40625 6 7.375 5.92531644724567 R2
27 -0.232055116759065 0 6 7.375 5.92531644724567 R1
545 -0.234586731400151 0.448979591836735 5 6.44444444444444 6.15740044555441 R2
290 -0.234586731400151 0 5 6.44444444444444 6.15740044555441 R1
1321 -0.238499523001431 0 5 6.28571428571429 5.3908463611752 R1
1327 -0.243332131696143 0 5 5.42857142857143 1.76126114370542 R1
1326 -0.243332131696143 0 5 5.42857142857143 1.76126114370542 R1
1014 -0.255242595753737 0 4 5.61904761904762 6.34317173537018 R1
371 -0.255242595753737 0 4 5.61904761904762 6.34317173537018 R1
1029 -0.255704155978379 0.375 3 4 3.91076944437522 R2
1280 -0.255704155978379 0.56 3 4 3.91076944437522 R2
1281 -0.255704155978379 0.56 3 4 3.91076944437522 R2
1325 -0.255704155978379 0 3 4 3.91076944437522 R1
518 -0.255704155978379 0 3 4 3.91076944437522 R1
1263 -0.26289631196031 0 6 7.77777777777778 6.76227735764575 R1
19 -0.273861278752583 0 4 5 3.65148371670111 R1
805 -0.273861278752583 0 4 5 3.65148371670111 R1
16 -0.286953267089152 0 6 8.30769230769231 8.04204925457547 R1
437 -0.30094349045221 0.7 5 7.11111111111111 7.01497516340649 R3
993 -0.30094349045221 0 5 7.11111111111111 7.01497516340649 R1
994 -0.30094349045221 0 5 7.11111111111111 7.01497516340649 R1
1274 -0.301511344577764 0 2 2.75 2.48746859276655 R1
705 -0.301511344577764 0 2 2.75 2.48746859276655 R1
732 -0.302587789788893 0.32 4 5.14285714285714 3.77694401897208 R2
861 -0.306182904771717 0 5 7.23529411764706 7.30051901269159 R1
862 -0.306182904771717 0 5 7.23529411764706 7.30051901269159 R1
76 -0.307793505625546 0 4 4.75 2.43669858620224 R1
74 -0.307793505625546 0 4 4.75 2.43669858620224 R1
116 -0.308661823029013 0 6 8.35294117647059 7.62303919992536 R1
1282 -0.309158007501149 0 3 4.4 4.52842871939778 R1
1181 -0.309158007501149 0 3 4.4 4.52842871939778 R1
819 -0.310460210282533 0 2 2.57142857142857 1.8405855323893 R1
786 -0.310460210282533 0 2 2.57142857142857 1.8405855323893 R1
820 -0.310460210282533 0 2 2.57142857142857 1.8405855323893 R1
785 -0.310460210282533 0 2 2.57142857142857 1.8405855323893 R1
487 -0.310460210282533 0 2 2.57142857142857 1.8405855323893 R1
990 -0.318511028635303 0 4 5.47368421052632 4.62679178438651 R1
928 -0.318511028635303 0.489795918367347 4 5.47368421052632 4.62679178438651 R2
991 -0.318511028635303 0 4 5.47368421052632 4.62679178438651 R1
1608 -0.319255902649249 0 4 5.72413793103448 5.40048881391776 R1
373 -0.319255902649249 0 4 5.72413793103448 5.40048881391776 R1
375 -0.319255902649249 0 4 5.72413793103448 5.40048881391776 R1
377 -0.319255902649249 0 4 5.72413793103448 5.40048881391776 R1
1609 -0.319255902649249 0 4 5.72413793103448 5.40048881391776 R1
376 -0.319255902649249 0 4 5.72413793103448 5.40048881391776 R1
1107 -0.329652018389448 0 5 7.02702702702703 6.14899018950436 R1
1106 -0.329652018389448 0 5 7.02702702702703 6.14899018950436 R1
388 -0.329652018389448 0 5 7.02702702702703 6.14899018950436 R1
1108 -0.329652018389448 0 5 7.02702702702703 6.14899018950436 R1
1266 -0.347687581715218 0 3 4.53333333333333 4.41008944227766 R1
1047 -0.347687581715218 0.375 3 4.53333333333333 4.41008944227766 R2
417 -0.353553390593273 0.444444444444444 2 2.33333333333333 0.942809041582064 R2
419 -0.353553390593273 0.444444444444444 2 2.33333333333333 0.942809041582064 R2
470 -0.353553390593273 0 2 2.33333333333333 0.942809041582064 R1
1530 -0.353553390593274 0 2 2.33333333333333 0.942809041582063 R1
1531 -0.353553390593274 0 2 2.33333333333333 0.942809041582063 R1
674 -0.353553390593274 0 2 2.33333333333333 0.942809041582063 R1
586 -0.354005216196922 0 3 4.4 3.95474398665704 R1
51 -0.354005216196922 0 3 4.4 3.95474398665704 R1
587 -0.354005216196922 0 3 4.4 3.95474398665704 R1
180 -0.355756236768943 0 3 4.28571428571429 3.614031611621 R1
182 -0.355756236768943 0 3 4.28571428571429 3.614031611621 R1
717 -0.355756236768943 0.375 3 4.28571428571429 3.614031611621 R2
837 -0.355756236768943 0 3 4.28571428571429 3.614031611621 R1
718 -0.355756236768943 0.375 3 4.28571428571429 3.614031611621 R2
719 -0.355756236768943 0.375 3 4.28571428571429 3.614031611621 R2
836 -0.355756236768943 0 3 4.28571428571429 3.614031611621 R1
179 -0.355756236768943 0 3 4.28571428571429 3.614031611621 R1
1123 -0.357717885082724 0.64 4 5.5 4.19324854180304 R3
872 -0.357717885082724 0 4 5.5 4.19324854180304 R1
1125 -0.357717885082724 0 4 5.5 4.19324854180304 R1
873 -0.357717885082724 0 4 5.5 4.19324854180304 R1
1124 -0.357717885082724 0 4 5.5 4.19324854180304 R1
1570 -0.35921060405355 0 4 4.57142857142857 1.59078981795143 R1
1569 -0.35921060405355 0 4 4.57142857142857 1.59078981795143 R1
1568 -0.35921060405355 0 4 4.57142857142857 1.59078981795143 R1
992 -0.362265707066331 0 5 6.57142857142857 4.33777898591114 R1
510 -0.362265707066331 0 5 6.57142857142857 4.33777898591114 R1
509 -0.362265707066331 0 5 6.57142857142857 4.33777898591114 R1
511 -0.362265707066331 0 5 6.57142857142857 4.33777898591114 R1
1616 -0.383130514088461 0.444444444444444 2 2.8 2.08806130178211 R2
1244 -0.384110639798688 0.375 3 4.71428571428572 4.4629998148038 R2
1504 -0.384110639798688 0 3 4.71428571428572 4.4629998148038 R1
630 -0.384110639798688 0.8 3 4.71428571428572 4.4629998148038 R3
1503 -0.384110639798688 0 3 4.71428571428572 4.4629998148038 R1
1502 -0.384110639798688 0 3 4.71428571428572 4.4629998148038 R1
340 -0.396992930061794 0 4 6.44444444444444 6.15740044555441 R1
98 -0.396992930061794 0 4 6.44444444444444 6.15740044555441 R1
593 -0.400822474402021 0 5 7.375 5.92531644724567 R1
875 -0.401343679214858 0.277777777777778 5 8.07142857142857 7.65286394303545 R2
140 -0.401343679214858 0.734693877551021 5 8.07142857142857 7.65286394303545 R3
876 -0.401343679214858 0.277777777777778 5 8.07142857142857 7.65286394303545 R2
1523 -0.401343679214858 0 5 8.07142857142857 7.65286394303545 R1
783 -0.406935290034213 0 4 6.71428571428571 6.67006715995929 R1
581 -0.411299682827784 0 5 8.30769230769231 8.04204925457547 R1
580 -0.411299682827784 0 5 8.30769230769231 8.04204925457547 R1
18 -0.411299682827784 0 5 8.30769230769231 8.04204925457547 R1
684 -0.412532230339542 0 2 3.69230769230769 4.10224357722258 R1
1331 -0.412532230339542 0 2 3.69230769230769 4.10224357722258 R1
1574 -0.412532230339542 0 2 3.69230769230769 4.10224357722258 R1
685 -0.412532230339542 0 2 3.69230769230769 4.10224357722258 R1
43 -0.412892434307515 0 3 5.61904761904762 6.34317173537018 R1
1525 -0.412892434307515 0.375 3 5.61904761904762 6.34317173537018 R2
1579 -0.412892434307515 0 3 5.61904761904762 6.34317173537018 R1
877 -0.412892434307515 0 3 5.61904761904762 6.34317173537018 R1
1059 -0.412892434307515 0 3 5.61904761904762 6.34317173537018 R1
1253 -0.412892434307515 0 3 5.61904761904762 6.34317173537018 R1
1526 -0.412892434307515 0.375 3 5.61904761904762 6.34317173537018 R2
1254 -0.412892434307515 0 3 5.61904761904762 6.34317173537018 R1
1524 -0.412892434307515 0.375 3 5.61904761904762 6.34317173537018 R2
42 -0.412892434307515 0 3 5.61904761904762 6.34317173537018 R1
1285 -0.417941537104886 0 4 6.61538461538461 6.25777622751161 R1
1286 -0.417941537104886 0 4 6.61538461538461 6.25777622751161 R1
162 -0.417941537104886 0 4 6.61538461538461 6.25777622751161 R1
1259 -0.423999152002544 0 4 6.28571428571429 5.3908463611752 R1
1260 -0.423999152002544 0 4 6.28571428571429 5.3908463611752 R1
1195 -0.423999152002544 0 4 6.28571428571429 5.3908463611752 R1
1194 -0.423999152002544 0 4 6.28571428571429 5.3908463611752 R1
751 -0.436497280617498 0.56 3 4.625 3.72281815295886 R2
352 -0.436497280617498 0 3 4.625 3.72281815295886 R1
1558 -0.436497280617498 0 3 4.625 3.72281815295886 R1
981 -0.436497280617498 0.56 3 4.625 3.72281815295886 R2
1230 -0.436497280617498 0 3 4.625 3.72281815295886 R1
8 -0.43684225888781 0 5 8.2 7.32529862872498 R1
78 -0.43684225888781 0 5 8.2 7.32529862872498 R1
79 -0.43684225888781 0 5 8.2 7.32529862872498 R1
9 -0.43684225888781 0 5 8.2 7.32529862872498 R1
32 -0.439843097816343 0.8 5 8.35294117647059 7.62303919992536 R3
860 -0.443159467432748 0 4 7.23529411764706 7.30051901269159 R1
922 -0.443159467432748 0.5 4 7.23529411764706 7.30051901269159 R2
557 -0.443159467432748 0 4 7.23529411764706 7.30051901269159 R1
923 -0.443159467432748 0.5 4 7.23529411764706 7.30051901269159 R2
678 -0.443495670140099 0 4 7.11111111111111 7.01497516340649 R1
754 -0.443495670140099 0 4 7.11111111111111 7.01497516340649 R1
595 -0.443495670140099 0.666666666666667 4 7.11111111111111 7.01497516340649 R3
755 -0.443495670140099 0 4 7.11111111111111 7.01497516340649 R1
999 -0.445556822044657 0.48 3 4.94736842105263 4.37063989305825 R2
854 -0.445556822044657 0 3 4.94736842105263 4.37063989305825 R1
481 -0.445556822044657 0.56 3 4.94736842105263 4.37063989305825 R2
526 -0.447213595499958 0 2 2.5 1.11803398874989 R1
1644 -0.447213595499958 0 2 2.5 1.11803398874989 R1
1513 -0.447213595499958 0 2 2.5 1.11803398874989 R1
458 -0.447437370142683 0.64 4 5.81818181818182 4.06354484338673 R3
1278 -0.447437370142683 0 4 5.81818181818182 4.06354484338673 R1
242 -0.458913629344028 0.375 3 4.4 3.05068298363935 R2
556 -0.48001536073732 0 3 4.66666666666667 3.47211110933328 R1
1294 -0.489009646921826 0 3 4 2.04494943258218 R1
1293 -0.489009646921826 0.375 3 4 2.04494943258218 R2
1220 -0.492280347461576 0 4 7.02702702702703 6.14899018950436 R1
207 -0.492280347461576 0 4 7.02702702702703 6.14899018950436 R1
1223 -0.492280347461576 0 4 7.02702702702703 6.14899018950436 R1
206 -0.492280347461576 0.32 4 7.02702702702703 6.14899018950436 R2
1221 -0.492280347461576 0 4 7.02702702702703 6.14899018950436 R1
208 -0.492280347461576 0 4 7.02702702702703 6.14899018950436 R1
241 -0.492280347461576 0 4 7.02702702702703 6.14899018950436 R1
1222 -0.492280347461576 0 4 7.02702702702703 6.14899018950436 R1
1089 -0.5 0 3 4 2 R1
744 -0.5 0.375 3 4 2 R2
132 -0.5 0 3 4 2 R1
1090 -0.5 0 3 4 2 R1
1533 -0.5 0 3 4 2 R1
1091 -0.5 0 3 4 2 R1
133 -0.5 0 3 4 2 R1
370 -0.502570711032416 0 3 3.77777777777778 1.5475986974649 R1
1045 -0.502570711032416 0 3 3.77777777777778 1.5475986974649 R1
798 -0.504424326185813 0 3 5.72413793103448 5.40048881391776 R1
746 -0.504424326185813 0 3 5.72413793103448 5.40048881391776 R1
468 -0.504424326185813 0 3 5.72413793103448 5.40048881391776 R1
467 -0.504424326185813 0 3 5.72413793103448 5.40048881391776 R1
797 -0.504424326185813 0 3 5.72413793103448 5.40048881391776 R1
747 -0.504424326185813 0 3 5.72413793103448 5.40048881391776 R1
482 -0.504424326185813 0.56 3 5.72413793103448 5.40048881391776 R2
466 -0.504424326185813 0 3 5.72413793103448 5.40048881391776 R1
1178 -0.50749960351609 0 4 6.54545454545455 5.01567789968499 R1
1177 -0.50749960351609 0 4 6.54545454545455 5.01567789968499 R1
571 -0.511408311956758 0.625 2 4 3.91076944437522 R3
1489 -0.511408311956758 0.444444444444444 2 4 3.91076944437522 R2
572 -0.511408311956758 0 2 4 3.91076944437522 R1
1261 -0.511408311956758 0 2 4 3.91076944437522 R1
1262 -0.511408311956758 0 2 4 3.91076944437522 R1
430 -0.517596432113093 0 5 6.94736842105263 3.76232968434979 R1
1101 -0.517596432113093 0 5 6.94736842105263 3.76232968434979 R1
431 -0.517596432113093 0 5 6.94736842105263 3.76232968434979 R1
1103 -0.517596432113093 0 5 6.94736842105263 3.76232968434979 R1
433 -0.517596432113093 0 5 6.94736842105263 3.76232968434979 R1
1102 -0.517596432113093 0 5 6.94736842105263 3.76232968434979 R1
917 -0.529985155716256 0 2 4.4 4.52842871939778 R1
1153 -0.529985155716256 0 2 4.4 4.52842871939778 R1
809 -0.529985155716256 0 2 4.4 4.52842871939778 R1
1329 -0.529985155716256 0 2 4.4 4.52842871939778 R1
1459 -0.529985155716256 0 2 4.4 4.52842871939778 R1
1018 -0.529985155716256 0 2 4.4 4.52842871939778 R1
976 -0.529985155716256 0 2 4.4 4.52842871939778 R1
1330 -0.529985155716256 0 2 4.4 4.52842871939778 R1
982 -0.532013714308067 0.65625 4 8.07142857142857 7.65286394303545 R3
1612 -0.532013714308067 0.32 4 8.07142857142857 7.65286394303545 R2
1114 -0.532013714308067 0.444444444444444 4 8.07142857142857 7.65286394303545 R2
997 -0.532013714308067 0.32 4 8.07142857142857 7.65286394303545 R2
1642 -0.532013714308067 0 4 8.07142857142857 7.65286394303545 R1
1640 -0.532013714308067 0 4 8.07142857142857 7.65286394303545 R1
996 -0.532013714308067 0.32 4 8.07142857142857 7.65286394303545 R2
1113 -0.532013714308067 0.444444444444444 4 8.07142857142857 7.65286394303545 R2
1641 -0.532013714308067 0 4 8.07142857142857 7.65286394303545 R1
1423 -0.533113989983183 0 3 4.5 2.81365716935569 R1
816 -0.533113989983183 0.5 3 4.5 2.81365716935569 R2
72 -0.533113989983183 0 3 4.5 2.81365716935569 R1
975 -0.534643512352116 0 3 5.47368421052632 4.62679178438651 R1
941 -0.534643512352116 0.56 3 5.47368421052632 4.62679178438651 R2
894 -0.534643512352116 0 3 5.47368421052632 4.62679178438651 R1
654 -0.534643512352116 0 3 5.47368421052632 4.62679178438651 R1
653 -0.534643512352116 0 3 5.47368421052632 4.62679178438651 R1
895 -0.534643512352116 0 3 5.47368421052632 4.62679178438651 R1
1275 -0.534643512352116 0 3 5.47368421052632 4.62679178438651 R1
942 -0.534643512352116 0 3 5.47368421052632 4.62679178438651 R1
1276 -0.534643512352116 0 3 5.47368421052632 4.62679178438651 R1
1242 -0.535646098566417 0 4 8.30769230769231 8.04204925457547 R1
1243 -0.535646098566417 0 4 8.30769230769231 8.04204925457547 R1
918 -0.535646098566417 0.32 4 8.30769230769231 8.04204925457547 R2
1126 -0.535646098566417 0 4 8.30769230769231 8.04204925457547 R1
1071 -0.535646098566417 0 4 8.30769230769231 8.04204925457547 R1
1543 -0.556858817941555 0 3 6.71428571428571 6.67006715995929 R1
636 -0.556858817941555 0.375 3 6.71428571428571 6.67006715995929 R2
637 -0.556858817941555 0.375 3 6.71428571428571 6.67006715995929 R2
1544 -0.556858817941555 0 3 6.71428571428571 6.67006715995929 R1
386 -0.558654662915659 0 4 7.77777777777778 6.76227735764575 R1
1528 -0.567352105854175 0.375 3 5.14285714285714 3.77694401897208 R2
921 -0.567352105854175 0.666666666666667 3 5.14285714285714 3.77694401897208 R3
724 -0.574440352399055 0 2 4.53333333333333 4.41008944227766 R1
1338 -0.574440352399055 0 2 4.53333333333333 4.41008944227766 R1
1265 -0.574440352399055 0 2 4.53333333333333 4.41008944227766 R1
1339 -0.574440352399055 0 2 4.53333333333333 4.41008944227766 R1
1008 -0.574440352399055 0.444444444444444 2 4.53333333333333 4.41008944227766 R2
381 -0.577350269189626 0 3 3.75 1.29903810567666 R1
927 -0.577350269189626 0.375 3 3.75 1.29903810567666 R2
925 -0.577350269189626 0.666666666666667 3 3.75 1.29903810567666 R3
926 -0.577350269189626 0.74074074074074 3 3.75 1.29903810567666 R3
301 -0.577350269189626 0.375 3 4 1.73205080756888 R2
300 -0.577350269189626 0.375 3 4 1.73205080756888 R2
855 -0.577742713056754 0 3 6.61538461538461 6.25777622751161 R1
679 -0.58013603009378 0 3 7.23529411764706 7.30051901269159 R1
1273 -0.583459965991578 0 3 4.33333333333333 2.28521820013368 R1
1580 -0.583459965991578 0 3 4.33333333333333 2.28521820013368 R1
1581 -0.583459965991578 0 3 4.33333333333333 2.28521820013368 R1
1185 -0.588348405414552 0.444444444444444 2 2.85714285714286 1.45686271816937 R2
1421 -0.588348405414552 0 2 2.85714285714286 1.45686271816937 R1
1184 -0.588348405414552 0.444444444444444 2 2.85714285714286 1.45686271816937 R2
1422 -0.588348405414552 0 2 2.85714285714286 1.45686271816937 R1
1182 -0.588348405414552 0 3 4.28571428571429 2.18529407725405 R1
616 -0.588348405414552 0 3 4.28571428571429 2.18529407725405 R1
1172 -0.59030127770114 0 3 4.72727272727273 2.9260867162602 R1
2 -0.59030127770114 0.375 3 4.72727272727273 2.9260867162602 R2
599 -0.59030127770114 0.48 3 4.72727272727273 2.9260867162602 R2
601 -0.59030127770114 0 3 4.72727272727273 2.9260867162602 R1
170 -0.599625351196682 0 10 10.7272727272727 1.21287855128422 R1
167 -0.599625351196682 0 10 10.7272727272727 1.21287855128422 R1
165 -0.599625351196682 0 10 10.7272727272727 1.21287855128422 R1
173 -0.599625351196682 0 10 10.7272727272727 1.21287855128422 R1
168 -0.599625351196682 0 10 10.7272727272727 1.21287855128422 R1
171 -0.599625351196682 0 10 10.7272727272727 1.21287855128422 R1
169 -0.599625351196682 0 10 10.7272727272727 1.21287855128422 R1
166 -0.599625351196682 0 10 10.7272727272727 1.21287855128422 R1
1171 -0.606866084909009 0 2 4.4 3.95474398665704 R1
817 -0.606866084909009 0.625 2 4.4 3.95474398665704 R3
818 -0.606866084909009 0.444444444444444 2 4.4 3.95474398665704 R2
1320 -0.608175179681256 0 2 4.71428571428572 4.4629998148038 R1
1245 -0.608175179681256 0 2 4.71428571428572 4.4629998148038 R1
1319 -0.608175179681256 0 2 4.71428571428572 4.4629998148038 R1
1050 -0.609498781003657 0.375 3 6.28571428571429 5.3908463611752 R2
1511 -0.609498781003657 0.375 3 6.28571428571429 5.3908463611752 R2
1512 -0.609498781003657 0.375 3 6.28571428571429 5.3908463611752 R2
1052 -0.609498781003657 0 3 6.28571428571429 5.3908463611752 R1
1460 -0.609498781003657 0 3 6.28571428571429 5.3908463611752 R1
1548 -0.609498781003657 0 3 6.28571428571429 5.3908463611752 R1
1051 -0.609498781003657 0.375 3 6.28571428571429 5.3908463611752 R2
1461 -0.609498781003657 0 3 6.28571428571429 5.3908463611752 R1
337 -0.632455532033675 0 2 2.57142857142857 0.903507902905252 R1
1465 -0.632455532033675 0 2 2.57142857142857 0.903507902905252 R1
338 -0.632455532033675 0 2 2.57142857142857 0.903507902905252 R1
973 -0.632455532033675 0 2 2.57142857142857 0.903507902905252 R1
974 -0.632455532033675 0 2 2.57142857142857 0.903507902905252 R1
1168 -0.632455532033676 0 2 3 1.58113883008419 R1
212 -0.632455532033676 0.444444444444444 2 4.28571428571429 3.614031611621 R2
213 -0.632455532033676 0.444444444444444 2 4.28571428571429 3.614031611621 R2
1105 -0.632455532033676 0.444444444444444 2 4.28571428571429 3.614031611621 R2
1491 -0.648885684523051 0 2 3.33333333333333 2.05480466765633 R1
1490 -0.648885684523051 0 2 3.33333333333333 2.05480466765633 R1
951 -0.65275336576822 0.78125 3 4.75 2.6809513236909 R3
334 -0.65275336576822 0.56 3 4.75 2.6809513236909 R2
1485 -0.654653670707977 0.444444444444444 2 3 1.52752523165195 R2
1058 -0.654653670707977 0 2 3 1.52752523165195 R1
1484 -0.654653670707977 0.444444444444444 2 3 1.52752523165195 R2
760 -0.654653670707977 0 2 3 1.52752523165195 R1
61 -0.654908676533703 0.375 3 7.02702702702703 6.14899018950436 R2
890 -0.654908676533703 0 3 7.02702702702703 6.14899018950436 R1
892 -0.654908676533703 0 3 7.02702702702703 6.14899018950436 R1
244 -0.654908676533703 0 3 7.02702702702703 6.14899018950436 R1
64 -0.654908676533703 0.375 3 7.02702702702703 6.14899018950436 R2
891 -0.654908676533703 0 3 7.02702702702703 6.14899018950436 R1
609 -0.654908676533703 0 3 7.02702702702703 6.14899018950436 R1
243 -0.654908676533703 0 3 7.02702702702703 6.14899018950436 R1
1445 -0.656301275540181 0 1 3.69230769230769 4.10224357722258 R1
476 -0.656301275540181 0 1 3.69230769230769 4.10224357722258 R1
635 -0.656301275540181 0 1 3.69230769230769 4.10224357722258 R1
1478 -0.659992514305049 0 3 8.30769230769231 8.04204925457547 R1
1546 -0.662683749401277 0.375 3 8.07142857142857 7.65286394303545 R2
1458 -0.662683749401277 0.611111111111111 3 8.07142857142857 7.65286394303545 R2
1545 -0.662683749401277 0.375 3 8.07142857142857 7.65286394303545 R2
1408 -0.663041196163348 0 4 7.22222222222222 4.85976171747312 R1
1409 -0.663041196163348 0 4 7.22222222222222 4.85976171747312 R1
1410 -0.663041196163348 0 4 7.22222222222222 4.85976171747312 R1
1139 -0.667423812471915 0 3 6.5 5.24404424085076 R1
143 -0.669534063411987 0.693877551020408 3 4.85714285714286 2.77378397699251 R3
146 -0.669534063411987 0.56 3 4.85714285714286 2.77378397699251 R2
228 -0.670820393249937 0 2 3.5 2.23606797749979 R1
681 -0.674356271202723 0 2 4.94736842105263 4.37063989305825 R1
683 -0.674356271202723 0 2 4.94736842105263 4.37063989305825 R1
582 -0.674356271202723 0.444444444444444 2 4.94736842105263 4.37063989305825 R2
1175 -0.688247201611685 0 2 2.85714285714286 1.24539969815448 R1
1176 -0.688247201611685 0 2 2.85714285714286 1.24539969815448 R1
517 -0.689592749722376 0 2 5.72413793103448 5.40048881391776 R1
516 -0.689592749722376 0 2 5.72413793103448 5.40048881391776 R1
496 -0.689592749722376 0 2 5.72413793103448 5.40048881391776 R1
1535 -0.691920184036054 0.56 3 5.16666666666667 3.13138237134266 R2
1536 -0.691920184036054 0 3 5.16666666666667 3.13138237134266 R1
1534 -0.691920184036054 0 3 5.16666666666667 3.13138237134266 R1
155 -0.693375245281536 0 2 3.42857142857143 2.06031501455085 R1
154 -0.693375245281536 0 2 3.42857142857143 2.06031501455085 R1
1636 -0.693375245281536 0 2 3.42857142857143 2.06031501455085 R1
1637 -0.693375245281536 0 2 3.42857142857143 2.06031501455085 R1
1154 -0.693527923721159 0 3 5.81818181818182 4.06354484338673 R1
1437 -0.702205647391004 0 3 8.35294117647059 7.62303919992536 R1
1438 -0.703526470681448 0.5 1 2.75 2.48746859276655 R2
283 -0.703526470681448 0 1 2.75 2.48746859276655 R1
1053 -0.703526470681448 0 1 2.75 2.48746859276655 R1
287 -0.705110991766728 0 2 4.625 3.72281815295886 R1
1189 -0.705110991766728 0 2 4.625 3.72281815295886 R1
1166 -0.705110991766728 0.444444444444444 2 4.625 3.72281815295886 R2
1188 -0.705110991766728 0 2 4.625 3.72281815295886 R1
1167 -0.705110991766728 0.444444444444444 2 4.625 3.72281815295886 R2
961 -0.706533838393333 0 3 7.77777777777778 6.76227735764575 R1
1187 -0.706533838393333 0 3 7.77777777777778 6.76227735764575 R1
535 -0.706874447754554 0 3 6.54545454545455 5.01567789968499 R1
882 -0.707106781186545 0 5 5.66666666666667 0.942809041582065 R1
881 -0.707106781186545 0 5 5.66666666666667 0.942809041582065 R1
880 -0.707106781186545 0 5 5.66666666666667 0.942809041582065 R1
879 -0.707106781186545 0 5 5.66666666666667 0.942809041582065 R1
594 -0.707106781186547 0.5 1 1.33333333333333 0.471404520791032 R2
766 -0.707106781186547 0 1 1.33333333333333 0.471404520791032 R1
1116 -0.707106781186547 0 1 1.33333333333333 0.471404520791032 R1
1078 -0.707106781186547 0 1 1.33333333333333 0.471404520791032 R1
566 -0.707106781186548 0 1 1.33333333333333 0.471404520791032 R1
931 -0.707106781186548 0 1 1.33333333333333 0.471404520791032 R1
1298 -0.717112592754811 0 2 7.23529411764706 7.30051901269159 R1
1474 -0.717112592754811 0 2 7.23529411764706 7.30051901269159 R1
1140 -0.717112592754811 0.625 2 7.23529411764706 7.30051901269159 R3
275 -0.717112592754811 0 2 7.23529411764706 7.30051901269159 R1
709 -0.717112592754811 0.625 2 7.23529411764706 7.30051901269159 R3
273 -0.717112592754811 0 2 7.23529411764706 7.30051901269159 R1
680 -0.717112592754811 0 2 7.23529411764706 7.30051901269159 R1
1297 -0.717112592754811 0 2 7.23529411764706 7.30051901269159 R1
425 -0.717258436788719 0 3 8.2 7.24982758415674 R1
424 -0.717258436788719 0 3 8.2 7.24982758415674 R1
426 -0.717258436788719 0 3 8.2 7.24982758415674 R1
113 -0.718184846459608 0.693877551020408 3 4.75 2.43669858620224 R3
806 -0.721805327385081 0 2 6.44444444444444 6.15740044555441 R1
995 -0.721805327385081 0 2 6.44444444444444 6.15740044555441 R1
1299 -0.721805327385081 0 2 6.44444444444444 6.15740044555441 R1
1337 -0.721805327385081 0 2 6.44444444444444 6.15740044555441 R1
291 -0.721805327385081 0 2 6.44444444444444 6.15740044555441 R1
97 -0.721805327385081 0 2 6.44444444444444 6.15740044555441 R1
544 -0.728192111415073 0 1 5.61904761904762 6.34317173537018 R1
1335 -0.728192111415073 0 1 5.61904761904762 6.34317173537018 R1
1015 -0.728192111415073 0 1 5.61904761904762 6.34317173537018 R1
372 -0.728192111415073 0 1 5.61904761904762 6.34317173537018 R1
515 -0.728600029515877 0 2 7.11111111111111 7.01497516340649 R1
436 -0.728600029515877 0 2 7.11111111111111 7.01497516340649 R1
514 -0.728600029515877 0 2 7.11111111111111 7.01497516340649 R1
435 -0.728600029515877 0 2 7.11111111111111 7.01497516340649 R1
1183 -0.737543889008622 0 2 6.61538461538461 6.25777622751161 R1
1247 -0.738357189687933 0 3 7.375 5.92531644724567 R1
1439 -0.738357189687933 0.56 3 7.375 5.92531644724567 R2
728 -0.75 0.826446280991736 3 4.5 2 R4
932 -0.75 0.666666666666667 3 4.5 2 R3
933 -0.75 0.666666666666667 3 4.5 2 R3
125 -0.750775996068929 0 2 5.47368421052632 4.62679178438651 R1
929 -0.750775996068929 0 2 5.47368421052632 4.62679178438651 R1
1638 -0.751067616198811 0.444444444444444 2 4 2.66287609379578 R2
91 -0.751067616198811 0 2 4 2.66287609379578 R1
1564 -0.751067616198811 0.444444444444444 2 4 2.66287609379578 R2
1639 -0.751067616198811 0.444444444444444 2 4 2.66287609379578 R2
507 -0.767112467935138 0 1 4 3.91076944437522 R1
355 -0.767112467935138 0 1 4 3.91076944437522 R1
693 -0.768024577179711 0.444444444444444 2 4.66666666666667 3.47211110933328 R2
814 -0.768024577179711 0 2 4.66666666666667 3.47211110933328 R1
119 -0.783389194549546 0.32 4 6.94736842105263 3.76232968434979 R2
1591 -0.783389194549546 0 4 6.94736842105263 3.76232968434979 R1
120 -0.783389194549546 0 4 6.94736842105263 3.76232968434979 R1
1592 -0.783389194549546 0 4 6.94736842105263 3.76232968434979 R1
1593 -0.783389194549546 0 4 6.94736842105263 3.76232968434979 R1
1590 -0.783389194549546 0 4 6.94736842105263 3.76232968434979 R1
1070 -0.784338930043681 0 2 8.30769230769231 8.04204925457547 R1
777 -0.784464540552736 0 2 3.33333333333333 1.69967317119759 R1
692 -0.786709078875476 0 2 4.4 3.05068298363935 R1
443 -0.786709078875476 0 2 4.4 3.05068298363935 R1
691 -0.786709078875476 0 2 4.4 3.05068298363935 R1
1322 -0.79499841000477 0.444444444444444 2 6.28571428571429 5.3908463611752 R2
307 -0.79499841000477 0 2 6.28571428571429 5.3908463611752 R1
1277 -0.801193123082893 0 1 4.53333333333333 4.41008944227766 R1
420 -0.801193123082893 0 1 4.53333333333333 4.41008944227766 R1
1583 -0.801193123082893 0 1 4.53333333333333 4.41008944227766 R1
1205 -0.811107105653812 0 4 5.42857142857143 1.76126114370542 R1
1206 -0.811107105653812 0 4 5.42857142857143 1.76126114370542 R1
1204 -0.811107105653812 0 4 5.42857142857143 1.76126114370542 R1
344 -0.813733471206735 0 2 4.33333333333333 2.86744175568088 R1
343 -0.813733471206735 0 2 4.33333333333333 2.86744175568088 R1
626 -0.816496580927726 0.5 1 2 1.22474487139159 R2
711 -0.816496580927726 0 3 4 1.22474487139159 R1
712 -0.816496580927726 0 3 4 1.22474487139159 R1
962 -0.816496580927726 0 1 2 1.22474487139159 R1
713 -0.816496580927726 0 3 4 1.22474487139159 R1
874 -0.820782681668123 0 2 4.66666666666667 3.24893144826966 R1
788 -0.820782681668123 0 2 4.66666666666667 3.24893144826966 R1
254 -0.820782681668123 0.444444444444444 2 4.66666666666667 3.24893144826966 R2
1417 -0.82158383625775 0 2 5 3.65148371670111 R1
781 -0.82333115242348 0 3 6.57142857142857 4.33777898591114 R1
780 -0.82333115242348 0 3 6.57142857142857 4.33777898591114 R1
1019 -0.832116421919457 0.72 2 5.14285714285714 3.77694401897208 R3
1476 -0.832116421919457 0.444444444444444 2 5.14285714285714 3.77694401897208 R2
1296 -0.832116421919457 0.444444444444444 2 5.14285714285714 3.77694401897208 R2
1224 -0.832116421919457 0.444444444444444 2 5.14285714285714 3.77694401897208 R2
1475 -0.832116421919457 0.444444444444444 2 5.14285714285714 3.77694401897208 R2
1311 -0.832239719563824 0 1 4.71428571428572 4.4629998148038 R1
320 -0.833386922178335 0 2 8.35294117647059 7.62303919992536 R1
115 -0.833386922178335 0 2 8.35294117647059 7.62303919992536 R1
770 -0.833386922178335 0.444444444444444 2 8.35294117647059 7.62303919992536 R2
953 -0.834675065193022 0.444444444444444 2 5.5 4.19324854180304 R2
1393 -0.834675065193022 0.625 2 5.5 4.19324854180304 R3
952 -0.834675065193022 0.444444444444444 2 5.5 4.19324854180304 R2
1539 -0.846381876595133 0 2 8.2 7.32529862872498 R1
984 -0.846381876595133 0 2 8.2 7.32529862872498 R1
985 -0.846381876595133 0 2 8.2 7.32529862872498 R1
1104 -0.846381876595133 0 2 8.2 7.32529862872498 R1
1540 -0.846381876595133 0 2 8.2 7.32529862872498 R1
902 -0.846381876595133 0 2 8.2 7.32529862872498 R1
1314 -0.853765578276966 0 1 2.57142857142857 1.8405855323893 R1
456 -0.854089155415842 0 1 7.23529411764706 7.30051901269159 R1
358 -0.854089155415842 0 1 7.23529411764706 7.30051901269159 R1
525 -0.854089155415842 0 1 7.23529411764706 7.30051901269159 R1
14 -0.854413013871007 0 2 7.77777777777778 6.76227735764575 R1
1291 -0.85519275155578 0 2 8.2 7.24982758415674 R1
784 -0.856705873756239 0 1 6.71428571428571 6.67006715995929 R1
1239 -0.856705873756239 0 1 6.71428571428571 6.67006715995929 R1
986 -0.856705873756239 0 1 6.71428571428571 6.67006715995929 R1
415 -0.858116330321033 0 2 6.5 5.24404424085076 R1
1462 -0.858116330321033 0 2 6.5 5.24404424085076 R1
122 -0.858116330321033 0.444444444444444 2 6.5 5.24404424085076 R2
1231 -0.858116330321033 0 2 6.5 5.24404424085076 R1
745 -0.858116330321033 0 2 6.5 5.24404424085076 R1
1454 -0.859726953621095 0 1 4.4 3.95474398665704 R1
1044 -0.862043656699037 0.5 1 2.8 2.08806130178211 R2
1466 -0.862043656699037 0.5 1 2.8 2.08806130178211 R2
1173 -0.862043656699037 0.666666666666667 1 2.8 2.08806130178211 R3
251 -0.862043656699037 0.75 1 2.8 2.08806130178211 R3
225 -0.866025403784438 0 4 5.71428571428571 1.97948663722158 R1
240 -0.866025403784438 0 4 5.71428571428571 1.97948663722158 R1
239 -0.866025403784438 0 4 5.71428571428571 1.97948663722158 R1
224 -0.866025403784438 0 4 5.71428571428571 1.97948663722158 R1
1477 -0.868812601869215 0 3 7.22222222222222 4.85976171747312 R1
1643 -0.868812601869215 0.375 3 7.22222222222222 4.85976171747312 R2
1290 -0.868812601869215 0 3 7.22222222222222 4.85976171747312 R1
946 -0.871152209203766 0 1 7.11111111111111 7.01497516340649 R1
438 -0.874761173258941 0 1 5.72413793103448 5.40048881391776 R1
987 -0.874761173258941 0 1 5.72413793103448 5.40048881391776 R1
1292 -0.884211526046724 0 1 6.44444444444444 6.15740044555441 R1
834 -0.888523316638639 0 2 4.5 2.81365716935569 R1
1481 -0.894427190999916 0.71875 3 4.33333333333333 1.49071198499986 R3
1632 -0.894427190999916 0.375 3 4.33333333333333 1.49071198499986 R2
1631 -0.894427190999916 0.375 3 4.33333333333333 1.49071198499986 R2
153 -0.89734506496049 0 1 6.61538461538461 6.25777622751161 R1
49 -0.89734506496049 0.5 1 6.61538461538461 6.25777622751161 R2
1501 -0.90315572036079 0 1 4.94736842105263 4.37063989305825 R1
1065 -0.90315572036079 0 1 4.94736842105263 4.37063989305825 R1
585 -0.90315572036079 0 1 4.94736842105263 4.37063989305825 R1
95 -0.90315572036079 0 1 4.94736842105263 4.37063989305825 R1
57 -0.906249291993017 0 2 6.54545454545455 5.01567789968499 R1
903 -0.906249291993017 0.5 2 6.54545454545455 5.01567789968499 R2
56 -0.906249291993017 0 2 6.54545454545455 5.01567789968499 R1
1011 -0.90712454733089 0 2 7.375 5.92531644724567 R1
1238 -0.90712454733089 0.444444444444444 2 7.375 5.92531644724567 R2
1010 -0.90712454733089 0 2 7.375 5.92531644724567 R1
1480 -0.908685345782314 0 1 8.30769230769231 8.04204925457547 R1
1252 -0.908685345782314 0 1 8.30769230769231 8.04204925457547 R1
1532 -0.908685345782314 0 1 8.30769230769231 8.04204925457547 R1
1562 -0.912870929175277 0 1 2 1.09544511501033 R1
1550 -0.912870929175277 0 1 2 1.09544511501033 R1
1519 -0.912870929175277 0 1 2 1.09544511501033 R1
1317 -0.912870929175277 0 1 2 1.09544511501033 R1
465 -0.917662935482246 0 2 3.14285714285714 1.24539969815448 R1
452 -0.917662935482246 0.5 2 3.14285714285714 1.24539969815448 R2
464 -0.917662935482246 0 2 3.14285714285714 1.24539969815448 R1
1500 -0.924023819587696 0.5 1 8.07142857142857 7.65286394303545 R2
1456 -0.928571428571429 0.444444444444444 2 4.6 2.8 R2
1455 -0.928571428571429 0.444444444444444 2 4.6 2.8 R2
1492 -0.9320546490018 0 2 4.72727272727273 2.9260867162602 R1
1415 -0.939618477299634 0 2 5.81818181818182 4.06354484338673 R1
1416 -0.939618477299634 0 2 5.81818181818182 4.06354484338673 R1
325 -0.959403223600248 0 3 5.07692307692308 2.16480727376466 R1
1302 -0.959403223600248 0 3 5.07692307692308 2.16480727376466 R1
326 -0.959403223600248 0 3 5.07692307692308 2.16480727376466 R1
1301 -0.959403223600248 0 3 5.07692307692308 2.16480727376466 R1
1303 -0.959403223600248 0 3 5.07692307692308 2.16480727376466 R1
324 -0.959403223600248 0 3 5.07692307692308 2.16480727376466 R1
434 -0.964568196965665 0 1 8.35294117647059 7.62303919992536 R1
1479 -0.964568196965665 0 1 8.35294117647059 7.62303919992536 R1
1604 -0.964568196965665 0 1 8.35294117647059 7.62303919992536 R1
114 -0.964568196965665 0 1 8.35294117647059 7.62303919992536 R1
1162 -0.978019293843651 0 2 4 2.04494943258218 R1
1174 -0.978019293843651 0 2 4 2.04494943258218 R1
749 -0.978019293843651 0 2 4 2.04494943258218 R1
1163 -0.978019293843651 0 2 4 2.04494943258218 R1
222 -0.980165334677959 0 1 7.02702702702703 6.14899018950436 R1
840 -0.982895082497574 0 1 8.2 7.32529862872498 R1
619 -0.987829161147262 0 3 4.57142857142857 1.59078981795143 R1
618 -0.987829161147262 0 3 4.57142857142857 1.59078981795143 R1
1340 -0.993127066322841 0 1 8.2 7.24982758415674 R1
449 -1 0 2 3 1 R1
1557 -1 0 2 3 1 R1
665 -1 0 3 3.5 0.5 R1
1584 -1 0 2 3 1 R1
698 -1 0.444444444444444 2 4 2 R2
1518 -1 0 2 4 2 R1
1556 -1 0 2 3 1 R1
664 -1 0 3 3.5 0.5 R1
1541 -1 0.444444444444444 2 3 0.999999999999998 R2
1542 -1 0.444444444444444 2 3 0.999999999999998 R2
1315 -1.00229218934868 0 1 7.77777777777778 6.76227735764575 R1
1149 -1.01126796128346 0.444444444444444 2 5.16666666666667 3.13138237134266 R2
1148 -1.01126796128346 0.444444444444444 2 5.16666666666667 3.13138237134266 R2
858 -1.02105494048526 0 2 4.33333333333333 2.28521820013368 R1
796 -1.02575528906435 0.444444444444444 2 4.75 2.6809513236909 R2
553 -1.02575528906435 0.444444444444444 2 4.75 2.6809513236909 R2
762 -1.03005240524921 0 2 4.85714285714286 2.77378397699251 R1
1402 -1.03005240524921 0 2 4.85714285714286 2.77378397699251 R1
1403 -1.03005240524921 0 2 4.85714285714286 2.77378397699251 R1
1324 -1.04595272073698 0 2 4.28571428571429 2.18529407725405 R1
1323 -1.04595272073698 0 2 4.28571428571429 2.18529407725405 R1
536 -1.04880884817015 0 1 6.5 5.24404424085076 R1
490 -1.05386387510205 0 2 6.57142857142857 4.33777898591114 R1
1595 -1.05386387510205 0 2 6.57142857142857 4.33777898591114 R1
505 -1.0560337936221 0 1 4.66666666666667 3.47211110933328 R1
1232 -1.0560337936221 0 1 4.66666666666667 3.47211110933328 R1
569 -1.0690449676497 0 2 3.6 1.49666295470957 R1
568 -1.0690449676497 0 2 3.6 1.49666295470957 R1
328 -1.07458400757508 0 2 7.22222222222222 4.85976171747312 R1
730 -1.07589190497385 0 1 7.375 5.92531644724567 R1
346 -1.09059640623185 0 4 9.28571428571428 4.84662727248211 R1
1147 -1.09544511501033 0 1 5 3.65148371670111 R1
1336 -1.11450452840692 0 1 4.4 3.05068298363935 R1
442 -1.11450452840692 0 1 4.4 3.05068298363935 R1
550 -1.11803398874989 0.5 1 3.5 2.23606797749979 R2
1264 -1.11803398874989 0 1 3.5 2.23606797749979 R1
782 -1.12660142429822 0 1 4 2.66287609379578 R1
296 -1.12857618729367 0 1 4.66666666666667 3.24893144826966 R1
1400 -1.12857618729367 0.5 1 4.66666666666667 3.24893144826966 R2
1159 -1.12857618729367 0.444444444444444 2 4.75 2.43669858620224 R2
1158 -1.12857618729367 0.444444444444444 2 4.75 2.43669858620224 R2
727 -1.13554994791534 0.5 1 3.33333333333333 2.05480466765633 R2
598 -1.13554994791534 0.5 1 3.33333333333333 2.05480466765633 R2
440 -1.14873305378838 0 2 3.77777777777778 1.5475986974649 R1
1138 -1.15470053837925 0 2 4 1.73205080756888 R1
596 -1.15470053837925 0.444444444444444 2 4 1.73205080756888 R2
597 -1.16247638743819 0 1 4.33333333333333 2.86744175568088 R1
353 -1.18570903087811 0 1 5.81818181818182 4.06354484338673 R1
1295 -1.19170804613667 0 2 5.25 2.72717802865893 R1
646 -1.21267812518166 0.5 1 2.66666666666667 1.37436854187255 R2
268 -1.21267812518166 0.5 1 2.66666666666667 1.37436854187255 R2
1404 -1.21267812518167 0.5 1 2.66666666666667 1.37436854187255 R2
1267 -1.21267812518167 0.666666666666667 1 2.66666666666667 1.37436854187255 R3
583 -1.22474487139159 0 1 3 1.63299316185545 R1
184 -1.22474487139159 0.5 1 3 1.63299316185545 R2
835 -1.24393264329409 0 1 4.5 2.81365716935569 R1
988 -1.24721912892464 0.444444444444444 2 4 1.60356745147455 R2
989 -1.24721912892464 0.444444444444444 2 4 1.60356745147455 R2
67 -1.25 0.444444444444444 2 4.5 2 R2
457 -1.26491106406735 0.5 1 3 1.58113883008419 R2
502 -1.27380802030246 0 1 4.72727272727273 2.9260867162602 R1
1190 -1.2747548783982 0.5 1 2.85714285714286 1.45686271816937 R2
1482 -1.2747548783982 0.75 1 2.85714285714286 1.45686271816937 R3
1617 -1.28035541328095 0 1 7.22222222222222 4.85976171747312 R1
83 -1.28035541328095 0 1 7.22222222222222 4.85976171747312 R1
856 -1.28571428571429 0 1 4.6 2.8 R1
347 -1.2969254560595 0 3 9.28571428571428 4.84662727248211 R1
348 -1.2969254560595 0 3 9.28571428571428 4.84662727248211 R1
1054 -1.30639452948436 0.444444444444444 2 4.28571428571429 1.74963553055941 R2
1056 -1.30639452948436 0.444444444444444 2 4.28571428571429 1.74963553055941 R2
909 -1.33061573853087 0.5 1 5.16666666666667 3.13138237134266 R2
1068 -1.34164078649987 0 2 2.85714285714286 0.638876564999941 R1
1069 -1.34164078649987 0 2 2.85714285714286 0.638876564999941 R1
1575 -1.34164078649987 0 1 2.5 1.11803398874989 R1
316 -1.34164078649987 0 1 2.5 1.11803398874989 R1
1095 -1.34164078649987 0 1 2.5 1.11803398874989 R1
129 -1.34715062810913 0.444444444444444 2 3.75 1.29903810567666 R2
1248 -1.37281294596729 0 1 3.33333333333333 1.69967317119759 R1
1212 -1.39057074708643 0 1 4.85714285714286 2.77378397699251 R1
201 -1.41421356237309 0 1 2.33333333333333 0.942809041582064 R1
1118 -1.41421356237309 0 2 2.66666666666667 0.471404520791032 R1
406 -1.41421356237309 0 2 2.66666666666667 0.471404520791032 R1
1016 -1.41421356237309 0.5 1 2 0.707106781186548 R2
920 -1.41421356237309 0 1 2 0.707106781186548 R1
86 -1.41421356237309 0 1 2 0.707106781186548 R1
839 -1.41421356237309 0 1 2 0.707106781186548 R1
1436 -1.4142135623731 0 1 2.33333333333333 0.942809041582063 R1
1048 -1.41421356237311 0 4 4.66666666666667 0.471404520791027 R1
772 -1.41421356237311 0.571428571428572 4 4.66666666666667 0.471404520791027 R2
821 -1.49120227015865 0 1 2.85714285714286 1.24539969815448 R1
669 -1.5 0.666666666666667 1 4 2 R3
1141 -1.50325450588715 0 2 9.28571428571428 4.84662727248211 R1
1453 -1.55838744494796 0 1 5.25 2.72717802865893 R1
546 -1.58113883008419 0.5 1 2 0.632455532033676 R2
638 -1.63784604970665 0 1 4.25 1.98431348329844 R1
1122 -1.63784604970665 0.5 1 4.25 1.98431348329844 R2
1401 -1.66666666666667 0.5 1 3.5 1.5 R2
493 -1.73205080756888 0 3 4.5 0.866025403784439 R1
650 -1.75 0.444444444444444 2 4.8 1.6 R2
1094 -1.79489539654434 0 1 3.77777777777778 1.5475986974649 R1
1613 -1.83711730708738 0 1 2.8 0.979795897113271 R1
231 -1.83711730708739 0 1 2.8 0.97979589711327 R1
1316 -3.29690236697894 0 1 9.33333333333333 2.52762514801718 R1
