176 4.22394119563013 0.228531855955679 33 7.02702702702703 6.14899018950436 R5
262 3.91076747886105 0.54756242568371 38 8.07142857142857 7.65286394303545 R6
508 3.57985818369731 0.4608 18 4 3.91076944437522 R6
277 3.39218428707613 0.285318559556787 32 7.23529411764706 7.30051901269159 R5
447 3.37070369098317 0.421296296296296 27 5.61904761904762 6.34317173537018 R6
288 3.32409467547172 0.728163265306122 17 4.625 3.72281815295886 R6
81 3.24400344767004 0.677734375 17 3.69230769230769 4.10224357722258 R6
23 3.21523436448441 0.696859021183346 19 4.94736842105263 4.37063989305825 R6
264 3.2009219983224 0.660336011687363 19 4.71428571428572 4.4629998148038 R6
274 3.11823116175407 0.778775510204082 30 7.23529411764706 7.30051901269159 R7
35 3.07039995785392 0.0570934256055364 33 8.30769230769231 8.04204925457547 R5
10 2.97598788867321 0.0624349635796044 30 8.2 7.32529862872498 R5
17 2.94605354211529 0.0587695133149677 32 8.30769230769231 8.04204925457547 R5
265 2.89138232392731 0.359963269054178 26 6.71428571428571 6.67006715995929 R6
696 2.82685120785851 0.265 17 4.53333333333333 4.41008944227766 R5
141 2.74250378563422 0.37603305785124 17 5.5 4.19324854180304 R6
218 2.72949454101638 0.428061831153389 21 6.28571428571429 5.3908463611752 R6
513 2.69265228299346 0.426122448979592 26 7.11111111111111 7.01497516340649 R6
211 2.68793601114312 0.43213296398892 14 4.28571428571429 3.614031611621 R6
52 2.68032520834812 0.415 15 4.4 3.95474398665704 R6
71 2.66556994991592 0.255102040816327 12 4.5 2.81365716935569 R5
26 2.63698996317119 0.455078125 23 7.375 5.92531644724567 R6
13 2.52631864584778 0.409036860879905 22 6.44444444444444 6.15740044555441 R6
282 2.51259453814803 0.314049586776859 9 2.75 2.48746859276655 R6
149 2.49121125968326 0.698961937716263 17 5.47368421052632 4.62679178438651 R3
88 2.49034834157499 0.666666666666667 8 2.8 2.08806130178211 R3
54 2.48312306006087 0.527942925089179 19 6.54545454545455 5.01567789968499 R2
152 2.45847963002874 0.15625 22 6.61538461538461 6.25777622751161 R2
710 2.44948974278318 0.21875 7 4 1.22474487139159 R2
306 2.40606662968963 0.48 7 2.57142857142857 1.8405855323893 R2
136 2.4000768036866 0.231111111111111 13 4.66666666666667 3.47211110933328 R2
733 2.34505537086392 0.6656 14 5.14285714285714 3.77694401897208 R3
299 2.3094010767585 0.728395061728395 8 4 1.73205080756888 R3
600 2.27109989583068 0.591715976331361 8 3.33333333333333 2.05480466765633 R2
677 2.26499574392979 0.1504 23 7.11111111111111 7.01497516340649 R2
30 2.25320284859643 0.767361111111111 10 4 2.66287609379578 R3
145 2.2146126712858 0.272189349112426 11 4.85714285714286 2.77378397699251 R2
96 2.2015062485245 0.0907029478458051 20 6.44444444444444 6.15740044555441 R2
124 2.19296395526486 0.0997229916897508 18 6.5 5.24404424085076 R2
123 2.19296395526486 0.244897959183674 18 6.5 5.24404424085076 R2
512 2.17359424239799 0.265927977839335 16 6.57142857142857 4.33777898591114 R2
80 2.16344996690756 0.357142857142857 11 4.4 3.05068298363935 R2
24 2.16344996690756 0.435555555555556 11 4.4 3.05068298363935 R2
269 2.15727748652002 0.6 6 2.85714285714286 1.45686271816937 R2
1191 2.15727748652002 0.244897959183674 6 2.85714285714286 1.45686271816937 R2
335 2.14372569270414 0.5 11 4.72727272727273 2.9260867162602 R2
181 2.13453742061366 0.40625 12 4.28571428571429 3.614031611621 R2
126 2.05894629224964 0.617283950617284 15 5.47368421052632 4.62679178438651 R2
230 2.01246117974981 0.34 8 3.5 2.23606797749979 R2
62 2.01198707801292 0.5024 17 7.22222222222222 4.85976171747312 R2
267 2.00433934118287 0.302457466918715 19 9.28571428571428 4.84662727248211 R2
604 2 0.448979591836735 5 3 0.999999999999998 R2
134 2 0.396694214876033 8 4 2 R2
161 1.97907610217313 0.095 19 6.61538461538461 6.25777622751161 R2
759 1.96396101212393 0.244897959183674 6 3 1.52752523165195 R2
497 1.94935886896179 0.152777777777778 11 4.66666666666667 3.24893144826966 R2
533 1.92857142857143 0.165289256198347 10 4.6 2.8 R2
20 1.91702895126808 0.142011834319526 12 5 3.65148371670111 R2
94 1.90349354378545 0.0831758034026464 22 8.2 7.24982758415674 R2
247 1.87082869338697 0.21875 7 4 1.60356745147455 R2
908 1.86286203394322 0.690972222222222 11 5.16666666666667 3.13138237134266 R3
1196 1.80199639601081 0.110726643598616 16 6.28571428571429 5.3908463611752 R2
656 1.78885438199983 0.21875 7 4.33333333333333 1.49071198499986 R2
720 1.78885438199983 0.32 4 2.85714285714286 0.638876564999941 R2
418 1.76776695296637 0.32 4 2.33333333333333 0.942809041582064 R2
627 1.7673776120636 0.3046875 13 5.81818181818182 4.06354484338673 R2
148 1.75 0.675555555555555 8 4.5 2 R3
77 1.74416319854476 0.18 9 4.75 2.43669858620224 R2
108 1.7417271443536 0.291666666666667 10 5.25 2.72717802865893 R2
380 1.73205080756888 0.611570247933884 6 3.75 1.29903810567666 R2
779 1.71252879704084 0.376543209876543 14 6.57142857142857 4.33777898591114 R2
298 1.69774937525433 0.763888888888889 5 2.66666666666667 1.37436854187255 R3
266 1.69774937525433 0.448979591836735 5 2.66666666666667 1.37436854187255 R2
253 1.64156536333625 0.716553287981859 10 4.66666666666667 3.24893144826966 R3
407 1.63299316185545 0.32 4 2 1.22474487139159 R2
477 1.62762491425132 0.169421487603306 20 8.2 7.24982758415674 R2
345 1.62746694241347 0.18 9 4.33333333333333 2.86744175568088 R2
250 1.61148897248272 0.488340192043896 19 7.23529411764706 7.30051901269159 R2
562 1.60044426660118 0.1171875 15 7.22222222222222 4.85976171747312 R2
110 1.58525817400853 0.530612244897959 9 4.75 2.6809513236909 R2
109 1.58525817400853 0.314049586776859 9 4.75 2.6809513236909 R2
885 1.58113883008419 0.5 4 2.57142857142857 0.903507902905252 R2
534 1.57142857142857 0.314049586776859 9 4.6 2.8 R2
260 1.55870684718328 0.603806228373702 20 8.07142857142857 7.65286394303545 R2
12 1.55188145387792 0.110726643598616 16 6.44444444444444 6.15740044555441 R2
1055 1.55134350376268 0.612244897959184 7 4.28571428571429 1.74963553055941 R2
735 1.55076242266808 0.444444444444445 11 5.14285714285714 3.77694401897208 R2
743 1.50213523239762 0.446280991735537 8 4 2.66287609379578 R2
699 1.5 0.21875 7 4 2 R2
131 1.5 0.345679012345679 7 4 2 R2
378 1.48199607436226 0.509695290858726 13 6.57142857142857 4.33777898591114 R2
446 1.47890562833783 0.349030470914127 15 5.61904761904762 6.34317173537018 R2
6 1.47434262374636 0.235537190082645 19 8.2 7.32529862872498 R2
542 1.46702894076548 0.21875 7 4 2.04494943258218 R2
543 1.46702894076548 0.21875 7 4 2.04494943258218 R2
3 1.46633458375548 0.680555555555556 11 4.53333333333333 4.41008944227766 R3
25 1.4556184596705 0.594387755102041 16 7.375 5.92531644724567 R2
259 1.42803681209007 0.172335600907029 19 8.07142857142857 7.65286394303545 R2
1211 1.42803681209007 0.364583333333333 19 8.07142857142857 7.65286394303545 R2
919 1.41421356237309 0.375 3 2 0.707106781186548 R2
960 1.41421356237309 0.444444444444444 2 1.33333333333333 0.471404520791032 R2
1017 1.41421356237309 0.375 3 2 0.707106781186548 R2
950 1.39669474920628 0.298676748582231 19 8.35294117647059 7.62303919992536 R2
573 1.38586973436717 0.21875 7 4.25 1.98431348329844 R2
649 1.375 0.545454545454546 7 4.8 1.6 R2
317 1.34164078649987 0.666666666666667 4 2.5 1.11803398874989 R3
99 1.32955013751307 0.0950000000000001 19 8.30769230769231 8.04204925457547 R2
475 1.32125578978405 0.835743801652893 14 5.61904761904762 6.34317173537018 R4
591 1.32125578978405 0.672216441207076 14 5.61904761904762 6.34317173537018 R3
893 1.31163224530332 0.574380165289256 11 5.5 4.19324854180304 R2
28 1.28685110202754 0.1171875 15 7.375 5.92531644724567 R2
734 1.2859981066028 0.469387755102041 10 5.14285714285714 3.77694401897208 R2
676 1.26713048611457 0.110726643598616 16 7.11111111111111 7.01497516340649 R2
106 1.26551347441895 0.258503401360544 18 8.35294117647059 7.62303919992536 R2
4 1.26551347441895 0.374291115311909 18 8.35294117647059 7.62303919992536 R2
459 1.26491106406735 0.277777777777778 5 3 1.58113883008419 R2
66 1.25 0.46 7 4.5 2 R2
255 1.24803993791703 0.416666666666667 9 4.66666666666667 3.47211110933328 R2
308 1.24549750900747 0.6688 13 6.28571428571429 5.3908463611752 R3
622 1.24393264329409 0.34 8 4.5 2.81365716935569 R2
263 1.24222351694655 0.277777777777778 15 6.71428571428571 6.67006715995929 R2
185 1.22474487139159 0.641975308641975 5 3 1.63299316185545 R3
590 1.20055928449963 0.335 16 7.23529411764706 7.30051901269159 R2
682 1.15603932206181 0.469387755102041 10 4.94736842105263 4.37063989305825 R2
31 1.15603932206181 0.7744 10 4.94736842105263 4.37063989305825 R3
105 1.13433219963162 0.591836734693878 17 8.35294117647059 7.62303919992536 R2
65 1.1340029432597 0.124444444444444 14 7.02702702702703 6.14899018950436 R2
63 1.1340029432597 0.124444444444444 14 7.02702702702703 6.14899018950436 R2
137 1.06801626733876 0.517958412098299 15 7.77777777777778 6.76227735764575 R2
1279 1.02281662391352 0.429752066115702 8 4 3.91076944437522 R2
841 1 0.277777777777778 5 3.5 1.5 R2
342 1 0.32 4 3.5 0.5 R2
450 1 0.32 4 3 1 R2
329 0.983130049483585 0.255102040816327 12 7.22222222222222 4.85976171747312 R2
565 0.983130049483585 0.442906574394464 12 7.22222222222222 4.85976171747312 R2
1115 0.979795897113271 0.615384615384615 6 4.28571428571429 1.74963553055941 R2
127 0.962250448649376 0.277777777777778 5 3.75 1.29903810567666 R2
130 0.962250448649376 0.644628099173554 5 3.75 1.29903810567666 R3
504 0.960030721474639 0.197530864197531 8 4.66666666666667 3.47211110933328 R2
661 0.917662935482247 0.32 4 2.85714285714286 1.24539969815448 R2
350 0.906571275128651 0.197530864197531 8 4.625 3.72281815295886 R2
101 0.888124306153157 0.272189349112426 11 6.54545454545455 5.01567789968499 R2
387 0.871969650056961 0.1171875 15 8.35294117647059 7.62303919992536 R2
285 0.789753974479512 0.743801652892562 5 3.77777777777778 1.5475986974649 R3
441 0.789753974479512 0.53125 5 3.77777777777778 1.5475986974649 R2
389 0.774686636624027 0.6464 14 8.07142857142857 7.65286394303545 R3
499 0.718184846459608 0.673469387755102 7 4.66666666666667 3.24893144826966 R3
1209 0.707106781186554 0.408163265306122 5 4.66666666666667 0.471404520791027 R2
469 0.707106781186554 0.408163265306122 5 4.66666666666667 0.471404520791027 R2
314 0.688998622004134 0.355029585798816 10 6.28571428571429 5.3908463611752 R2
53 0.688749461914693 0.165289256198347 10 6.54545454545455 5.01567789968499 R2
588 0.670820393249937 0.448979591836735 5 3.5 2.23606797749979 R2
229 0.670820393249937 0.693877551020408 5 3.5 2.23606797749979 R3
93 0.662084710881894 0.13265306122449 13 8.2 7.24982758415674 R2
289 0.657438258651426 0.512396694214876 7 4.4 3.95474398665704 R2
278 0.652653033855503 0.661625708884688 12 7.23529411764706 7.30051901269159 R3
1137 0.637957563979421 0.21875 7 4.625 3.72281815295886 R2
246 0.623609564462323 0.46875 5 4 1.60356745147455 R2
1150 0.581238193719096 0.493827160493827 6 4.33333333333333 2.86744175568088 R2
1151 0.581238193719096 0.244897959183674 6 4.33333333333333 2.86744175568088 R2
87 0.574695771132691 0.32 4 2.8 2.08806130178211 R2
249 0.574695771132691 0.76 4 2.8 2.08806130178211 R3
810 0.574150585359277 0.345679012345679 7 4.4 4.52842871939778 R2
564 0.571587238071851 0.390532544378698 10 7.22222222222222 4.85976171747312 R2
563 0.571587238071851 0.5078125 10 7.22222222222222 4.85976171747312 R2
613 0.571587238071851 0.165289256198347 10 7.22222222222222 4.85976171747312 R2
686 0.562543950463012 0.48 6 3.69230769230769 4.10224357722258 R2
1007 0.559323501020133 0.345679012345679 7 4.53333333333333 4.41008944227766 R2
519 0.511408311956759 0.628099173553719 6 4 3.91076944437522 R3
670 0.5 0.722222222222222 5 4 2 R3
532 0.5 0.244897959183674 6 4.6 2.8 R2
1049 0.492605877409837 0.291666666666667 10 6.71428571428571 6.67006715995929 R2
731 0.491705158406952 0.48 7 5.14285714285714 3.77694401897208 R2
729 0.44301431381276 0.165289256198347 10 7.375 5.92531644724567 R2
906 0.43495883620084 0.40625 6 4.72727272727273 2.9260867162602 R2
297 0.43495883620084 0.611570247933884 6 4.72727272727273 2.9260867162602 R2
878 0.426401432711221 0.625 6 5.07692307692308 2.16480727376466 R3
934 0.426401432711221 0.7578125 6 5.07692307692308 2.16480727376466 R3
1468 0.408248290463863 0.408163265306122 5 4.28571428571429 1.74963553055941 R2
315 0.404577389939339 0.770083102493075 6 4.4 3.95474398665704 R3
261 0.382676531344399 0.426666666666667 11 8.07142857142857 7.65286394303545 R2
303 0.37869990853344 0.67590027700831 10 7.23529411764706 7.30051901269159 R3
281 0.37869990853344 0.690082644628099 10 7.23529411764706 7.30051901269159 R3
357 0.37869990853344 0.469387755102041 10 7.23529411764706 7.30051901269159 R2
280 0.37869990853344 0.291666666666667 10 7.23529411764706 7.30051901269159 R2
29 0.375533808099405 0.722222222222222 5 4 2.66287609379578 R3
349 0.369343852830191 0.48 6 4.625 3.72281815295886 R2
100 0.334778811604011 0.152777777777778 11 8.30769230769231 8.04204925457547 R2
209 0.320861297899063 0.459183673469388 9 7.02702702702703 6.14899018950436 R2
930 0.318774905262373 0.277777777777778 5 3.69230769230769 4.10224357722258 R2
128 0.290834290592744 0.42 7 5.81818181818182 4.06354484338673 R2
1121 0.274246956169804 0.625 9 7.375 5.92531644724567 R3
645 0.263752189358315 0.277777777777778 10 9.33333333333333 2.52762514801718 R2
248 0.25570415597838 0.617283950617284 5 4 3.91076944437522 R2
68 0.25 0.408163265306122 5 4.5 2 R2
147 0.25 0.448979591836735 5 4.5 2 R2
741 0.223606797749979 0.375 3 2.85714285714286 0.638876564999941 R2
742 0.132496288929064 0.408163265306122 5 4.4 4.52842871939778 R2
652 0.125 0.578512396694215 5 4.8 1.6 R2
302 0.125 0.277777777777778 5 4.8 1.6 R2
506 0.12133646115798 0.314049586776859 9 8.07142857142857 7.65286394303545 R2
625 0.12133646115798 0.73469387755102 9 8.07142857142857 7.65286394303545 R3
138 0.119239295027575 0.244897959183674 6 5.5 4.19324854180304 R2
139 0.119239295027575 0.244897959183674 6 5.5 4.19324854180304 R2
1120 0.105479598526848 0.34 8 7.375 5.92531644724567 R2
558 0.104746783211377 0.678200692041522 8 7.23529411764706 7.30051901269159 R3
592 0.104746783211377 0.34 8 7.23529411764706 7.30051901269159 R2
270 0.0980580675690922 0.56 3 2.85714285714286 1.45686271816937 R2
356 0.0980580675690922 0.653061224489796 3 2.85714285714286 1.45686271816937 R3
555 0.0960030721474638 0.277777777777778 5 4.66666666666667 3.47211110933328 R2
111 0.0932504808240314 0.58 5 4.75 2.6809513236909 R2
904 0.0932054649001802 0.277777777777778 5 4.72727272727273 2.9260867162602 R2
651 0.0906249291993017 0.764542936288089 7 6.54545454545455 5.01567789968499 R3
104 0.0848820013329785 0.18 9 8.35294117647059 7.62303919992536 R2
1146 0.0640184399664476 0.66 5 4.71428571428572 4.4629998148038 R3
144 0.0515026202624603 0.448979591836735 5 4.85714285714286 2.77378397699251 R2
354 0.0447437370142683 0.58 6 5.81818181818182 4.06354484338673 R2
764 0.0428352936878121 0.556213017751479 7 6.71428571428571 6.67006715995929 R2
763 0.0428352936878121 0.21875 7 6.71428571428571 6.67006715995929 R2
560 0.0120420762714771 0.277777777777778 5 4.94736842105263 4.37063989305825 R2
331 0.0120420762714771 0.5625 5 4.94736842105263 4.37063989305825 R2
304 2.27110913167631e-16 0.666666666666667 4 4 3.91076944437522 R3
1517 0 0.444444444444444 2 2 0.707106781186548 R2
1406 0 0.32 4 4 2.66287609379578 R2
1225 0 0.32 4 4 1.22474487139159 R2
1226 0 0.32 4 4 1.22474487139159 R2
408 0 0.444444444444444 2 2 1.22474487139159 R2
1407 0 0.32 4 4 2.66287609379578 R2
1228 0 0.32 4 4 1.22474487139159 R2
327 0 0.489795918367347 4 4 2 R2
188 0 0.733727810650887 4 4 1.73205080756888 R3
1516 0 0.444444444444444 2 2 0.707106781186548 R2
1227 0 0.32 4 4 1.22474487139159 R2
1405 0 0.32 4 4 2.66287609379578 R2
1110 -2.71947991102104e-16 0.56 3 3 1.63299316185545 R2
602 -4.44089209850063e-16 0.375 3 3 0.999999999999998 R2
605 -4.44089209850063e-16 0.375 3 3 0.999999999999998 R2
603 -4.44089209850063e-16 0.375 3 3 0.999999999999998 R2
232 -0.00439536024519252 0.591715976331361 7 7.02702702702703 6.14899018950436 R2
1000 -0.0158391310764321 0.21875 7 7.11111111111111 7.01497516340649 R2
907 -0.0158391310764321 0.597222222222222 7 7.11111111111111 7.01497516340649 R2
321 -0.0275868629534122 0.740740740740741 8 8.2 7.24982758415674 R3
276 -0.0322297794496541 0.37037037037037 7 7.23529411764706 7.30051901269159 R2
1529 -0.0378234737236115 0.448979591836735 5 5.14285714285714 3.77694401897208 R2
1527 -0.0378234737236115 0.448979591836735 5 5.14285714285714 3.77694401897208 R2
36 -0.0382604356118868 0.444444444444444 8 8.30769230769231 8.04204925457547 R2
554 -0.0632877591161086 0.603550295857988 7 7.375 5.92531644724567 R2
219 -0.0790569415042095 0.444444444444444 4 4.28571428571429 3.614031611621 R2
1287 -0.0983391852011495 0.244897959183674 6 6.61538461538461 6.25777622751161 R2
142 -0.131732984387757 0.56198347107438 6 6.57142857142857 4.33777898591114 R2
379 -0.131732984387757 0.244897959183674 6 6.57142857142857 4.33777898591114 R2
1210 -0.140003609028439 0.583333333333333 7 8.07142857142857 7.65286394303545 R2
826 -0.140003609028439 0.684444444444444 7 8.07142857142857 7.65286394303545 R3
1328 -0.140003609028439 0.662721893491124 7 8.07142857142857 7.65286394303545 R3
330 -0.16004609991612 0.793388429752066 4 4.71428571428572 4.4629998148038 R3
1469 -0.163299316185545 0.32 4 4.28571428571429 1.74963553055941 R2
1467 -0.163299316185545 0.32 4 4.28571428571429 1.74963553055941 R2
787 -0.165521177720473 0.21875 7 8.2 7.24982758415674 R2
313 -0.168763185138904 0.611111111111111 3 3.69230769230769 4.10224357722258 R2
82 -0.168763185138904 0.375 3 3.69230769230769 4.10224357722258 R2
924 -0.169206342110685 0.518518518518518 6 7.23529411764706 7.30051901269159 R2
305 -0.177704663327728 0.743801652892562 4 4.5 2.81365716935569 R3
623 -0.177704663327728 0.5 4 4.5 2.81365716935569 R2
624 -0.177704663327728 0.5 4 4.5 2.81365716935569 R2
135 -0.192006144294928 0.32 4 4.66666666666667 3.47211110933328 R2
252 -0.205195670417031 0.444444444444444 4 4.66666666666667 3.24893144826966 R2
726 -0.205195670417031 0.32 4 4.66666666666667 3.24893144826966 R2
1563 -0.214285714285715 0.489795918367347 4 4.6 2.8 R2
552 -0.223606797749979 0.444444444444444 4 4.33333333333333 1.49071198499986 R2
1057 -0.223606797749979 0.489795918367347 4 4.33333333333333 1.49071198499986 R2
551 -0.223606797749979 0.666666666666667 3 3.5 2.23606797749979 R3
1246 -0.232055116759065 0.40625 6 7.375 5.92531644724567 R2
545 -0.234586731400151 0.448979591836735 5 6.44444444444444 6.15740044555441 R2
1029 -0.255704155978379 0.375 3 4 3.91076944437522 R2
1280 -0.255704155978379 0.56 3 4 3.91076944437522 R2
1281 -0.255704155978379 0.56 3 4 3.91076944437522 R2
437 -0.30094349045221 0.7 5 7.11111111111111 7.01497516340649 R3
732 -0.302587789788893 0.32 4 5.14285714285714 3.77694401897208 R2
928 -0.318511028635303 0.489795918367347 4 5.47368421052632 4.62679178438651 R2
1047 -0.347687581715218 0.375 3 4.53333333333333 4.41008944227766 R2
417 -0.353553390593273 0.444444444444444 2 2.33333333333333 0.942809041582064 R2
419 -0.353553390593273 0.444444444444444 2 2.33333333333333 0.942809041582064 R2
717 -0.355756236768943 0.375 3 4.28571428571429 3.614031611621 R2
718 -0.355756236768943 0.375 3 4.28571428571429 3.614031611621 R2
719 -0.355756236768943 0.375 3 4.28571428571429 3.614031611621 R2
1123 -0.357717885082724 0.64 4 5.5 4.19324854180304 R3
1616 -0.383130514088461 0.444444444444444 2 2.8 2.08806130178211 R2
1244 -0.384110639798688 0.375 3 4.71428571428572 4.4629998148038 R2
630 -0.384110639798688 0.8 3 4.71428571428572 4.4629998148038 R3
875 -0.401343679214858 0.277777777777778 5 8.07142857142857 7.65286394303545 R2
140 -0.401343679214858 0.734693877551021 5 8.07142857142857 7.65286394303545 R3
876 -0.401343679214858 0.277777777777778 5 8.07142857142857 7.65286394303545 R2
1525 -0.412892434307515 0.375 3 5.61904761904762 6.34317173537018 R2
1526 -0.412892434307515 0.375 3 5.61904761904762 6.34317173537018 R2
1524 -0.412892434307515 0.375 3 5.61904761904762 6.34317173537018 R2
751 -0.436497280617498 0.56 3 4.625 3.72281815295886 R2
981 -0.436497280617498 0.56 3 4.625 3.72281815295886 R2
32 -0.439843097816343 0.8 5 8.35294117647059 7.62303919992536 R3
922 -0.443159467432748 0.5 4 7.23529411764706 7.30051901269159 R2
923 -0.443159467432748 0.5 4 7.23529411764706 7.30051901269159 R2
595 -0.443495670140099 0.666666666666667 4 7.11111111111111 7.01497516340649 R3
999 -0.445556822044657 0.48 3 4.94736842105263 4.37063989305825 R2
481 -0.445556822044657 0.56 3 4.94736842105263 4.37063989305825 R2
458 -0.447437370142683 0.64 4 5.81818181818182 4.06354484338673 R3
242 -0.458913629344028 0.375 3 4.4 3.05068298363935 R2
1293 -0.489009646921826 0.375 3 4 2.04494943258218 R2
206 -0.492280347461576 0.32 4 7.02702702702703 6.14899018950436 R2
744 -0.5 0.375 3 4 2 R2
482 -0.504424326185813 0.56 3 5.72413793103448 5.40048881391776 R2
571 -0.511408311956758 0.625 2 4 3.91076944437522 R3
1489 -0.511408311956758 0.444444444444444 2 4 3.91076944437522 R2
982 -0.532013714308067 0.65625 4 8.07142857142857 7.65286394303545 R3
1612 -0.532013714308067 0.32 4 8.07142857142857 7.65286394303545 R2
1114 -0.532013714308067 0.444444444444444 4 8.07142857142857 7.65286394303545 R2
997 -0.532013714308067 0.32 4 8.07142857142857 7.65286394303545 R2
996 -0.532013714308067 0.32 4 8.07142857142857 7.65286394303545 R2
1113 -0.532013714308067 0.444444444444444 4 8.07142857142857 7.65286394303545 R2
816 -0.533113989983183 0.5 3 4.5 2.81365716935569 R2
941 -0.534643512352116 0.56 3 5.47368421052632 4.62679178438651 R2
918 -0.535646098566417 0.32 4 8.30769230769231 8.04204925457547 R2
636 -0.556858817941555 0.375 3 6.71428571428571 6.67006715995929 R2
637 -0.556858817941555 0.375 3 6.71428571428571 6.67006715995929 R2
1528 -0.567352105854175 0.375 3 5.14285714285714 3.77694401897208 R2
921 -0.567352105854175 0.666666666666667 3 5.14285714285714 3.77694401897208 R3
1008 -0.574440352399055 0.444444444444444 2 4.53333333333333 4.41008944227766 R2
927 -0.577350269189626 0.375 3 3.75 1.29903810567666 R2
925 -0.577350269189626 0.666666666666667 3 3.75 1.29903810567666 R3
926 -0.577350269189626 0.74074074074074 3 3.75 1.29903810567666 R3
301 -0.577350269189626 0.375 3 4 1.73205080756888 R2
300 -0.577350269189626 0.375 3 4 1.73205080756888 R2
1185 -0.588348405414552 0.444444444444444 2 2.85714285714286 1.45686271816937 R2
1184 -0.588348405414552 0.444444444444444 2 2.85714285714286 1.45686271816937 R2
2 -0.59030127770114 0.375 3 4.72727272727273 2.9260867162602 R2
599 -0.59030127770114 0.48 3 4.72727272727273 2.9260867162602 R2
817 -0.606866084909009 0.625 2 4.4 3.95474398665704 R3
818 -0.606866084909009 0.444444444444444 2 4.4 3.95474398665704 R2
1050 -0.609498781003657 0.375 3 6.28571428571429 5.3908463611752 R2
1511 -0.609498781003657 0.375 3 6.28571428571429 5.3908463611752 R2
1512 -0.609498781003657 0.375 3 6.28571428571429 5.3908463611752 R2
1051 -0.609498781003657 0.375 3 6.28571428571429 5.3908463611752 R2
212 -0.632455532033676 0.444444444444444 2 4.28571428571429 3.614031611621 R2
213 -0.632455532033676 0.444444444444444 2 4.28571428571429 3.614031611621 R2
1105 -0.632455532033676 0.444444444444444 2 4.28571428571429 3.614031611621 R2
951 -0.65275336576822 0.78125 3 4.75 2.6809513236909 R3
334 -0.65275336576822 0.56 3 4.75 2.6809513236909 R2
1485 -0.654653670707977 0.444444444444444 2 3 1.52752523165195 R2
1484 -0.654653670707977 0.444444444444444 2 3 1.52752523165195 R2
61 -0.654908676533703 0.375 3 7.02702702702703 6.14899018950436 R2
64 -0.654908676533703 0.375 3 7.02702702702703 6.14899018950436 R2
1546 -0.662683749401277 0.375 3 8.07142857142857 7.65286394303545 R2
1458 -0.662683749401277 0.611111111111111 3 8.07142857142857 7.65286394303545 R2
1545 -0.662683749401277 0.375 3 8.07142857142857 7.65286394303545 R2
143 -0.669534063411987 0.693877551020408 3 4.85714285714286 2.77378397699251 R3
146 -0.669534063411987 0.56 3 4.85714285714286 2.77378397699251 R2
582 -0.674356271202723 0.444444444444444 2 4.94736842105263 4.37063989305825 R2
1535 -0.691920184036054 0.56 3 5.16666666666667 3.13138237134266 R2
1438 -0.703526470681448 0.5 1 2.75 2.48746859276655 R2
1166 -0.705110991766728 0.444444444444444 2 4.625 3.72281815295886 R2
1167 -0.705110991766728 0.444444444444444 2 4.625 3.72281815295886 R2
594 -0.707106781186547 0.5 1 1.33333333333333 0.471404520791032 R2
1140 -0.717112592754811 0.625 2 7.23529411764706 7.30051901269159 R3
709 -0.717112592754811 0.625 2 7.23529411764706 7.30051901269159 R3
113 -0.718184846459608 0.693877551020408 3 4.75 2.43669858620224 R3
1439 -0.738357189687933 0.56 3 7.375 5.92531644724567 R2
728 -0.75 0.826446280991736 3 4.5 2 R4
932 -0.75 0.666666666666667 3 4.5 2 R3
933 -0.75 0.666666666666667 3 4.5 2 R3
1638 -0.751067616198811 0.444444444444444 2 4 2.66287609379578 R2
1564 -0.751067616198811 0.444444444444444 2 4 2.66287609379578 R2
1639 -0.751067616198811 0.444444444444444 2 4 2.66287609379578 R2
693 -0.768024577179711 0.444444444444444 2 4.66666666666667 3.47211110933328 R2
119 -0.783389194549546 0.32 4 6.94736842105263 3.76232968434979 R2
1322 -0.79499841000477 0.444444444444444 2 6.28571428571429 5.3908463611752 R2
626 -0.816496580927726 0.5 1 2 1.22474487139159 R2
254 -0.820782681668123 0.444444444444444 2 4.66666666666667 3.24893144826966 R2
1019 -0.832116421919457 0.72 2 5.14285714285714 3.77694401897208 R3
1476 -0.832116421919457 0.444444444444444 2 5.14285714285714 3.77694401897208 R2
1296 -0.832116421919457 0.444444444444444 2 5.14285714285714 3.77694401897208 R2
1224 -0.832116421919457 0.444444444444444 2 5.14285714285714 3.77694401897208 R2
1475 -0.832116421919457 0.444444444444444 2 5.14285714285714 3.77694401897208 R2
770 -0.833386922178335 0.444444444444444 2 8.35294117647059 7.62303919992536 R2
953 -0.834675065193022 0.444444444444444 2 5.5 4.19324854180304 R2
1393 -0.834675065193022 0.625 2 5.5 4.19324854180304 R3
952 -0.834675065193022 0.444444444444444 2 5.5 4.19324854180304 R2
122 -0.858116330321033 0.444444444444444 2 6.5 5.24404424085076 R2
1044 -0.862043656699037 0.5 1 2.8 2.08806130178211 R2
1466 -0.862043656699037 0.5 1 2.8 2.08806130178211 R2
1173 -0.862043656699037 0.666666666666667 1 2.8 2.08806130178211 R3
251 -0.862043656699037 0.75 1 2.8 2.08806130178211 R3
1643 -0.868812601869215 0.375 3 7.22222222222222 4.85976171747312 R2
1481 -0.894427190999916 0.71875 3 4.33333333333333 1.49071198499986 R3
1632 -0.894427190999916 0.375 3 4.33333333333333 1.49071198499986 R2
1631 -0.894427190999916 0.375 3 4.33333333333333 1.49071198499986 R2
49 -0.89734506496049 0.5 1 6.61538461538461 6.25777622751161 R2
903 -0.906249291993017 0.5 2 6.54545454545455 5.01567789968499 R2
1238 -0.90712454733089 0.444444444444444 2 7.375 5.92531644724567 R2
452 -0.917662935482246 0.5 2 3.14285714285714 1.24539969815448 R2
1500 -0.924023819587696 0.5 1 8.07142857142857 7.65286394303545 R2
1456 -0.928571428571429 0.444444444444444 2 4.6 2.8 R2
1455 -0.928571428571429 0.444444444444444 2 4.6 2.8 R2
698 -1 0.444444444444444 2 4 2 R2
1541 -1 0.444444444444444 2 3 0.999999999999998 R2
1542 -1 0.444444444444444 2 3 0.999999999999998 R2
1149 -1.01126796128346 0.444444444444444 2 5.16666666666667 3.13138237134266 R2
1148 -1.01126796128346 0.444444444444444 2 5.16666666666667 3.13138237134266 R2
796 -1.02575528906435 0.444444444444444 2 4.75 2.6809513236909 R2
553 -1.02575528906435 0.444444444444444 2 4.75 2.6809513236909 R2
550 -1.11803398874989 0.5 1 3.5 2.23606797749979 R2
1400 -1.12857618729367 0.5 1 4.66666666666667 3.24893144826966 R2
1159 -1.12857618729367 0.444444444444444 2 4.75 2.43669858620224 R2
1158 -1.12857618729367 0.444444444444444 2 4.75 2.43669858620224 R2
727 -1.13554994791534 0.5 1 3.33333333333333 2.05480466765633 R2
598 -1.13554994791534 0.5 1 3.33333333333333 2.05480466765633 R2
596 -1.15470053837925 0.444444444444444 2 4 1.73205080756888 R2
646 -1.21267812518166 0.5 1 2.66666666666667 1.37436854187255 R2
268 -1.21267812518166 0.5 1 2.66666666666667 1.37436854187255 R2
1404 -1.21267812518167 0.5 1 2.66666666666667 1.37436854187255 R2
1267 -1.21267812518167 0.666666666666667 1 2.66666666666667 1.37436854187255 R3
184 -1.22474487139159 0.5 1 3 1.63299316185545 R2
988 -1.24721912892464 0.444444444444444 2 4 1.60356745147455 R2
989 -1.24721912892464 0.444444444444444 2 4 1.60356745147455 R2
67 -1.25 0.444444444444444 2 4.5 2 R2
457 -1.26491106406735 0.5 1 3 1.58113883008419 R2
1190 -1.2747548783982 0.5 1 2.85714285714286 1.45686271816937 R2
1482 -1.2747548783982 0.75 1 2.85714285714286 1.45686271816937 R3
1054 -1.30639452948436 0.444444444444444 2 4.28571428571429 1.74963553055941 R2
1056 -1.30639452948436 0.444444444444444 2 4.28571428571429 1.74963553055941 R2
909 -1.33061573853087 0.5 1 5.16666666666667 3.13138237134266 R2
129 -1.34715062810913 0.444444444444444 2 3.75 1.29903810567666 R2
1016 -1.41421356237309 0.5 1 2 0.707106781186548 R2
772 -1.41421356237311 0.571428571428572 4 4.66666666666667 0.471404520791027 R2
669 -1.5 0.666666666666667 1 4 2 R3
546 -1.58113883008419 0.5 1 2 0.632455532033676 R2
1122 -1.63784604970665 0.5 1 4.25 1.98431348329844 R2
1401 -1.66666666666667 0.5 1 3.5 1.5 R2
650 -1.75 0.444444444444444 2 4.8 1.6 R2
