127 0
32 0
33 1
21 0
90 0
63 0
118 0
71 0
7 0
80 0
26 1
193 0
119 0
99 0
18 1
72 0
16 0
44 1
74 0
27 1
194 0
95 0
57 0
61 0
115 0
20 1
92 0
109 0
103 0
151 0
89 1
10 1
31 1
113 0
152 0
35 0
11 1
142 0
78 0
48 0
87 0
77 0
93 0
65 0
29 0
149 0
50 0
39 0
64 0
138 0
97 0
114 0
58 0
12 0
41 0
15 0
52 0
81 0
60 0
173 0
66 0
73 0
45 1
86 0
76 0
19 0
62 0
54 0
67 0
70 0
139 0
68 0
2 1
17 1
1 2
116 0
88 0
141 0
30 0
144 0
100 0
82 0
25 0
120 0
28 1
75 0
40 1
83 0
14 1
112 0
59 0
69 0
145 0
49 0
24 0
140 0
150 0
124 0
53 0
122 0
121 0
79 0
22 0
42 0
46 1
23 0
13 1
96 0
126 0
6 1
3 2
36 0
146 0
9 2
51 0
47 0
8 1
38 0
98 0
4 2
34 0
37 0
43 1
