127 4
32 13
33 15
21 12
90 6
63 8
118 4
71 5
7 17
80 7
26 14
193 3
119 4
99 6
18 18
72 8
16 14
44 13
74 6
27 16
194 3
95 7
57 10
61 11
115 6
20 14
92 7
109 6
103 6
151 3
89 8
10 21
31 12
113 6
152 4
35 11
11 16
142 5
78 7
48 12
87 6
77 6
93 7
65 9
29 11
149 3
50 12
39 9
64 8
138 5
97 7
114 4
58 8
12 18
41 11
15 19
52 6
81 6
60 7
173 3
66 7
73 7
45 15
86 6
76 6
19 11
62 8
54 10
67 7
70 9
139 4
68 7
2 28
17 19
1 34
116 4
88 6
141 4
30 10
144 5
100 7
82 6
25 16
120 6
28 17
75 7
40 14
83 7
14 19
112 5
59 10
69 8
145 4
49 8
24 11
140 4
150 4
124 5
53 8
122 3
121 4
79 7
22 14
42 15
46 10
23 14
13 18
96 3
126 5
6 21
3 37
36 12
146 4
9 29
51 10
47 11
8 20
38 14
98 7
4 26
34 13
37 12
43 12
