*Vertices 127
0.0674312
0.0561927
0.0438073
0.0325688
0.0325688
0.0288991
0.0261468
0.0254587
0.0227064
0.0224771
0.0220183
0.021789
0.0213303
0.0211009
0.0204128
0.0201835
0.0192661
0.0192661
0.0174312
0.0169725
0.0167431
0.0165138
0.0155963
0.0155963
0.0149083
0.0137615
0.0135321
0.0130734
0.0130734
0.0130734
0.0130734
0.012844
0.012844
0.0126147
0.0123853
0.012156
0.00986239
0.00940367
0.00894495
0.0087156
0.0087156
0.0087156
0.00848624
0.00848624
0.00848624
0.00756881
0.00688073
0.00642202
0.00642202
0.00481651
0.00481651
0.00458716
0.00458716
0.0043578
0.00412844
0.00389908
0.00366972
0.00366972
0.00366972
0.00366972
0.00275229
0.00275229
0.00275229
0.00252294
0.00229358
0.00229358
0.00229358
0.00183486
0.00183486
0.00183486
0.00183486
0.00137615
0.00137615
0.00137615
0.00137615
0.00137615
0.00137615
0.00137615
0.00137615
0.00137615
0.00137615
0.00137615
0.00137615
0.00137615
0.00137615
0.00137615
0.00137615
0.000917431
0.000917431
0.000917431
0.000917431
0.000458716
0.000458716
0.000458716
0.000458716
0.000458716
0.000458716
0.000458716
0.000458716
0.000458716
0.000458716
0.000458716
0.000458716
0.000458716
0.000458716
0.000458716
0.000458716
0.000458716
0.000458716
0.000458716
0.000458716
0.000458716
0.000458716
0.000458716
0.000458716
0.000458716
0.000458716
0.000458716
0.000458716
0.000458716
0.000458716
0.000458716
0.000458716
0.000458716
0.000458716
0.000458716
0.000458716
