*Vertices 762
1
49
11
29
5
9
13
17
6
15
6
30
41
4
13
12
13
10
10
10
10
10
10
18
5
4
34
6
3
3
5
14
3
3
11
11
25
16
11
12
8
5
5
7
3
16
26
8
13
25
12
10
2
22
22
15
18
31
11
8
5
3
38
8
15
11
10
1
4
8
7
24
19
23
25
4
3
4
5
7
19
12
12
5
5
8
8
8
8
1
1
9
14
18
23
8
45
1
1
1
3
22
11
9
15
6
27
6
3
1
1
16
7
12
1
1
1
2
2
12
5
4
12
4
8
9
12
1
1
5
2
2
2
13
6
7
9
5
4
5
3
4
4
2
3
2
39
8
2
4
20
1
1
2
2
2
21
2
2
9
5
8
2
5
2
2
4
3
3
7
7
9
7
7
2
2
13
2
2
5
10
1
4
2
16
9
6
5
5
3
2
2
20
2
2
19
10
7
3
3
1
2
4
8
5
11
3
2
11
3
5
8
22
4
2
2
2
5
2
5
2
9
7
7
19
24
19
12
2
2
2
27
2
7
7
1
1
7
4
4
10
10
10
10
12
10
1
1
5
29
2
2
2
4
2
22
1
1
1
1
1
4
11
2
4
3
2
10
7
5
4
1
3
1
3
3
1
4
4
4
4
5
8
5
2
11
11
1
1
1
1
2
2
3
13
1
1
13
9
2
2
2
5
5
5
3
2
1
18
6
6
6
15
6
6
8
2
4
4
18
11
4
21
4
6
4
9
2
2
4
12
7
3
3
3
3
3
3
2
2
4
1
2
2
2
7
3
4
9
2
3
6
11
1
1
1
1
1
3
8
4
2
7
4
4
4
4
12
3
9
2
7
1
1
3
2
4
13
1
4
4
5
4
2
7
2
2
2
10
5
5
1
1
5
6
16
9
6
7
6
6
6
6
1
4
4
4
4
4
1
5
1
1
1
12
3
5
3
3
3
3
2
2
9
14
9
9
5
5
4
2
2
5
5
3
3
3
4
20
4
8
2
4
3
2
2
6
6
6
11
1
5
5
3
1
1
1
1
2
12
2
2
2
1
1
1
1
2
2
2
3
5
2
2
6
4
4
6
13
4
3
3
1
5
4
4
4
4
4
1
6
6
6
6
8
5
5
8
2
2
3
6
8
2
2
2
3
3
1
22
12
5
2
8
2
2
12
1
1
5
2
2
4
4
1
3
1
1
2
2
2
2
2
5
1
10
5
4
5
5
5
5
5
14
6
8
9
8
8
9
10
1
1
3
3
4
4
2
2
2
1
1
2
2
2
1
4
2
5
6
1
1
3
2
3
2
5
1
4
6
6
9
10
10
10
10
10
10
10
10
8
1
1
2
2
2
11
7
2
2
5
5
10
6
5
5
5
5
1
2
2
2
3
3
6
2
11
5
8
4
4
4
7
2
7
2
5
3
3
1
2
2
4
4
4
6
6
3
2
1
1
9
6
10
6
6
3
3
3
3
3
2
4
4
4
5
1
1
3
3
4
1
4
4
1
6
8
5
5
2
2
2
8
8
8
8
1
1
1
6
1
2
2
1
1
6
6
8
6
6
6
4
4
4
2
2
1
5
1
1
2
1
1
3
2
9
1
1
3
3
3
1
1
1
2
2
2
1
1
3
2
1
1
2
2
3
3
1
2
2
2
2
4
1
1
1
4
2
3
3
1
4
2
1
1
3
3
3
1
7
4
4
4
2
2
2
3
1
4
1
3
1
