coauthor;frequency
5;1
7;1
8;1
9;5
10;4
11;5
12;12
13;13
14;7
15;8
16;12
17;13
18;9
19;10
20;12
21;16
22;17
23;17
24;12
25;2
26;6
27;16
28;7
29;8
30;13
31;8
32;11
33;8
34;11
35;5
36;11
37;3
38;12
39;11
40;13
41;12
42;5
43;2
44;3
45;11
46;9
47;11
48;6
49;6
50;5
51;4
52;6
53;4
54;5
55;5
56;3
57;4
58;3
59;2
60;2
61;4
62;5
63;6
64;1
65;2
66;2
67;3
68;2
69;2
70;2
71;4
72;4
73;3
75;3
76;2
77;2
78;5
79;4
81;1
82;2
83;2
84;3
86;5
87;3
88;4
89;3
90;1
94;3
95;2
97;2
98;1
99;1
100;2
101;2
102;1
104;2
105;2
106;1
107;1
109;1
110;1
111;1
117;1
118;1
122;1
125;1
127;1
130;1
133;1
140;1
144;2
145;1
152;1
160;1
245;1
