57 4.1247422116674 0.200146092037984 33 5.5 6.66708332031332 R5
393 3.61073532948851 0.224609375 28 7.42857142857143 5.69729617217407 R5
27 3.31220944093269 0.0814848347668626 45 11.6190476190476 10.0781526579891 R5
2 3.24389696716966 0.610909090909091 33 7.29411764705882 7.92438311484655 R6
51 3.24209481451472 0.313148788927336 28 6.72 6.56365751696415 R6
73 3.16912230598191 0.20734693877551 31 10.3809523809524 6.5062328393347 R5
263 3.13049516849971 0.612654320987654 21 6.22222222222222 4.72058795249955 R6
137 3.00537040391954 0.519031141868512 23 7.07692307692308 5.29820780237617 R6
37 2.93469592826711 0.402366863905325 29 9 6.81501610008696 R6
147 2.91013134907421 0.692520775623269 10 3.81818181818182 2.12424026282689 R6
132 2.88004702155972 0.142011834319526 12 3.6 2.91661904723031 R5
656 2.73333333333333 0.165289256198347 20 6.33333333333333 5 R5
78 2.67133624418654 0.539944903581267 22 7.15789473684211 5.5560603033249 R6
13 2.63537436556233 0.462040816326531 25 7.22222222222222 6.74582632740469 R6
123 2.56109769026541 0.583175803402647 26 8.375 6.8818148042504 R6
506 2.55867592218864 0.0713305898491085 26 6.93333333333333 7.45177085590324 R5
170 2.54302824699937 0.18 18 6.5 4.52216762183801 R5
378 2.52357307257618 0.631111111111111 8 2.5 2.17944947177034 R6
98 2.33889474943657 0.416233090530697 23 7.22222222222222 6.74582632740469 R2
69 2.32797033673801 0.44 22 6.72 6.56365751696415 R2
95 2.32189535595594 0.4992 17 6.5 4.52216762183801 R2
15 2.23161582813175 0.0997229916897508 18 6.10526315789474 5.33010058996723 R2
16 2.23161582813175 0.0997229916897508 18 6.10526315789474 5.33010058996723 R2
335 2.21564683762799 0.291666666666667 10 4 2.70801280154532 R2
504 2.15608705331281 0.079861111111111 23 6.93333333333333 7.45177085590324 R2
259 2.13138530121267 0.3904 19 7.15789473684211 5.5560603033249 R2
68 2 0.408163265306122 5 3 1 R2
443 2 0.18 9 5 2 R2
206 1.98361053228744 0.17687074829932 19 9.14285714285714 4.96929346597888 R2
159 1.97496772440408 0.18 9 3.4 2.83548937575156 R2
39 1.95459830795347 0.152777777777778 11 5.14285714285714 2.99659670905757 R2
107 1.94028500029066 0.438271604938272 13 5 4.12310562561766 R2
184 1.92153784566105 0.79 8 4 2.08166599946613 R3
262 1.85946705497351 0.214532871972318 15 6.22222222222222 4.72058795249955 R2
88 1.75662013130736 0.337777777777778 12 6 3.41565025531987 R2
336 1.73333333333333 0.467120181405896 15 6.33333333333333 5 R2
70 1.71855401822021 0.253968253968254 18 6.72 6.56365751696415 R2
476 1.69967317119759 0.197530864197531 8 4.28571428571429 2.18529407725405 R2
190 1.65027399401407 0.56 6 3.71428571428571 1.38505138783324 R2
495 1.56892908110547 0.59375 4 2.4 1.01980390271856 R2
258 1.56892908110547 0.197530864197531 8 4.8 2.03960780543711 R2
250 1.56743509973401 0.311418685121107 14 6.66666666666667 4.6785562825394 R2
515 1.56315616270881 0.600591715976331 15 7.14285714285714 5.0264605959312 R2
224 1.53333333333333 0.711111111111111 14 6.33333333333333 5 R3
299 1.50447305395355 0.203703703703704 16 7.42857142857143 5.69729617217407 R2
58 1.4142135623731 0.64 2 1.33333333333333 0.471404520791032 R3
792 1.41421356237309 0.56 3 2 0.707106781186548 R2
203 1.41421356237309 0.32 4 3.33333333333333 0.471404520791033 R2
195 1.40312152004023 0.86576482830385 7 4 2.1380899352994 R4
72 1.3247370378354 0.493827160493827 19 10.3809523809524 6.5062328393347 R2
247 1.31234648049804 0.13265306122449 13 7.1578947368421 4.45164851658748 R2
366 1.29354722781088 0.438271604938272 13 6.10526315789474 5.33010058996723 R2
448 1.29354722781088 0.13265306122449 13 6.10526315789474 5.33010058996723 R2
43 1.28717449548155 0.461538461538462 9 5.14285714285714 2.99659670905757 R2
121 1.2533031250235 0.193905817174515 17 8.375 6.8818148042504 R2
53 1.23743686707646 0.54 6 3.66666666666667 1.88561808316413 R2
158 1.23743686707646 0.54 6 3.66666666666667 1.88561808316413 R2
32 1.22849422916191 0.0768 24 11.6190476190476 10.0781526579891 R2
654 1.22474487139159 0.277777777777778 5 4.4 0.489897948556634 R2
655 1.22474487139159 0.277777777777778 5 4.4 0.489897948556634 R2
192 1.20922936184449 0.355029585798817 10 5.6 3.63868107973205 R2
36 1.17387837130684 0.104938271604938 17 9 6.81501610008696 R2
169 1.16573331825036 0.48 7 3.6 2.91661904723031 R2
370 1.15342934136438 0.426592797783934 14 7.42857142857143 5.69729617217407 R2
342 1.15297628493352 0.290123456790123 15 7.22222222222222 6.74582632740469 R2
249 1.13995279980655 0.7232 12 6.66666666666667 4.6785562825394 R3
67 1.1180339887499 0.8125 6 4 1.78885438199983 R4
165 1.05148341526492 0.231111111111111 13 7.15789473684211 5.5560603033249 R2
634 1 0.5 4 3.5 0.5 R2
633 1 0.32 4 3.5 0.5 R2
207 0.996555277397015 0.110726643598616 16 11.7777777777778 4.23681688109724 R2
208 0.996555277397015 0.110726643598616 16 11.7777777777778 4.23681688109724 R2
148 0.995098009695405 0.357142857142857 11 6.5 4.52216762183801 R2
96 0.972426779632095 0.290123456790123 15 7.29411764705882 7.92438311484655 R2
200 0.972426779632095 0.504132231404959 15 7.29411764705882 7.92438311484655 R2
194 0.935414346693485 0.5 6 4 2.1380899352994 R2
285 0.898026510133875 0.5 4 2.75 1.39194109070751 R2
344 0.898026510133875 0.32 4 2.75 1.39194109070751 R2
12 0.880408778480133 0.64030612244898 15 9 6.81501610008696 R3
423 0.863640720798766 0.110726643598616 16 10.3809523809524 6.5062328393347 R2
167 0.82287057758849 0.652777777777778 6 3.6 2.91661904723031 R3
118 0.817371603276194 0.409972299168975 14 8.375 6.8818148042504 R2
135 0.802385628775224 0.375 12 7.42857142857143 5.69729617217407 R2
475 0.784464540552736 0.244897959183674 6 4.28571428571429 2.18529407725405 R2
478 0.784464540552736 0.244897959183674 6 4.28571428571429 2.18529407725405 R2
223 0.767367570784326 0.260355029585799 11 7.14285714285714 5.0264605959312 R2
234 0.738548945875996 0.58 6 4 2.70801280154532 R2
151 0.709941948453223 0.662222222222222 15 10.3809523809524 6.5062328393347 R3
9 0.707106781186554 0.53125 5 4.66666666666667 0.471404520791027 R2
10 0.707106781186554 0.53125 5 4.66666666666667 0.471404520791027 R2
534 0.707106781186548 0.375 3 2.66666666666667 0.471404520791032 R2
413 0.707106781186548 0.375 3 2.66666666666667 0.471404520791032 R2
414 0.707106781186548 0.375 3 2.66666666666667 0.471404520791032 R2
531 0.707106781186548 0.375 3 2.66666666666667 0.471404520791032 R2
49 0.707106781186547 0.5546875 8 7 1.4142135623731 R2
269 0.679927867434744 0.475308641975309 12 6.93333333333333 7.45177085590324 R2
277 0.672061096027093 0.6176 13 8.375 6.8818148042504 R2
50 0.65207546081405 0.603174603174603 11 6.72 6.56365751696415 R2
622 0.641447507238482 0.165289256198347 10 6.875 4.87179381747627 R2
191 0.624462674743957 0.395 15 11.2173913043478 6.0573815676063 R2
213 0.586939185653422 0.24 13 9 6.81501610008696 R2
142 0.58554004376912 0.197530864197531 8 6 3.41565025531987 R2
180 0.551710508932089 0.515555555555556 10 7.07692307692308 5.29820780237617 R2
784 0.547722557505166 0.76530612244898 6 5 1.82574185835055 R3
381 0.547722557505166 0.444444444444444 6 5 1.82574185835055 R2
752 0.533333333333333 0.18 9 6.33333333333333 5 R2
4 0.526750588777992 0.421875 12 8.375 6.8818148042504 R2
700 0.51153247229104 0.5390625 10 7.15789473684211 5.5560603033249 R2
442 0.5 0.244897959183674 6 5 2 R2
183 0.480384461415261 0.408163265306122 5 4 2.08166599946613 R2
561 0.467707173346743 0.277777777777778 5 4 2.1380899352994 R2
242 0.467655626845969 0.4296875 11 7.29411764705882 7.92438311484655 R2
246 0.413802944301184 0.416666666666667 9 7.1578947368421 4.45164851658748 R2
449 0.402544403762137 0.13265306122449 13 10.3809523809524 6.5062328393347 R2
188 0.37660092252628 0.622222222222222 8 6.22222222222222 4.72058795249955 R3
514 0.369473274822083 0.18 9 7.14285714285714 5.0264605959312 R2
273 0.341462838649438 0.5703125 10 7.29411764705882 7.92438311484655 R2
518 0.333333333333333 0.375 6 5.4 1.8 R2
92 0.331699336565135 0.197530864197531 8 6.5 4.52216762183801 R2
109 0.293469592826711 0.152777777777778 11 9 6.81501610008696 R2
108 0.293469592826711 0.152777777777778 11 9 6.81501610008696 R2
497 0.293469592826711 0.260355029585799 11 9 6.81501610008696 R2
71 0.248845631416594 0.616257088846881 12 10.3809523809524 6.5062328393347 R2
693 0.248845631416594 0.442906574394464 12 10.3809523809524 6.5062328393347 R2
548 0.206284249251759 0.32 4 3.71428571428571 1.38505138783324 R2
432 0.206284249251759 0.5 4 3.71428571428571 1.38505138783324 R2
549 0.206284249251759 0.32 4 3.71428571428571 1.38505138783324 R2
550 0.206284249251759 0.32 4 3.71428571428571 1.38505138783324 R2
341 0.195013221925697 0.473372781065089 8 6.72 6.56365751696415 R2
433 0.195013221925697 0.197530864197531 8 6.72 6.56365751696415 R2
91 0.195013221925697 0.6328125 8 6.72 6.56365751696415 R3
243 0.176776695296637 0.59375 4 3.66666666666667 1.88561808316413 R2
678 0.164762903605248 0.21875 7 6.22222222222222 4.72058795249955 R2
532 0.164762903605248 0.512396694214876 7 6.22222222222222 4.72058795249955 R2
679 0.164762903605248 0.21875 7 6.22222222222222 4.72058795249955 R2
676 0.164762903605248 0.512396694214876 7 6.22222222222222 4.72058795249955 R2
77 0.151565176975123 0.34 8 7.15789473684211 5.5560603033249 R2
24 0.151565176975123 0.513888888888889 8 7.15789473684211 5.5560603033249 R2
35 0.146734796413356 0.165289256198347 10 9 6.81501610008696 R2
681 0.146734796413356 0.165289256198347 10 9 6.81501610008696 R2
479 0.14314270893363 0.444444444444444 8 6.93333333333333 7.45177085590324 R2
808 0.115297628493352 0.32 8 7.22222222222222 6.74582632740469 R2
807 0.115297628493352 0.32 8 7.22222222222222 6.74582632740469 R2
833 0.0951468590710507 0.152777777777778 11 10.3809523809524 6.5062328393347 R2
745 0.0951468590710507 0.152777777777778 11 10.3809523809524 6.5062328393347 R2
25 0.0855920985021826 0.444444444444444 4 3.81818181818182 2.12424026282689 R2
396 0.0855920985021826 0.444444444444444 4 3.81818181818182 2.12424026282689 R2
130 0.0749953129394075 0.244897959183674 6 5.5 6.66708332031332 R2
138 0 0.64 2 2 0.816496580927726 R3
90 0 0.244897959183674 6 6 3.41565025531987 R2
179 0 0.375 3 3 1.22474487139159 R2
712 0 0.489795918367347 3 3 1 R2
420 -0.0145186976034761 0.653061224489796 7 7.07692307692308 5.29820780237617 R3
99 -0.0329421795695289 0.21875 7 7.22222222222222 6.74582632740469 R2
8 -0.0585519132744924 0.525951557093426 10 10.3809523809524 6.5062328393347 R2
397 -0.109694937333205 0.54 6 6.72 6.56365751696415 R2
351 -0.110566445521712 0.375 6 6.5 4.52216762183801 R2
323 -0.14106912317172 0.48 3 3.4 2.83548937575156 R2
556 -0.200976493021044 0.378698224852071 10 11.2173913043478 6.0573815676063 R2
82 -0.208402118340794 0.493827160493827 6 7.15789473684211 5.5560603033249 R2
128 -0.218870262065833 0.59375 4 4.57142857142857 2.61080955464244 R2
253 -0.218870262065833 0.32 4 4.57142857142857 2.61080955464244 R2
677 -0.258913134236818 0.277777777777778 5 6.22222222222222 4.72058795249955 R2
424 -0.258913134236818 0.592592592592593 5 6.22222222222222 4.72058795249955 R2
680 -0.258913134236818 0.277777777777778 5 6.22222222222222 4.72058795249955 R2
52 -0.262049016962656 0.53125 5 6.72 6.56365751696415 R2
859 -0.266666666666667 0.46875 5 6.33333333333333 5 R2
615 -0.266666666666667 0.408163265306122 5 6.33333333333333 5 R2
657 -0.266666666666667 0.277777777777778 5 6.33333333333333 5 R2
133 -0.266666666666667 0.816608996539792 5 6.33333333333333 5 R4
89 -0.29277002188456 0.277777777777778 5 6 3.41565025531987 R2
150 -0.331699336565135 0.53125 5 6.5 4.52216762183801 R2
119 -0.345112454716615 0.493827160493827 6 8.375 6.8818148042504 R2
261 -0.356235249939549 0.277777777777778 5 6.66666666666667 4.6785562825394 R2
31 -0.359098313139636 0.197530864197531 8 11.6190476190476 10.0781526579891 R2
813 -0.381385035698237 0.32 4 5.14285714285714 2.99659670905757 R2
815 -0.381385035698237 0.32 4 5.14285714285714 2.99659670905757 R2
474 -0.381385035698237 0.32 4 5.14285714285714 2.99659670905757 R2
149 -0.385164443259822 0.693877551020408 3 3.81818181818182 2.12424026282689 R3
528 -0.385164443259822 0.375 3 3.81818181818182 2.12424026282689 R2
294 -0.392004835293853 0.493827160493827 5 7.07692307692308 5.29820780237617 R2
873 -0.392004835293853 0.277777777777778 5 7.07692307692308 5.29820780237617 R2
368 -0.392232270276368 0.32 4 4.8 2.03960780543711 R2
187 -0.392232270276368 0.444444444444444 2 2.4 1.01980390271856 R2
220 -0.414403096592107 0.32 4 6.72 6.56365751696415 R2
129 -0.41569389052975 0.72 4 7.29411764705882 7.92438311484655 R3
134 -0.426267365286838 0.448979591836735 5 7.42857142857143 5.69729617217407 R2
617 -0.426315317102403 0.277777777777778 5 7.14285714285714 5.0264605959312 R2
275 -0.431219680932051 0.48 7 9.14285714285714 4.96929346597888 R2
641 -0.470751153157851 0.5 4 6.22222222222222 4.72058795249955 R2
775 -0.480384461415261 0.611111111111111 3 4 2.08166599946613 R2
79 -0.484740591895672 0.277777777777778 5 7.1578947368421 4.45164851658748 R2
568 -0.493741931101019 0.666666666666667 2 3.4 2.83548937575156 R3
790 -0.493741931101019 0.444444444444444 2 3.4 2.83548937575156 R2
291 -0.493741931101019 0.444444444444444 2 3.4 2.83548937575156 R2
571 -0.5 0.32 4 5 2 R2
669 -0.5 0.32 4 5 2 R2
570 -0.5 0.32 4 5 2 R2
189 -0.515710623129397 0.611111111111111 3 3.71428571428571 1.38505138783324 R2
193 -0.524967190575851 0.444444444444444 2 5.5 6.66708332031332 R2
640 -0.527838739192762 0.48 3 6.93333333333333 7.45177085590324 R2
906 -0.548580385058994 0.444444444444444 2 3.6 2.91661904723031 R2
500 -0.548580385058994 0.625 2 3.6 2.91661904723031 R3
131 -0.548580385058994 0.444444444444444 2 3.6 2.91661904723031 R2
905 -0.548580385058994 0.444444444444444 2 3.6 2.91661904723031 R2
499 -0.548580385058994 0.625 2 3.6 2.91661904723031 R3
221 -0.566757176221558 0.375 3 6.72 6.56365751696415 R2
894 -0.566757176221558 0.375 3 6.72 6.56365751696415 R2
421 -0.569976399903278 0.32 4 6.66666666666667 4.6785562825394 R2
248 -0.569976399903278 0.32 4 6.66666666666667 4.6785562825394 R2
688 -0.580747904139041 0.32 4 7.07692307692308 5.29820780237617 R2
34 -0.582589972830856 0.375 3 6.10526315789474 5.33010058996723 R2
776 -0.58554004376912 0.444444444444444 4 6 3.41565025531987 R2
477 -0.588348405414552 0.375 3 4.28571428571429 2.18529407725405 R2
429 -0.601789221581418 0.32 4 7.42857142857143 5.69729617217407 R2
371 -0.601789221581418 0.59375 4 7.42857142857143 5.69729617217407 R2
340 -0.625901411821053 0.375 3 7.22222222222222 6.74582632740469 R2
276 -0.635733469214818 0.32 4 8.375 6.8818148042504 R2
3 -0.635733469214818 0.666666666666667 4 8.375 6.8818148042504 R3
749 -0.662035028818041 0.444444444444444 2 6.93333333333333 7.45177085590324 R2
756 -0.666666666666667 0.375 3 6.33333333333333 5 R2
757 -0.666666666666667 0.375 3 6.33333333333333 5 R2
272 -0.668079466922813 0.5 2 7.29411764705882 7.92438311484655 R2
725 -0.688247201611685 0.75 1 2.5 2.17944947177034 R3
201 -0.707106781186545 0.375 3 3.33333333333333 0.471404520791033 R2
164 -0.707106781186548 0.5 1 1.33333333333333 0.471404520791032 R2
814 -0.715096941934195 0.375 3 5.14285714285714 2.99659670905757 R2
744 -0.719111255851009 0.444444444444444 2 6.72 6.56365751696415 R2
428 -0.719111255851009 0.444444444444444 2 6.72 6.56365751696415 R2
270 -0.74835306131467 0.611111111111111 3 7.15789473684211 5.5560603033249 R2
326 -0.77020369289503 0.444444444444444 2 6.10526315789474 5.33010058996723 R2
94 -0.773965118651981 0.375 3 6.5 4.52216762183801 R2
93 -0.773965118651981 0.375 3 6.5 4.52216762183801 R2
14 -0.774141219883934 0.5 2 7.22222222222222 6.74582632740469 R2
805 -0.777311077875998 0.375 3 7.42857142857143 5.69729617217407 R2
806 -0.777311077875998 0.375 3 7.42857142857143 5.69729617217407 R2
748 -0.777311077875998 0.56 3 7.42857142857143 5.69729617217407 R2
204 -0.781043976463919 0.78 3 8.375 6.8818148042504 R3
675 -0.816496580927729 0.32 4 4.4 0.489897948556634 R2
674 -0.816496580927729 0.32 4 4.4 0.489897948556634 R2
673 -0.816496580927729 0.32 4 4.4 0.489897948556634 R2
694 -0.824209613064646 0.375 3 7.14285714285714 5.0264605959312 R2
222 -0.824209613064646 0.666666666666667 3 7.14285714285714 5.0264605959312 R3
866 -0.827045775002208 0.277777777777778 5 10.3809523809524 6.5062328393347 R2
488 -0.866666666666666 0.444444444444444 2 6.33333333333333 5 R2
658 -0.866666666666666 0.5 2 6.33333333333333 5 R2
496 -0.880408778480133 0.611111111111111 3 9 6.81501610008696 R2
566 -0.891443125720865 0.5 1 3.6 2.91661904723031 R2
212 -0.894427190999916 0.72 2 6.22222222222222 4.72058795249955 R3
810 -0.922381027946815 0.5 1 7.22222222222222 6.74582632740469 R2
271 -0.928336708972629 0.444444444444444 2 7.15789473684211 5.5560603033249 R2
175 -0.9340123599941 0.375 3 7.1578947368421 4.45164851658748 R2
563 -0.935414346693485 0.444444444444444 2 4 2.1380899352994 R2
562 -0.935414346693485 0.444444444444444 2 4 2.1380899352994 R2
136 -0.952832934170578 0.444444444444444 2 7.42857142857143 5.69729617217407 R2
355 -0.958234041829418 0.64 2 7.07692307692308 5.29820780237617 R3
260 -0.960768922830523 0.5 2 4 2.08166599946613 R2
867 -0.960768922830523 0.444444444444444 2 4 2.08166599946613 R2
876 -0.970142500145332 0.5 1 5 4.12310562561766 R2
367 -0.970142500145332 0.5 1 5 4.12310562561766 R2
348 -0.98491617929625 0.5 2 4.57142857142857 2.61080955464244 R2
232 -1.02315676104577 0.625 2 7.14285714285714 5.0264605959312 R3
450 -1.06666666666667 0.5 1 6.33333333333333 5 R2
305 -1.12768097179136 0.591715976331361 7 11.7777777777778 4.23681688109724 R2
854 -1.13444331969329 0.375 3 10.3809523809524 6.5062328393347 R2
328 -1.13444331969329 0.48 3 10.3809523809524 6.5062328393347 R2
901 -1.22210390902689 0.5 1 7.14285714285714 5.0264605959312 R2
205 -1.23616308533855 0.56 3 9.14285714285714 4.96929346597888 R2
343 -1.25723711418742 0.666666666666667 1 2.75 1.39194109070751 R3
848 -1.32667752678383 0.5 1 3.81818181818182 2.12424026282689 R2
345 -1.35659132789204 0.48 3 11.2173913043478 6.0573815676063 R2
434 -1.37281294596729 0.444444444444444 2 4.8 2.03960780543711 R2
533 -1.41421356237309 0.444444444444444 2 2.66666666666667 0.471404520791032 R2
330 -1.41421356237309 0.444444444444444 2 2.66666666666667 0.471404520791032 R2
793 -1.41421356237309 0.666666666666667 1 2 0.707106781186548 R3
11 -1.41421356237311 0.444444444444444 4 4.66666666666667 0.471404520791027 R2
907 -2.19089023002066 0.5 1 5 1.82574185835055 R2
578 -2.30781222134046 0.444444444444444 2 11.7777777777778 4.23681688109724 R2
