57 4.1247422116674 0.200146092037984 33 5.5 6.66708332031332 R5
393 3.61073532948851 0.224609375 28 7.42857142857143 5.69729617217407 R5
319 3.54551556593287 0 18 5.75 3.45506874027131 R5
27 3.31220944093269 0.0814848347668626 45 11.6190476190476 10.0781526579891 R5
2 3.24389696716966 0.610909090909091 33 7.29411764705882 7.92438311484655 R6
51 3.24209481451472 0.313148788927336 28 6.72 6.56365751696415 R6
73 3.16912230598191 0.20734693877551 31 10.3809523809524 6.5062328393347 R5
263 3.13049516849971 0.612654320987654 21 6.22222222222222 4.72058795249955 R6
137 3.00537040391954 0.519031141868512 23 7.07692307692308 5.29820780237617 R6
37 2.93469592826711 0.402366863905325 29 9 6.81501610008696 R6
147 2.91013134907421 0.692520775623269 10 3.81818181818182 2.12424026282689 R6
132 2.88004702155972 0.142011834319526 12 3.6 2.91661904723031 R5
656 2.73333333333333 0.165289256198347 20 6.33333333333333 5 R5
78 2.67133624418654 0.539944903581267 22 7.15789473684211 5.5560603033249 R6
13 2.63537436556233 0.462040816326531 25 7.22222222222222 6.74582632740469 R6
123 2.56109769026541 0.583175803402647 26 8.375 6.8818148042504 R6
506 2.55867592218864 0.0713305898491085 26 6.93333333333333 7.45177085590324 R5
170 2.54302824699937 0.18 18 6.5 4.52216762183801 R5
378 2.52357307257618 0.631111111111111 8 2.5 2.17944947177034 R6
80 2.43552590074411 0 18 7.1578947368421 4.45164851658748 R1
98 2.33889474943657 0.416233090530697 23 7.22222222222222 6.74582632740469 R2
69 2.32797033673801 0.44 22 6.72 6.56365751696415 R2
95 2.32189535595594 0.4992 17 6.5 4.52216762183801 R2
15 2.23161582813175 0.0997229916897508 18 6.10526315789474 5.33010058996723 R2
16 2.23161582813175 0.0997229916897508 18 6.10526315789474 5.33010058996723 R2
335 2.21564683762799 0.291666666666667 10 4 2.70801280154532 R2
267 2.15999760665218 0 18 7.14285714285714 5.0264605959312 R1
504 2.15608705331281 0.079861111111111 23 6.93333333333333 7.45177085590324 R2
555 2.13808993529939 0 5 2.33333333333333 1.24721912892465 R1
259 2.13138530121267 0.3904 19 7.15789473684211 5.5560603033249 R2
68 2 0.408163265306122 5 3 1 R2
105 2 0 5 3 1 R1
443 2 0.18 9 5 2 R2
483 2 0 9 5.4 1.8 R1
325 1.98625413264568 0 16 7.1578947368421 4.45164851658748 R1
206 1.98361053228744 0.17687074829932 19 9.14285714285714 4.96929346597888 R2
160 1.97496772440408 0 9 3.4 2.83548937575156 R1
159 1.97496772440408 0.18 9 3.4 2.83548937575156 R2
39 1.95459830795347 0.152777777777778 11 5.14285714285714 2.99659670905757 R2
107 1.94028500029066 0.438271604938272 13 5 4.12310562561766 R2
184 1.92153784566105 0.79 8 4 2.08166599946613 R3
543 1.87302672113637 0 16 6.875 4.87179381747627 R1
262 1.85946705497351 0.214532871972318 15 6.22222222222222 4.72058795249955 R2
217 1.7588790717738 0 12 5.6 3.63868107973205 R1
88 1.75662013130736 0.337777777777778 12 6 3.41565025531987 R2
336 1.73333333333333 0.467120181405896 15 6.33333333333333 5 R2
18 1.72309958068257 0 14 7.45454545454545 3.79865134832294 R1
70 1.71855401822021 0.253968253968254 18 6.72 6.56365751696415 R2
476 1.69967317119759 0.197530864197531 8 4.28571428571429 2.18529407725405 R2
347 1.69624453101021 0 9 4.57142857142857 2.61080955464244 R1
542 1.66776351882005 0 15 6.875 4.87179381747627 R1
190 1.65027399401407 0.56 6 3.71428571428571 1.38505138783324 R2
764 1.61644771824097 0 5 2.75 1.39194109070751 R1
495 1.56892908110547 0.59375 4 2.4 1.01980390271856 R2
258 1.56892908110547 0.197530864197531 8 4.8 2.03960780543711 R2
250 1.56743509973401 0.311418685121107 14 6.66666666666667 4.6785562825394 R2
515 1.56315616270881 0.600591715976331 15 7.14285714285714 5.0264605959312 R2
224 1.53333333333333 0.711111111111111 14 6.33333333333333 5 R3
299 1.50447305395355 0.203703703703704 16 7.42857142857143 5.69729617217407 R2
469 1.45960089839952 0 6 3.66666666666667 1.59861050777091 R1
279 1.44819089137288 0 10 5.16666666666667 3.33749739908346 R1
282 1.44819089137288 0 10 5.16666666666667 3.33749739908346 R1
283 1.44819089137288 0 10 5.16666666666667 3.33749739908346 R1
58 1.4142135623731 0.64 2 1.33333333333333 0.471404520791032 R3
509 1.4142135623731 0 2 1.33333333333333 0.471404520791032 R1
116 1.4142135623731 0 2 1.33333333333333 0.471404520791032 R1
465 1.4142135623731 0 2 1.33333333333333 0.471404520791032 R1
668 1.4142135623731 0 2 1.33333333333333 0.471404520791032 R1
492 1.41421356237309 0 3 2 0.707106781186548 R1
384 1.41421356237309 0 2 1.33333333333333 0.471404520791032 R1
792 1.41421356237309 0.56 3 2 0.707106781186548 R2
252 1.41421356237309 0 5 4 0.707106781186548 R1
203 1.41421356237309 0.32 4 3.33333333333333 0.471404520791033 R2
195 1.40312152004023 0.86576482830385 7 4 2.1380899352994 R4
86 1.40113888820812 0 18 10 5.70964096944808 R1
72 1.3247370378354 0.493827160493827 19 10.3809523809524 6.5062328393347 R2
389 1.313221572395 0 8 4.57142857142857 2.61080955464244 R1
126 1.313221572395 0 8 4.57142857142857 2.61080955464244 R1
125 1.313221572395 0 8 4.57142857142857 2.61080955464244 R1
247 1.31234648049804 0.13265306122449 13 7.1578947368421 4.45164851658748 R2
366 1.29354722781088 0.438271604938272 13 6.10526315789474 5.33010058996723 R2
448 1.29354722781088 0.13265306122449 13 6.10526315789474 5.33010058996723 R2
43 1.28717449548155 0.461538461538462 9 5.14285714285714 2.99659670905757 R2
734 1.28481400895596 0 19 11.2173913043478 6.0573815676063 R1
732 1.28481400895596 0 19 11.2173913043478 6.0573815676063 R1
731 1.28481400895596 0 19 11.2173913043478 6.0573815676063 R1
733 1.28481400895596 0 19 11.2173913043478 6.0573815676063 R1
735 1.28481400895596 0 19 11.2173913043478 6.0573815676063 R1
624 1.25723711418742 0 13 6.875 4.87179381747627 R1
121 1.2533031250235 0.193905817174515 17 8.375 6.8818148042504 R2
53 1.23743686707646 0.54 6 3.66666666666667 1.88561808316413 R2
158 1.23743686707646 0.54 6 3.66666666666667 1.88561808316413 R2
32 1.22849422916191 0.0768 24 11.6190476190476 10.0781526579891 R2
613 1.22849422916191 0 24 11.6190476190476 10.0781526579891 R1
75 1.2259965271821 0 17 10 5.70964096944808 R1
654 1.22474487139159 0.277777777777778 5 4.4 0.489897948556634 R2
655 1.22474487139159 0.277777777777778 5 4.4 0.489897948556634 R2
387 1.22474487139159 0 3 2 0.816496580927726 R1
307 1.22474487139159 0 3 2 0.816496580927726 R1
524 1.22474487139159 0 3 2 0.816496580927726 R1
63 1.22474487139159 0 4 2.8 0.979795897113272 R1
192 1.20922936184449 0.355029585798817 10 5.6 3.63868107973205 R2
155 1.19207912135854 0 9 6 2.51661147842358 R1
36 1.17387837130684 0.104938271604938 17 9 6.81501610008696 R2
169 1.16573331825036 0.48 7 3.6 2.91661904723031 R2
370 1.15342934136438 0.426592797783934 14 7.42857142857143 5.69729617217407 R2
300 1.15342934136438 0 14 7.42857142857143 5.69729617217407 R1
342 1.15297628493352 0.290123456790123 15 7.22222222222222 6.74582632740469 R2
249 1.13995279980655 0.7232 12 6.66666666666667 4.6785562825394 R3
28 1.12926969526807 0 23 11.6190476190476 10.0781526579891 R1
697 1.11972617540296 0 18 11.2173913043478 6.0573815676063 R1
67 1.1180339887499 0.8125 6 4 1.78885438199983 R4
120 1.1079926177744 0 16 8.375 6.8818148042504 R1
463 1.10782341881399 0 7 4 2.70801280154532 R1
165 1.05148341526492 0.231111111111111 13 7.15789473684211 5.5560603033249 R2
163 1.04880884817015 0 10 6.33333333333333 3.4960294939005 R1
751 1.02899151085505 0 6 4 1.9436506316151 R1
766 1.02899151085505 0 6 4 1.9436506316151 R1
882 1.00564748338642 0 11 8.72727272727273 2.25996416266473 R1
881 1.00564748338642 0 11 8.72727272727273 2.25996416266473 R1
634 1 0.5 4 3.5 0.5 R2
633 1 0.32 4 3.5 0.5 R2
666 1 0 4 3 1 R1
664 1 0 4 3 1 R1
207 0.996555277397015 0.110726643598616 16 11.7777777777778 4.23681688109724 R2
208 0.996555277397015 0.110726643598616 16 11.7777777777778 4.23681688109724 R2
350 0.995098009695405 0 11 6.5 4.52216762183801 R1
148 0.995098009695405 0.357142857142857 11 6.5 4.52216762183801 R2
178 0.977907485069804 0 13 7.42857142857143 5.69729617217407 R1
96 0.972426779632095 0.290123456790123 15 7.29411764705882 7.92438311484655 R2
200 0.972426779632095 0.504132231404959 15 7.29411764705882 7.92438311484655 R2
314 0.970142500145332 0 9 5 4.12310562561766 R1
268 0.966314718765448 0 12 7.14285714285714 5.0264605959312 R1
695 0.954638341849957 0 17 11.2173913043478 6.0573815676063 R1
696 0.954638341849957 0 17 11.2173913043478 6.0573815676063 R1
40 0.953462589245593 0 8 5.14285714285714 2.99659670905757 R1
41 0.953462589245593 0 8 5.14285714285714 2.99659670905757 R1
38 0.953462589245593 0 8 5.14285714285714 2.99659670905757 R1
194 0.935414346693485 0.5 6 4 2.1380899352994 R2
295 0.929196646622466 0 12 7.07692307692308 5.29820780237617 R1
285 0.898026510133875 0.5 4 2.75 1.39194109070751 R2
344 0.898026510133875 0.32 4 2.75 1.39194109070751 R2
12 0.880408778480133 0.64030612244898 15 9 6.81501610008696 R3
423 0.863640720798766 0.110726643598616 16 10.3809523809524 6.5062328393347 R2
245 0.863074712399612 0 11 7.1578947368421 4.45164851658748 R1
468 0.834057656228299 0 5 3.66666666666667 1.59861050777091 R1
167 0.82287057758849 0.652777777777778 6 3.6 2.91661904723031 R3
118 0.817371603276194 0.409972299168975 14 8.375 6.8818148042504 R2
405 0.816496580927726 0 4 3 1.22474487139159 R1
406 0.816496580927726 0 4 3 1.22474487139159 R1
135 0.802385628775224 0.375 12 7.42857142857143 5.69729617217407 R2
475 0.784464540552736 0.244897959183674 6 4.28571428571429 2.18529407725405 R2
478 0.784464540552736 0.244897959183674 6 4.28571428571429 2.18529407725405 R2
223 0.767367570784326 0.260355029585799 11 7.14285714285714 5.0264605959312 R2
686 0.762770071396474 0 9 6.33333333333333 3.4960294939005 R1
234 0.738548945875996 0.58 6 4 2.70801280154532 R2
614 0.732371559692679 0 19 11.6190476190476 10.0781526579891 R1
151 0.709941948453223 0.662222222222222 15 10.3809523809524 6.5062328393347 R3
9 0.707106781186554 0.53125 5 4.66666666666667 0.471404520791027 R2
10 0.707106781186554 0.53125 5 4.66666666666667 0.471404520791027 R2
331 0.707106781186548 0 3 2.66666666666667 0.471404520791032 R1
824 0.707106781186548 0 3 2.66666666666667 0.471404520791032 R1
329 0.707106781186548 0 3 2.66666666666667 0.471404520791032 R1
534 0.707106781186548 0.375 3 2.66666666666667 0.471404520791032 R2
413 0.707106781186548 0.375 3 2.66666666666667 0.471404520791032 R2
414 0.707106781186548 0.375 3 2.66666666666667 0.471404520791032 R2
704 0.707106781186548 0 3 2.66666666666667 0.471404520791032 R1
705 0.707106781186548 0 3 2.66666666666667 0.471404520791032 R1
823 0.707106781186548 0 3 2.66666666666667 0.471404520791032 R1
531 0.707106781186548 0.375 3 2.66666666666667 0.471404520791032 R2
49 0.707106781186547 0.5546875 8 7 1.4142135623731 R2
113 0.707106781186547 0 8 7 1.4142135623731 R1
114 0.707106781186547 0 8 7 1.4142135623731 R1
115 0.707106781186547 0 8 7 1.4142135623731 R1
226 0.700569444104059 0 14 10 5.70964096944808 R1
227 0.700569444104059 0 14 10 5.70964096944808 R1
225 0.700569444104059 0 14 10 5.70964096944808 R1
269 0.679927867434744 0.475308641975309 12 6.93333333333333 7.45177085590324 R2
277 0.672061096027093 0.6176 13 8.375 6.8818148042504 R2
23 0.670094281376555 0 10 7.45454545454545 3.79865134832294 R1
21 0.670094281376555 0 10 7.45454545454545 3.79865134832294 R1
22 0.670094281376555 0 10 7.45454545454545 3.79865134832294 R1
20 0.670094281376555 0 10 7.45454545454545 3.79865134832294 R1
19 0.670094281376555 0 10 7.45454545454545 3.79865134832294 R1
265 0.659579651915175 0 8 5.6 3.63868107973205 R1
216 0.659579651915175 0 8 5.6 3.63868107973205 R1
50 0.65207546081405 0.603174603174603 11 6.72 6.56365751696415 R2
320 0.651217144763179 0 8 5.75 3.45506874027131 R1
622 0.641447507238482 0.165289256198347 10 6.875 4.87179381747627 R2
301 0.626863772480644 0 11 7.42857142857143 5.69729617217407 R1
191 0.624462674743957 0.395 15 11.2173913043478 6.0573815676063 R2
852 0.588348405414552 0 3 2.4 1.01980390271856 R1
256 0.588348405414552 0 6 4.8 2.03960780543711 R1
213 0.586939185653422 0.24 13 9 6.81501610008696 R2
142 0.58554004376912 0.197530864197531 8 6 3.41565025531987 R2
800 0.577350269189626 0 5 4.5 0.866025403784439 R1
801 0.577350269189626 0 5 4.5 0.866025403784439 R1
802 0.577350269189626 0 5 4.5 0.866025403784439 R1
637 0.559016994374948 0 5 4 1.78885438199983 R1
638 0.559016994374948 0 5 4 1.78885438199983 R1
180 0.551710508932089 0.515555555555556 10 7.07692307692308 5.29820780237617 R2
278 0.549313786382815 0 7 5.16666666666667 3.33749739908346 R1
281 0.549313786382815 0 7 5.16666666666667 3.33749739908346 R1
382 0.547722557505166 0 6 5 1.82574185835055 R1
784 0.547722557505166 0.76530612244898 6 5 1.82574185835055 R3
381 0.547722557505166 0.444444444444444 6 5 1.82574185835055 R2
383 0.547722557505166 0 6 5 1.82574185835055 R1
349 0.547175655164583 0 6 4.57142857142857 2.61080955464244 R1
752 0.533333333333333 0.18 9 6.33333333333333 5 R2
4 0.526750588777992 0.421875 12 8.375 6.8818148042504 R2
321 0.524967190575852 0 9 5.5 6.66708332031332 R1
767 0.514495755427527 0 5 4 1.9436506316151 R1
769 0.514495755427527 0 5 4 1.9436506316151 R1
768 0.514495755427527 0 5 4 1.9436506316151 R1
770 0.514495755427527 0 5 4 1.9436506316151 R1
700 0.51153247229104 0.5390625 10 7.15789473684211 5.5560603033249 R2
399 0.5 0 7 6.4 1.2 R1
400 0.5 0 7 6.4 1.2 R1
398 0.5 0 7 6.4 1.2 R1
401 0.5 0 7 6.4 1.2 R1
442 0.5 0.244897959183674 6 5 2 R2
106 0.485071250072666 0 7 5 4.12310562561766 R1
183 0.480384461415261 0.408163265306122 5 4 2.08166599946613 R2
380 0.480007836926619 0 5 3.6 2.91661904723031 R1
166 0.480007836926619 0 5 3.6 2.91661904723031 R1
101 0.476731294622796 0 8 6.33333333333333 3.4960294939005 R1
687 0.476731294622796 0 8 6.33333333333333 3.4960294939005 R1
561 0.467707173346743 0.277777777777778 5 4 2.1380899352994 R2
196 0.467707173346743 0 5 4 2.1380899352994 R1
241 0.467655626845969 0 11 7.29411764705882 7.92438311484655 R1
242 0.467655626845969 0.4296875 11 7.29411764705882 7.92438311484655 R2
619 0.436184304922168 0 9 6.875 4.87179381747627 R1
621 0.436184304922168 0 9 6.875 4.87179381747627 R1
246 0.413802944301184 0.416666666666667 9 7.1578947368421 4.45164851658748 R2
449 0.402544403762137 0.13265306122449 13 10.3809523809524 6.5062328393347 R2
153 0.397359707119513 0 7 6 2.51661147842358 R1
152 0.397359707119513 0 7 6 2.51661147842358 R1
154 0.397359707119513 0 7 6 2.51661147842358 R1
188 0.37660092252628 0.622222222222222 8 6.22222222222222 4.72058795249955 R3
426 0.373723723474445 0 11 9.14285714285714 4.96929346597888 R1
425 0.373723723474445 0 11 9.14285714285714 4.96929346597888 R1
514 0.369473274822083 0.18 9 7.14285714285714 5.0264605959312 R2
451 0.369274472937998 0 5 4 2.70801280154532 R1
452 0.369274472937998 0 5 4 2.70801280154532 R1
648 0.369274472937998 0 5 4 2.70801280154532 R1
527 0.355478627490014 0 8 6.10526315789474 5.33010058996723 R1
273 0.341462838649438 0.5703125 10 7.29411764705882 7.92438311484655 R2
754 0.333333333333333 0 8 6.33333333333333 5 R1
517 0.333333333333333 0 6 5.4 1.8 R1
519 0.333333333333333 0 6 5.4 1.8 R1
520 0.333333333333333 0 6 5.4 1.8 R1
521 0.333333333333333 0 6 5.4 1.8 R1
518 0.333333333333333 0.375 6 5.4 1.8 R2
522 0.333333333333333 0 6 5.4 1.8 R1
92 0.331699336565135 0.197530864197531 8 6.5 4.52216762183801 R2
727 0.331548824633082 0 9 7.15789473684211 5.5560603033249 R1
109 0.293469592826711 0.152777777777778 11 9 6.81501610008696 R2
108 0.293469592826711 0.152777777777778 11 9 6.81501610008696 R2
497 0.293469592826711 0.260355029585799 11 9 6.81501610008696 R2
594 0.288476527667557 0 13 11.7777777777778 4.23681688109724 R1
595 0.288476527667557 0 13 11.7777777777778 4.23681688109724 R1
593 0.288476527667557 0 13 11.7777777777778 4.23681688109724 R1
596 0.288476527667557 0 13 11.7777777777778 4.23681688109724 R1
592 0.288476527667557 0 13 11.7777777777778 4.23681688109724 R1
391 0.275820059891483 0 9 7.42857142857143 5.69729617217407 R1
392 0.275820059891483 0 9 7.42857142857143 5.69729617217407 R1
394 0.275820059891483 0 9 7.42857142857143 5.69729617217407 R1
395 0.275820059891483 0 9 7.42857142857143 5.69729617217407 R1
71 0.248845631416594 0.616257088846881 12 10.3809523809524 6.5062328393347 R2
693 0.248845631416594 0.442906574394464 12 10.3809523809524 6.5062328393347 R2
620 0.230921102605853 0 8 6.875 4.87179381747627 R1
623 0.230921102605853 0 8 6.875 4.87179381747627 R1
625 0.230921102605853 0 8 6.875 4.87179381747627 R1
377 0.229415733870562 0 3 2.5 2.17944947177034 R1
254 0.224985938818222 0 7 5.5 6.66708332031332 R1
56 0.224985938818222 0 7 5.5 6.66708332031332 R1
304 0.208514414057075 0 4 3.66666666666667 1.59861050777091 R1
548 0.206284249251759 0.32 4 3.71428571428571 1.38505138783324 R2
432 0.206284249251759 0.5 4 3.71428571428571 1.38505138783324 R2
549 0.206284249251759 0.32 4 3.71428571428571 1.38505138783324 R2
550 0.206284249251759 0.32 4 3.71428571428571 1.38505138783324 R2
62 0.204124145231932 0 3 2.8 0.979795897113272 R1
61 0.204124145231932 0 3 2.8 0.979795897113272 R1
60 0.204124145231932 0 3 2.8 0.979795897113272 R1
341 0.195013221925697 0.473372781065089 8 6.72 6.56365751696415 R2
433 0.195013221925697 0.197530864197531 8 6.72 6.56365751696415 R2
91 0.195013221925697 0.6328125 8 6.72 6.56365751696415 R3
244 0.18916706025197 0 8 7.1578947368421 4.45164851658748 R1
174 0.18916706025197 0 8 7.1578947368421 4.45164851658748 R1
741 0.18916706025197 0 8 7.1578947368421 4.45164851658748 R1
173 0.18916706025197 0 8 7.1578947368421 4.45164851658748 R1
843 0.179605302026775 0 3 2.75 1.39194109070751 R1
243 0.176776695296637 0.59375 4 3.66666666666667 1.88561808316413 R2
516 0.170526126840961 0 8 7.14285714285714 5.0264605959312 R1
607 0.16786490742584 0 7 6.10526315789474 5.33010058996723 R1
678 0.164762903605248 0.21875 7 6.22222222222222 4.72058795249955 R2
532 0.164762903605248 0.512396694214876 7 6.22222222222222 4.72058795249955 R2
679 0.164762903605248 0.21875 7 6.22222222222222 4.72058795249955 R2
676 0.164762903605248 0.512396694214876 7 6.22222222222222 4.72058795249955 R2
77 0.151565176975123 0.34 8 7.15789473684211 5.5560603033249 R2
24 0.151565176975123 0.513888888888889 8 7.15789473684211 5.5560603033249 R2
726 0.151565176975123 0 8 7.15789473684211 5.5560603033249 R1
835 0.146734796413356 0 10 9 6.81501610008696 R1
35 0.146734796413356 0.165289256198347 10 9 6.81501610008696 R2
681 0.146734796413356 0.165289256198347 10 9 6.81501610008696 R2
479 0.14314270893363 0.444444444444444 8 6.93333333333333 7.45177085590324 R2
168 0.137145096264748 0 4 3.6 2.91661904723031 R1
889 0.120677698006369 0 9 8.72727272727273 2.25996416266473 R1
888 0.120677698006369 0 9 8.72727272727273 2.25996416266473 R1
887 0.120677698006369 0 9 8.72727272727273 2.25996416266473 R1
886 0.120677698006369 0 9 8.72727272727273 2.25996416266473 R1
890 0.120677698006369 0 9 8.72727272727273 2.25996416266473 R1
885 0.120677698006369 0 9 8.72727272727273 2.25996416266473 R1
884 0.120677698006369 0 9 8.72727272727273 2.25996416266473 R1
883 0.120677698006369 0 9 8.72727272727273 2.25996416266473 R1
808 0.115297628493352 0.32 8 7.22222222222222 6.74582632740469 R2
807 0.115297628493352 0.32 8 7.22222222222222 6.74582632740469 R2
581 0.110566445521712 0 7 6.5 4.52216762183801 R1
266 0.109929941985862 0 6 5.6 3.63868107973205 R1
833 0.0951468590710507 0.152777777777778 11 10.3809523809524 6.5062328393347 R2
745 0.0951468590710507 0.152777777777778 11 10.3809523809524 6.5062328393347 R2
74 0.0951468590710507 0 11 10.3809523809524 6.5062328393347 R1
412 0.0855920985021826 0 4 3.81818181818182 2.12424026282689 R1
25 0.0855920985021826 0.444444444444444 4 3.81818181818182 2.12424026282689 R2
411 0.0855920985021826 0 4 3.81818181818182 2.12424026282689 R1
396 0.0855920985021826 0.444444444444444 4 3.81818181818182 2.12424026282689 R2
197 0.0749953129394075 0 6 5.5 6.66708332031332 R1
255 0.0749953129394075 0 6 5.5 6.66708332031332 R1
130 0.0749953129394075 0.244897959183674 6 5.5 6.66708332031332 R2
358 0.0723574605292422 0 6 5.75 3.45506874027131 R1
359 0.0723574605292422 0 6 5.75 3.45506874027131 R1
360 0.0723574605292422 0 6 5.75 3.45506874027131 R1
357 0.0723574605292422 0 6 5.75 3.45506874027131 R1
318 0.0723574605292422 0 6 5.75 3.45506874027131 R1
356 0.0723574605292422 0 6 5.75 3.45506874027131 R1
722 0.0377998224357512 0 12 11.6190476190476 10.0781526579891 R1
505 0.00894641930835175 0 7 6.93333333333333 7.45177085590324 R1
783 0 0 5 5 1.82574185835055 R1
388 0 0 2 2 0.816496580927726 R1
324 0 0 4 4 0.707106781186548 R1
493 0 0 2 2 0.707106781186548 R1
138 0 0.64 2 2 0.816496580927726 R3
251 0 0 4 4 0.707106781186548 R1
90 0 0.244897959183674 6 6 3.41565025531987 R2
102 0 0 3 3 1 R1
811 0 0 5 5 4.12310562561766 R1
104 0 0 3 3 1 R1
103 0 0 3 3 1 R1
871 0 0 2 2 0.707106781186548 R1
870 0 0 2 2 0.707106781186548 R1
714 0 0 3 3 1 R1
179 0 0.375 3 3 1.22474487139159 R2
713 0 0 3 3 1 R1
712 0 0.489795918367347 3 3 1 R2
306 0 0 2 2 0.816496580927726 R1
491 0 0 2 2 0.707106781186548 R1
185 0 0 4 4 2.08166599946613 R1
292 -0.0145186976034761 0 7 7.07692307692308 5.29820780237617 R1
420 -0.0145186976034761 0.653061224489796 7 7.07692307692308 5.29820780237617 R3
692 -0.0197488126383342 0 6 6.10526315789474 5.33010058996723 R1
608 -0.0197488126383342 0 6 6.10526315789474 5.33010058996723 R1
427 -0.0287479787288033 0 9 9.14285714285714 4.96929346597888 R1
99 -0.0329421795695289 0.21875 7 7.22222222222222 6.74582632740469 R2
55 -0.0329421795695289 0 7 7.22222222222222 6.74582632740469 R1
597 -0.0470751153157851 0 6 6.22222222222222 4.72058795249955 R1
42 -0.0476731294622798 0 5 5.14285714285714 2.99659670905757 R1
280 -0.0499376169438923 0 5 5.16666666666667 3.33749739908346 R1
737 -0.0585519132744924 0 10 10.3809523809524 6.5062328393347 R1
8 -0.0585519132744924 0.525951557093426 10 10.3809523809524 6.5062328393347 R2
489 -0.0585519132744924 0 10 10.3809523809524 6.5062328393347 R1
753 -0.0666666666666666 0 6 6.33333333333333 5 R1
447 -0.0749953129394072 0 5 5.5 6.66708332031332 R1
513 -0.0752236526976771 0 7 7.42857142857143 5.69729617217407 R1
798 -0.109694937333205 0 6 6.72 6.56365751696415 R1
796 -0.109694937333205 0 6 6.72 6.56365751696415 R1
797 -0.109694937333205 0 6 6.72 6.56365751696415 R1
317 -0.109694937333205 0 6 6.72 6.56365751696415 R1
397 -0.109694937333205 0.54 6 6.72 6.56365751696415 R2
799 -0.109694937333205 0 6 6.72 6.56365751696415 R1
351 -0.110566445521712 0.375 6 6.5 4.52216762183801 R2
582 -0.110566445521712 0 6 6.5 4.52216762183801 R1
583 -0.110566445521712 0 6 6.5 4.52216762183801 R1
584 -0.110566445521712 0 6 6.5 4.52216762183801 R1
585 -0.110566445521712 0 6 6.5 4.52216762183801 R1
323 -0.14106912317172 0.48 3 3.4 2.83548937575156 R2
574 -0.160649245351942 0 10 11.6190476190476 10.0781526579891 R1
375 -0.160649245351942 0 10 11.6190476190476 10.0781526579891 R1
374 -0.160649245351942 0 10 11.6190476190476 10.0781526579891 R1
612 -0.160649245351942 0 10 11.6190476190476 10.0781526579891 R1
728 -0.200976493021044 0 10 11.2173913043478 6.0573815676063 R1
556 -0.200976493021044 0.378698224852071 10 11.2173913043478 6.0573815676063 R2
730 -0.200976493021044 0 10 11.2173913043478 6.0573815676063 R1
729 -0.200976493021044 0 10 11.2173913043478 6.0573815676063 R1
653 -0.208402118340794 0 6 7.15789473684211 5.5560603033249 R1
82 -0.208402118340794 0.493827160493827 6 7.15789473684211 5.5560603033249 R2
650 -0.208402118340794 0 6 7.15789473684211 5.5560603033249 R1
422 -0.212250685620035 0 9 10.3809523809524 6.5062328393347 R1
124 -0.218870262065833 0 4 4.57142857142857 2.61080955464244 R1
128 -0.218870262065833 0.59375 4 4.57142857142857 2.61080955464244 R2
253 -0.218870262065833 0.32 4 4.57142857142857 2.61080955464244 R2
685 -0.224985938818222 0 4 5.5 6.66708332031332 R1
626 -0.224985938818222 0 4 5.5 6.66708332031332 R1
821 -0.224985938818222 0 4 5.5 6.66708332031332 R1
379 -0.227368169121282 0 6 7.14285714285714 5.0264605959312 R1
743 -0.229415733870562 0 2 2.5 2.17944947177034 R1
723 -0.229415733870562 0 2 2.5 2.17944947177034 R1
724 -0.229415733870562 0 2 2.5 2.17944947177034 R1
677 -0.258913134236818 0.277777777777778 5 6.22222222222222 4.72058795249955 R2
264 -0.258913134236818 0 5 6.22222222222222 4.72058795249955 R1
424 -0.258913134236818 0.592592592592593 5 6.22222222222222 4.72058795249955 R2
680 -0.258913134236818 0.277777777777778 5 6.22222222222222 4.72058795249955 R2
507 -0.259446159942205 0 5 6.93333333333333 7.45177085590324 R1
376 -0.259873779245789 0 9 11.6190476190476 10.0781526579891 R1
52 -0.262049016962656 0.53125 5 6.72 6.56365751696415 R2
859 -0.266666666666667 0.46875 5 6.33333333333333 5 R2
860 -0.266666666666667 0 5 6.33333333333333 5 R1
615 -0.266666666666667 0.408163265306122 5 6.33333333333333 5 R2
657 -0.266666666666667 0.277777777777778 5 6.33333333333333 5 R2
133 -0.266666666666667 0.816608996539792 5 6.33333333333333 5 R4
565 -0.267261241912424 0 2 2.33333333333333 1.24721912892465 R1
553 -0.267261241912424 0 2 2.33333333333333 1.24721912892465 R1
554 -0.267261241912424 0 2 2.33333333333333 1.24721912892465 R1
564 -0.267261241912424 0 2 2.33333333333333 1.24721912892465 R1
339 -0.289501102333219 0 5 7.29411764705882 7.92438311484655 R1
89 -0.29277002188456 0.277777777777778 5 6 3.41565025531987 R2
110 -0.329421795695291 0 5 7.22222222222222 6.74582632740469 R1
361 -0.329421795695291 0 5 7.22222222222222 6.74582632740469 R1
313 -0.329421795695291 0 5 7.22222222222222 6.74582632740469 R1
54 -0.329421795695291 0 5 7.22222222222222 6.74582632740469 R1
111 -0.329421795695291 0 5 7.22222222222222 6.74582632740469 R1
352 -0.331699336565135 0 5 6.5 4.52216762183801 R1
353 -0.331699336565135 0 5 6.5 4.52216762183801 R1
150 -0.331699336565135 0.53125 5 6.5 4.52216762183801 R2
119 -0.345112454716615 0.493827160493827 6 8.375 6.8818148042504 R2
76 -0.350284722052029 0 8 10 5.70964096944808 R1
535 -0.353553390593273 0 3 3.66666666666667 1.88561808316413 R1
261 -0.356235249939549 0.277777777777778 5 6.66666666666667 4.6785562825394 R2
31 -0.359098313139636 0.197530864197531 8 11.6190476190476 10.0781526579891 R2
736 -0.365949457965579 0 8 10.3809523809524 6.5062328393347 R1
856 -0.366064326574044 0 9 11.2173913043478 6.0573815676063 R1
855 -0.366064326574044 0 9 11.2173913043478 6.0573815676063 R1
857 -0.366064326574044 0 9 11.2173913043478 6.0573815676063 R1
647 -0.369274472937998 0 3 4 2.70801280154532 R1
444 -0.374976564697037 0 3 5.5 6.66708332031332 R1
445 -0.374976564697037 0 3 5.5 6.66708332031332 R1
198 -0.374976564697037 0 3 5.5 6.66708332031332 R1
813 -0.381385035698237 0.32 4 5.14285714285714 2.99659670905757 R2
815 -0.381385035698237 0.32 4 5.14285714285714 2.99659670905757 R2
474 -0.381385035698237 0.32 4 5.14285714285714 2.99659670905757 R2
211 -0.385164443259822 0 3 3.81818181818182 2.12424026282689 R1
209 -0.385164443259822 0 3 3.81818181818182 2.12424026282689 R1
149 -0.385164443259822 0.693877551020408 3 3.81818181818182 2.12424026282689 R3
210 -0.385164443259822 0 3 3.81818181818182 2.12424026282689 R1
528 -0.385164443259822 0.375 3 3.81818181818182 2.12424026282689 R2
296 -0.392004835293853 0 5 7.07692307692308 5.29820780237617 R1
294 -0.392004835293853 0.493827160493827 5 7.07692307692308 5.29820780237617 R2
293 -0.392004835293853 0 5 7.07692307692308 5.29820780237617 R1
873 -0.392004835293853 0.277777777777778 5 7.07692307692308 5.29820780237617 R2
257 -0.392232270276368 0 4 4.8 2.03960780543711 R1
368 -0.392232270276368 0.32 4 4.8 2.03960780543711 R2
853 -0.392232270276368 0 2 2.4 1.01980390271856 R1
187 -0.392232270276368 0.444444444444444 2 2.4 1.01980390271856 R2
701 -0.393642449567484 0 4 6.93333333333333 7.45177085590324 R1
702 -0.393642449567484 0 4 6.93333333333333 7.45177085590324 R1
410 -0.394976252766682 0 4 6.10526315789474 5.33010058996723 R1
17 -0.394976252766682 0 4 6.10526315789474 5.33010058996723 R1
707 -0.397359707119513 0 5 6 2.51661147842358 R1
220 -0.414403096592107 0.32 4 6.72 6.56365751696415 R2
129 -0.41569389052975 0.72 4 7.29411764705882 7.92438311484655 R3
199 -0.41569389052975 0 4 7.29411764705882 7.92438311484655 R1
786 -0.417028828114149 0 3 3.66666666666667 1.59861050777091 R1
470 -0.417028828114149 0 3 3.66666666666667 1.59861050777091 R1
512 -0.426267365286838 0 5 7.42857142857143 5.69729617217407 R1
134 -0.426267365286838 0.448979591836735 5 7.42857142857143 5.69729617217407 R2
617 -0.426315317102403 0.277777777777778 5 7.14285714285714 5.0264605959312 R2
275 -0.431219680932051 0.48 7 9.14285714285714 4.96929346597888 R2
218 -0.43971976794345 0 4 5.6 3.63868107973205 R1
219 -0.43971976794345 0 4 5.6 3.63868107973205 R1
841 -0.440204389240067 0 6 9 6.81501610008696 R1
29 -0.458322847033483 0 7 11.6190476190476 10.0781526579891 R1
552 -0.458322847033483 0 7 11.6190476190476 10.0781526579891 R1
30 -0.458322847033483 0 7 11.6190476190476 10.0781526579891 R1
641 -0.470751153157851 0.5 4 6.22222222222222 4.72058795249955 R2
775 -0.480384461415261 0.611111111111111 3 4 2.08166599946613 R2
79 -0.484740591895672 0.277777777777778 5 7.1578947368421 4.45164851658748 R2
315 -0.485071250072666 0 3 5 4.12310562561766 R1
5 -0.490422961965717 0 5 8.375 6.8818148042504 R1
122 -0.490422961965717 0 5 8.375 6.8818148042504 R1
567 -0.493741931101019 0 2 3.4 2.83548937575156 R1
568 -0.493741931101019 0.666666666666667 2 3.4 2.83548937575156 R3
161 -0.493741931101019 0 2 3.4 2.83548937575156 R1
790 -0.493741931101019 0.444444444444444 2 3.4 2.83548937575156 R2
291 -0.493741931101019 0.444444444444444 2 3.4 2.83548937575156 R2
181 -0.493741931101019 0 2 3.4 2.83548937575156 R1
571 -0.5 0.32 4 5 2 R2
669 -0.5 0.32 4 5 2 R2
570 -0.5 0.32 4 5 2 R2
716 -0.506502223704695 0 4 5.75 3.45506874027131 R1
718 -0.506502223704695 0 4 5.75 3.45506874027131 R1
672 -0.506502223704695 0 4 5.75 3.45506874027131 R1
717 -0.506502223704695 0 4 5.75 3.45506874027131 R1
671 -0.506502223704695 0 4 5.75 3.45506874027131 R1
719 -0.506502223704695 0 4 5.75 3.45506874027131 R1
670 -0.506502223704695 0 4 5.75 3.45506874027131 R1
189 -0.515710623129397 0.611111111111111 3 3.71428571428571 1.38505138783324 R2
193 -0.524967190575851 0.444444444444444 2 5.5 6.66708332031332 R2
446 -0.524967190575851 0 2 5.5 6.66708332031332 R1
794 -0.524967190575851 0 2 5.5 6.66708332031332 R1
618 -0.524967190575851 0 2 5.5 6.66708332031332 R1
872 -0.527838739192762 0 3 6.93333333333333 7.45177085590324 R1
640 -0.527838739192762 0.48 3 6.93333333333333 7.45177085590324 R2
699 -0.531152160127044 0 8 11.2173913043478 6.0573815676063 R1
698 -0.531152160127044 0 8 11.2173913043478 6.0573815676063 R1
765 -0.538815906080325 0 2 2.75 1.39194109070751 R1
763 -0.538815906080325 0 2 2.75 1.39194109070751 R1
635 -0.541886678726282 0 3 7.29411764705882 7.92438311484655 R1
906 -0.548580385058994 0.444444444444444 2 3.6 2.91661904723031 R2
500 -0.548580385058994 0.625 2 3.6 2.91661904723031 R3
858 -0.548580385058994 0 2 3.6 2.91661904723031 R1
131 -0.548580385058994 0.444444444444444 2 3.6 2.91661904723031 R2
905 -0.548580385058994 0.444444444444444 2 3.6 2.91661904723031 R2
499 -0.548580385058994 0.625 2 3.6 2.91661904723031 R3
636 -0.559016994374948 0 3 4 1.78885438199983 R1
221 -0.566757176221558 0.375 3 6.72 6.56365751696415 R2
894 -0.566757176221558 0.375 3 6.72 6.56365751696415 R2
652 -0.568369413656711 0 4 7.15789473684211 5.5560603033249 R1
651 -0.568369413656711 0 4 7.15789473684211 5.5560603033249 R1
421 -0.569976399903278 0.32 4 6.66666666666667 4.6785562825394 R2
248 -0.569976399903278 0.32 4 6.66666666666667 4.6785562825394 R2
334 -0.580747904139041 0 4 7.07692307692308 5.29820780237617 R1
688 -0.580747904139041 0.32 4 7.07692307692308 5.29820780237617 R2
33 -0.582589972830856 0 3 6.10526315789474 5.33010058996723 R1
34 -0.582589972830856 0.375 3 6.10526315789474 5.33010058996723 R2
408 -0.582589972830856 0 3 6.10526315789474 5.33010058996723 R1
776 -0.58554004376912 0.444444444444444 4 6 3.41565025531987 R2
904 -0.586939185653422 0 5 9 6.81501610008696 R1
836 -0.586939185653422 0 5 9 6.81501610008696 R1
477 -0.588348405414552 0.375 3 4.28571428571429 2.18529407725405 R2
878 -0.588348405414552 0 3 4.28571428571429 2.18529407725405 R1
789 -0.601789221581418 0 4 7.42857142857143 5.69729617217407 R1
177 -0.601789221581418 0 4 7.42857142857143 5.69729617217407 R1
787 -0.601789221581418 0 4 7.42857142857143 5.69729617217407 R1
176 -0.601789221581418 0 4 7.42857142857143 5.69729617217407 R1
788 -0.601789221581418 0 4 7.42857142857143 5.69729617217407 R1
429 -0.601789221581418 0.32 4 7.42857142857143 5.69729617217407 R2
371 -0.601789221581418 0.59375 4 7.42857142857143 5.69729617217407 R2
610 -0.601893220681042 0 3 4.57142857142857 2.61080955464244 R1
611 -0.601893220681042 0 3 4.57142857142857 2.61080955464244 R1
616 -0.625262465083525 0 4 7.14285714285714 5.0264605959312 R1
340 -0.625901411821053 0.375 3 7.22222222222222 6.74582632740469 R2
139 -0.625901411821053 0 3 7.22222222222222 6.74582632740469 R1
276 -0.635733469214818 0.32 4 8.375 6.8818148042504 R2
3 -0.635733469214818 0.666666666666667 4 8.375 6.8818148042504 R3
240 -0.646162342755963 0 5 7.45454545454545 3.79865134832294 R1
486 -0.649189020270599 0 3 5.16666666666667 3.33749739908346 R1
838 -0.649189020270599 0 3 5.16666666666667 3.33749739908346 R1
762 -0.662035028818041 0 2 6.93333333333333 7.45177085590324 R1
795 -0.662035028818041 0 2 6.93333333333333 7.45177085590324 R1
761 -0.662035028818041 0 2 6.93333333333333 7.45177085590324 R1
749 -0.662035028818041 0.444444444444444 2 6.93333333333333 7.45177085590324 R2
756 -0.666666666666667 0.375 3 6.33333333333333 5 R2
757 -0.666666666666667 0.375 3 6.33333333333333 5 R2
863 -0.666666666666667 0 3 6.33333333333333 5 R1
864 -0.666666666666667 0 3 6.33333333333333 5 R1
437 -0.668079466922813 0 2 7.29411764705882 7.92438311484655 R1
272 -0.668079466922813 0.5 2 7.29411764705882 7.92438311484655 R2
629 -0.668079466922813 0 2 7.29411764705882 7.92438311484655 R1
274 -0.668079466922813 0 2 7.29411764705882 7.92438311484655 R1
830 -0.668079466922813 0 2 7.29411764705882 7.92438311484655 R1
831 -0.668079466922813 0 2 7.29411764705882 7.92438311484655 R1
834 -0.673347002656665 0 6 10.3809523809524 6.5062328393347 R1
877 -0.674957816454666 0 1 5.5 6.66708332031332 R1
812 -0.674957816454666 0 1 5.5 6.66708332031332 R1
725 -0.688247201611685 0.75 1 2.5 2.17944947177034 R3
847 -0.688247201611685 0 1 2.5 2.17944947177034 R1
711 -0.688247201611685 0 1 2.5 2.17944947177034 R1
202 -0.707106781186545 0 3 3.33333333333333 0.471404520791033 R1
201 -0.707106781186545 0.375 3 3.33333333333333 0.471404520791033 R2
661 -0.707106781186547 0 1 1.33333333333333 0.471404520791032 R1
385 -0.707106781186547 0 1 1.33333333333333 0.471404520791032 R1
715 -0.707106781186548 0 1 1.33333333333333 0.471404520791032 R1
874 -0.707106781186548 0 1 1.33333333333333 0.471404520791032 R1
510 -0.707106781186548 0 1 1.33333333333333 0.471404520791032 R1
302 -0.707106781186548 0 1 1.33333333333333 0.471404520791032 R1
464 -0.707106781186548 0 1 1.33333333333333 0.471404520791032 R1
667 -0.707106781186548 0 1 1.33333333333333 0.471404520791032 R1
771 -0.707106781186548 0 1 1.33333333333333 0.471404520791032 R1
117 -0.707106781186548 0 1 1.33333333333333 0.471404520791032 R1
59 -0.707106781186548 0 1 1.33333333333333 0.471404520791032 R1
164 -0.707106781186548 0.5 1 1.33333333333333 0.471404520791032 R2
742 -0.709376475944886 0 4 7.1578947368421 4.45164851658748 R1
825 -0.709376475944886 0 4 7.1578947368421 4.45164851658748 R1
739 -0.709376475944886 0 4 7.1578947368421 4.45164851658748 R1
826 -0.709376475944886 0 4 7.1578947368421 4.45164851658748 R1
740 -0.709376475944886 0 4 7.1578947368421 4.45164851658748 R1
81 -0.709376475944886 0 4 7.1578947368421 4.45164851658748 R1
814 -0.715096941934195 0.375 3 5.14285714285714 2.99659670905757 R2
839 -0.715096941934195 0 3 5.14285714285714 2.99659670905757 R1
840 -0.715096941934195 0 3 5.14285714285714 2.99659670905757 R1
364 -0.719111255851009 0 2 6.72 6.56365751696415 R1
744 -0.719111255851009 0.444444444444444 2 6.72 6.56365751696415 R2
428 -0.719111255851009 0.444444444444444 2 6.72 6.56365751696415 R2
471 -0.719111255851009 0 2 6.72 6.56365751696415 R1
472 -0.719111255851009 0 2 6.72 6.56365751696415 R1
365 -0.719111255851009 0 2 6.72 6.56365751696415 R1
431 -0.738548945875996 0 2 4 2.70801280154532 R1
430 -0.738548945875996 0 2 4 2.70801280154532 R1
898 -0.74835306131467 0 3 7.15789473684211 5.5560603033249 R1
897 -0.74835306131467 0 3 7.15789473684211 5.5560603033249 R1
270 -0.74835306131467 0.611111111111111 3 7.15789473684211 5.5560603033249 R2
627 -0.755996448715023 0 4 11.6190476190476 10.0781526579891 R1
26 -0.755996448715023 0 4 11.6190476190476 10.0781526579891 R1
721 -0.755996448715023 0 4 11.6190476190476 10.0781526579891 R1
419 -0.76949097298423 0 3 7.07692307692308 5.29820780237617 R1
644 -0.77020369289503 0 2 6.10526315789474 5.33010058996723 R1
606 -0.77020369289503 0 2 6.10526315789474 5.33010058996723 R1
327 -0.77020369289503 0 2 6.10526315789474 5.33010058996723 R1
326 -0.77020369289503 0.444444444444444 2 6.10526315789474 5.33010058996723 R2
94 -0.773965118651981 0.375 3 6.5 4.52216762183801 R2
93 -0.773965118651981 0.375 3 6.5 4.52216762183801 R2
14 -0.774141219883934 0.5 2 7.22222222222222 6.74582632740469 R2
97 -0.774141219883934 0 2 7.22222222222222 6.74582632740469 R1
805 -0.777311077875998 0.375 3 7.42857142857143 5.69729617217407 R2
806 -0.777311077875998 0.375 3 7.42857142857143 5.69729617217407 R2
804 -0.777311077875998 0 3 7.42857142857143 5.69729617217407 R1
748 -0.777311077875998 0.56 3 7.42857142857143 5.69729617217407 R2
779 -0.777311077875998 0 3 7.42857142857143 5.69729617217407 R1
630 -0.781043976463919 0 3 8.375 6.8818148042504 R1
157 -0.781043976463919 0 3 8.375 6.8818148042504 R1
204 -0.781043976463919 0.78 3 8.375 6.8818148042504 R3
1 -0.794272255119345 0 1 7.29411764705882 7.92438311484655 R1
541 -0.795394908975717 0 3 6.875 4.87179381747627 R1
639 -0.795394908975717 0 3 6.875 4.87179381747627 R1
755 -0.796231318443319 0 1 6.93333333333333 7.45177085590324 R1
675 -0.816496580927729 0.32 4 4.4 0.489897948556634 R2
674 -0.816496580927729 0.32 4 4.4 0.489897948556634 R2
673 -0.816496580927729 0.32 4 4.4 0.489897948556634 R2
579 -0.824209613064646 0 3 7.14285714285714 5.0264605959312 R1
694 -0.824209613064646 0.375 3 7.14285714285714 5.0264605959312 R2
222 -0.824209613064646 0.666666666666667 3 7.14285714285714 5.0264605959312 R3
866 -0.827045775002208 0.277777777777778 5 10.3809523809524 6.5062328393347 R2
322 -0.846414739030318 0 1 3.4 2.83548937575156 R1
628 -0.85522098260887 0 3 11.6190476190476 10.0781526579891 R1
488 -0.866666666666666 0.444444444444444 2 6.33333333333333 5 R2
658 -0.866666666666666 0.5 2 6.33333333333333 5 R2
84 -0.87146533548046 0 1 6.72 6.56365751696415 R1
829 -0.87146533548046 0 1 6.72 6.56365751696415 R1
782 -0.875711805130073 0 5 10 5.70964096944808 R1
496 -0.880408778480133 0.611111111111111 3 9 6.81501610008696 R2
837 -0.880408778480133 0 3 9 6.81501610008696 R1
404 -0.883883476483184 0 2 3.66666666666667 1.88561808316413 R1
572 -0.891443125720865 0 1 3.6 2.91661904723031 R1
844 -0.891443125720865 0 1 3.6 2.91661904723031 R1
566 -0.891443125720865 0.5 1 3.6 2.91661904723031 R2
791 -0.894427190999916 0 2 6.22222222222222 4.72058795249955 R1
646 -0.894427190999916 0 2 6.22222222222222 4.72058795249955 R1
212 -0.894427190999916 0.72 2 6.22222222222222 4.72058795249955 R3
645 -0.894427190999916 0 2 6.22222222222222 4.72058795249955 R1
598 -0.894427190999916 0 2 6.22222222222222 4.72058795249955 R1
237 -0.909413667582467 0 4 7.45454545454545 3.79865134832294 R1
239 -0.909413667582467 0 4 7.45454545454545 3.79865134832294 R1
238 -0.909413667582467 0 4 7.45454545454545 3.79865134832294 R1
810 -0.922381027946815 0.5 1 7.22222222222222 6.74582632740469 R2
849 -0.922381027946815 0 1 7.22222222222222 6.74582632740469 R1
494 -0.92635448371302 0 2 8.375 6.8818148042504 R1
271 -0.928336708972629 0.444444444444444 2 7.15789473684211 5.5560603033249 R2
580 -0.9340123599941 0 3 7.1578947368421 4.45164851658748 R1
175 -0.9340123599941 0.375 3 7.1578947368421 4.45164851658748 R2
563 -0.935414346693485 0.444444444444444 2 4 2.1380899352994 R2
562 -0.935414346693485 0.444444444444444 2 4 2.1380899352994 R2
604 -0.948814721933953 0 2 5.16666666666667 3.33749739908346 R1
603 -0.948814721933953 0 2 5.16666666666667 3.33749739908346 R1
487 -0.948814721933953 0 2 5.16666666666667 3.33749739908346 R1
136 -0.952832934170578 0.444444444444444 2 7.42857142857143 5.69729617217407 R2
511 -0.952832934170578 0 2 7.42857142857143 5.69729617217407 R1
573 -0.954445516502717 0 2 11.6190476190476 10.0781526579891 R1
575 -0.954445516502717 0 2 11.6190476190476 10.0781526579891 R1
691 -0.957817412959205 0 1 6.10526315789474 5.33010058996723 R1
407 -0.957817412959205 0 1 6.10526315789474 5.33010058996723 R1
355 -0.958234041829418 0.64 2 7.07692307692308 5.29820780237617 R3
260 -0.960768922830523 0.5 2 4 2.08166599946613 R2
867 -0.960768922830523 0.444444444444444 2 4 2.08166599946613 R2
876 -0.970142500145332 0.5 1 5 4.12310562561766 R2
367 -0.970142500145332 0.5 1 5 4.12310562561766 R2
822 -0.970142500145332 0 1 5 4.12310562561766 R1
127 -0.98491617929625 0 2 4.57142857142857 2.61080955464244 R1
348 -0.98491617929625 0.5 2 4.57142857142857 2.61080955464244 R2
390 -0.98491617929625 0 2 4.57142857142857 2.61080955464244 R1
875 -0.989369477872763 0 2 5.6 3.63868107973205 R1
588 -0.995098009695405 0 2 6.5 4.52216762183801 R1
589 -0.995098009695405 0 2 6.5 4.52216762183801 R1
503 -0.995098009695405 0 2 6.5 4.52216762183801 R1
569 -1 0 3 5 2 R1
236 -1 0 2 3 1 R1
309 -1 0 2 3 1 R1
308 -1 0 2 3 1 R1
851 -1 0 2 3 1 R1
235 -1 0 2 3 1 R1
632 -1 0 3 3.5 0.5 R1
665 -1 0 2 3 1 R1
631 -1 0 3 3.5 0.5 R1
861 -1.00065811129203 0 2 6.875 4.87179381747627 R1
862 -1.00065811129203 0 2 6.875 4.87179381747627 R1
64 -1.00065811129203 0 2 6.875 4.87179381747627 R1
232 -1.02315676104577 0.625 2 7.14285714285714 5.0264605959312 R3
146 -1.02899151085505 0 2 4 1.9436506316151 R1
409 -1.03492723423692 0 4 9.14285714285714 4.96929346597888 R1
891 -1.04595272073698 0 2 4.28571428571429 2.18529407725405 R1
892 -1.04595272073698 0 2 4.28571428571429 2.18529407725405 R1
87 -1.05085416615609 0 4 10 5.70964096944808 R1
85 -1.05085416615609 0 4 10 5.70964096944808 R1
450 -1.06666666666667 0.5 1 6.33333333333333 5 R2
720 -1.0690449676497 0 1 2.33333333333333 1.24721912892465 R1
112 -1.07166499096212 0 1 8.375 6.8818148042504 R1
346 -1.08536190793863 0 2 5.75 3.45506874027131 R1
462 -1.10782341881399 0 1 4 2.70801280154532 R1
609 -1.10782341881399 0 1 4 2.70801280154532 R1
466 -1.10782341881399 0 1 4 2.70801280154532 R1
316 -1.10832035663059 0 1 7.15789473684211 5.5560603033249 R1
83 -1.10832035663059 0 1 7.15789473684211 5.5560603033249 R1
305 -1.12768097179136 0.591715976331361 7 11.7777777777778 4.23681688109724 R2
854 -1.13444331969329 0.375 3 10.3809523809524 6.5062328393347 R2
328 -1.13444331969329 0.48 3 10.3809523809524 6.5062328393347 R2
850 -1.15864824404331 0 2 7.1578947368421 4.45164851658748 R1
438 -1.17387837130684 0 1 9 6.81501610008696 R1
842 -1.17387837130684 0 1 9 6.81501610008696 R1
738 -1.17387837130684 0 1 9 6.81501610008696 R1
809 -1.20592131360835 0 1 6.875 4.87179381747627 R1
65 -1.20592131360835 0 1 6.875 4.87179381747627 R1
893 -1.21119984979446 0 1 6.66666666666667 4.6785562825394 R1
605 -1.21623090073883 0 1 6.5 4.52216762183801 R1
901 -1.22210390902689 0.5 1 7.14285714285714 5.0264605959312 R2
523 -1.22474487139159 0 1 2 0.816496580927726 R1
827 -1.22474487139159 0 1 2 0.816496580927726 R1
529 -1.22474487139159 0 1 2 0.816496580927726 R1
205 -1.23616308533855 0.56 3 9.14285714285714 4.96929346597888 R2
100 -1.23950136601927 0 2 6.33333333333333 3.4960294939005 R1
832 -1.24844042359731 0 1 5.16666666666667 3.33749739908346 R1
343 -1.25723711418742 0.666666666666667 1 2.75 1.39194109070751 R3
284 -1.25723711418742 0 1 2.75 1.39194109070751 R1
865 -1.26419433283742 0 1 5.6 3.63868107973205 R1
455 -1.26419433283742 0 1 5.6 3.63868107973205 R1
551 -1.28814209203884 0 2 10.3809523809524 6.5062328393347 R1
848 -1.32667752678383 0.5 1 3.81818181818182 2.12424026282689 R2
480 -1.33333333333333 0 3 5.4 1.8 R1
481 -1.33333333333333 0 3 5.4 1.8 R1
482 -1.33333333333333 0 3 5.4 1.8 R1
602 -1.35659132789204 0 3 11.2173913043478 6.0573815676063 R1
601 -1.35659132789204 0 3 11.2173913043478 6.0573815676063 R1
345 -1.35659132789204 0.48 3 11.2173913043478 6.0573815676063 R2
467 -1.36793913791146 0 1 4.57142857142857 2.61080955464244 R1
434 -1.37281294596729 0.444444444444444 2 4.8 2.03960780543711 R2
186 -1.37281294596729 0 1 2.4 1.01980390271856 R1
816 -1.38252075440611 0 1 5.14285714285714 2.99659670905757 R1
899 -1.38252075440611 0 1 5.14285714285714 2.99659670905757 R1
310 -1.40113888820812 0 2 10 5.70964096944808 R1
785 -1.40312152004023 0 1 4 2.1380899352994 R1
559 -1.41421356237309 0 5 7 1.4142135623731 R1
560 -1.41421356237309 0 5 7 1.4142135623731 R1
386 -1.41421356237309 0 1 3.66666666666667 1.88561808316413 R1
415 -1.41421356237309 0 2 2.66666666666667 0.471404520791032 R1
533 -1.41421356237309 0.444444444444444 2 2.66666666666667 0.471404520791032 R2
330 -1.41421356237309 0.444444444444444 2 2.66666666666667 0.471404520791032 R2
828 -1.41421356237309 0 2 2.66666666666667 0.471404520791032 R1
703 -1.41421356237309 0 2 2.66666666666667 0.471404520791032 R1
498 -1.41421356237309 0 1 2 0.707106781186548 R1
530 -1.41421356237309 0 3 4 0.707106781186548 R1
793 -1.41421356237309 0.666666666666667 1 2 0.707106781186548 R3
11 -1.41421356237311 0.444444444444444 4 4.66666666666667 0.471404520791027 R2
490 -1.44184086438438 0 1 10.3809523809524 6.5062328393347 R1
354 -1.4638501094228 0 1 6 3.41565025531987 R1
454 -1.52167916144504 0 2 11.2173913043478 6.0573815676063 R1
453 -1.52167916144504 0 2 11.2173913043478 6.0573815676063 R1
162 -1.52554014279295 0 1 6.33333333333333 3.4960294939005 R1
145 -1.54348726628258 0 1 4 1.9436506316151 R1
750 -1.54348726628258 0 1 4 1.9436506316151 R1
536 -1.63299316185545 0 1 3 1.22474487139159 R1
303 -1.6681153124566 0 1 3.66666666666667 1.59861050777091 R1
66 -1.67705098312484 0 1 4 1.78885438199983 R1
508 -1.69916764206198 0 1 7.45454545454545 3.79865134832294 R1
803 -1.73205080756888 0 3 4.5 0.866025403784439 R1
706 -1.83711730708738 0 1 2.8 0.979795897113272 R1
369 -1.95970036789171 0 1 3.71428571428571 1.38505138783324 R1
156 -1.98679853559757 0 1 6 2.51661147842358 R1
649 -2 0 4 6.4 1.2 R1
907 -2.19089023002066 0.5 1 5 1.82574185835055 R2
578 -2.30781222134046 0.444444444444444 2 11.7777777777778 4.23681688109724 R2
900 -2.97671655082379 0 2 8.72727272727273 2.25996416266473 R1
