53 3.55303332401016 0.128418549346017 27 6 5.91044273581373 R5
18 3.51005880584825 0.129132231404959 41 10 8.83176086632785 R5
76 3.25768511108737 0 23 6.63636363636364 5.02308719401502 R5
97 3.21203900507695 0.326474622770919 22 5.22222222222222 5.22340412157474 R6
227 3.1532172009261 0.158790170132325 21 6.53333333333333 4.5879068090894 R5
110 3.08718707638807 0 44 10.9565217391304 10.7034259483651 R5
137 3.0266361386512 0 19 5.38461538461539 4.49852046683491 R5
656 2.74222063505099 0 19 8 4.01134754052913 R5
273 2.73873939637856 0.392561983471074 17 5.44444444444444 4.21929723245501 R6
37 2.72789903862035 0.345 16 5.41176470588235 3.88146157325262 R6
2 2.72474630456533 0.5078125 11 4 2.56904651573302 R6
61 2.6576773696842 0.214532871972318 15 5.63636363636363 3.52324043183202 R5
219 2.55020841214364 0.4 19 6.66666666666667 4.83620604284897 R6
378 2.52982212813471 0 13 5 3.16227766016838 R5
235 2.46234804500437 0.311418685121107 14 5.27272727272727 3.5442888526578 R2
279 2.44948974278316 0 4 3.14285714285714 0.349927106111886 R1
199 2.35702260395516 0.40625 6 2.66666666666667 1.41421356237309 R2
51 2.30466383879213 0 6 2.72727272727273 1.42004539561939 R1
602 2.27860768455925 0 10 4.4 2.4576411454889 R1
770 2.2691893905044 0 10 3.81818181818182 2.72424073886758 R1
307 2.24633480689816 0 35 10.9565217391304 10.7034259483651 R1
383 2.13808993529939 0.448979591836735 5 2.33333333333333 1.24721912892465 R2
7 2.12737562958478 0.234404536862004 20 7.47368421052632 5.8881542193461 R2
63 2.12737562958478 0.578125 20 7.47368421052632 5.8881542193461 R2
629 2.12132034355964 0 9 4.5 2.12132034355964 R1
488 2.09019904287485 0 8 3.71428571428571 2.05038572777248 R1
19 2.06474160483506 0.197530864197531 8 3.5 2.17944947177034 R2
15 2.06336280458586 0.672216441207076 16 5.22222222222222 5.22340412157474 R3
316 2.04300373805238 0 16 7.86666666666667 3.98106630048897 R1
314 2.04300373805238 0 16 7.86666666666667 3.98106630048897 R1
111 2.00059514954449 0.673469387755102 7 3.27272727272727 1.8630819574472 R3
373 2 0 5 3 0.999999999999998 R1
461 2 0 4 2.4 0.799999999999999 R1
44 1.96396101212393 0.244897959183674 6 3 1.52752523165195 R2
6 1.95754312134062 0.505102040816326 19 7.47368421052632 5.8881542193461 R2
36 1.95499431101125 0.231111111111111 13 5.41176470588235 3.88146157325262 R2
13 1.95283366471236 0.124444444444444 14 6.5 3.8405728739343 R2
71 1.95049984586309 0 11 5.81818181818182 2.65666167203681 R1
184 1.94075680212142 0.409972299168975 14 7.71428571428571 3.23879544250133 R2
485 1.91674543001366 0 5 2.4 1.35646599662505 R1
47 1.90515868883136 0.469387755102041 10 4.4 2.93938769133981 R2
545 1.87712426483117 0.165289256198347 10 4.90909090909091 2.71207888912296 R2
149 1.85062346195639 0.095 19 10.8888888888889 4.38290731629245 R2
65 1.82915948214881 0 23 11.6363636363636 6.21249075027996 R1
821 1.79028718509858 0 10 5 2.79284800875379 R1
364 1.78885438199983 0.244897959183674 6 3.71428571428571 1.27775312999988 R2
857 1.78736964992883 0 9 5.83333333333333 1.77169096878911 R1
101 1.7538384666464 0 13 6.25 3.84870107958516 R1
336 1.7538384666464 0.359861591695502 13 6.25 3.84870107958516 R2
627 1.73505523447142 0 5 2.57142857142857 1.39970842444753 R1
28 1.70388550274119 0.526077097505669 12 6 3.5213633723318 R2
86 1.70388550274119 0 12 6 3.5213633723318 R1
165 1.69941166289984 0.521541950113379 14 7.66666666666667 3.72677996249965 R2
81 1.69245584275071 0 13 6.5 3.8405728739343 R1
189 1.65100165100247 0.277777777777778 5 3.14285714285714 1.12485826771597 R2
349 1.62746694241347 0.34 8 4.88888888888889 1.91162783712058 R2
375 1.61125846658872 0 9 4.90909090909091 2.53895273523072 R1
387 1.61125846658872 0 9 4.90909090909091 2.53895273523072 R1
496 1.58113883008419 0.46 7 4 1.89736659610103 R2
252 1.58103675197762 0.736732570239334 14 7.23076923076923 4.28151386156177 R3
74 1.57408759490706 0.277777777777778 10 5.81818181818182 2.65666167203681 R2
442 1.56495178011147 0.402777777777778 9 4.4 2.93938769133981 R2
201 1.55370792679168 0.463667820069204 12 5.44444444444444 4.21929723245501 R2
133 1.50755672288882 0 9 5.25 2.48746859276655 R1
144 1.46595829998932 0.633136094674556 14 6.63636363636364 5.02308719401502 R3
520 1.4638501094228 0.375 6 3.27272727272727 1.8630819574472 R2
21 1.45338260701944 0 19 9.84615384615385 6.29830445860268 R1
22 1.45338260701944 0.471938775510204 19 9.84615384615385 6.29830445860268 R2
24 1.45338260701944 0 19 9.84615384615385 6.29830445860268 R1
451 1.43222974807887 0.416666666666667 9 5 2.79284800875379 R2
153 1.4142135623731 0 2 1.33333333333333 0.471404520791032 R1
719 1.4142135623731 0 2 1.33333333333333 0.471404520791032 R1
834 1.41421356237309 0 3 2 0.707106781186548 R1
295 1.41421356237309 0.448979591836735 5 4 0.707106781186548 R2
192 1.41421356237309 0 3 2 0.707106781186548 R1
849 1.41421356237309 0.56 3 2 0.707106781186548 R2
67 1.41421356237309 0 3 2 0.707106781186548 R1
863 1.41421356237309 0 3 2 0.707106781186548 R1
415 1.34747450452638 0.3203125 13 7.23076923076923 4.28151386156177 R2
35 1.34747450452638 0 13 7.23076923076923 4.28151386156177 R1
182 1.34164078649987 0.197530864197531 8 5 2.23606797749979 R2
197 1.33484762494383 0.165289256198347 10 5.33333333333333 3.4960294939005 R2
91 1.33333333333333 0 4 2.4 1.2 R1
268 1.33103476412417 0 16 8.5 5.63471383479232 R1
355 1.31205450746493 0 25 10.9565217391304 10.7034259483651 R1
245 1.28966283987321 0 10 5.6 3.4117444218464 R1
328 1.28966283987321 0 10 5.6 3.4117444218464 R1
75 1.26687754320064 0 13 6.63636363636364 5.02308719401502 R1
669 1.24646392502318 0 13 8 4.01134754052913 R1
421 1.24646392502318 0 13 8 4.01134754052913 R1
412 1.22474487139159 0 5 4.4 0.489897948556634 R1
411 1.22474487139159 0 5 4.4 0.489897948556634 R1
122 1.22474487139159 0 3 2 0.816496580927726 R1
260 1.22293712889867 0 8 5.83333333333333 1.77169096878911 R1
262 1.22293712889867 0 8 5.83333333333333 1.77169096878911 R1
261 1.22293712889867 0 8 5.83333333333333 1.77169096878911 R1
206 1.21428571428571 0 9 5.6 2.8 R1
207 1.21428571428571 0 9 5.6 2.8 R1
119 1.19207912135854 0 9 6 2.51661147842358 R1
254 1.18529534443243 0 19 11.6363636363636 6.21249075027996 R1
390 1.18321595661992 0 7 4.66666666666667 1.97202659436654 R1
676 1.1679651274655 0.46 7 3.81818181818182 2.72424073886758 R2
168 1.16275534829989 0.142011834319526 12 7.66666666666667 3.72677996249965 R2
666 1.15470053837925 0 6 4.28571428571429 1.48461497791618 R1
112 1.15356346224095 0.214532871972318 15 8.5 5.63471383479232 R2
686 1.13968258936178 0.489795918367347 8 4.90909090909091 2.71207888912296 R2
543 1.13968258936178 0.34 8 4.90909090909091 2.71207888912296 R2
34 1.11391225707514 0 12 7.23076923076923 4.28151386156177 R1
95 1.10279282687292 0 12 6.66666666666667 4.83620604284897 R1
547 1.07969533895693 0.165289256198347 10 5.44444444444444 4.21929723245501 R2
213 1.0690449676497 0 4 2.66666666666667 1.24721912892465 R1
714 1.05792499640251 0 7 4.4 2.4576411454889 R1
356 1.05162781088728 0.314049586776859 9 5.27272727272727 3.5442888526578 R2
195 1.04880884817015 0.18 9 5.33333333333333 3.4960294939005 R2
358 1.03824780130531 0 12 7.86666666666667 3.98106630048897 R1
483 1.02899151085505 0 8 6.8 1.16619037896907 R1
484 1.02899151085505 0 8 6.8 1.16619037896907 R1
229 1.02062072615966 0.32 4 2.57142857142857 1.39970842444753 R2
578 1 0 4 3 1 R1
233 1 0 5 3.5 1.5 R1
577 1 0 4 3 1 R1
618 1 0 5 3.5 1.5 R1
333 0.974354703692446 0.165289256198347 10 6.25 3.84870107958516 R2
102 0.974354703692446 0 10 6.25 3.84870107958516 R1
103 0.974354703692446 0 10 6.25 3.84870107958516 R1
304 0.937987234142279 0.1171875 15 10.8888888888889 4.38290731629245 R2
39 0.924454674199119 0.18 9 5.41176470588235 3.88146157325262 R2
79 0.911322376865767 0 10 6.5 3.8405728739343 R1
145 0.896258159530271 0.444444444444444 4 2.72727272727273 1.42004539561939 R2
49 0.896258159530271 0 4 2.72727272727273 1.42004539561939 R1
346 0.896019171834251 0.391111111111111 11 6.66666666666667 4.83620604284897 R2
77 0.868716029623299 0 11 6.63636363636364 5.02308719401502 R1
256 0.863363275574238 0 17 11.6363636363636 6.21249075027996 R1
480 0.852324702858681 0 8 5.42857142857143 3.01695886884898 R1
370 0.852324702858681 0.32 8 5.42857142857143 3.01695886884898 R2
251 0.852324702858681 0.489795918367347 8 5.42857142857143 3.01695886884898 R2
481 0.852324702858681 0 8 5.42857142857143 3.01695886884898 R1
115 0.842689045039557 0.625 9 5.44444444444444 4.21929723245501 R3
271 0.842689045039557 0.18 9 5.44444444444444 4.21929723245501 R2
388 0.823532105145348 0 7 4.90909090909091 2.53895273523072 R1
569 0.816496580927726 0 6 5 1.22474487139159 R1
568 0.816496580927726 0 6 5 1.22474487139159 R1
566 0.803683042466704 0.18 9 5.38461538461539 4.49852046683491 R2
634 0.798620858474503 0 13 8.5 5.63471383479232 R1
17 0.792593923901217 0.491083676268861 17 10 8.83176086632785 R2
179 0.792593923901217 0 17 10 8.83176086632785 R1
360 0.787058817118542 0 11 7.86666666666667 3.98106630048897 R1
505 0.768715563631474 0.375 12 7.47368421052632 5.8881542193461 R2
810 0.762000762001142 0.6875 4 3.14285714285714 1.12485826771597 R3
615 0.751486327804991 0 19 10.9565217391304 10.7034259483651 R1
624 0.747878355013905 0.152777777777778 11 8 4.01134754052913 R2
625 0.747878355013905 0.519031141868512 11 8 4.01134754052913 R2
87 0.727606875108999 0.34 8 6.5 2.06155281280883 R2
90 0.727606875108999 0.34 8 6.5 2.06155281280883 R2
822 0.716114874039433 0.603550295857988 7 5 2.79284800875379 R2
83 0.709828177188752 0 14 10.8888888888889 4.38290731629245 R1
859 0.707106781186548 0 3 2.66666666666667 0.471404520791032 R1
430 0.707106781186548 0.375 3 2.66666666666667 0.471404520791032 R2
860 0.707106781186548 0 3 2.66666666666667 0.471404520791032 R1
276 0.707106781186548 0 3 2.66666666666667 0.471404520791032 R1
429 0.707106781186548 0.375 3 2.66666666666667 0.471404520791032 R2
277 0.707106781186548 0 3 2.66666666666667 0.471404520791032 R1
236 0.707106781186548 0 14 12.5 2.12132034355964 R1
237 0.707106781186548 0 14 12.5 2.12132034355964 R1
628 0.707106781186548 0 6 4.5 2.12132034355964 R1
630 0.707106781186548 0 6 4.5 2.12132034355964 R1
335 0.705729746225969 0.291666666666667 10 7.71428571428571 3.23879544250133 R2
131 0.703526470681448 0 7 5.25 2.48746859276655 R1
132 0.703526470681448 0 7 5.25 2.48746859276655 R1
244 0.703452458112659 0 8 5.6 3.4117444218464 R1
247 0.703452458112659 0 8 5.6 3.4117444218464 R1
210 0.703452458112659 0.473372781065089 8 5.6 3.4117444218464 R2
598 0.688247201611685 0.5 5 3.5 2.17944947177034 R2
389 0.676123403782814 0.493827160493827 6 4.66666666666667 1.97202659436654 R2
38 0.676123403782814 0.663265306122449 6 4.66666666666667 1.97202659436654 R3
425 0.67087001564844 0 8 5.63636363636363 3.52324043183202 R1
424 0.67087001564844 0 8 5.63636363636363 3.52324043183202 R1
264 0.669635272834626 0.378698224852071 10 6.63636363636364 5.02308719401502 R2
23 0.659518157807143 0 14 9.84615384615385 6.29830445860268 R1
175 0.654653670707977 0 4 3 1.52752523165195 R1
250 0.646787762172662 0.408163265306122 10 7.23076923076923 4.28151386156177 R2
548 0.632455532033676 0 7 5 3.16227766016838 R1
379 0.632455532033676 0 7 5 3.16227766016838 R1
783 0.627059712862456 0 5 3.71428571428571 2.05038572777248 R1
662 0.626099033699941 0.459183673469388 10 7.66666666666667 3.72677996249965 R2
661 0.626099033699941 0.165289256198347 10 7.66666666666667 3.72677996249965 R2
658 0.626099033699941 0.165289256198347 10 7.66666666666667 3.72677996249965 R2
659 0.626099033699941 0.165289256198347 10 7.66666666666667 3.72677996249965 R2
637 0.62114955659128 0 12 8.5 5.63471383479232 R1
638 0.62114955659128 0 12 8.5 5.63471383479232 R1
635 0.62114955659128 0 12 8.5 5.63471383479232 R1
636 0.62114955659128 0 12 8.5 5.63471383479232 R1
728 0.581238193719097 0 6 4.88888888888889 1.91162783712058 R1
135 0.581238193719097 0 6 4.88888888888889 1.91162783712058 R1
731 0.581238193719097 0 6 4.88888888888889 1.91162783712058 R1
134 0.581238193719097 0 6 4.88888888888889 1.91162783712058 R1
493 0.577350269189626 0 8 7.5 0.866025403784439 R1
490 0.577350269189626 0 8 7.5 0.866025403784439 R1
492 0.577350269189626 0 8 7.5 0.866025403784439 R1
326 0.564630267918344 0 17 10.9565217391304 10.7034259483651 R1
48 0.544331053951817 0.493827160493827 6 4.4 2.93938769133981 R2
255 0.541431206716048 0 15 11.6363636363636 6.21249075027996 R1
226 0.537645329190164 0 9 6.53333333333333 4.5879068090894 R1
225 0.537645329190164 0 9 6.53333333333333 4.5879068090894 R1
351 0.535869832931773 0.355029585798816 10 7.86666666666667 3.98106630048897 R2
695 0.52704627669473 0 5 4 1.89736659610103 R1
694 0.52704627669473 0 5 4 1.89736659610103 R1
693 0.52704627669473 0 5 4 1.89736659610103 R1
697 0.52704627669473 0 5 4 1.89736659610103 R1
696 0.52704627669473 0 5 4 1.89736659610103 R1
408 0.507576189144309 0 9 6 5.91044273581373 R1
93 0.5 0.375 3 2.4 1.2 R2
92 0.5 0 3 2.4 1.2 R1
672 0.49858557000927 0 10 8 4.01134754052913 R1
501 0.481125224324688 0.53125 5 4.28571428571429 1.48461497791618 R2
665 0.481125224324688 0.277777777777778 5 4.28571428571429 1.48461497791618 R2
502 0.481125224324688 0.53125 5 4.28571428571429 1.48461497791618 R2
667 0.481125224324688 0 5 4.28571428571429 1.48461497791618 R1
194 0.476731294622796 0 7 5.33333333333333 3.4960294939005 R1
404 0.471202237975021 0.36281179138322 16 10.9565217391304 10.7034259483651 R2
266 0.470554516045954 0 9 6.63636363636364 5.02308719401502 R1
337 0.454698861723142 0.32 8 6.25 3.84870107958516 R2
299 0.447213595499958 0 6 5 2.23606797749979 R1
298 0.447213595499958 0 6 5 2.23606797749979 R1
297 0.447213595499958 0 6 5 2.23606797749979 R1
70 0.444850842038951 0.603550295857988 7 5.81818181818182 2.65666167203681 R2
675 0.4338156187729 0.277777777777778 5 3.81818181818182 2.72424073886758 R2
818 0.4338156187729 0 5 3.81818181818182 2.72424073886758 R1
288 0.42966892442366 0 6 4.90909090909091 2.53895273523072 R1
289 0.42966892442366 0 6 4.90909090909091 2.53895273523072 R1
438 0.409184855793053 0.597222222222222 7 5.41176470588235 3.88146157325262 R2
798 0.408248290463864 0 11 10.2857142857143 1.74963553055941 R1
796 0.408248290463864 0 11 10.2857142857143 1.74963553055941 R1
797 0.408248290463864 0 11 10.2857142857143 1.74963553055941 R1
795 0.408248290463864 0 11 10.2857142857143 1.74963553055941 R1
794 0.408248290463864 0 11 10.2857142857143 1.74963553055941 R1
799 0.408248290463864 0 11 10.2857142857143 1.74963553055941 R1
687 0.402240913892395 0 6 4.90909090909091 2.71207888912296 R1
118 0.397359707119513 0 7 6 2.51661147842358 R1
116 0.397359707119513 0 7 6 2.51661147842358 R1
117 0.397359707119513 0 7 6 2.51661147842358 R1
519 0.390360029179413 0 4 3.27272727272727 1.8630819574472 R1
521 0.390360029179413 0 4 3.27272727272727 1.8630819574472 R1
518 0.390360029179413 0 4 3.27272727272727 1.8630819574472 R1
1 0.389249472080761 0 5 4 2.56904651573302 R1
431 0.380465172286952 0 14 11.6363636363636 6.21249075027996 R1
823 0.358057437019716 0 6 5 2.79284800875379 R1
142 0.340348503849214 0 7 5.22222222222222 5.22340412157474 R1
141 0.340348503849214 0.37037037037037 7 5.22222222222222 5.22340412157474 R2
617 0.333333333333333 0 4 3.5 1.5 R1
232 0.333333333333333 0 4 3.5 1.5 R1
616 0.333333333333333 0 4 3.5 1.5 R1
231 0.333333333333333 0 4 3.5 1.5 R1
407 0.319681006545503 0 8 6.53333333333333 4.5879068090894 R1
844 0.306186217847897 0 3 2.57142857142857 1.39970842444753 R1
129 0.301511344577764 0.244897959183674 6 5.25 2.48746859276655 R2
875 0.283980917123532 0.21875 7 6 3.5213633723318 R2
27 0.283980917123532 0.21875 7 6 3.5213633723318 R2
94 0.275698206718231 0 8 6.66666666666667 4.83620604284897 R1
456 0.271473759257281 0 8 6.63636363636364 5.02308719401502 R1
214 0.267261241912425 0 3 2.66666666666667 1.24721912892465 R1
436 0.249292785004635 0.18 9 8 4.01134754052913 R2
671 0.249292785004635 0 9 8 4.01134754052913 R1
668 0.249292785004635 0 9 8 4.01134754052913 R1
673 0.249292785004635 0.402777777777778 9 8 4.01134754052913 R2
670 0.249292785004635 0 9 8 4.01134754052913 R1
601 0.244136537631348 0 5 4.4 2.4576411454889 R1
845 0.244136537631348 0 5 4.4 2.4576411454889 R1
89 0.242535625036333 0.21875 7 6.5 2.06155281280883 R2
644 0.235702260395516 0 13 12.5 2.12132034355964 R1
646 0.235702260395516 0 13 12.5 2.12132034355964 R1
645 0.235702260395516 0 13 12.5 2.12132034355964 R1
648 0.235702260395516 0 13 12.5 2.12132034355964 R1
647 0.235702260395516 0 13 12.5 2.12132034355964 R1
14 0.235702260395516 0.8 3 2.66666666666667 1.41421356237309 R3
920 0.235702260395516 0 3 2.66666666666667 1.41421356237309 R1
921 0.235702260395516 0 3 2.66666666666667 1.41421356237309 R1
181 0.235702260395516 0.611111111111111 3 2.66666666666667 1.41421356237309 R2
62 0.229415733870562 0.444444444444444 4 3.5 2.17944947177034 R2
510 0.229415733870562 0 4 3.5 2.17944947177034 R1
177 0.226455406828919 0 12 10 8.83176086632785 R1
367 0.223606797749979 0 4 3.71428571428571 1.27775312999988 R1
366 0.223606797749979 0 4 3.71428571428571 1.27775312999988 R1
363 0.223606797749979 0 4 3.71428571428571 1.27775312999988 R1
365 0.223606797749979 0 4 3.71428571428571 1.27775312999988 R1
594 0.205195670417031 0 6 5.27272727272727 3.5442888526578 R1
593 0.205195670417031 0 6 5.27272727272727 3.5442888526578 R1
592 0.205195670417031 0 6 5.27272727272727 3.5442888526578 R1
441 0.204124145231931 0 5 4.4 2.93938769133981 R1
151 0.194870940738489 0.512396694214876 7 6.25 3.84870107958516 R2
100 0.192055319899344 0.375 3 2.72727272727273 1.42004539561939 R2
513 0.192055319899344 0 3 2.72727272727273 1.42004539561939 R1
171 0.183199488279762 0.336734693877551 11 9.84615384615385 6.29830445860268 R2
25 0.183199488279762 0 11 9.84615384615385 6.29830445860268 R1
172 0.183199488279762 0 11 9.84615384615385 6.29830445860268 R1
200 0.171498585142508 0.512396694214876 7 6.8 1.16619037896907 R2
52 0.169192063048103 0 7 6 5.91044273581373 R1
114 0.148902470434031 0.54 6 5.22222222222222 5.22340412157474 R2
802 0.139346602858324 0 4 3.71428571428571 2.05038572777248 R1
139 0.136797113611354 0 6 5.38461538461539 4.49852046683491 R1
138 0.136797113611354 0 6 5.38461538461539 4.49852046683491 R1
555 0.136797113611354 0 6 5.38461538461539 4.49852046683491 R1
274 0.131670163287431 0 6 5.44444444444444 4.21929723245501 R1
78 0.130188910980824 0 7 6.5 3.8405728739343 R1
80 0.130188910980824 0 7 6.5 3.8405728739343 R1
348 0.11322770341446 0 11 10 8.83176086632785 R1
747 0.101716683900842 0 7 6.53333333333333 4.5879068090894 R1
748 0.101716683900842 0 7 6.53333333333333 4.5879068090894 R1
749 0.101716683900842 0 7 6.53333333333333 4.5879068090894 R1
793 0.0974901182017283 0 12 10.9565217391304 10.7034259483651 R1
202 0.0894427190999915 0.197530864197531 8 7.66666666666667 3.72677996249965 R2
690 0.0893855306548225 0.197530864197531 8 7.47368421052632 5.8881542193461 R2
689 0.0893855306548225 0.197530864197531 8 7.47368421052632 5.8881542193461 R2
249 0.0893855306548225 0.197530864197531 8 7.47368421052632 5.8881542193461 R2
334 0.0882162182782464 0.197530864197531 8 7.71428571428571 3.23879544250133 R2
72 0.0684385910829157 0 6 5.81818181818182 2.65666167203681 R1
73 0.0684385910829157 0 6 5.81818181818182 2.65666167203681 R1
769 0.0667408644265999 0 4 3.81818181818182 2.72424073886758 R1
768 0.0667408644265999 0 4 3.81818181818182 2.72424073886758 R1
344 0.0335200761576998 0 5 4.90909090909091 2.71207888912296 R1
148 0.0253510063281696 0.152777777777778 11 10.8888888888889 4.38290731629245 R2
306 0.00406208825840512 0 11 10.9565217391304 10.7034259483651 R1
757 2.71947991102104e-16 0.444444444444444 2 2 0.816496580927726 R2
434 2.2141647182806e-16 0.32 8 8 4.01134754052913 R2
435 2.2141647182806e-16 0 8 8 4.01134754052913 R1
420 2.2141647182806e-16 0.32 8 8 4.01134754052913 R2
882 0 0 2 2 0.707106781186548 R1
572 0 0 5 5 5.96046447753906e-08 R1
833 0 0 2 2 0.707106781186548 R1
571 0 0 5 5 5.96046447753906e-08 R1
218 0 0.64819944598338 10 10 8.83176086632785 R3
573 0 0 5 5 5.96046447753906e-08 R1
286 0 0 6 6 5.91044273581373 R1
294 0 0.32 4 4 0.707106781186548 R2
911 0 0 2 2 0.707106781186548 R1
69 0 0 2 2 0.707106781186548 R1
574 0 0 5 5 5.96046447753906e-08 R1
293 0 0.59375 4 4 0.707106781186548 R2
575 0 0 5 5 5.96046447753906e-08 R1
215 0 0 6 6 5.91044273581373 R1
832 0 0 2 2 0.707106781186548 R1
850 0 0 2 2 0.707106781186548 R1
361 0 0 4 4 1.89736659610103 R1
910 0 0 2 2 0.707106781186548 R1
68 0 0 2 2 0.707106781186548 R1
576 0 0 5 5 5.96046447753906e-08 R1
879 0 0 6 6 3.5213633723318 R1
570 0 0 5 5 1.22474487139159 R1
883 0 0 2 2 0.707106781186548 R1
848 0 0 2 2 0.707106781186548 R1
423 -2.80866677486136e-16 0 5 5 3.16227766016838 R1
5 -3.45722980981799e-16 0 4 4 2.56904651573302 R1
3 -3.45722980981799e-16 0 4 4 2.56904651573302 R1
4 -3.45722980981799e-16 0 4 4 2.56904651573302 R1
700 -4.44089209850063e-16 0 3 3 0.999999999999998 R1
701 -4.44089209850063e-16 0 3 3 0.999999999999998 R1
702 -4.44089209850063e-16 0 3 3 0.999999999999998 R1
414 -0.0538989801810552 0.46 7 7.23076923076923 4.28151386156177 R2
323 -0.0769483764063865 0 5 5.27272727272727 3.5442888526578 R1
506 -0.0804469775893405 0 7 7.47368421052632 5.8881542193461 R1
722 -0.0854981960070963 0 5 5.38461538461539 4.49852046683491 R1
556 -0.0854981960070963 0 5 5.38461538461539 4.49852046683491 R1
682 -0.0893659416849181 0 10 10.9565217391304 10.7034259483651 R1
128 -0.100503781525921 0 5 5.25 2.48746859276655 R1
130 -0.100503781525921 0 5 5.25 2.48746859276655 R1
898 -0.105336130629944 0.277777777777778 5 5.44444444444444 4.21929723245501 R2
733 -0.105336130629944 0 5 5.44444444444444 4.21929723245501 R1
716 -0.106084962613014 0 5 5.41176470588235 3.88146157325262 R1
607 -0.106084962613014 0 5 5.41176470588235 3.88146157325262 R1
717 -0.106084962613014 0 5 5.41176470588235 3.88146157325262 R1
610 -0.106084962613014 0 5 5.41176470588235 3.88146157325262 R1
611 -0.106084962613014 0 5 5.41176470588235 3.88146157325262 R1
608 -0.106084962613014 0 5 5.41176470588235 3.88146157325262 R1
609 -0.106084962613014 0 5 5.41176470588235 3.88146157325262 R1
178 -0.11322770341446 0 9 10 8.83176086632785 R1
800 -0.11322770341446 0 9 10 8.83176086632785 R1
469 -0.11624763874382 0 6 6.53333333333333 4.5879068090894 R1
471 -0.11624763874382 0 6 6.53333333333333 4.5879068090894 R1
470 -0.11624763874382 0 6 6.53333333333333 4.5879068090894 R1
352 -0.126687754320065 0.244897959183674 6 6.63636363636364 5.02308719401502 R2
353 -0.126687754320065 0.244897959183674 6 6.63636363636364 5.02308719401502 R2
191 -0.12700012700019 0.375 3 3.14285714285714 1.12485826771597 R2
887 -0.12700012700019 0.375 3 3.14285714285714 1.12485826771597 R2
886 -0.12700012700019 0.375 3 3.14285714285714 1.12485826771597 R2
190 -0.12700012700019 0.611111111111111 3 3.14285714285714 1.12485826771597 R2
26 -0.134346291405159 0.375 9 9.84615384615385 6.29830445860268 R2
440 -0.136082763487954 0 4 4.4 2.93938769133981 R1
345 -0.137849103359115 0.48 6 6.66666666666667 4.83620604284897 R2
187 -0.14638501094228 0.56 3 3.27272727272727 1.8630819574472 R2
881 -0.162757691754232 0 4 4.4 2.4576411454889 R1
880 -0.162757691754232 0 4 4.4 2.4576411454889 R1
211 -0.169192063048103 0.277777777777778 5 6 5.91044273581373 R2
552 -0.169192063048103 0 5 6 5.91044273581373 R1
711 -0.180618850366887 0 5 5.63636363636363 3.52324043183202 R1
712 -0.180618850366887 0.46875 5 5.63636363636363 3.52324043183202 R2
703 -0.180618850366887 0.277777777777778 5 5.63636363636363 3.52324043183202 R2
354 -0.182793971628241 0 9 10.9565217391304 10.7034259483651 R1
303 -0.202808050625358 0.497777777777778 10 10.8888888888889 4.38290731629245 R2
305 -0.202808050625358 0.165289256198347 10 10.8888888888889 4.38290731629245 R2
359 -0.217697119628533 0 7 7.86666666666667 3.98106630048897 R1
517 -0.220540545695615 0 7 7.71428571428571 3.23879544250133 R1
738 -0.220540545695615 0.37037037037037 7 7.71428571428571 3.23879544250133 R2
143 -0.229415733870562 0.56 3 3.5 2.17944947177034 R2
174 -0.233989596396334 0.32 4 5.22222222222222 5.22340412157474 R2
147 -0.233989596396334 0 4 5.22222222222222 5.22340412157474 R1
597 -0.233989596396334 0 4 5.22222222222222 5.22340412157474 R1
913 -0.250279485833504 0.244897959183674 6 7.47368421052632 5.8881542193461 R2
253 -0.263398965429428 0 10 11.6363636363636 6.21249075027996 R1
787 -0.267261241912424 0.444444444444444 2 2.33333333333333 1.24721912892465 R2
385 -0.267261241912424 0 2 2.33333333333333 1.24721912892465 R1
786 -0.267261241912424 0.444444444444444 2 2.33333333333333 1.24721912892465 R2
384 -0.267261241912424 0 2 2.33333333333333 1.24721912892465 R1
84 -0.283980917123532 0.68 5 6 3.5213633723318 R3
919 -0.283980917123532 0 5 6 3.5213633723318 R1
495 -0.294883912309794 0 2 2.4 1.35646599662505 R1
486 -0.294883912309794 0 2 2.4 1.35646599662505 R1
494 -0.294883912309794 0 2 2.4 1.35646599662505 R1
350 -0.307793505625546 0.444444444444444 4 5.38461538461539 4.49852046683491 R2
465 -0.307973659873119 0 5 5.81818181818182 2.65666167203681 R1
467 -0.307973659873119 0 5 5.81818181818182 2.65666167203681 R1
464 -0.307973659873119 0 5 5.81818181818182 2.65666167203681 R1
466 -0.307973659873119 0 5 5.81818181818182 2.65666167203681 R1
380 -0.316227766016838 0.32 4 5 3.16227766016838 R2
657 -0.316227766016838 0 4 5 3.16227766016838 R1
331 -0.324784901230815 0.277777777777778 5 6.25 3.84870107958516 R2
330 -0.324784901230815 0.277777777777778 5 6.25 3.84870107958516 R2
338 -0.324784901230815 0 5 6.25 3.84870107958516 R1
391 -0.325768511108737 0 5 6.63636363636364 5.02308719401502 R1
392 -0.325768511108737 0 5 6.63636363636364 5.02308719401502 R1
265 -0.325768511108737 0 5 6.63636363636364 5.02308719401502 R1
263 -0.325768511108737 0 5 6.63636363636364 5.02308719401502 R1
183 -0.325768511108737 0.277777777777778 5 6.63636363636364 5.02308719401502 R2
685 -0.335200761576995 0 4 4.90909090909091 2.71207888912296 R1
759 -0.335200761576995 0 4 4.90909090909091 2.71207888912296 R1
544 -0.335200761576995 0.32 4 4.90909090909091 2.71207888912296 R2
622 -0.338061701891407 0 4 4.66666666666667 1.97202659436654 R1
621 -0.338061701891407 0 4 4.66666666666667 1.97202659436654 R1
862 -0.338384126096206 0 4 6 5.91044273581373 R1
704 -0.338384126096206 0 4 6 5.91044273581373 R1
705 -0.338384126096206 0 4 6 5.91044273581373 R1
180 -0.339683110243379 0 7 10 8.83176086632785 R1
16 -0.339683110243379 0 7 10 8.83176086632785 R1
347 -0.339683110243379 0 7 10 8.83176086632785 R1
272 -0.34234242454732 0 4 5.44444444444444 4.21929723245501 R1
275 -0.34234242454732 0 4 5.44444444444444 4.21929723245501 R1
221 -0.344622758397789 0 5 6.66666666666667 4.83620604284897 R1
803 -0.348366507145808 0 3 3.71428571428571 2.05038572777248 R1
340 -0.358057437019716 0 4 4.90909090909091 2.53895273523072 R1
339 -0.358057437019716 0 4 4.90909090909091 2.53895273523072 R1
828 -0.358057437019716 0 4 5 2.79284800875379 R1
827 -0.358057437019716 0 4 5 2.79284800875379 R1
785 -0.358057437019716 0.489795918367347 4 5 2.79284800875379 R2
234 -0.359092423229804 0.612244897959184 4 5.27272727272727 3.5442888526578 R2
614 -0.369650031514888 0 7 10.9565217391304 10.7034259483651 R1
778 -0.389249472080762 0 3 4 2.56904651573302 R1
776 -0.389249472080762 0 3 4 2.56904651573302 R1
777 -0.389249472080762 0 3 4 2.56904651573302 R1
715 -0.390566732942472 0 5 6.5 3.8405728739343 R1
12 -0.390566732942472 0.408163265306122 5 6.5 3.8405728739343 R2
11 -0.390566732942472 0.277777777777778 5 6.5 3.8405728739343 R2
10 -0.390566732942472 0 5 6.5 3.8405728739343 R1
782 -0.397359707119514 0 5 6 2.51661147842358 R1
758 -0.408248290463858 0.48 3 3.14285714285714 0.349927106111886 R2
278 -0.408248290463858 0 3 3.14285714285714 0.349927106111886 R1
280 -0.408248290463858 0 3 3.14285714285714 0.349927106111886 R1
402 -0.408248290463858 0 3 3.14285714285714 0.349927106111886 R1
281 -0.408248290463858 0 3 3.14285714285714 0.349927106111886 R1
401 -0.408248290463858 0 3 3.14285714285714 0.349927106111886 R1
626 -0.408248290463863 0 2 2.57142857142857 1.39970842444753 R1
409 -0.408248290463863 0.5 2 2.57142857142857 1.39970842444753 R2
683 -0.420111994077667 0.448979591836735 5 7.47368421052632 5.8881542193461 R2
400 -0.420111994077667 0.58 5 7.47368421052632 5.8881542193461 R2
741 -0.420111994077667 0.277777777777778 5 7.47368421052632 5.8881542193461 R2
248 -0.420111994077667 0.277777777777778 5 7.47368421052632 5.8881542193461 R2
432 -0.424364999858523 0 9 11.6363636363636 6.21249075027996 R1
98 -0.425435629811517 0.653061224489796 3 5.22222222222222 5.22340412157474 R3
595 -0.425435629811517 0 3 5.22222222222222 5.22340412157474 R1
140 -0.425435629811517 0 3 5.22222222222222 5.22340412157474 R1
596 -0.425435629811517 0 3 5.22222222222222 5.22340412157474 R1
327 -0.463078061458211 0 6 10.9565217391304 10.7034259483651 R1
427 -0.464448472371996 0 4 5.63636363636363 3.52324043183202 R1
426 -0.464448472371996 0 4 5.63636363636363 3.52324043183202 R1
804 -0.464448472371996 0 4 5.63636363636363 3.52324043183202 R1
730 -0.464990554975277 0 4 4.88888888888889 1.91162783712058 R1
729 -0.464990554975277 0 4 4.88888888888889 1.91162783712058 R1
536 -0.468886103815301 0 6 7.86666666666667 3.98106630048897 R1
538 -0.468886103815301 0 6 7.86666666666667 3.98106630048897 R1
537 -0.468886103815301 0 6 7.86666666666667 3.98106630048897 R1
246 -0.468968305408439 0 4 5.6 3.4117444218464 R1
329 -0.468968305408439 0 4 5.6 3.4117444218464 R1
895 -0.470360434191798 0 5 5.83333333333333 1.77169096878911 R1
894 -0.470360434191798 0 5 5.83333333333333 1.77169096878911 R1
893 -0.470360434191798 0 5 5.83333333333333 1.77169096878911 R1
892 -0.470360434191798 0 5 5.83333333333333 1.77169096878911 R1
238 -0.470360434191798 0.46875 5 5.83333333333333 1.77169096878911 R2
150 -0.471404520791032 0.444444444444444 2 2.66666666666667 1.41421356237309 R2
198 -0.471404520791032 0.625 2 2.66666666666667 1.41421356237309 R3
479 -0.47628967220784 0 3 4.4 2.93938769133981 R1
463 -0.500000000000001 0 2 2.4 0.799999999999999 R1
588 -0.500000000000001 0 2 2.4 0.799999999999999 R1
462 -0.500000000000001 0 2 2.4 0.799999999999999 R1
589 -0.500000000000001 0 2 2.4 0.799999999999999 R1
212 -0.507576189144309 0.48 3 6 5.91044273581373 R2
549 -0.507576189144309 0 3 6 5.91044273581373 R1
550 -0.507576189144309 0 3 6 5.91044273581373 R1
99 -0.512147519731583 0.444444444444444 2 2.72727272727273 1.42004539561939 R2
514 -0.512147519731583 0 2 2.72727272727273 1.42004539561939 R1
50 -0.512147519731583 0.444444444444444 2 2.72727272727273 1.42004539561939 R2
146 -0.512147519731583 0 2 2.72727272727273 1.42004539561939 R1
472 -0.52484926789741 0 4 6.63636363636364 5.02308719401502 R1
455 -0.52484926789741 0 4 6.63636363636364 5.02308719401502 R1
185 -0.52484926789741 0.32 4 6.63636363636364 5.02308719401502 R2
586 -0.530088815243996 0.56 3 5.38461538461539 4.49852046683491 R2
688 -0.530088815243996 0 3 5.38461538461539 4.49852046683491 R1
541 -0.551396413436462 0.32 4 6.66666666666667 4.83620604284897 R2
40 -0.551396413436462 0.32 4 6.66666666666667 4.83620604284897 R2
791 -0.552176284033142 0 4 6.53333333333333 4.5879068090894 R1
325 -0.556506091401534 0 5 10.9565217391304 10.7034259483651 R1
478 -0.556506091401534 0 5 10.9565217391304 10.7034259483651 R1
885 -0.556506091401534 0 5 10.9565217391304 10.7034259483651 R1
454 -0.566138517072298 0 5 10 8.83176086632785 R1
283 -0.566138517072298 0 5 10 8.83176086632785 R1
600 -0.569651921139811 0 3 4.4 2.4576411454889 R1
713 -0.569651921139811 0 3 4.4 2.4576411454889 R1
750 -0.571428571428571 0 4 5.6 2.8 R1
734 -0.579348718464695 0 3 5.44444444444444 4.21929723245501 R1
546 -0.579348718464695 0 3 5.44444444444444 4.21929723245501 R1
735 -0.579348718464695 0 3 5.44444444444444 4.21929723245501 R1
64 -0.585331034287619 0.32 8 11.6363636363636 6.21249075027996 R2
579 -0.589944502321829 0.489795918367347 4 7.47368421052632 5.8881542193461 R2
706 -0.6168816632267 0 2 5.22222222222222 5.22340412157474 R1
819 -0.6168816632267 0 2 5.22222222222222 5.22340412157474 R1
302 -0.6168816632267 0.444444444444444 2 5.22222222222222 5.22340412157474 R2
587 -0.6168816632267 0 2 5.22222222222222 5.22340412157474 R1
357 -0.6168816632267 0 2 5.22222222222222 5.22340412157474 R1
54 -0.6168816632267 0.625 2 5.22222222222222 5.22340412157474 R3
241 -0.632455532033677 0.56 3 5 3.16227766016838 R2
422 -0.632455532033677 0 3 5 3.16227766016838 R1
322 -0.641236470053221 0.375 3 5.27272727272727 3.5442888526578 R2
324 -0.649934121344857 0 4 10.9565217391304 10.7034259483651 R1
868 -0.649934121344857 0 4 10.9565217391304 10.7034259483651 R1
869 -0.649934121344857 0 4 10.9565217391304 10.7034259483651 R1
477 -0.649934121344857 0 4 10.9565217391304 10.7034259483651 R1
476 -0.649934121344857 0 4 10.9565217391304 10.7034259483651 R1
867 -0.649934121344857 0 4 10.9565217391304 10.7034259483651 R1
447 -0.650944554904119 0 4 6.5 3.8405728739343 R1
45 -0.654653670707977 0.444444444444444 2 3 1.52752523165195 R2
42 -0.654653670707977 0.444444444444444 2 3 1.52752523165195 R2
176 -0.654653670707977 0 2 3 1.52752523165195 R1
585 -0.654653670707977 0 2 3 1.52752523165195 R1
82 -0.659126164532412 0 8 10.8888888888889 4.38290731629245 R1
603 -0.659126164532412 0 8 10.8888888888889 4.38290731629245 R1
918 -0.667408644266 0 2 3.81818181818182 2.72424073886758 R1
674 -0.667408644266 0.444444444444444 2 3.81818181818182 2.72424073886758 R2
196 -0.667423812471915 0 3 5.33333333333333 3.4960294939005 R1
551 -0.676768252192412 0 2 6 5.91044273581373 R1
216 -0.676768252192412 0 2 6 5.91044273581373 R1
217 -0.679366220486757 0 4 10 8.83176086632785 R1
851 -0.683130051063973 0.444444444444444 2 3.27272727272727 1.8630819574472 R2
240 -0.683130051063973 0.444444444444444 2 3.27272727272727 1.8630819574472 R2
239 -0.683130051063973 0.444444444444444 2 3.27272727272727 1.8630819574472 R2
482 -0.685994340570032 0.444444444444444 6 6.8 1.16619037896907 R2
707 -0.688247201611685 0 2 3.5 2.17944947177034 R1
718 -0.707106781186548 0 1 1.33333333333333 0.471404520791032 R1
781 -0.707106781186548 0 3 4.5 2.12132034355964 R1
154 -0.707106781186548 0 1 1.33333333333333 0.471404520791032 R1
780 -0.707106781186548 0 3 4.5 2.12132034355964 R1
841 -0.707106781186548 0 3 4.5 2.12132034355964 R1
820 -0.707106781186548 0 1 1.33333333333333 0.471404520791032 R1
779 -0.707106781186548 0 3 4.5 2.12132034355964 R1
639 -0.707106781186548 0 1 1.33333333333333 0.471404520791032 R1
631 -0.707106781186548 0 3 4.5 2.12132034355964 R1
824 -0.716114874039433 0 3 5 2.79284800875379 R1
582 -0.72007508800207 0 5 7.86666666666667 3.98106630048897 R1
650 -0.72007508800207 0 5 7.86666666666667 3.98106630048897 R1
651 -0.72007508800207 0 5 7.86666666666667 3.98106630048897 R1
315 -0.72007508800207 0 5 7.86666666666667 3.98106630048897 R1
393 -0.723930024686083 0 3 6.63636363636364 5.02308719401502 R1
257 -0.746297068716714 0 7 11.6363636363636 6.21249075027996 R1
433 -0.747878355013905 0 5 8 4.01134754052913 R1
655 -0.747878355013905 0 5 8 4.01134754052913 R1
710 -0.748278094377106 0 3 5.63636363636363 3.52324043183202 R1
580 -0.751920617741404 0 3 4.90909090909091 2.53895273523072 R1
843 -0.752384124862447 0 2 5.38461538461539 4.49852046683491 R1
43 -0.754585722534773 0.666666666666667 4 7.23076923076923 4.28151386156177 R3
416 -0.754585722534773 0.444444444444444 4 7.23076923076923 4.28151386156177 R2
413 -0.754585722534773 0 4 7.23076923076923 4.28151386156177 R1
900 -0.754585722534773 0 4 7.23076923076923 4.28151386156177 R1
220 -0.758170068475135 0.375 3 6.66666666666667 4.83620604284897 R2
96 -0.758170068475135 0.611111111111111 3 6.66666666666667 4.83620604284897 R2
308 -0.758170068475135 0 3 6.66666666666667 4.83620604284897 R1
516 -0.759777010565992 0 3 7.47368421052632 5.8881542193461 R1
170 -0.769437850775 0 5 9.84615384615385 6.29830445860268 R1
228 -0.770140606677803 0 3 6.53333333333333 4.5879068090894 R1
814 -0.778498944161524 0.625 2 4 2.56904651573302 R3
678 -0.792593923901217 0 3 10 8.83176086632785 R1
679 -0.792593923901217 0 3 10 8.83176086632785 R1
284 -0.792593923901217 0 3 10 8.83176086632785 R1
535 -0.804973330477644 0 3 5.42857142857143 3.01695886884898 R1
830 -0.816355012382071 0 2 5.44444444444444 4.21929723245501 R1
922 -0.816355012382071 0 2 5.44444444444444 4.21929723245501 R1
829 -0.816355012382071 0 2 5.44444444444444 4.21929723245501 R1
444 -0.816496580927726 0 2 4.4 2.93938769133981 R1
811 -0.816496580927726 0 2 4.4 2.93938769133981 R1
46 -0.816496580927726 0 2 4.4 2.93938769133981 R1
605 -0.816496580927729 0 4 4.4 0.489897948556634 R1
606 -0.816496580927729 0 4 4.4 0.489897948556634 R1
604 -0.816496580927729 0 4 4.4 0.489897948556634 R1
784 -0.83607961714994 0 2 3.71428571428571 2.05038572777248 R1
489 -0.83607961714994 0 2 3.71428571428571 2.05038572777248 R1
487 -0.83607961714994 0 2 3.71428571428571 2.05038572777248 R1
767 -0.84444074320012 0 3 6.25 3.84870107958516 R1
916 -0.84444074320012 0 3 6.25 3.84870107958516 R1
332 -0.84444074320012 0 3 6.25 3.84870107958516 R1
437 -0.878989690222113 0 2 5.41176470588235 3.88146157325262 R1
558 -0.878989690222113 0 2 5.41176470588235 3.88146157325262 R1
557 -0.878989690222113 0 2 5.41176470588235 3.88146157325262 R1
270 -0.878989690222113 0 2 5.41176470588235 3.88146157325262 R1
269 -0.878989690222113 0 2 5.41176470588235 3.88146157325262 R1
439 -0.878989690222113 0 2 5.41176470588235 3.88146157325262 R1
756 -0.923010781474755 0 2 6.63636363636364 5.02308719401502 R1
612 -0.923010781474755 0 2 6.63636363636364 5.02308719401502 R1
508 -0.923380516876639 0 2 5.27272727272727 3.5442888526578 R1
507 -0.923380516876639 0 2 5.27272727272727 3.5442888526578 R1
590 -0.928571428571428 0 3 5.6 2.8 R1
591 -0.928571428571428 0 3 5.6 2.8 R1
765 -0.929609518810156 0.444444444444444 2 7.47368421052632 5.8881542193461 R2
831 -0.929609518810156 0 2 7.47368421052632 5.8881542193461 R1
909 -0.929609518810156 0 2 7.47368421052632 5.8881542193461 R1
917 -0.930218211174827 0 1 10.9565217391304 10.7034259483651 R1
109 -0.930218211174827 0 1 10.9565217391304 10.7034259483651 R1
766 -0.948683298050515 0 2 5 3.16227766016838 R1
620 -0.948683298050515 0 2 5 3.16227766016838 R1
775 -0.953462589245593 0.444444444444444 2 5.33333333333333 3.4960294939005 R2
222 -0.964943723513808 0 2 6.66666666666667 4.83620604284897 R1
581 -0.971264072188839 0 4 7.86666666666667 3.98106630048897 R1
652 -0.971264072188839 0 4 7.86666666666667 3.98106630048897 R1
565 -0.974679434480897 0 1 5.38461538461539 4.49852046683491 R1
774 -0.974679434480897 0 1 5.38461538461539 4.49852046683491 R1
113 -0.976092160357725 0.56 3 8.5 5.63471383479232 R2
59 -0.976546150525391 0 2 4.4 2.4576411454889 R1
660 -0.983869910099908 0.32 4 7.66666666666667 3.72677996249965 R2
167 -0.983869910099908 0 4 7.66666666666667 3.72677996249965 R1
169 -0.983869910099908 0 4 7.66666666666667 3.72677996249965 R1
166 -0.983869910099908 0 4 7.66666666666667 3.72677996249965 R1
742 -0.988104929322465 0 2 6.53333333333333 4.5879068090894 R1
406 -0.988104929322465 0 2 6.53333333333333 4.5879068090894 R1
684 -0.988147969986012 0 3 7.23076923076923 4.28151386156177 R1
817 -0.988147969986012 0.48 3 7.23076923076923 4.28151386156177 R2
837 -0.988147969986012 0 3 7.23076923076923 4.28151386156177 R1
418 -0.99717114001854 0 4 8 4.01134754052913 R1
417 -0.99717114001854 0 4 8 4.01134754052913 R1
865 -0.99717114001854 0 4 8 4.01134754052913 R1
419 -0.99717114001854 0 4 8 4.01134754052913 R1
890 -1 0 2 3 1 R1
504 -1 0.48 2 3 1 R2
372 -1 0 2 3 0.999999999999998 R1
371 -1 0 2 3 0.999999999999998 R1
623 -1.03209369308428 0 1 2.4 1.35646599662505 R1
825 -1.0344833986123 0 1 3.81818181818182 2.72424073886758 R1
677 -1.0344833986123 0 1 3.81818181818182 2.72424073886758 R1
884 -1.0344833986123 0.5 1 3.81818181818182 2.72424073886758 R2
259 -1.03479295522196 0 4 5.83333333333333 1.77169096878911 R1
858 -1.03479295522196 0 4 5.83333333333333 1.77169096878911 R1
258 -1.03479295522196 0 4 5.83333333333333 1.77169096878911 R1
567 -1.05336130629945 0 1 5.44444444444444 4.21929723245501 R1
554 -1.05336130629945 0.5 1 5.44444444444444 4.21929723245501 R2
497 -1.05409255338946 0 2 4 1.89736659610103 R1
680 -1.05517868716899 0 2 5.6 3.4117444218464 R1
801 -1.0690449676497 0.5 1 2.33333333333333 1.24721912892465 R2
709 -1.07264243704638 0 2 4.90909090909091 2.71207888912296 R1
866 -1.07264243704638 0.444444444444444 2 4.90909090909091 2.71207888912296 R2
583 -1.07417231105915 0.444444444444444 2 5 2.79284800875379 R2
653 -1.08698363045992 0.375 3 9.84615384615385 6.29830445860268 R2
877 -1.08698363045992 0 3 9.84615384615385 6.29830445860268 R1
878 -1.08698363045992 0 3 9.84615384615385 6.29830445860268 R1
515 -1.09944202705432 0 1 7.47368421052632 5.8881542193461 R1
405 -1.10426866418477 0.444444444444444 2 6.25 3.84870107958516 R2
403 -1.10426866418477 0.444444444444444 2 6.25 3.84870107958516 R2
377 -1.12209153826343 0.666666666666667 1 6.63636363636364 5.02308719401502 R3
173 -1.12209153826343 0 1 6.63636363636364 5.02308719401502 R1
842 -1.12268279877562 0 1 2.57142857142857 1.39970842444753 R1
41 -1.12268279877562 0.666666666666667 1 2.57142857142857 1.39970842444753 R3
127 -1.13592366849413 0 2 6 3.5213633723318 R1
876 -1.13592366849413 0.444444444444444 2 6 3.5213633723318 R2
85 -1.13592366849413 0 2 6 3.5213633723318 R1
534 -1.13643293714491 0 2 5.42857142857143 3.01695886884898 R1
341 -1.14578379846309 0 2 4.90909090909091 2.53895273523072 R1
287 -1.14578379846309 0 2 4.90909090909091 2.53895273523072 R1
374 -1.14578379846309 0 2 4.90909090909091 2.53895273523072 R1
805 -1.1468108376172 0 4 7.71428571428571 3.23879544250133 R1
445 -1.1468108376172 0 4 7.71428571428571 3.23879544250133 R1
509 -1.14707866935281 0 1 3.5 2.17944947177034 R1
20 -1.14707866935281 0 1 3.5 2.17944947177034 R1
641 -1.15356346224095 0 2 8.5 5.63471383479232 R1
640 -1.15356346224095 0 2 8.5 5.63471383479232 R1
459 -1.15356346224095 0 2 8.5 5.63471383479232 R1
708 -1.15670348964761 0.666666666666667 1 4.4 2.93938769133981 R3
369 -1.16666666666667 0.5 1 2.4 1.2 R2
368 -1.16666666666667 0 1 2.4 1.2 R1
613 -1.16774841624229 0 1 4 2.56904651573302 R1
649 -1.17170019882741 0 2 6.5 3.8405728739343 R1
619 -1.17851130197758 0 1 2.66666666666667 1.41421356237309 R1
282 -1.17851130197758 0 1 2.66666666666667 1.41421356237309 R1
457 -1.20552456370006 0.5 1 5.27272727272727 3.5442888526578 R2
460 -1.20606925196713 0 1 6.53333333333333 4.5879068090894 R1
698 -1.21635035936251 0 1 2.72727272727273 1.42004539561939 R1
599 -1.21635035936251 0 1 2.72727272727273 1.42004539561939 R1
342 -1.21987509118567 0 1 3.27272727272727 1.8630819574472 R1
188 -1.21987509118567 0.5 1 3.27272727272727 1.8630819574472 R2
121 -1.22474487139159 0 1 2 0.816496580927726 R1
66 -1.229195172004 0 4 11.6363636363636 6.21249075027996 R1
410 -1.23950136601927 0 1 5.33333333333333 3.4960294939005 R1
186 -1.24646392502317 0.48 3 8 4.01134754052913 R2
443 -1.30654915983698 0.444444444444444 2 5.25 2.48746859276655 R2
285 -1.31593733838732 0 1 5.63636363636363 3.52324043183202 R1
267 -1.33103476412417 0 1 8.5 5.63471383479232 R1
446 -1.33630620956212 0 1 2.66666666666667 1.24721912892465 R1
846 -1.34164078649987 0.444444444444444 2 3.71428571428571 1.27775312999988 R2
847 -1.34164078649987 0.444444444444444 2 3.71428571428571 1.27775312999988 R2
664 -1.34164078649987 0 2 5 2.23606797749979 R1
663 -1.34164078649987 0 2 5 2.23606797749979 R1
559 -1.34828387804926 0 1 5.6 3.4117444218464 R1
897 -1.34828387804926 0 1 5.6 3.4117444218464 R1
681 -1.36409658516942 0.5 1 6.25 3.84870107958516 R2
60 -1.38344037991097 0 1 4.4 2.4576411454889 R1
152 -1.40452941014484 0 1 9.84615384615385 6.29830445860268 R1
458 -1.41421356237309 0 2 2.66666666666667 0.471404520791032 R1
861 -1.41421356237309 0 2 2.66666666666667 0.471404520791032 R1
428 -1.41421356237309 0 2 2.66666666666667 0.471404520791032 R1
193 -1.41421356237309 0 1 2 0.707106781186548 R1
296 -1.41421356237309 0 3 4 0.707106781186548 R1
468 -1.41421356237309 0 1 2 0.707106781186548 R1
891 -1.41421356237309 0 1 2 0.707106781186548 R1
899 -1.41421356237309 0.666666666666667 1 2 0.707106781186548 R3
864 -1.41421356237309 0 1 2 0.707106781186548 R1
553 -1.43207802078906 0 1 6.5 3.8405728739343 R1
896 -1.43222974807887 0.666666666666667 1 5 2.79284800875379 R3
732 -1.43721041274122 0.625 2 5.81818181818182 2.65666167203681 R3
654 -1.43721041274122 0.72 2 5.81818181818182 2.65666167203681 R3
343 -1.44136327478108 0 1 4.90909090909091 2.71207888912296 R1
790 -1.46789254381217 0 1 5.42857142857143 3.01695886884898 R1
136 -1.51121930366965 0 2 4.88888888888889 1.91162783712058 R1
230 -1.51121930366965 0 2 4.88888888888889 1.91162783712058 R1
912 -1.52052622469986 0.444444444444444 2 7.66666666666667 3.72677996249965 R2
813 -1.539600717839 0 2 4.28571428571429 1.48461497791618 R1
812 -1.539600717839 0 2 4.28571428571429 1.48461497791618 R1
840 -1.54348726628257 0 5 6.8 1.16619037896907 R1
386 -1.55112724086219 0 2 11.6363636363636 6.21249075027996 R1
906 -1.58113883008419 0 1 4 1.89736659610103 R1
362 -1.58113883008419 0 1 4 1.89736659610103 R1
855 -1.63299316185545 0 3 5 1.22474487139159 R1
743 -1.66666666666667 0 1 3.5 1.5 R1
792 -1.66666666666667 0 1 3.5 1.5 R1
88 -1.69774937525433 0 3 6.5 2.06155281280883 R1
473 -1.70856428594066 0 1 5.25 2.48746859276655 R1
491 -1.73205080756888 0 6 7.5 0.866025403784439 R1
542 -1.74504949503244 0 1 8 4.01134754052913 R1
826 -1.79992144930005 0 3 10.8888888888889 4.38290731629245 R1
584 -1.85933936040274 0 1 4.66666666666667 1.97202659436654 R1
856 -1.90500190500285 0.666666666666667 1 3.14285714285714 1.12485826771597 R3
120 -1.98679853559757 0 1 6 2.51661147842358 R1
789 -2.44948974278318 0.244897959183674 6 10.2857142857143 1.74963553055941 R2
376 -2.59272486435067 0.545454545454546 7 12.5 2.12132034355964 R2
