*Vertices 145
0.0474695
0.0356483
0.0354636
0.0345401
0.030846
0.0265977
0.0240118
0.0240118
0.0236424
0.0223495
0.0219801
0.0214259
0.0203177
0.0197636
0.0195789
0.0192095
0.0192095
0.0184706
0.0184706
0.0175471
0.0151459
0.0142224
0.0142224
0.013853
0.0134836
0.0134836
0.01256
0.01256
0.0120059
0.0120059
0.0118212
0.0112671
0.0103436
0.0103436
0.00997414
0.00978943
0.00942002
0.0088659
0.0086812
0.00849649
0.00849649
0.00812708
0.00812708
0.00794237
0.00757296
0.00738825
0.00738825
0.00720355
0.00720355
0.00701884
0.00683413
0.00664943
0.00664943
0.00646472
0.00646472
0.00646472
0.0057259
0.0057259
0.00554119
0.00554119
0.00535648
0.00517178
0.00480236
0.00461766
0.00443295
0.00424825
0.00424825
0.00406354
0.00387883
0.00369413
0.00369413
0.00350942
0.00332471
0.00277059
0.00258589
0.00258589
0.00258589
0.00258589
0.00240118
0.00240118
0.00221648
0.00221648
0.00221648
0.00221648
0.00221648
0.00184706
0.00147765
0.00147765
0.00147765
0.00147765
0.00147765
0.00147765
0.00147765
0.00129294
0.00129294
0.00110824
0.00110824
0.00110824
0.00110824
0.00110824
0.00110824
0.00110824
0.00110824
0.00110824
0.00110824
0.00110824
0.00110824
0.00110824
0.000738825
0.000738825
0.000738825
0.000738825
0.000369413
0.000369413
0.000369413
0.000369413
0.000369413
0.000369413
0.000369413
0.000369413
0.000369413
0.000369413
0.000369413
0.000369413
0.000369413
0.000369413
0.000369413
0.000369413
0.000369413
0.000369413
0.000369413
0.000369413
0.000369413
0.000369413
0.000369413
0.000369413
0.000369413
0.000369413
0.000369413
0.000369413
0.000369413
0.000369413
0.000369413
0.000369413
0.000369413
