*Vertices 922
5
16
4
4
4
28
23
1
1
5
6
7
15
10
31
7
27
44
9
1
19
28
14
19
11
12
8
21
8
8
8
8
8
12
13
15
20
14
10
5
3
3
9
7
3
2
14
9
4
3
6
7
29
4
3
3
3
3
2
1
17
6
32
10
23
4
3
2
2
13
11
6
6
12
13
23
11
7
10
7
13
8
14
10
2
12
10
3
8
10
4
3
4
8
12
6
27
7
3
4
13
10
10
1
1
2
2
2
1
44
14
17
5
10
16
7
7
7
9
1
1
3
3
3
3
4
2
5
7
5
7
7
9
6
6
2
19
6
6
3
9
7
5
26
6
2
4
12
20
3
11
1
2
1
1
1
7
7
7
7
7
7
7
7
21
4
4
13
4
5
14
11
1
5
4
2
12
9
17
7
6
9
6
19
5
5
5
2
6
6
4
3
1
7
10
3
11
4
8
11
17
9
2
2
2
9
9
1
1
13
6
5
4
3
6
2
4
19
25
4
5
2
1
1
9
9
23
3
5
2
4
4
5
7
17
14
14
8
3
3
5
1
1
8
10
4
8
6
9
14
14
31
10
19
15
17
7
4
4
8
8
8
5
13
5
9
1
16
2
2
10
4
22
6
4
3
3
3
4
3
3
1
5
3
1
6
2
6
6
2
2
2
8
5
7
3
6
6
6
1
1
3
15
16
11
11
35
3
5
5
5
5
5
16
5
16
1
1
2
2
2
4
5
4
5
17
6
10
4
6
6
3
11
9
12
17
10
5
4
4
2
1
1
5
10
15
7
11
10
6
13
7
7
9
25
11
2
12
7
11
4
1
4
7
4
4
4
1
2
10
2
2
5
2
9
11
3
13
7
5
3
3
7
2
2
2
9
7
9
7
5
5
3
1
1
1
1
1
1
10
3
3
3
21
3
2
8
9
4
1
5
5
4
10
16
6
4
4
4
10
13
3
5
8
8
4
4
2
4
4
14
9
5
10
8
10
2
12
2
4
5
12
3
2
4
1
4
1
1
5
12
1
1
5
4
8
2
2
2
1
4
2
2
5
5
5
5
1
6
6
6
4
1
1
1
4
4
5
3
8
8
9
8
8
5
2
2
8
2
8
6
8
8
2
2
10
2
2
2
2
8
8
2
5
16
7
2
2
1
4
1
1
3
2
1
3
7
4
4
8
4
3
3
3
3
2
2
2
1
1
2
2
2
2
3
6
6
6
1
1
5
1
10
5
11
3
11
7
3
3
2
5
1
2
6
5
2
2
1
1
1
2
2
2
1
10
1
6
6
5
5
5
5
5
5
5
4
4
7
3
4
5
3
1
2
5
2
2
2
3
3
6
6
6
3
3
4
10
1
3
5
10
8
4
4
4
5
5
5
5
5
2
1
7
19
4
4
5
1
2
4
4
1
12
17
2
5
6
9
6
3
1
1
13
12
12
12
12
1
2
2
1
1
13
13
13
13
13
2
5
5
4
4
5
5
19
4
11
11
5
11
14
2
2
6
6
5
9
13
9
9
10
12
3
6
10
1
3
3
2
2
10
7
3
4
14
6
3
9
9
2
2
5
5
5
5
5
1
5
3
3
3
6
4
4
2
2
3
2
3
5
8
3
7
5
5
5
1
2
1
1
5
4
4
4
4
4
6
4
4
6
4
5
3
3
1
1
9
1
1
6
2
1
2
2
2
7
7
7
4
1
1
2
2
2
2
3
5
4
8
8
8
8
8
3
2
3
4
4
10
2
2
2
1
3
3
3
3
3
3
3
5
5
2
7
3
3
4
7
1
4
1
12
11
11
11
11
11
11
9
2
4
3
4
4
1
1
1
1
8
2
2
2
4
1
1
5
5
2
1
10
13
6
3
1
3
4
4
2
2
2
2
2
3
2
2
3
1
1
5
3
1
2
3
5
3
3
2
5
2
3
3
3
3
3
3
9
4
3
3
2
4
3
1
4
3
4
4
4
1
1
2
2
2
8
3
3
3
6
4
4
2
2
2
5
4
4
1
1
2
1
5
5
5
5
3
1
6
3
4
3
3
3
1
1
1
1
1
2
2
2
3
7
1
1
3
1
2
5
3
3
2
