127 1
71 0
882 0
560 0
1178 0
898 0
1387 0
463 0
1273 0
458 0
451 1
454 0
1364 0
1408 0
722 0
1363 0
634 0
578 0
695 0
978 0
1244 0
742 0
378 0
29 0
325 0
889 0
350 0
540 0
58 0
684 0
211 0
153 0
861 0
337 0
101 1
340 0
76 1
311 0
982 0
571 0
1214 0
389 0
917 0
495 0
1345 0
966 0
1322 0
992 0
758 0
236 1
218 1
14 1
834 0
285 1
234 0
594 0
2002 0
96 0
486 1
1354 0
160 0
569 0
8 2
98 1
1278 0
1000 0
43 0
686 0
1396 0
391 0
943 0
193 0
288 1
119 0
586 0
180 1
410 0
246 0
999 0
690 0
61 0
430 0
447 0
536 0
1315 0
415 0
1266 0
189 0
1292 0
1356 0
480 0
438 0
107 1
87 1
508 0
953 0
1336 0
221 1
39 0
1424 0
558 0
417 0
12 1
260 0
573 0
1144 0
762 0
638 0
734 0
875 0
1 1
506 0
116 1
136 1
144 1
661 0
381 0
581 0
308 0
906 0
1349 0
177 0
678 0
373 0
773 0
1247 0
205 0
22 1
1973 0
927 0
1309 0
301 1
51 0
456 0
874 0
652 0
975 0
493 0
796 0
366 0
844 0
1390 0
272 0
775 0
746 0
919 0
400 1
534 1
20 0
888 0
633 0
1372 0
151 1
468 0
1285 0
700 0
287 1
475 0
78 1
1380 0
990 0
413 0
294 1
764 0
349 0
932 0
1959 0
2075 0
138 1
1383 0
606 0
137 0
1803 0
724 0
666 0
432 0
519 0
17 1
1327 0
110 0
333 0
710 0
323 0
856 0
112 1
191 1
545 1
187 1
588 0
646 0
756 0
446 0
262 0
1283 0
212 1
542 0
1305 0
961 0
1288 0
574 0
170 0
33 1
660 0
7 0
26 2
227 0
977 0
566 0
255 0
264 1
359 0
182 1
108 0
604 0
1001 0
556 0
232 0
477 0
1338 0
671 0
225 1
330 0
207 0
142 0
167 0
48 1
360 0
692 1
663 0
854 0
969 0
766 0
510 0
393 0
658 0
274 0
549 0
877 0
659 0
682 0
353 0
375 0
984 0
946 0
128 1
250 0
303 0
1361 0
614 0
501 0
1313 0
278 0
490 0
155 0
130 1
387 0
1373 0
53 0
1302 0
626 0
1397 0
1294 0
461 0
583 0
257 0
1358 0
951 0
85 1
425 0
591 0
832 0
736 0
539 0
828 0
276 0
102 0
520 0
532 1
1404 0
55 0
259 1
57 0
424 0
872 0
163 0
1402 0
1146 0
1836 0
395 0
89 1
175 0
584 0
988 0
35 1
1421 0
347 0
1333 0
665 0
434 0
865 0
904 0
930 0
442 0
649 0
1572 0
689 0
642 0
886 0
1318 0
648 0
1329 0
198 1
939 0
811 0
913 0
2010 0
249 0
361 0
202 0
465 0
184 1
819 0
894 0
1298 0
140 1
1269 0
181 0
412 0
954 0
385 0
1359 0
307 1
801 0
985 0
971 0
2041 0
154 1
830 0
754 0
2062 0
847 0
479 0
326 0
1378 0
1003 0
681 0
619 0
335 0
5 2
698 0
621 0
524 0
554 0
552 0
598 0
240 0
74 2
890 0
440 0
230 0
1289 0
115 1
299 0
377 0
1282 0
922 0
602 0
841 0
1311 0
1394 0
1350 0
612 0
1391 0
936 0
91 1
1277 0
1240 0
467 0
481 0
474 0
214 1
564 0
817 0
563 0
731 0
1967 0
657 0
229 0
768 0
673 0
503 0
68 2
2059 0
315 0
338 0
1347 0
761 0
1996 0
576 0
222 0
25 1
1415 0
484 0
305 0
928 0
2065 0
544 0
623 0
217 0
328 0
239 0
122 0
628 0
281 0
269 0
878 0
1730 0
158 0
363 0
46 0
1316 0
733 0
630 0
36 1
997 0
1418 0
1368 0
748 0
472 1
317 0
608 0
132 0
1254 0
892 0
1314 0
546 0
537 0
522 0
125 0
1423 0
44 0
667 0
741 0
998 0
2008 0
1280 0
313 0
529 0
987 0
1324 0
397 1
1335 0
908 0
459 1
284 0
1340 0
247 1
165 0
289 1
2 1
771 0
401 0
845 0
186 1
1249 0
147 2
973 0
1291 0
915 0
319 0
735 0
404 0
516 0
974 0
702 0
344 1
636 0
1406 0
561 0
209 0
357 0
1307 0
117 0
455 0
600 0
80 0
336 1
457 0
1301 0
383 0
696 0
963 0
297 0
92 1
980 0
10 2
550 0
1164 0
505 0
670 0
1094 0
958 0
1736 0
419 0
995 0
837 0
290 0
625 0
592 0
149 1
712 0
210 0
406 0
173 1
530 0
66 0
19 2
763 0
470 1
1287 0
654 0
570 0
1880 0
252 0
883 0
283 0
2048 0
156 0
655 0
421 0
59 0
2091 0
1998 0
1367 0
271 0
491 0
219 0
13 0
105 0
925 0
840 0
597 0
390 1
111 1
1411 0
408 0
38 1
196 1
945 0
242 0
559 0
32 1
206 1
118 1
443 0
959 0
358 0
1065 0
331 0
737 0
767 0
580 0
2070 0
84 0
437 0
194 1
220 0
1312 0
846 0
31 1
934 0
1296 0
948 0
1303 0
572 0
968 0
675 0
226 0
15 0
431 0
527 0
382 1
62 1
833 0
139 1
129 1
548 0
926 0
859 0
1293 0
876 0
662 0
418 0
933 0
168 1
1357 0
135 0
348 0
145 1
49 0
178 0
2052 0
124 1
772 0
627 0
993 0
1308 0
2117 0
1934 0
1374 0
23 1
364 1
388 0
653 0
950 0
509 0
367 0
976 0
940 0
485 0
685 0
21 2
460 1
453 1
1389 0
324 0
723 0
244 1
637 0
351 0
595 0
488 0
752 0
835 0
379 0
1386 0
1032 0
113 1
901 0
152 0
342 0
452 0
1419 0
295 0
579 0
341 0
535 0
77 0
683 0
541 0
64 1
765 0
881 0
897 0
312 0
45 1
405 0
507 0
237 0
370 0
309 0
567 0
416 0
100 2
380 0
914 0
300 0
1279 0
965 0
824 0
286 0
120 1
1148 0
392 0
254 0
1321 0
1365 0
1407 0
496 0
605 0
607 0
42 1
644 0
759 0
851 0
399 0
235 1
694 0
436 0
1342 0
213 1
94 0
1968 0
816 0
568 0
296 0
265 0
171 0
1355 0
916 0
386 0
2043 0
445 0
200 0
1339 0
1352 0
329 0
2012 0
27 0
161 1
582 0
1884 0
1310 0
109 0
2115 0
441 0
868 0
672 0
1140 0
769 0
275 1
983 0
803 0
197 0
853 0
751 0
60 1
691 0
1400 0
1388 0
346 1
911 0
1295 0
427 0
2072 0
677 0
907 0
82 0
650 0
590 0
895 0
69 0
664 0
1790 0
224 0
79 0
617 0
1420 0
352 0
126 0
426 0
251 0
369 1
996 0
279 0
651 0
176 1
2069 0
956 0
629 0
483 0
498 0
947 0
256 1
372 0
920 0
1284 0
428 0
1330 0
887 0
99 0
72 1
500 0
869 0
533 0
918 0
1413 0
1275 0
1697 0
414 0
462 0
843 0
1362 0
263 0
632 0
991 0
394 0
1371 0
610 0
931 0
615 0
50 1
476 0
1409 0
293 0
1299 0
967 0
322 0
645 0
1326 0
469 0
635 0
575 0
1382 0
979 0
28 1
40 2
310 0
192 0
589 0
215 0
687 0
960 0
150 1
245 0
543 0
267 0
2044 0
354 0
1344 0
757 0
332 0
9 1
1965 0
34 0
745 0
603 0
90 0
565 0
620 0
1410 0
1346 0
850 0
937 0
1004 0
891 0
16 1
730 0
1360 0
921 0
233 1
368 0
316 0
994 0
611 0
1370 0
849 0
11 1
492 0
208 0
511 0
842 0
93 0
899 0
292 0
2000 0
291 0
374 0
114 0
199 1
429 0
1306 0
1328 0
1899 0
73 0
409 0
67 1
241 0
812 0
489 0
585 0
327 1
1970 0
944 0
1281 0
732 0
674 0
1317 0
280 0
957 0
273 0
471 0
622 0
970 0
24 0
1416 0
104 1
1325 0
131 1
502 0
1286 0
314 0
355 0
159 0
553 0
555 0
47 2
37 0
855 0
270 0
195 1
538 0
679 0
680 0
831 0
521 0
1332 0
162 0
433 0
647 0
1399 0
334 0
986 0
103 0
201 0
1401 0
423 0
1319 0
1529 0
902 0
827 0
2077 0
266 0
1353 0
174 0
422 0
905 0
97 0
41 1
668 0
52 0
688 0
750 0
302 0
774 0
866 0
910 0
693 1
1341 0
593 0
770 0
188 0
402 0
641 0
893 0
838 0
616 0
640 0
83 1
870 0
1384 0
896 0
2068 0
1385 0
962 0
755 0
777 0
143 0
464 0
1403 0
6 1
1304 0
183 0
497 0
362 0
439 0
1379 0
169 0
411 0
478 0
384 0
398 0
836 0
955 0
942 0
1376 0
407 0
18 2
376 1
912 0
785 0
599 0
1930 0
587 0
609 0
1393 0
190 0
95 1
298 0
923 0
601 0
243 0
231 1
551 0
148 0
343 1
753 0
504 0
697 0
1343 0
981 0
726 0
106 1
157 0
964 0
65 1
935 0
203 0
261 0
81 0
321 0
624 0
792 0
86 1
1300 0
371 0
656 0
204 1
1990 0
435 0
924 0
885 0
884 0
1412 0
339 0
228 1
760 0
863 0
749 0
531 0
268 0
829 0
345 0
172 1
596 0
1297 0
2111 0
1366 0
223 0
1862 0
613 0
721 0
282 0
669 0
420 0
121 0
639 0
952 0
989 0
494 0
487 0
1348 0
238 0
577 0
253 0
448 0
1417 0
216 0
852 0
643 0
63 1
179 0
676 0
277 0
879 0
938 0
1183 0
1290 0
929 0
133 0
123 1
304 0
631 0
547 1
396 0
258 0
1422 0
482 0
949 0
499 0
56 1
1369 0
54 1
1151 0
306 1
1204 0
70 0
839 0
1276 0
166 0
88 0
30 0
141 0
909 0
403 0
466 0
1124 0
134 1
75 1
618 0
848 0
450 0
1323 0
1405 0
703 0
900 0
318 0
972 0
473 0
1377 0
185 1
3 3
248 0
146 0
1351 0
356 0
4 3
528 0
