127 19
71 13
882 4
560 5
1178 4
898 5
1387 4
463 7
1273 4
458 11
451 11
454 7
1364 3
1408 3
722 4
1363 3
634 6
578 5
695 7
978 5
1244 4
742 6
378 6
29 30
325 10
889 4
350 6
540 7
58 15
684 4
211 9
153 10
861 4
337 10
101 17
340 9
76 18
311 10
982 3
571 7
1214 3
389 8
917 5
495 6
1345 3
966 4
1322 4
992 4
758 6
236 15
218 15
14 16
834 6
285 15
234 12
594 5
2002 3
96 12
486 10
1354 4
160 13
569 9
8 38
98 16
1278 5
1000 6
43 18
686 4
1396 4
391 10
943 5
193 12
288 15
119 13
586 8
180 17
410 11
246 10
999 5
690 5
61 17
430 6
447 6
536 6
1315 3
415 9
1266 4
189 12
1292 3
1356 3
480 5
438 7
107 15
87 14
508 4
953 4
1336 3
221 16
39 27
1424 3
558 7
417 10
12 25
260 8
573 10
1144 3
762 6
638 5
734 5
875 5
1 43
506 8
116 16
136 16
144 17
661 7
381 11
581 5
308 16
906 5
1349 3
177 13
678 4
373 6
773 4
1247 4
205 13
22 26
1973 3
927 4
1309 4
301 15
51 16
456 6
874 5
652 5
975 5
493 7
796 5
366 6
844 4
1390 3
272 11
775 6
746 4
919 5
400 11
534 10
20 26
888 4
633 4
1372 3
151 21
468 6
1285 5
700 6
287 14
475 8
78 24
1380 3
990 3
413 12
294 11
764 4
349 11
932 6
1959 3
2075 3
138 17
1383 3
606 8
137 9
1803 3
724 4
666 5
432 9
519 6
17 28
1327 4
110 12
333 8
710 5
323 7
856 4
112 14
191 15
545 11
187 13
588 5
646 5
756 6
446 7
262 11
1283 5
212 15
542 7
1305 3
961 3
1288 5
574 6
170 13
33 25
660 7
7 14
26 34
227 15
977 5
566 10
255 9
264 13
359 11
182 16
108 14
604 5
1001 6
556 7
232 11
477 7
1338 3
671 4
225 11
330 8
207 7
142 14
167 11
48 33
360 14
692 9
663 7
854 5
969 3
766 6
510 6
393 10
658 6
274 9
549 9
877 4
659 5
682 5
353 16
375 12
984 4
946 4
128 18
250 14
303 9
1361 3
614 7
501 5
1313 3
278 8
490 6
155 11
130 20
387 6
1373 3
53 13
1302 4
626 4
1397 3
1294 3
461 6
583 9
257 13
1358 4
951 5
85 25
425 8
591 6
832 4
736 6
539 5
828 6
276 10
102 12
520 6
532 8
1404 4
55 16
259 20
57 17
424 7
872 4
163 15
1402 4
1146 4
1836 3
395 10
89 22
175 15
584 9
988 4
35 32
1421 4
347 10
1333 3
665 5
434 6
865 4
904 6
930 3
442 5
649 8
1572 3
689 7
642 4
886 4
1318 3
648 8
1329 4
198 23
939 4
811 4
913 3
2010 3
249 9
361 8
202 16
465 8
184 24
819 4
894 6
1298 3
140 15
1269 3
181 16
412 11
954 5
385 10
1359 3
307 14
801 3
985 3
971 4
2041 3
154 13
830 7
754 7
2062 3
847 4
479 4
326 8
1378 3
1003 5
681 5
619 7
335 13
5 41
698 6
621 9
524 8
554 6
552 6
598 6
240 5
74 25
890 4
440 11
230 14
1289 4
115 29
299 6
377 10
1282 5
922 3
602 5
841 4
1311 3
1394 4
1350 3
612 6
1391 4
936 5
91 22
1277 5
1240 4
467 7
481 4
474 8
214 17
564 4
817 6
563 5
731 6
1967 3
657 5
229 11
768 6
673 7
503 7
68 26
2059 3
315 10
338 11
1347 3
761 4
1996 3
576 6
222 9
25 29
1415 3
484 8
305 5
928 4
2065 3
544 9
623 6
217 15
328 7
239 11
122 13
628 4
281 9
269 8
878 5
1730 4
158 9
363 11
46 12
1316 4
733 5
630 5
36 29
997 5
1418 4
1368 4
748 5
472 12
317 16
608 5
132 11
1254 4
892 6
1314 4
546 8
537 8
522 4
125 15
1423 3
44 15
667 6
741 5
998 5
2008 3
1280 4
313 6
529 8
987 3
1324 4
397 10
1335 4
908 5
459 8
284 5
1340 4
247 15
165 17
289 9
2 23
771 6
401 8
845 4
186 22
1249 3
147 20
973 3
1291 4
915 5
319 7
735 5
404 7
516 7
974 3
702 5
344 11
636 7
1406 3
561 7
209 17
357 7
1307 3
117 8
455 7
600 5
80 21
336 13
457 7
1301 4
383 8
696 5
963 4
297 8
92 24
980 3
10 24
550 6
1164 4
505 4
670 5
1094 4
958 4
1736 3
419 8
995 4
837 5
290 7
625 6
592 5
149 18
712 5
210 16
406 5
173 13
530 9
66 21
19 41
763 4
470 10
1287 5
654 5
570 7
1880 3
252 8
883 4
283 9
2048 3
156 13
655 5
421 7
59 18
2091 3
1998 3
1367 4
271 8
491 7
219 12
13 21
105 19
925 4
840 5
597 5
390 12
111 19
1411 3
408 6
38 22
196 16
945 5
242 7
559 5
32 27
206 21
118 16
443 9
959 4
358 8
1065 4
331 6
737 5
767 3
580 5
2070 3
84 20
437 10
194 12
220 11
1312 3
846 5
31 25
934 5
1296 3
948 4
1303 3
572 8
968 4
675 7
226 17
15 37
431 8
527 6
382 10
62 20
833 4
139 19
129 19
548 8
926 5
859 4
1293 3
876 4
662 5
418 11
933 5
168 22
1357 3
135 21
348 10
145 19
49 25
178 13
2052 3
124 15
772 4
627 4
993 3
1308 3
2117 3
1934 4
1374 3
23 28
364 11
388 5
653 5
950 4
509 9
367 6
976 4
940 4
485 9
685 6
21 28
460 11
453 11
1389 4
324 7
723 4
244 18
637 5
351 6
595 5
488 7
752 7
835 6
379 5
1386 3
1032 4
113 20
901 6
152 17
342 10
452 8
1419 3
295 6
579 8
341 7
535 9
77 15
683 6
541 5
64 27
765 6
881 4
897 5
312 8
45 24
405 5
507 8
237 17
370 10
309 12
567 9
416 10
100 29
380 7
914 3
300 12
1279 5
965 4
824 4
286 6
120 20
1148 4
392 8
254 7
1321 3
1365 3
1407 3
496 5
605 6
607 6
42 35
644 4
759 7
851 4
399 7
235 16
694 5
436 8
1342 4
213 10
94 12
1968 3
816 3
568 8
296 10
265 11
171 8
1355 3
916 3
386 6
2043 3
445 8
200 9
1339 3
1352 4
329 10
2012 3
27 15
161 20
582 10
1884 3
1310 3
109 12
2115 3
441 10
868 5
672 4
1140 4
769 3
275 10
983 5
803 4
197 16
853 5
751 6
60 25
691 9
1400 3
1388 4
346 10
911 6
1295 3
427 7
2072 3
677 5
907 6
82 13
650 6
590 5
895 5
69 12
664 5
1790 3
224 13
79 18
617 4
1420 3
352 8
126 16
426 6
251 7
369 11
996 4
279 7
651 3
176 13
2069 3
956 3
629 6
483 9
498 5
947 5
256 15
372 10
920 3
1284 5
428 8
1330 3
887 4
99 12
72 20
500 6
869 5
533 9
918 4
1413 3
1275 5
1697 3
414 11
462 8
843 5
1362 3
263 9
632 5
991 4
394 13
1371 3
610 5
931 6
615 7
50 22
476 5
1409 3
293 7
1299 3
967 4
322 7
645 4
1326 4
469 9
635 5
575 7
1382 3
979 4
28 26
40 33
310 10
192 5
589 6
215 17
687 5
960 4
150 20
245 8
543 8
267 13
2044 3
354 8
1344 3
757 6
332 9
9 45
1965 3
34 13
745 5
603 5
90 16
565 8
620 8
1410 3
1346 3
850 4
937 6
1004 4
891 5
16 46
730 4
1360 3
921 3
233 12
368 7
316 14
994 3
611 4
1370 4
849 4
11 37
492 6
208 7
511 7
842 5
93 12
899 6
292 8
2000 3
291 10
374 7
114 13
199 12
429 6
1306 3
1328 4
1899 3
73 19
409 8
67 24
241 8
812 3
489 6
585 8
327 12
1970 3
944 3
1281 5
732 6
674 5
1317 4
280 7
957 4
273 13
471 9
622 7
970 4
24 28
1416 3
104 17
1325 4
131 19
502 7
1286 5
314 15
355 5
159 13
553 7
555 6
47 26
37 16
855 4
270 10
195 23
538 5
679 6
680 5
831 5
521 5
1332 3
162 14
433 6
647 6
1399 3
334 10
986 5
103 7
201 10
1401 3
423 6
1319 3
1529 3
902 4
827 6
2077 3
266 9
1353 3
174 11
422 7
905 4
97 18
41 21
668 5
52 16
688 3
750 7
302 13
774 6
866 4
910 4
693 9
1341 3
593 5
770 5
188 9
402 10
641 5
893 6
838 5
616 6
640 4
83 25
870 3
1384 3
896 5
2068 3
1385 3
962 4
755 6
777 5
143 18
464 5
1403 4
6 32
1304 3
183 13
497 4
362 8
439 8
1379 3
169 16
411 14
478 6
384 9
398 8
836 6
955 5
942 5
1376 4
407 7
18 28
376 12
912 4
785 4
599 6
1930 3
587 7
609 6
1393 3
190 18
95 17
298 13
923 5
601 7
243 13
231 18
551 5
148 12
343 12
753 8
504 6
697 6
1343 4
981 3
726 5
106 21
157 16
964 4
65 25
935 5
203 11
261 6
81 14
321 5
624 4
792 5
86 23
1300 3
371 8
656 8
204 19
1990 3
435 8
924 4
885 4
884 4
1412 3
339 12
228 13
760 7
863 4
749 6
531 8
268 11
829 5
345 11
172 13
596 6
1297 3
2111 3
1366 3
223 12
1862 3
613 8
721 4
282 8
669 5
420 7
121 23
639 6
952 4
989 3
494 8
487 8
1348 3
238 14
577 7
253 16
448 7
1417 3
216 10
852 5
643 3
63 21
179 13
676 5
277 7
879 4
938 4
1183 4
1290 3
929 4
133 15
123 12
304 11
631 6
547 10
396 7
258 10
1422 3
482 9
949 4
499 6
56 27
1369 3
54 20
1151 4
306 14
1204 5
70 24
839 4
1276 5
166 16
88 15
30 12
141 8
909 4
403 7
466 6
1124 4
134 16
75 24
618 8
848 5
450 6
1323 4
1405 3
703 5
900 6
318 11
972 4
473 4
1377 3
185 18
3 57
248 11
146 14
1351 4
356 8
4 49
528 5
