*Vertices 119
0.0696379
0.0668524
0.045961
0.0417827
0.0417827
0.0417827
0.04039
0.0362117
0.0306407
0.0306407
0.0278552
0.0278552
0.0194986
0.0194986
0.0194986
0.0194986
0.0194986
0.0167131
0.0167131
0.0167131
0.0167131
0.0167131
0.0167131
0.0139276
0.0139276
0.0111421
0.0111421
0.0111421
0.0111421
0.0111421
0.00835655
0.00835655
0.00835655
0.00835655
0.00835655
0.00835655
0.00835655
0.00835655
0.00835655
0.00835655
0.00835655
0.00835655
0.00835655
0.00835655
0.00557103
0.00557103
0.00557103
0.00557103
0.00278552
0.00278552
0.00278552
0.00278552
0.00278552
0.00278552
0.00278552
0.00278552
0.00278552
0.00278552
0.00278552
0.00278552
0.00278552
0.00278552
0.00278552
0.00278552
0.00278552
0.00278552
0.00278552
0.00278552
0.00278552
0.00278552
0.00278552
0.00278552
0.00278552
0.00278552
0.00278552
0.00278552
0
0
0
0
0
0
0
0
0
0
0
0
0
0
0
0
0
0
0
0
0
0
0
0
0
0
0
0
0
0
0
0
0
0
0
0
0
0
0
0
0
0
0
