*Vertices 931
1
61
6
13
10
4
5
32
23
1
1
3
11
9
17
4
29
7
23
7
1
8
12
8
8
5
14
8
8
8
8
8
16
9
7
29
7
16
10
10
5
1
3
13
6
3
2
14
7
5
3
11
7
39
1
3
3
3
4
2
1
20
18
27
3
16
3
6
1
4
38
8
27
4
11
2
5
16
9
4
4
24
2
28
8
8
14
3
3
11
2
2
3
2
18
8
15
17
7
31
4
8
9
3
8
8
7
20
20
8
27
7
7
7
9
1
1
4
12
3
12
12
7
2
9
5
11
5
7
7
17
6
7
2
17
5
16
3
8
31
8
2
12
21
2
15
1
5
4
10
25
2
2
11
8
7
4
4
13
15
2
9
9
19
7
7
6
20
5
3
7
20
4
1
3
9
10
15
5
8
33
5
6
3
4
23
3
5
21
17
17
8
3
3
5
1
1
8
10
4
4
7
4
10
14
30
14
23
19
21
7
2
2
2
2
4
9
8
8
9
18
9
8
11
13
17
5
23
15
4
7
5
7
6
2
2
2
2
2
2
6
3
3
7
6
6
6
1
1
3
11
11
11
11
31
47
32
6
15
6
4
6
1
14
17
4
4
9
22
5
6
6
2
16
10
15
6
3
1
6
8
5
8
5
5
4
4
2
1
1
5
8
7
8
4
11
2
10
2
7
14
5
7
14
10
2
8
4
7
4
4
4
3
7
5
9
12
5
2
2
2
2
2
22
17
11
2
1
4
14
17
3
3
5
2
2
2
1
1
3
3
3
3
9
4
3
1
6
2
14
8
9
1
4
5
5
9
10
10
6
6
13
8
8
1
3
4
4
4
4
2
2
2
14
9
5
9
3
3
5
2
2
2
1
2
4
5
4
4
10
1
1
3
24
21
6
1
1
5
4
7
18
3
5
2
2
8
4
6
11
8
5
5
1
6
6
6
6
6
5
1
1
2
2
15
2
2
1
1
1
10
10
9
22
3
12
6
5
9
6
6
8
2
9
9
13
25
9
9
6
2
2
10
7
7
7
7
2
5
4
3
1
3
4
7
4
7
4
4
2
1
1
3
5
5
9
17
7
11
11
9
3
5
3
8
2
6
1
9
3
3
2
5
14
2
5
5
2
2
1
1
1
1
6
7
5
3
2
2
6
5
7
4
7
9
3
3
3
9
1
1
3
2
3
2
1
2
2
2
9
6
4
1
4
1
1
2
16
7
21
5
10
2
1
2
2
10
26
6
6
11
6
6
9
6
5
5
5
5
5
1
3
1
1
17
4
3
5
3
10
1
3
15
16
4
4
5
5
5
2
18
7
21
2
2
5
2
2
5
5
5
5
10
5
6
3
3
2
2
2
2
4
3
5
5
6
1
2
10
2
4
2
2
3
3
13
12
12
12
12
1
1
2
2
1
1
13
13
13
13
13
16
5
6
1
1
1
2
2
1
1
3
3
10
21
7
4
6
1
9
8
9
8
13
8
5
3
5
1
3
4
3
3
3
6
3
5
5
3
1
1
2
5
2
2
3
5
4
6
4
4
6
1
1
26
4
8
1
2
1
1
2
1
1
2
2
2
4
1
1
3
3
3
3
3
4
9
8
5
1
1
5
17
17
8
8
8
10
4
4
2
3
3
1
5
2
2
2
1
7
3
3
1
4
4
4
4
1
12
2
2
4
3
4
2
1
1
1
3
8
1
4
8
4
2
3
14
1
1
5
3
2
1
6
10
6
8
1
4
4
2
2
2
5
3
5
5
5
5
5
1
1
2
2
2
6
6
6
1
1
1
1
5
14
1
2
4
4
4
3
2
3
2
2
10
10
1
2
5
4
5
1
3
3
2
5
2
3
3
4
4
3
3
3
4
2
2
2
4
1
4
4
1
2
2
2
3
1
1
2
2
1
12
6
1
10
5
3
3
3
6
1
3
1
2
1
2
2
2
3
2
4
9
9
9
9
9
2
2
8
5
5
4
4
4
4
4
1
3
1
5
5
5
5
2
3
3
1
6
1
1
2
2
1
1
1
1
2
2
1
3
1
1
2
11
11
9
9
9
9
9
9
9
9
1
7
1
1
3
1
3
3
1
1
2
2
5
3
3
2
4
