*Vertices 135
0.0431655
0.038198
0.0354573
0.0347722
0.0330593
0.0301473
0.0262076
0.0260363
0.0253511
0.0243234
0.0236382
0.0236382
0.0231244
0.0214114
0.0208976
0.0202124
0.0202124
0.0190134
0.0183282
0.0179856
0.0179856
0.016444
0.0149024
0.0140459
0.0140459
0.0130182
0.0126756
0.012333
0.0121617
0.0121617
0.0121617
0.0116478
0.0114765
0.0107914
0.0107914
0.0106201
0.0104488
0.00993491
0.00942103
0.00924974
0.00907845
0.00890716
0.00839329
0.00822199
0.00787941
0.00770812
0.00719424
0.00702295
0.00702295
0.00685166
0.00685166
0.0061665
0.0061665
0.0061665
0.00548133
0.00548133
0.00548133
0.00548133
0.00496745
0.00462487
0.00445358
0.004111
0.004111
0.00376841
0.00376841
0.00376841
0.00359712
0.00325454
0.00308325
0.00308325
0.00291196
0.00274066
0.00256937
0.00239808
0.00239808
0.00239808
0.0020555
0.00188421
0.00188421
0.00171292
0.00137033
0.00119904
0.00119904
0.00102775
0.00102775
0.00102775
0.00102775
0.00102775
0.00102775
0.00102775
0.00102775
0.00102775
0.00102775
0.00102775
0.00102775
0.00102775
0.00102775
0.000685166
0.000685166
0.000685166
0.000685166
0.000685166
0.000685166
0.000513875
0.000342583
0.000342583
0.000342583
0.000342583
0.000342583
0.000342583
0.000342583
0.000342583
0.000342583
0.000342583
0.000342583
0.000342583
0.000342583
0.000342583
0.000342583
0.000342583
0.000342583
0.000342583
0.000342583
0.000342583
0.000342583
0.000342583
0.000342583
0.000342583
0.000342583
0.000342583
0.000342583
0.000342583
0.000342583
0.000342583
0.000342583
