1049 7
127 24
71 25
882 5
1488 6
1050 9
560 11
898 12
798 10
1031 5
1387 6
512 9
463 11
517 6
458 9
451 7
454 13
1408 7
1250 4
722 6
634 9
1109 6
578 11
2067 4
1597 5
695 12
978 5
728 10
1244 7
2154 3
2144 3
742 8
325 16
378 13
29 26
889 8
350 11
1233 5
2203 3
540 9
1615 3
1162 6
58 25
684 10
3137 3
153 16
211 24
2073 4
861 9
337 10
1546 4
101 27
340 13
76 35
311 20
982 5
571 8
1214 6
825 6
389 12
917 7
495 12
966 6
1123 7
2086 4
992 8
1954 4
758 7
236 21
706 6
218 20
1172 6
14 38
1608 4
834 7
285 10
3232 3
234 12
594 10
1216 6
2194 3
1203 7
2188 3
96 22
1068 5
2088 3
2114 4
486 15
2134 4
160 12
569 11
8 53
98 33
1048 8
2045 5
1000 7
1381 6
1061 7
43 40
1396 4
686 10
2054 5
391 14
943 6
288 11
193 22
1555 4
119 20
180 20
586 10
1585 4
410 12
246 16
2227 3
690 6
999 8
61 25
1180 6
2169 3
1185 6
430 12
447 16
536 9
2118 3
1130 7
1315 5
415 11
189 19
1356 4
480 12
1871 4
1153 6
438 14
107 25
87 27
1022 6
1458 4
444 9
508 9
953 5
221 21
39 24
1424 5
1089 4
1560 5
558 12
417 17
12 42
784 5
1554 5
2168 3
260 12
573 10
2061 3
1084 8
1530 4
762 6
638 11
734 7
875 6
1522 4
1 56
116 14
506 12
136 30
2047 5
1197 7
144 31
1580 4
1440 4
661 9
381 14
1471 4
581 8
308 5
906 6
2205 3
177 13
678 9
1517 4
2213 3
373 16
2078 3
1975 4
773 8
1247 4
205 10
22 52
927 6
1576 3
301 12
51 37
456 13
3063 3
874 4
652 10
975 5
493 9
1033 6
1436 4
2220 3
1911 4
1591 4
2174 3
2199 3
1539 5
1320 4
796 9
1026 5
366 12
1390 5
1993 4
272 16
1469 4
775 10
1499 6
534 10
919 8
400 16
746 12
1268 5
2108 4
744 7
20 46
888 7
633 9
1011 6
1372 6
2023 4
151 11
1627 5
468 6
1952 3
2093 5
1019 6
287 12
700 9
475 10
78 23
1380 6
990 8
413 12
294 19
2218 3
1614 5
764 7
932 6
349 18
1549 4
2075 4
1525 4
515 9
1981 4
1242 8
1107 4
1208 6
138 27
2081 4
606 7
1383 6
137 28
1414 4
724 8
1201 7
666 9
432 7
519 11
1074 6
1195 7
1063 5
1567 4
17 32
2158 3
2192 3
708 7
110 29
333 11
1601 3
710 6
323 11
2142 3
2210 4
112 24
545 7
3211 3
191 24
187 21
588 11
646 5
756 6
446 9
2181 3
262 18
1944 4
1220 4
212 14
1582 3
1599 4
1149 5
542 7
1305 6
961 5
2099 3
1087 7
810 6
574 13
1238 4
170 13
1587 4
33 34
1921 4
660 9
1559 5
7 56
227 14
26 24
1860 4
2116 3
977 7
526 9
566 11
264 9
255 23
806 9
359 12
182 19
1229 5
108 21
604 7
1001 6
556 9
717 6
232 9
477 12
815 6
671 9
3054 3
1511 6
225 15
1447 5
142 19
207 22
1510 4
167 24
48 34
360 15
692 7
1605 5
663 13
969 7
3120 3
1076 7
3082 3
766 10
510 11
393 8
449 13
1501 6
658 9
274 16
1574 5
1579 4
549 8
659 7
877 6
1508 4
1141 6
1128 8
682 9
353 10
375 21
984 6
1155 4
946 6
1485 4
788 9
128 31
2148 3
250 26
303 15
1361 4
614 12
501 8
278 11
1313 4
1617 3
490 11
155 16
130 18
1373 4
387 14
53 27
1465 3
1112 6
1397 5
941 6
461 14
583 12
1426 4
1562 4
257 16
951 5
782 7
85 44
809 7
2200 3
1557 3
1486 6
425 13
3057 3
591 10
2056 5
832 9
736 7
539 10
781 7
2135 4
828 6
3233 3
276 19
1920 4
102 22
520 12
1218 5
532 6
1404 5
55 33
1543 4
57 28
259 25
424 11
872 10
163 24
1402 4
1106 4
395 17
89 26
175 18
1531 4
584 11
988 5
35 32
1550 5
1454 4
347 13
1421 5
665 8
434 9
1476 4
1184 6
865 9
1207 5
1584 3
904 7
930 5
442 10
1577 4
649 7
2156 4
1572 4
689 7
2150 3
648 7
1318 5
886 8
642 11
1116 4
2130 4
1028 6
1589 4
198 16
1098 6
1059 9
727 9
3243 3
320 15
939 8
811 7
913 4
465 6
361 12
202 23
249 13
1612 3
184 26
819 6
1177 4
1189 6
1127 6
1537 5
776 8
894 5
2127 4
1459 4
140 17
1570 3
2222 4
181 15
412 11
954 6
385 8
1479 4
307 10
801 10
985 5
971 5
1467 3
830 9
154 22
754 5
2062 3
3151 3
479 7
1101 5
3061 3
704 13
2166 3
1563 4
3091 3
326 19
1462 4
1003 8
1378 5
1054 8
681 9
619 6
2101 4
335 17
1029 6
3062 3
698 11
5 42
621 6
524 12
1848 3
2176 3
554 7
598 11
780 8
1433 5
74 37
240 13
890 7
440 17
2209 4
230 9
299 19
115 30
377 11
2050 5
602 13
922 8
1898 4
1311 5
1044 7
1072 5
1394 4
612 10
936 6
1391 6
91 17
2137 3
1240 5
1086 7
467 8
3079 3
701 7
2121 3
481 7
474 14
867 8
214 18
564 10
817 6
563 14
2074 3
731 10
657 9
229 17
1865 4
2139 3
768 11
1092 7
503 6
673 8
68 20
2059 4
315 9
338 17
761 4
576 7
3105 3
222 25
1504 5
25 35
738 7
1415 5
484 11
1036 6
1078 5
1243 8
305 17
1253 6
928 6
2065 3
623 7
544 6
1512 5
1526 5
1196 7
1114 6
3245 3
217 16
328 11
239 10
122 25
1223 6
878 6
628 7
158 22
269 18
281 15
2277 3
363 10
46 27
3198 3
733 8
2159 3
1418 4
630 7
997 6
36 26
472 16
748 12
1449 4
317 12
608 7
711 6
132 19
1234 5
892 9
2226 3
2180 3
1314 5
546 6
1428 5
537 9
1474 4
125 20
522 7
1018 6
1423 4
44 43
2152 3
1687 3
1125 6
667 10
1007 8
1443 4
741 7
1186 5
998 9
3119 3
714 6
1564 5
313 13
2076 3
529 8
1058 6
987 6
397 9
1150 6
1096 6
1657 4
2860 3
1535 7
2185 3
908 6
459 10
3127 3
284 13
823 6
903 4
247 16
165 15
289 13
729 6
1495 6
2119 4
771 10
2 46
808 7
401 10
3187 3
2125 4
186 25
1231 4
1119 7
1249 5
147 18
973 5
1046 7
1142 6
2095 4
915 5
319 7
1586 4
1456 4
1052 6
735 6
404 11
516 14
1493 6
2060 4
1551 5
974 6
702 10
1715 5
344 17
2163 4
2214 3
1613 4
636 11
1406 4
1104 7
2195 3
561 11
2224 3
2112 4
1133 7
209 10
2221 3
1118 7
1575 3
357 10
117 21
2207 3
455 10
80 39
600 9
336 15
457 12
821 7
696 9
383 19
2132 3
963 5
297 11
2179 3
2172 4
1431 4
92 28
1489 6
1212 7
980 5
1596 5
10 49
550 10
1164 5
1477 5
2083 4
2097 4
1081 7
505 8
670 10
1094 7
958 5
419 11
2178 4
995 9
1225 5
290 21
625 6
592 8
149 15
712 6
210 20
2123 4
406 10
173 12
530 6
66 23
19 38
3067 3
3096 3
2702 3
1030 7
365 15
763 7
2026 4
470 14
1524 5
2021 4
793 7
1205 7
3168 3
570 11
654 9
252 15
1159 6
883 8
283 21
156 22
2048 5
655 7
3110 3
421 13
59 41
2091 4
1998 5
1971 3
1367 5
271 19
1226 3
1024 6
1070 4
3174 3
491 7
864 9
1863 4
1016 6
219 17
13 31
1170 4
799 8
105 29
1514 5
925 7
390 10
597 6
111 24
1042 6
1411 5
408 14
38 28
1480 4
196 14
945 9
242 27
559 9
1169 6
1588 4
32 21
443 6
206 16
118 18
959 5
331 8
1065 6
358 14
737 6
580 17
767 11
2070 3
1020 6
84 30
805 10
2173 4
437 16
194 23
220 11
846 7
1021 5
31 30
934 8
1553 4
2161 3
948 5
2160 3
2133 3
572 9
968 5
675 6
1398 4
226 17
15 25
527 13
431 11
382 17
1448 5
1506 3
62 28
833 7
139 17
1472 4
1573 4
129 16
926 5
548 7
2145 4
859 7
1246 6
739 5
1083 8
1110 4
2204 3
876 7
662 8
418 10
933 7
783 8
168 24
135 27
348 15
1518 3
145 16
789 6
49 44
178 18
1131 8
2046 4
2052 5
3156 3
772 9
124 19
627 6
993 9
1090 6
2117 4
1429 4
715 5
2201 3
1374 3
23 38
364 19
1528 5
388 11
653 11
1425 4
3069 3
950 6
1445 4
1025 6
509 10
1015 4
2212 3
976 5
367 16
716 6
940 6
1466 4
485 13
743 11
778 8
685 8
2143 4
21 42
523 7
720 6
460 19
2129 4
723 5
1389 5
453 8
324 14
244 11
1202 7
637 10
2066 4
351 19
1040 4
595 12
1138 6
488 11
752 6
1012 6
1232 3
835 6
1498 6
2182 4
1607 3
379 15
1032 6
901 5
113 23
1536 7
152 18
2191 4
342 7
452 7
1419 4
862 6
579 14
295 17
341 11
1056 6
535 12
1618 6
77 36
3138 3
2189 3
683 11
541 9
1215 5
64 21
1473 4
765 3
881 6
312 16
897 9
45 45
507 8
405 9
237 22
1002 7
1173 5
370 11
1963 4
309 11
1734 4
2085 3
567 9
416 13
2113 3
2153 3
100 23
380 11
965 6
300 17
824 6
2079 4
1395 4
120 18
286 22
1075 4
800 8
1148 5
254 19
392 14
1321 5
496 12
605 7
1568 3
607 8
813 7
42 26
759 7
644 9
399 13
3093 3
1073 5
235 12
2187 4
694 7
2110 4
436 13
213 25
94 21
816 5
1103 5
1450 4
568 9
296 17
265 18
1062 7
791 4
1129 7
3112 3
171 9
386 8
916 8
2043 5
445 6
1457 5
200 24
2131 4
1339 5
329 9
525 14
27 35
1621 6
787 7
1561 3
161 21
582 8
2120 3
109 26
2115 3
557 6
718 5
1581 5
2147 4
1604 4
1239 7
1507 6
441 14
868 6
672 10
1140 7
769 9
1181 4
1556 5
983 5
275 22
803 10
197 11
2208 3
3199 3
751 8
60 29
1500 6
1245 5
1400 4
1067 7
691 6
2167 3
1980 4
2136 4
1388 4
346 17
3134 3
911 4
427 12
2072 4
1111 5
677 7
907 6
82 25
2202 3
650 6
1210 4
2624 3
590 8
895 8
69 32
1157 4
664 10
1470 4
224 14
79 30
617 9
1420 5
2100 3
352 9
1006 8
126 19
1034 6
251 12
426 13
369 17
996 8
1533 5
1548 5
279 13
651 13
176 17
2069 3
956 6
498 8
483 12
629 9
947 7
256 18
2055 5
1487 6
372 12
1540 6
920 7
428 11
887 9
1606 4
2064 4
99 20
72 31
500 14
869 7
1592 3
1221 5
1496 5
1200 6
790 7
533 7
918 7
2080 3
1413 4
1122 7
1108 5
2107 4
1598 4
1053 8
462 13
414 12
1014 6
2760 3
1856 3
1491 6
1209 4
263 19
632 11
1371 3
991 7
394 14
610 6
514 10
725 8
931 6
513 12
615 12
50 33
476 9
1519 4
1198 7
1626 4
2219 3
2141 3
797 9
2197 3
1077 3
1175 5
293 12
967 5
1236 6
1611 4
1326 5
645 10
322 14
469 7
635 10
575 9
1382 6
1176 4
1452 5
1566 3
1039 6
979 7
709 6
1005 6
28 23
2089 3
40 33
310 17
192 20
589 8
699 9
215 15
1115 4
687 11
960 5
3101 3
818 7
150 11
2184 4
3161 3
1038 4
245 9
267 23
3103 3
2190 3
826 6
2044 5
354 14
1437 4
757 7
332 11
9 32
1099 7
1217 6
1965 3
1600 4
34 26
745 10
603 6
2082 3
90 30
620 6
565 8
1346 4
1434 4
3247 3
850 6
2818 3
1547 4
937 7
1045 8
1004 6
891 7
1619 5
730 5
16 48
2106 4
921 7
1013 6
1069 6
233 22
1224 5
1490 6
368 18
3078 3
2198 4
316 16
994 7
611 9
1370 3
11 20
492 10
208 18
2140 3
842 6
511 12
1523 4
93 29
899 6
292 10
3055 3
291 16
374 11
3071 3
114 27
199 24
429 14
1328 6
409 15
73 30
1091 6
3066 3
67 39
812 7
795 5
241 27
489 13
794 5
1609 4
585 10
327 16
1392 5
1970 4
944 8
1080 7
1113 6
674 10
732 10
2122 4
1864 4
280 21
957 6
273 13
1603 4
471 11
2233 3
1503 6
970 6
1509 4
24 38
1416 4
2049 5
104 21
131 26
1565 4
1558 5
2057 5
502 9
314 8
1513 5
2175 3
1502 7
355 15
747 7
553 12
159 15
2058 5
1252 5
555 13
47 34
1427 4
1484 4
1017 5
37 25
270 21
195 19
1057 6
2042 5
538 12
2186 3
680 7
679 5
831 9
1602 4
521 11
1147 6
1960 4
162 29
433 10
1241 7
880 6
647 6
1441 5
2164 3
1399 5
334 13
1206 8
786 4
986 6
1117 3
740 7
1008 6
1027 6
103 16
201 23
871 5
423 9
719 7
1139 4
1529 4
902 7
827 5
1222 3
2077 3
266 18
1747 5
1353 5
3128 3
820 7
174 23
1571 4
422 7
1219 4
1194 4
1552 5
97 28
41 32
668 7
52 32
688 8
750 8
3084 3
1451 5
302 14
774 7
1126 6
1453 3
866 10
2128 3
693 5
2223 3
593 8
770 8
188 19
402 14
1534 7
3152 3
1940 4
1097 4
641 10
893 9
838 7
616 9
640 4
870 8
804 10
83 23
1121 7
896 8
1468 4
3184 3
2068 5
1385 5
2165 3
1494 6
962 5
2094 4
755 6
1085 8
777 10
143 26
464 9
1403 4
2977 3
3235 3
1685 4
6 54
1051 7
562 13
1497 7
1102 4
518 11
497 11
183 13
1478 4
1211 6
362 17
439 15
1379 7
169 10
411 15
2155 4
1593 3
705 10
478 7
384 12
398 12
2016 4
3068 3
955 5
942 4
1376 5
2206 3
2177 3
2496 3
407 12
18 26
376 8
1432 5
785 8
599 10
1393 4
587 10
609 9
1595 4
1235 5
190 19
298 16
95 22
1750 4
923 8
601 7
822 7
243 12
231 14
1610 4
779 11
2051 5
551 6
148 24
753 5
504 13
343 14
981 6
697 11
726 13
2171 3
1010 6
707 6
106 12
157 19
964 7
65 16
935 8
203 14
261 9
1213 6
1093 7
1023 6
81 27
321 13
2084 3
792 8
86 30
624 9
1199 7
2170 3
656 8
371 20
3122 3
204 28
1079 8
1041 6
1590 3
435 16
814 6
1516 4
3195 3
1482 4
2053 5
924 7
2109 3
885 10
1412 4
884 7
339 23
228 16
760 7
863 12
749 9
531 6
268 17
829 6
345 12
172 24
596 10
1297 4
2090 3
2111 4
1366 3
1521 5
223 14
2124 3
721 7
613 11
1255 6
1043 8
669 9
282 23
420 12
1082 7
1066 7
121 15
952 5
639 8
989 5
1505 3
1071 5
494 12
487 10
2945 3
238 12
873 5
577 10
253 21
448 13
1227 5
1417 4
216 23
852 6
643 11
63 27
1120 7
179 18
1475 4
1532 4
1105 5
1187 4
713 7
2193 4
676 6
2092 4
1251 7
277 17
1192 5
2096 5
938 8
879 5
2149 3
1620 5
1095 5
1183 5
3104 3
3060 3
1444 4
3167 3
1527 4
2162 3
1132 7
929 8
2215 4
133 22
123 26
304 13
631 6
547 5
1544 4
1616 3
1583 5
1538 6
258 15
396 9
1422 4
482 7
949 7
56 20
499 14
54 37
306 11
1204 7
70 29
1047 8
2138 3
1055 7
166 22
88 17
2225 4
1009 6
30 19
141 21
403 15
466 9
1124 7
1230 3
134 18
75 27
2151 3
618 10
3038 3
450 8
2196 3
1405 5
3118 3
3150 3
1060 7
1492 6
703 10
2126 3
900 5
318 13
1134 7
1729 4
972 5
1100 6
473 15
1377 7
1461 5
3 65
185 22
248 22
146 25
1351 4
356 12
802 10
4 50
1985 4
2063 3
528 15
164 13
807 8
