1049 0
127 1
71 1
882 0
1488 0
1050 0
560 1
898 1
798 1
1031 0
1387 0
512 0
463 0
517 0
458 0
451 0
454 0
1408 0
1250 0
722 0
634 0
1109 0
578 0
2067 0
1597 0
695 0
978 0
728 0
1244 0
2154 0
2144 0
742 0
325 0
378 0
29 0
889 0
350 0
1233 0
2203 0
540 0
1615 0
1162 0
58 0
684 0
3137 0
153 0
211 0
2073 0
861 0
337 0
1546 0
101 1
340 0
76 2
311 1
982 0
571 0
1214 0
825 0
389 1
917 0
495 0
966 0
1123 0
2086 0
992 0
1954 0
758 0
236 2
706 0
218 0
1172 0
14 2
1608 0
834 0
285 0
3232 0
234 0
594 1
1216 0
2194 0
1203 0
2188 0
96 0
1068 0
2088 0
2114 0
486 1
2134 0
160 0
569 0
8 3
98 1
1048 0
2045 0
1000 0
1381 0
1061 0
43 1
1396 0
686 0
2054 0
391 0
943 0
288 0
193 0
1555 0
119 1
180 0
586 1
1585 0
410 1
246 0
2227 0
690 0
999 0
61 1
1180 0
2169 0
1185 0
430 1
447 0
536 0
2118 0
1130 0
1315 0
415 1
189 0
1356 0
480 0
1871 0
1153 0
438 0
107 1
87 1
1022 0
1458 0
444 0
508 0
953 0
221 2
39 2
1424 0
1089 0
1560 0
558 0
417 0
12 2
784 0
1554 0
2168 0
260 0
573 0
2061 0
1084 0
1530 0
762 0
638 1
734 0
875 0
1522 0
1 3
116 0
506 0
136 1
2047 0
1197 0
144 2
1580 0
1440 0
661 0
381 0
1471 0
581 0
308 0
906 0
2205 0
177 0
678 0
1517 0
2213 0
373 1
2078 0
1975 0
773 0
1247 0
205 0
22 2
927 0
1576 0
301 0
51 1
456 0
3063 0
874 0
652 0
975 0
493 0
1033 0
1436 0
2220 0
1911 0
1591 0
2174 0
2199 0
1539 0
1320 0
796 0
1026 0
366 0
1390 0
1993 0
272 0
1469 0
775 0
1499 0
534 0
919 0
400 1
746 1
1268 0
2108 0
744 0
20 2
888 0
633 0
1011 0
1372 0
2023 0
151 0
1627 0
468 0
1952 0
2093 0
1019 0
287 0
700 0
475 0
78 1
1380 0
990 0
413 1
294 1
2218 0
1614 0
764 0
932 0
349 1
1549 0
2075 0
1525 0
515 0
1981 0
1242 0
1107 0
1208 0
138 1
2081 0
606 0
1383 0
137 0
1414 0
724 0
1201 0
666 0
432 0
519 0
1074 0
1195 0
1063 0
1567 0
17 0
2158 0
2192 0
708 0
110 1
333 0
1601 0
710 0
323 0
2142 0
2210 0
112 1
545 0
3211 0
191 0
187 0
588 0
646 0
756 0
446 0
2181 0
262 1
1944 0
1220 0
212 0
1582 0
1599 0
1149 0
542 0
1305 0
961 0
2099 0
1087 0
810 0
574 1
1238 0
170 0
1587 0
33 1
1921 0
660 0
1559 0
7 3
227 0
26 1
1860 0
2116 0
977 0
526 0
566 0
264 0
255 0
806 0
359 0
182 0
1229 0
108 1
604 0
1001 0
556 0
717 0
232 0
477 0
815 0
671 0
3054 0
1511 0
225 1
1447 0
142 0
207 0
1510 0
167 1
48 1
360 0
692 0
1605 0
663 1
969 0
3120 0
1076 0
3082 0
766 0
510 0
393 0
449 0
1501 0
658 0
274 0
1574 0
1579 0
549 0
659 0
877 0
1508 0
1141 0
1128 0
682 0
353 0
375 1
984 0
1155 0
946 0
1485 0
788 1
128 1
2148 0
250 1
303 1
1361 0
614 0
501 0
278 0
1313 0
1617 0
490 0
155 0
130 1
1373 0
387 0
53 1
1465 0
1112 0
1397 0
941 0
461 1
583 0
1426 0
1562 0
257 0
951 0
782 0
85 1
809 0
2200 0
1557 0
1486 0
425 0
3057 0
591 0
2056 0
832 0
736 0
539 0
781 0
2135 0
828 0
3233 0
276 1
1920 0
102 1
520 0
1218 0
532 0
1404 0
55 2
1543 0
57 1
259 0
424 0
872 0
163 2
1402 0
1106 0
395 1
89 1
175 1
1531 0
584 0
988 0
35 2
1550 0
1454 0
347 0
1421 0
665 0
434 0
1476 0
1184 0
865 0
1207 0
1584 0
904 0
930 0
442 0
1577 0
649 0
2156 0
1572 0
689 0
2150 0
648 0
1318 0
886 0
642 1
1116 0
2130 0
1028 0
1589 0
198 1
1098 0
1059 1
727 0
3243 0
320 0
939 0
811 0
913 0
465 0
361 0
202 1
249 1
1612 0
184 2
819 0
1177 0
1189 0
1127 0
1537 0
776 0
894 0
2127 0
1459 0
140 1
1570 0
2222 0
181 1
412 0
954 0
385 0
1479 0
307 0
801 0
985 0
971 0
1467 0
830 0
154 0
754 0
2062 0
3151 0
479 0
1101 0
3061 0
704 1
2166 0
1563 0
3091 0
326 1
1462 0
1003 0
1378 0
1054 0
681 0
619 0
2101 0
335 0
1029 0
3062 0
698 0
5 2
621 0
524 1
1848 0
2176 0
554 0
598 1
780 0
1433 0
74 1
240 0
890 0
440 1
2209 0
230 0
299 1
115 2
377 0
2050 0
602 0
922 0
1898 0
1311 0
1044 0
1072 0
1394 0
612 0
936 0
1391 0
91 0
2137 0
1240 0
1086 0
467 0
3079 0
701 0
2121 0
481 0
474 1
867 0
214 0
564 0
817 0
563 1
2074 0
731 0
657 0
229 1
1865 0
2139 0
768 1
1092 0
503 0
673 0
68 0
2059 0
315 0
338 0
761 0
576 0
3105 0
222 1
1504 0
25 1
738 0
1415 0
484 0
1036 0
1078 0
1243 0
305 1
1253 0
928 0
2065 0
623 0
544 0
1512 0
1526 0
1196 0
1114 0
3245 0
217 0
328 0
239 0
122 1
1223 0
878 0
628 0
158 1
269 1
281 1
2277 0
363 0
46 1
3198 0
733 0
2159 0
1418 0
630 0
997 0
36 0
472 0
748 0
1449 0
317 0
608 0
711 0
132 1
1234 0
892 0
2226 0
2180 0
1314 0
546 0
1428 0
537 0
1474 0
125 0
522 0
1018 0
1423 0
44 3
2152 0
1687 0
1125 0
667 1
1007 0
1443 0
741 0
1186 0
998 0
3119 0
714 0
1564 0
313 0
2076 0
529 0
1058 0
987 0
397 0
1150 0
1096 0
1657 0
2860 0
1535 0
2185 0
908 0
459 0
3127 0
284 0
823 0
903 0
247 0
165 0
289 0
729 0
1495 0
2119 0
771 0
2 2
808 0
401 0
3187 0
2125 0
186 1
1231 0
1119 0
1249 0
147 0
973 0
1046 0
1142 0
2095 0
915 0
319 0
1586 0
1456 0
1052 0
735 0
404 0
516 0
1493 0
2060 0
1551 0
974 0
702 1
1715 0
344 1
2163 0
2214 0
1613 0
636 1
1406 0
1104 0
2195 0
561 1
2224 0
2112 0
1133 0
209 0
2221 0
1118 0
1575 0
357 0
117 1
2207 0
455 0
80 2
600 0
336 1
457 0
821 0
696 0
383 0
2132 0
963 0
297 0
2179 0
2172 0
1431 0
92 1
1489 0
1212 0
980 0
1596 0
10 2
550 0
1164 0
1477 0
2083 0
2097 0
1081 0
505 0
670 0
1094 0
958 0
419 0
2178 0
995 0
1225 0
290 1
625 0
592 0
149 0
712 0
210 0
2123 0
406 0
173 0
530 0
66 1
19 2
3067 0
3096 0
2702 0
1030 0
365 0
763 0
2026 0
470 0
1524 0
2021 0
793 0
1205 0
3168 0
570 1
654 0
252 1
1159 0
883 0
283 0
156 0
2048 0
655 0
3110 0
421 0
59 1
2091 0
1998 0
1971 0
1367 0
271 1
1226 0
1024 0
1070 0
3174 0
491 0
864 1
1863 0
1016 0
219 0
13 1
1170 0
799 0
105 1
1514 0
925 0
390 0
597 0
111 1
1042 0
1411 0
408 0
38 0
1480 0
196 0
945 0
242 0
559 0
1169 0
1588 0
32 0
443 0
206 1
118 0
959 0
331 0
1065 0
358 1
737 0
580 1
767 0
2070 0
1020 0
84 1
805 0
2173 0
437 1
194 1
220 0
846 0
1021 0
31 2
934 0
1553 0
2161 0
948 0
2160 0
2133 0
572 0
968 0
675 0
1398 0
226 0
15 2
527 1
431 1
382 1
1448 0
1506 0
62 1
833 0
139 0
1472 0
1573 0
129 0
926 0
548 0
2145 0
859 0
1246 0
739 0
1083 0
1110 0
2204 0
876 0
662 0
418 0
933 0
783 0
168 1
135 1
348 0
1518 0
145 1
789 0
49 2
178 1
1131 0
2046 0
2052 0
3156 0
772 0
124 1
627 0
993 0
1090 0
2117 0
1429 0
715 0
2201 0
1374 0
23 3
364 1
1528 0
388 0
653 0
1425 0
3069 0
950 0
1445 0
1025 0
509 0
1015 0
2212 0
976 0
367 0
716 0
940 0
1466 0
485 0
743 0
778 0
685 0
2143 0
21 2
523 0
720 0
460 0
2129 0
723 0
1389 0
453 0
324 0
244 0
1202 0
637 0
2066 0
351 1
1040 0
595 1
1138 0
488 1
752 0
1012 0
1232 0
835 0
1498 0
2182 0
1607 0
379 0
1032 0
901 0
113 1
1536 0
152 1
2191 0
342 0
452 0
1419 0
862 0
579 0
295 0
341 0
1056 0
535 0
1618 0
77 1
3138 0
2189 0
683 0
541 0
1215 0
64 0
1473 0
765 0
881 0
312 0
897 0
45 1
507 0
405 0
237 1
1002 0
1173 0
370 0
1963 0
309 0
1734 0
2085 0
567 0
416 0
2113 0
2153 0
100 1
380 0
965 0
300 0
824 0
2079 0
1395 0
120 1
286 0
1075 0
800 0
1148 0
254 1
392 0
1321 0
496 0
605 0
1568 0
607 0
813 0
42 1
759 0
644 0
399 0
3093 0
1073 0
235 0
2187 0
694 0
2110 0
436 0
213 1
94 1
816 0
1103 0
1450 0
568 0
296 1
265 1
1062 0
791 0
1129 0
3112 0
171 0
386 0
916 0
2043 0
445 0
1457 0
200 1
2131 0
1339 0
329 0
525 1
27 2
1621 0
787 0
1561 0
161 0
582 0
2120 0
109 1
2115 0
557 0
718 0
1581 0
2147 0
1604 0
1239 0
1507 0
441 1
868 0
672 0
1140 0
769 0
1181 0
1556 0
983 0
275 1
803 0
197 0
2208 0
3199 0
751 0
60 1
1500 0
1245 0
1400 0
1067 0
691 0
2167 0
1980 0
2136 0
1388 0
346 1
3134 0
911 0
427 0
2072 0
1111 0
677 0
907 0
82 0
2202 0
650 0
1210 0
2624 0
590 0
895 0
69 1
1157 0
664 1
1470 0
224 1
79 1
617 0
1420 0
2100 0
352 0
1006 0
126 1
1034 0
251 0
426 0
369 1
996 0
1533 0
1548 0
279 1
651 0
176 0
2069 0
956 0
498 0
483 1
629 0
947 0
256 1
2055 0
1487 0
372 0
1540 0
920 0
428 0
887 0
1606 0
2064 0
99 1
72 1
500 0
869 0
1592 0
1221 0
1496 0
1200 0
790 0
533 0
918 0
2080 0
1413 0
1122 0
1108 0
2107 0
1598 0
1053 0
462 0
414 0
1014 0
2760 0
1856 0
1491 0
1209 0
263 1
632 0
1371 0
991 0
394 0
610 0
514 0
725 0
931 0
513 1
615 0
50 1
476 0
1519 0
1198 0
1626 0
2219 0
2141 0
797 0
2197 0
1077 0
1175 0
293 0
967 0
1236 0
1611 0
1326 0
645 0
322 0
469 0
635 0
575 0
1382 0
1176 0
1452 0
1566 0
1039 0
979 0
709 0
1005 0
28 2
2089 0
40 2
310 0
192 0
589 0
699 0
215 0
1115 0
687 0
960 0
3101 0
818 0
150 0
2184 0
3161 0
1038 0
245 0
267 2
3103 0
2190 0
826 0
2044 0
354 0
1437 0
757 0
332 0
9 0
1099 0
1217 0
1965 0
1600 0
34 1
745 0
603 0
2082 0
90 1
620 0
565 0
1346 0
1434 0
3247 0
850 0
2818 0
1547 0
937 0
1045 0
1004 0
891 0
1619 0
730 0
16 1
2106 0
921 0
1013 0
1069 0
233 1
1224 0
1490 0
368 1
3078 0
2198 0
316 0
994 0
611 0
1370 0
11 0
492 0
208 0
2140 0
842 0
511 0
1523 0
93 1
899 0
292 0
3055 0
291 0
374 0
3071 0
114 0
199 1
429 0
1328 0
409 1
73 1
1091 0
3066 0
67 2
812 0
795 0
241 1
489 0
794 0
1609 0
585 0
327 0
1392 0
1970 0
944 0
1080 0
1113 0
674 0
732 0
2122 0
1864 0
280 1
957 0
273 1
1603 0
471 1
2233 0
1503 0
970 0
1509 0
24 1
1416 0
2049 0
104 1
131 0
1565 0
1558 0
2057 0
502 0
314 0
1513 0
2175 0
1502 0
355 0
747 0
553 1
159 0
2058 0
1252 0
555 0
47 1
1427 0
1484 0
1017 0
37 1
270 0
195 0
1057 0
2042 0
538 1
2186 0
680 0
679 0
831 0
1602 0
521 0
1147 0
1960 0
162 1
433 0
1241 0
880 0
647 0
1441 0
2164 0
1399 0
334 0
1206 0
786 0
986 0
1117 0
740 0
1008 0
1027 0
103 1
201 1
871 0
423 0
719 0
1139 0
1529 0
902 0
827 0
1222 0
2077 0
266 0
1747 0
1353 0
3128 0
820 0
174 1
1571 0
422 0
1219 0
1194 0
1552 0
97 1
41 1
668 0
52 3
688 0
750 0
3084 0
1451 0
302 0
774 0
1126 0
1453 0
866 0
2128 0
693 0
2223 0
593 0
770 0
188 0
402 0
1534 0
3152 0
1940 0
1097 0
641 0
893 0
838 0
616 0
640 0
870 0
804 1
83 1
1121 0
896 0
1468 0
3184 0
2068 0
1385 0
2165 0
1494 0
962 0
2094 0
755 0
1085 0
777 0
143 2
464 0
1403 0
2977 0
3235 0
1685 0
6 2
1051 0
562 1
1497 0
1102 0
518 0
497 0
183 0
1478 0
1211 0
362 0
439 1
1379 0
169 0
411 0
2155 0
1593 0
705 0
478 0
384 0
398 1
2016 0
3068 0
955 0
942 0
1376 0
2206 0
2177 0
2496 0
407 1
18 1
376 0
1432 0
785 0
599 1
1393 0
587 0
609 0
1595 0
1235 0
190 0
298 0
95 1
1750 0
923 0
601 0
822 0
243 0
231 0
1610 0
779 1
2051 0
551 0
148 1
753 0
504 1
343 1
981 0
697 0
726 1
2171 0
1010 0
707 0
106 0
157 1
964 0
65 1
935 0
203 0
261 0
1213 0
1093 0
1023 0
81 1
321 0
2084 0
792 0
86 2
624 0
1199 0
2170 0
656 0
371 1
3122 0
204 1
1079 0
1041 0
1590 0
435 0
814 0
1516 0
3195 0
1482 0
2053 0
924 0
2109 0
885 1
1412 0
884 0
339 1
228 0
760 0
863 1
749 0
531 0
268 1
829 0
345 0
172 1
596 0
1297 0
2090 0
2111 0
1366 0
1521 0
223 0
2124 0
721 0
613 1
1255 0
1043 0
669 0
282 1
420 0
1082 0
1066 0
121 0
952 0
639 0
989 0
1505 0
1071 0
494 0
487 0
2945 0
238 0
873 0
577 0
253 1
448 1
1227 0
1417 0
216 1
852 0
643 1
63 1
1120 0
179 0
1475 0
1532 0
1105 0
1187 0
713 0
2193 0
676 0
2092 0
1251 0
277 0
1192 0
2096 0
938 0
879 0
2149 0
1620 0
1095 0
1183 0
3104 0
3060 0
1444 0
3167 0
1527 0
2162 0
1132 0
929 0
2215 0
133 1
123 1
304 1
631 0
547 0
1544 0
1616 0
1583 0
1538 0
258 0
396 0
1422 0
482 0
949 0
56 0
499 1
54 2
306 0
1204 0
70 1
1047 0
2138 0
1055 0
166 2
88 0
2225 0
1009 0
30 1
141 1
403 0
466 0
1124 0
1230 0
134 0
75 1
2151 0
618 0
3038 0
450 0
2196 0
1405 0
3118 0
3150 0
1060 0
1492 0
703 1
2126 0
900 0
318 0
1134 0
1729 0
972 0
1100 0
473 1
1377 0
1461 0
3 3
185 1
248 1
146 1
1351 0
356 1
802 0
4 3
1985 0
2063 0
528 0
164 0
807 0
