127 1
1801 0
71 2
1648 0
1178 0
1387 0
512 0
1932 0
463 0
517 1
458 1
1785 0
2634 0
1250 0
1363 0
722 1
1109 0
2067 0
1630 0
1597 0
3919 0
728 0
1244 0
1638 0
742 0
29 2
350 0
1969 0
1810 0
58 1
153 1
2754 0
101 1
340 1
311 1
825 0
917 0
495 1
1322 0
1816 0
1172 0
2699 0
2458 0
1259 0
834 0
285 1
3824 0
1216 0
3879 0
1135 0
2002 0
96 1
2088 0
1068 0
2114 0
486 0
1354 0
569 1
8 1
1396 0
686 0
1760 0
2033 0
391 1
943 1
1887 0
2676 0
1375 0
180 1
1585 0
1877 0
246 2
2705 0
690 0
1168 0
61 1
536 1
1767 0
1653 0
1266 0
3326 0
2654 0
1458 0
444 0
508 0
1336 0
39 2
558 0
1089 0
12 0
573 0
2710 0
1084 0
638 0
1522 0
1 5
506 0
136 1
116 1
661 0
1935 0
2719 0
2690 0
581 0
2727 0
308 1
678 0
1517 0
2808 0
1975 0
1973 0
1991 0
927 0
301 1
51 2
1758 0
1822 0
3849 0
456 0
2745 0
652 1
1033 0
2736 0
1539 0
2029 0
796 0
366 0
844 1
1541 0
2723 0
272 0
775 0
2518 0
4113 0
2108 0
20 1
888 0
1983 0
1011 0
3787 0
1627 0
1161 0
468 0
2093 0
1019 0
700 0
1927 0
78 1
2853 0
1380 0
990 0
294 0
413 1
1614 0
764 0
1442 0
349 0
3364 0
2075 0
1981 0
2081 0
1383 0
606 0
137 2
1414 0
1855 0
666 0
432 0
860 0
1074 0
3884 0
1567 0
1063 0
1776 0
2565 0
708 0
2796 0
2589 0
710 0
2814 0
1656 0
323 1
856 0
1664 0
112 0
191 1
545 1
2733 0
187 0
3612 0
588 1
756 0
1283 0
262 2
1944 0
212 1
1331 1
2383 0
542 0
2590 0
1305 0
961 0
2686 0
2099 0
1662 0
574 0
170 1
1921 0
660 0
26 1
977 0
566 0
526 0
1901 0
4067 0
359 0
2765 0
1229 0
108 1
2820 0
604 0
2614 0
2608 0
1001 1
232 1
477 0
1338 0
1182 0
2623 0
225 1
207 0
142 0
1447 0
330 1
1510 0
48 1
1857 0
360 1
1988 0
1076 1
766 0
449 1
1574 0
1579 0
659 0
2774 0
1141 0
682 0
353 1
375 0
984 0
2833 0
1155 0
788 0
3914 0
1485 0
128 1
501 0
1313 0
278 1
1617 0
490 0
2650 0
1843 0
155 2
387 0
2626 0
1913 0
1112 0
626 1
1294 0
461 1
2712 0
1426 0
1562 0
257 1
1358 0
782 0
951 0
85 1
809 0
1156 0
425 1
2056 0
736 0
539 0
781 0
2847 0
1950 0
2865 0
520 0
2782 0
2037 0
532 1
1193 0
55 1
1890 0
57 2
2642 0
872 0
2354 0
1146 0
395 0
89 3
175 1
584 0
988 0
35 1
1882 0
1550 0
1454 0
1421 0
2827 0
665 0
2758 0
1476 0
3960 0
2641 0
2670 0
904 0
930 0
1675 0
649 1
1318 0
648 0
642 1
2006 0
1764 0
1028 0
1908 0
1589 0
198 1
1718 0
2792 0
1098 1
1059 0
2683 0
913 0
2019 0
2665 0
361 0
202 2
184 1
776 1
1819 0
1459 0
1984 0
2673 0
1269 0
181 0
412 0
307 0
1671 0
1463 0
1467 0
2041 0
830 0
154 1
2062 0
1101 1
704 0
2801 0
326 0
1462 0
1165 0
681 0
335 1
1029 0
2715 0
3531 0
5 2
2694 0
2105 0
2791 0
1957 0
554 0
552 0
1867 0
1623 0
74 2
440 0
890 0
1926 0
1289 0
299 0
2024 0
1282 0
841 0
1044 0
1350 0
91 2
1240 0
2815 0
467 0
481 1
474 1
867 0
1976 0
817 0
563 1
2751 0
229 1
673 0
68 2
2059 0
315 0
1827 0
2501 0
1947 0
1347 0
222 0
1504 0
25 1
2418 0
305 0
1253 0
928 0
1644 0
1526 0
217 0
2648 0
1730 0
281 1
158 1
46 3
1316 0
1418 0
36 2
472 0
1368 0
748 0
1655 0
1943 0
317 1
711 0
132 1
1791 0
1254 0
1642 0
892 0
3954 0
1428 0
2071 0
546 1
537 0
1018 0
1125 0
1007 0
3896 0
741 0
1443 0
1833 0
998 0
1186 0
2806 0
1789 0
3947 0
2076 0
529 1
1545 0
1838 0
1773 0
1058 0
987 0
1150 0
1535 0
908 0
1335 0
2580 0
284 0
903 0
1340 0
247 0
289 0
165 0
729 0
2 4
3891 0
808 0
845 0
1231 0
1249 0
147 1
973 0
1046 0
1142 0
2095 0
1291 0
2599 0
2601 0
319 1
2857 0
1179 0
1052 0
735 0
1922 0
1493 0
974 0
2629 0
1668 0
1715 0
344 1
1613 0
2103 0
636 0
1104 0
1406 0
1133 0
209 1
1905 0
1118 0
1575 0
117 3
2428 0
600 0
80 1
336 1
457 1
1301 0
821 0
383 0
696 0
1431 0
92 1
1489 0
2253 0
1805 0
2787 0
1477 0
1164 0
2824 0
505 0
2739 0
670 0
1094 0
419 1
995 0
837 0
1225 0
2015 0
290 1
149 1
625 1
712 0
210 2
406 0
19 1
2702 0
1030 0
365 0
763 0
2730 0
2593 0
2021 0
1895 0
570 0
2038 0
1880 0
252 0
1159 0
4063 0
883 0
2048 0
655 0
421 0
1998 0
2332 0
1367 0
271 1
1024 0
1070 0
491 1
1863 0
13 3
105 2
1514 0
840 0
1647 0
597 1
111 1
1411 0
408 1
1480 0
2777 0
242 1
559 0
1588 0
32 2
443 1
2234 0
1795 0
580 1
2800 0
846 0
1257 0
31 1
4093 0
1861 0
2706 0
1296 0
1303 0
1654 0
968 0
675 1
15 1
431 1
382 1
2846 0
1506 0
4026 0
2855 0
139 1
129 2
926 0
859 0
1246 0
1083 0
739 0
1293 0
876 0
1792 0
662 1
168 1
135 1
1518 0
145 1
178 1
2674 0
1131 0
2728 0
3992 0
772 0
124 1
1429 0
1974 0
2032 0
1374 0
1528 0
2807 0
653 0
2677 0
509 1
1015 0
976 0
367 1
716 1
1886 0
1821 0
1972 0
940 0
685 0
21 1
523 0
2377 0
1460 0
453 1
723 0
1202 0
351 1
1040 0
2838 0
595 0
488 0
1138 0
1854 0
1012 0
1498 0
835 0
1267 0
1032 0
901 0
113 0
152 1
3855 0
342 1
1419 0
862 0
341 0
1056 0
2189 0
64 4
2753 0
1473 0
881 1
45 2
507 1
405 0
1173 0
1963 0
309 0
3843 0
2085 0
2113 0
1258 0
824 0
120 1
4030 0
1148 0
2841 0
254 1
392 0
1321 0
1987 0
813 0
2014 0
644 1
2602 0
2477 0
851 1
399 1
1811 0
2110 0
436 1
1342 0
1802 0
213 0
1968 0
94 2
2775 0
1450 0
4009 0
568 0
2668 0
1129 0
791 1
1143 0
1355 0
2848 0
1961 0
386 1
916 0
2043 0
1457 0
200 0
1261 0
1352 0
329 0
525 1
27 2
787 1
1621 0
1902 0
161 1
1866 0
2001 0
1310 0
109 1
2115 0
3695 0
2651 0
1239 0
2764 0
2797 0
769 0
1556 0
1181 0
1809 0
803 0
2744 0
60 2
1766 0
1245 0
1400 0
1067 0
691 0
2615 0
4034 0
3982 0
1388 0
1676 0
346 1
911 1
427 0
2072 0
82 3
2202 0
650 0
1154 0
2624 0
895 0
1763 0
69 1
1157 0
1910 0
1470 0
2762 0
224 0
2711 0
2100 0
1982 0
1006 0
426 0
996 0
1435 0
279 1
2069 0
956 0
498 0
483 1
629 0
4145 0
2055 0
372 1
1487 0
2028 0
1661 0
1284 0
1330 0
1606 0
3526 0
1160 0
99 2
869 0
1933 0
2022 0
790 0
533 1
2080 0
1122 0
2416 0
1697 0
3828 0
1053 0
414 1
462 0
1770 0
2735 0
1209 0
263 1
991 0
931 0
615 0
476 1
1409 0
1626 0
1077 0
293 1
2854 0
1272 0
1781 0
1299 0
1663 0
967 0
1611 0
322 1
469 1
635 0
1088 0
575 1
1835 0
1566 0
4101 0
3850 0
979 0
709 0
40 2
310 0
192 1
699 1
1115 0
960 0
818 0
1038 0
543 0
267 0
1892 0
1777 0
2044 0
354 1
1437 0
3878 0
2813 0
1064 0
2724 0
757 0
2577 0
9 1
2734 0
1217 0
1600 0
603 1
2750 0
90 3
1850 0
565 0
1346 0
1964 0
850 1
2424 0
891 0
1004 0
2106 0
1360 0
2696 0
1013 1
233 1
1490 0
316 1
1806 0
2025 0
1370 0
11 1
2649 0
511 0
899 1
2000 0
2531 0
2689 0
199 0
1979 0
1929 0
2485 0
1948 0
795 0
794 0
1609 0
944 0
1780 0
1113 0
674 0
1317 0
957 0
280 0
273 0
471 0
2596 0
1503 0
1509 0
1936 0
1325 0
1643 0
131 1
314 0
1286 0
1796 0
1502 0
1872 0
355 0
553 1
2058 0
1252 0
2643 0
555 0
1037 1
2513 0
3875 0
37 1
855 1
195 1
2005 0
1706 0
1839 0
1788 0
680 0
679 0
831 0
1147 0
1960 0
1241 0
2783 0
647 0
1441 0
1206 0
334 0
1027 0
1997 0
423 0
1953 0
1139 0
2757 0
1319 0
1826 0
2077 0
1222 0
2036 0
1747 0
174 1
820 0
1799 0
1571 0
422 1
905 0
1552 0
41 1
52 0
302 1
1451 0
866 0
1453 0
2452 0
3842 0
593 0
770 0
188 0
402 0
1940 0
1097 0
641 1
1641 0
838 0
616 1
2664 0
640 0
1121 0
870 1
1384 0
896 0
1468 0
2068 0
1464 0
1494 0
777 0
2018 0
3426 0
1906 0
2786 0
464 0
1672 0
2011 0
1891 0
6 2
2768 0
562 0
1304 0
183 1
1102 0
1478 0
439 0
362 1
1379 0
2607 0
1593 0
705 0
3798 0
2206 0
2496 0
407 1
18 2
912 0
376 1
785 0
1432 0
1930 0
599 0
1167 0
587 1
609 0
1393 0
1235 0
298 0
95 1
923 0
243 2
3835 0
2051 0
2682 0
148 1
753 0
1343 0
2489 0
2655 0
726 0
2509 0
2703 0
2611 0
106 1
157 1
964 0
2009 0
65 3
1909 0
935 0
203 1
2627 0
1213 0
1093 0
1023 0
81 1
2742 0
1199 0
2084 0
86 2
1300 0
624 0
2598 0
1158 0
656 0
371 2
204 0
1041 0
435 0
1990 0
814 0
1482 0
885 0
2109 0
1412 0
884 0
1709 0
339 1
3539 0
228 1
749 0
268 0
829 0
345 1
596 0
1297 0
2090 0
1521 0
613 1
1082 0
1066 0
121 1
952 0
2691 0
1071 0
487 0
494 0
1956 0
2778 0
238 2
873 1
253 1
448 0
2631 0
63 2
1637 0
179 0
1105 0
713 0
1334 0
2096 0
1784 0
2839 0
938 0
1830 0
1620 0
1262 0
3917 0
1290 0
1527 0
1132 0
929 0
1925 0
547 1
631 0
1544 0
1538 0
1616 0
258 1
396 0
1422 0
482 1
949 1
2620 0
499 0
1047 1
1055 0
1276 0
141 2
909 0
1124 0
2618 0
1230 0
75 2
2793 0
1917 0
2588 0
1405 0
1713 0
1060 0
2420 0
2104 0
2858 0
900 0
318 0
1729 0
972 0
473 1
3 3
1774 0
248 1
146 2
1351 0
2396 0
356 0
802 0
2720 0
2063 0
528 0
164 1
807 1
2040 0
2678 0
2632 0
1049 0
882 0
2812 0
1050 0
1488 0
560 0
2830 0
898 1
798 0
2725 0
3892 0
1031 0
1273 0
451 1
454 0
2616 0
1364 0
1408 0
634 0
2721 0
578 0
695 0
978 1
325 1
378 1
889 0
1233 0
540 0
1162 0
1615 0
211 0
684 0
2831 0
1732 0
2073 0
861 0
337 1
76 2
1924 0
2718 0
982 0
571 0
1190 0
2592 0
389 0
1660 0
1345 0
1171 0
2290 0
3887 0
966 0
1123 0
992 0
236 0
1954 0
758 0
2843 0
706 1
218 1
14 2
2587 0
2567 0
234 1
594 1
1438 0
1903 0
1778 0
1859 0
160 2
98 1
2776 0
1048 0
1278 0
1381 0
1000 0
1061 0
43 1
2785 0
3955 0
288 1
193 2
119 1
586 1
2859 0
410 0
999 0
1180 0
1185 0
430 1
447 0
1446 0
1741 0
415 1
1130 0
1315 0
189 1
2597 0
3987 0
1292 0
1356 0
2849 0
480 1
1871 0
107 1
438 0
1153 0
87 2
1022 0
1832 0
2704 0
953 0
221 0
1424 0
417 0
784 0
260 0
2061 0
1844 0
762 0
1144 0
734 0
1723 0
144 2
1440 0
381 1
1471 0
1814 0
906 0
1349 0
2205 0
177 0
373 1
2078 0
773 0
1247 0
22 3
205 2
1309 0
1752 0
2681 0
1622 0
1260 0
874 0
975 0
493 0
1436 0
1911 0
2856 0
2528 0
1677 0
2199 0
1320 0
1026 0
2752 0
1390 0
1993 0
1893 0
1646 0
1469 0
1499 0
400 1
919 1
746 0
534 0
744 0
1268 0
633 0
1372 0
151 1
1977 0
2023 0
3822 0
1825 0
1669 0
1952 0
287 0
475 0
3908 0
2595 0
932 0
3858 0
1959 0
515 0
1525 0
1242 0
2761 0
138 1
1107 0
1874 0
1803 0
724 0
519 1
3958 0
17 3
3831 0
1327 0
1274 0
2667 0
110 1
333 1
2356 0
2658 0
646 0
446 1
1220 0
1582 0
1599 0
2306 0
1149 0
2603 0
1087 0
1288 0
2695 0
810 0
1238 0
33 1
4166 0
1587 0
7 2
1793 0
227 1
1860 0
2443 0
1937 0
2013 0
264 2
255 1
806 0
1885 0
182 1
1817 0
556 1
717 1
2817 0
815 0
671 0
1511 0
167 1
692 0
663 0
1907 0
2431 0
854 0
1945 0
969 0
1174 0
4023 0
510 0
393 1
1501 0
658 0
274 0
549 0
877 0
1508 0
1771 0
1128 0
3930 0
946 0
4074 0
1724 0
1520 0
303 2
250 0
2644 0
1361 0
614 0
1765 0
3864 0
130 1
53 1
1373 0
1465 0
1302 0
1397 0
941 0
583 1
1879 0
1824 0
1869 0
2342 0
591 0
3516 0
832 0
2304 0
2804 0
3916 0
828 0
4149 0
276 0
102 1
1920 0
1831 0
2465 0
3827 0
2639 0
1218 0
3868 0
1404 0
2398 0
259 0
424 0
1625 0
163 0
1402 0
1106 0
1531 0
2731 0
1841 0
347 1
1333 0
2738 0
434 1
2586 0
1184 0
865 0
2770 0
442 1
1572 0
2851 0
689 0
886 0
1116 0
2835 0
1329 0
3728 0
1725 0
4186 0
727 1
320 1
939 0
4095 0
2619 0
811 1
1670 0
2010 0
249 1
465 0
1612 0
819 0
1177 0
1127 0
1537 0
894 0
1298 0
858 0
140 1
1900 0
385 0
954 0
1479 0
1359 0
801 1
985 0
971 0
754 0
847 0
479 0
1166 0
1563 0
1378 0
1003 0
1800 0
2821 0
619 1
2101 0
1717 0
2557 0
698 0
1634 0
621 0
524 1
1848 0
598 0
780 0
240 0
1433 0
1666 0
230 0
115 2
377 0
602 1
922 0
2050 0
1311 0
3815 0
2741 0
2628 0
3740 0
1072 0
1787 0
1394 0
612 1
2772 0
936 0
1391 0
1086 0
701 1
214 1
564 1
2708 0
2562 0
2789 0
1650 0
2074 0
2850 0
731 0
1967 0
2779 0
657 1
1783 0
768 0
1092 0
503 0
4181 0
1636 0
4126 0
1483 0
338 0
576 0
761 0
1996 0
1775 0
738 0
1415 0
484 1
1036 0
1078 0
1243 0
2065 0
1265 0
544 1
623 0
3885 0
1512 0
1114 0
328 1
239 0
122 1
2635 0
269 1
1223 0
628 0
878 0
363 0
4140 0
733 1
630 1
997 0
1449 0
608 0
1234 0
1649 0
4108 0
1314 0
2748 0
1798 0
1474 0
2535 0
125 0
522 0
1632 0
1423 0
44 2
667 1
1188 0
2008 0
714 0
313 1
2017 0
2663 0
2661 0
1324 0
397 0
1096 0
1657 0
2717 0
1191 0
459 0
823 0
1495 0
771 0
401 0
186 0
2688 0
1797 0
1119 0
1914 0
2756 0
1919 0
1938 0
915 0
1586 0
4037 0
1986 0
404 0
2606 0
516 0
1813 0
2004 0
2060 0
702 0
561 0
357 0
1307 0
1812 0
1941 0
2826 0
1769 0
455 1
2475 0
1875 0
1673 0
963 0
297 1
2612 0
2031 0
1889 0
2692 0
2646 0
10 3
1596 0
980 0
550 0
2083 0
2697 0
2097 0
1651 0
1081 0
958 0
1569 0
592 0
2542 0
1978 0
1640 0
173 1
530 0
66 1
2709 0
2675 0
470 1
2026 0
1524 0
793 0
2360 0
1287 0
654 0
283 1
156 1
4178 0
59 2
2091 0
1971 0
1226 0
1949 0
1256 0
1744 0
1853 0
864 0
219 1
1016 0
799 0
1170 0
925 0
1896 0
390 0
1515 0
1042 0
38 2
1955 0
196 0
945 0
1169 0
2784 0
206 2
118 2
1674 0
959 0
358 0
331 1
1659 0
2746 0
737 0
767 0
2228 0
2070 0
1020 0
805 1
84 1
437 0
194 0
2749 0
1768 0
3830 0
220 1
1312 0
1021 0
1263 0
934 0
1989 0
4035 0
4017 0
948 0
572 0
1398 0
3986 0
226 2
1430 0
527 1
1145 0
1870 0
1448 0
62 1
833 0
2743 0
1472 0
548 0
2020 0
2575 0
1110 0
2622 0
1999 0
2799 0
1772 0
418 1
783 0
933 0
1357 0
348 1
1152 0
789 0
49 1
2046 0
2052 0
627 0
993 0
1090 0
1308 0
1934 0
715 0
1916 0
23 3
1722 0
364 0
388 1
1425 0
950 0
2680 0
1845 0
1445 0
1678 0
1025 0
2478 0
1466 0
485 0
778 0
720 0
1270 0
460 1
1389 0
324 0
244 0
637 0
2066 0
4168 0
2811 0
752 0
2679 0
1232 0
379 0
1386 0
1536 1
1639 0
1035 0
2617 0
452 0
579 0
295 1
1894 0
535 0
1618 0
77 1
683 0
541 1
765 0
897 1
312 1
1628 0
3871 0
237 1
1002 0
370 1
2722 0
2519 0
567 1
2610 0
416 1
914 0
100 1
380 0
965 0
300 1
1439 0
2079 0
1395 0
286 1
1075 0
800 0
1365 0
2432 0
1407 0
496 0
2829 0
605 0
1779 0
607 0
1807 0
42 1
759 0
1228 0
2508 0
235 1
1073 0
2591 0
1931 0
694 0
816 1
1103 0
296 1
265 0
1062 0
171 2
2609 0
445 1
1339 0
2687 0
2012 0
582 1
1884 0
1858 0
557 1
718 1
1581 0
1507 0
2726 0
441 1
868 0
4041 0
672 0
4096 0
1140 0
983 0
275 0
2035 0
197 1
853 0
751 0
1500 0
1746 0
1980 0
2685 0
1295 0
2832 0
3978 0
1111 0
677 1
907 0
1868 0
590 1
664 0
1790 0
1878 0
3915 0
617 0
79 2
3845 0
1420 0
352 0
2502 0
126 0
3821 0
251 1
1034 0
2803 0
369 0
1533 0
651 0
3900 0
176 1
947 1
1823 0
256 1
2810 0
920 0
428 0
2305 0
887 1
72 3
500 1
1221 0
1496 0
1757 0
918 0
1682 0
2781 0
1413 0
1108 0
2107 0
1275 0
1598 0
1014 0
843 0
2760 0
1491 0
1362 0
632 0
394 0
1371 0
610 1
514 0
2659 0
725 0
513 0
4088 0
50 3
3938 0
2645 0
1519 0
2633 0
797 0
2459 0
1136 0
1175 1
1236 0
645 0
1326 0
1382 0
1176 0
1452 0
1815 0
1039 0
2637 0
1005 0
28 2
2089 0
589 0
1337 0
2087 0
215 0
687 0
2098 0
150 1
245 0
2604 0
2190 0
826 1
1344 0
2666 0
332 1
2329 0
1099 0
1965 0
745 0
34 2
2653 0
2548 0
2082 0
620 0
2613 0
1410 0
1434 0
2713 0
1045 0
937 0
1619 0
730 1
16 0
921 0
3833 0
1069 0
1224 0
368 0
2556 0
994 0
611 0
1786 0
1849 0
849 1
492 0
2740 0
208 1
2440 0
1523 0
93 1
2773 0
292 1
291 0
374 0
2790 0
114 1
1306 0
1939 0
3876 0
429 0
1328 0
73 2
409 1
4049 0
1091 0
67 1
1962 0
241 0
812 0
1958 0
489 0
585 0
327 1
1970 0
1392 0
1080 0
732 0
1864 0
1881 0
622 0
970 0
2771 0
24 2
1416 0
2759 0
1658 0
104 1
1558 0
2057 0
1635 0
1237 0
1513 0
2175 0
1264 0
747 0
159 0
2490 0
1633 0
47 1
1942 0
1484 0
1017 0
270 0
1057 1
2042 0
538 0
2840 0
521 0
2007 0
1332 0
1923 0
162 1
433 1
880 0
1912 0
1399 1
786 0
986 0
740 0
1117 0
1008 0
103 2
201 1
871 0
1401 1
719 0
1529 0
902 0
827 1
266 1
2039 0
1353 0
2585 0
3826 0
4042 0
1624 0
1219 0
97 2
2378 0
1704 0
668 0
688 0
750 1
1126 0
774 0
910 0
2701 0
693 0
3926 0
1341 0
2684 0
1534 0
893 0
1915 0
3959 0
2737 0
804 1
83 2
1385 0
2672 0
1818 0
962 1
2094 0
755 0
1085 0
1837 0
143 1
1403 0
2822 0
1497 0
497 0
518 1
2732 0
2852 0
169 1
411 1
1542 0
2102 0
2836 0
478 0
2579 0
3720 0
384 1
398 1
836 1
2016 0
942 1
1735 0
955 0
1376 0
1888 0
2030 0
2647 0
190 1
2816 0
1750 0
1808 0
2802 0
822 0
601 1
231 1
1610 0
779 0
551 0
343 1
504 0
697 0
981 0
3753 0
2823 0
857 0
707 0
1010 0
1966 0
261 1
1782 0
2698 0
2252 0
2506 0
321 1
792 0
1248 0
1079 0
1590 0
1652 0
3980 0
1516 0
924 0
2053 0
4162 0
760 0
863 0
531 1
2027 0
172 1
2594 0
4045 0
2111 0
1366 0
223 0
1897 0
721 0
1255 0
1043 0
282 1
669 0
2660 0
420 0
639 0
989 0
1505 0
1348 0
1137 1
577 1
2809 0
1227 0
1417 0
216 0
852 0
643 1
1951 0
2766 0
1120 0
1475 0
1794 0
1187 0
2193 0
2636 0
676 0
2092 0
1251 0
277 0
879 0
3899 0
2640 0
2700 0
1095 0
1183 0
1444 0
2747 0
1883 0
2671 0
133 1
123 1
304 0
2600 0
1631 0
1828 0
2605 0
56 1
1369 0
54 2
1151 0
306 0
1204 0
70 1
839 0
166 1
88 1
1578 0
1009 0
30 2
403 2
466 0
134 2
618 0
848 1
1829 0
1904 0
1761 0
1629 0
2755 0
1918 0
1323 0
1455 0
1492 0
2662 0
703 0
2729 0
1134 0
1100 0
1377 0
1461 0
185 1
1719 0
4 2
2716 0
1985 0
2669 0
2003 0
