127 36
1801 5
71 43
1648 5
1178 11
1387 8
512 13
1932 4
463 14
517 19
458 23
1785 5
2634 3
1250 8
1363 5
722 14
1109 10
2067 4
1630 4
1597 5
3919 3
728 9
1244 5
1638 6
742 5
29 48
350 12
1969 3
1810 4
58 36
153 24
2754 3
101 32
340 23
311 21
825 12
917 9
495 13
1322 5
1816 4
1172 6
2699 3
2458 4
1259 6
834 10
285 26
3824 3
1216 4
3879 3
1135 9
2002 5
96 37
2088 3
1068 7
2114 5
486 11
1354 7
569 11
8 40
1396 8
686 11
1760 3
2033 4
391 17
943 10
1887 4
2676 4
1375 5
180 18
1585 4
1877 5
246 27
2705 4
690 6
1168 6
61 37
536 12
1767 6
1653 3
1266 5
3326 3
2654 3
1458 5
444 15
508 16
1336 5
39 32
558 9
1089 8
12 18
573 8
2710 3
1084 7
638 9
1522 3
1 102
506 8
136 26
116 30
661 12
1935 4
2719 4
2690 3
581 10
2727 3
308 18
678 10
1517 3
2808 3
1975 3
1973 4
1991 4
927 6
301 21
51 33
1758 3
1822 4
3849 3
456 10
2745 3
652 11
1033 5
2736 3
1539 7
2029 5
796 7
366 18
844 14
1541 5
2723 4
272 12
775 8
2518 4
4113 3
2108 6
20 42
888 10
1983 5
1011 7
3787 3
1627 6
1161 6
468 10
2093 4
1019 7
700 9
1927 6
78 31
2853 3
1380 5
990 10
294 24
413 17
1614 6
764 10
1442 6
349 22
3364 3
2075 4
1981 4
2081 5
1383 5
606 14
137 32
1414 5
1855 4
666 7
432 15
860 11
1074 10
3884 3
1567 6
1063 7
1776 5
2565 4
708 7
2796 3
2589 5
710 7
2814 4
1656 5
323 14
856 8
1664 4
112 15
191 33
545 14
2733 4
187 12
3612 3
588 11
756 17
1283 3
262 29
1944 5
212 24
1331 8
2383 4
542 14
2590 5
1305 7
961 12
2686 3
2099 3
1662 6
574 15
170 22
1921 7
660 12
26 45
977 6
566 11
526 12
1901 5
4067 3
359 13
2765 3
1229 6
108 23
2820 3
604 12
2614 3
2608 3
1001 13
232 22
477 14
1338 5
1182 9
2623 3
225 14
207 12
142 20
1447 9
330 20
1510 6
48 46
1857 4
360 21
1988 5
1076 12
766 8
449 20
1574 4
1579 5
659 15
2774 3
1141 6
682 17
353 20
375 12
984 10
2833 3
1155 5
788 11
3914 3
1485 7
128 22
501 9
1313 6
278 26
1617 7
490 14
2650 3
1843 5
155 32
387 10
2626 3
1913 7
1112 11
626 11
1294 10
461 16
2712 3
1426 6
1562 5
257 23
1358 5
782 6
951 7
85 39
809 12
1156 6
425 15
2056 4
736 9
539 14
781 6
2847 3
1950 4
2865 3
520 12
2782 4
2037 3
532 20
1193 8
55 37
1890 4
57 43
2642 3
872 12
2354 5
1146 6
395 18
89 45
175 23
584 11
988 11
35 45
1882 4
1550 6
1454 4
1421 7
2827 3
665 8
2758 3
1476 8
3960 3
2641 3
2670 3
904 6
930 5
1675 6
649 14
1318 7
648 12
642 15
2006 4
1764 4
1028 7
1908 5
1589 5
198 22
1718 5
2792 4
1098 11
1059 9
2683 4
913 11
2019 4
2665 5
361 10
202 28
184 30
776 12
1819 4
1459 8
1984 5
2673 4
1269 5
181 24
412 14
307 15
1671 4
1463 4
1467 4
2041 5
830 7
154 30
2062 4
1101 10
704 10
2801 4
326 26
1462 5
1165 5
681 14
335 24
1029 7
2715 3
3531 3
5 72
2694 3
2105 5
2791 3
1957 4
554 15
552 11
1867 5
1623 6
74 35
440 10
890 12
1926 6
1289 7
299 17
2024 4
1282 5
841 12
1044 5
1350 5
91 43
1240 6
2815 4
467 14
481 15
474 16
867 6
1976 3
817 9
563 20
2751 3
229 21
673 6
68 36
2059 4
315 20
1827 4
2501 4
1947 5
1347 5
222 29
1504 6
25 31
2418 4
305 15
1253 12
928 6
1644 7
1526 7
217 16
2648 3
1730 4
281 29
158 18
46 46
1316 5
1418 5
36 35
472 12
1368 4
748 13
1655 5
1943 5
317 19
711 7
132 24
1791 4
1254 6
1642 3
892 12
3954 3
1428 4
2071 4
546 22
537 9
1018 6
1125 8
1007 7
3896 3
741 12
1443 8
1833 4
998 6
1186 7
2806 3
1789 4
3947 3
2076 5
529 15
1545 6
1838 5
1773 7
1058 7
987 6
1150 6
1535 5
908 6
1335 6
2580 3
284 22
903 6
1340 6
247 13
289 13
165 19
729 11
2 70
3891 3
808 12
845 6
1231 6
1249 8
147 28
973 9
1046 9
1142 5
2095 3
1291 5
2599 5
2601 5
319 19
2857 3
1179 4
1052 4
735 6
1922 6
1493 6
974 8
2629 4
1668 5
1715 4
344 21
1613 7
2103 4
636 7
1104 7
1406 5
1133 10
209 18
1905 6
1118 8
1575 5
117 45
2428 4
600 11
80 29
336 22
457 17
1301 9
821 15
383 9
696 12
1431 5
92 26
1489 3
2253 4
1805 4
2787 3
1477 5
1164 4
2824 3
505 9
2739 3
670 16
1094 6
419 19
995 6
837 10
1225 6
2015 4
290 23
149 34
625 13
712 5
210 23
406 21
19 26
2702 3
1030 6
365 14
763 11
2730 4
2593 5
2021 5
1895 4
570 7
2038 5
1880 4
252 18
1159 5
4063 3
883 9
2048 4
655 7
421 12
1998 5
2332 4
1367 5
271 25
1024 6
1070 7
491 15
1863 4
13 60
105 32
1514 6
840 8
1647 4
597 15
111 23
1411 4
408 15
1480 4
2777 3
242 19
559 11
1588 5
32 35
443 23
2234 4
1795 4
580 14
2800 4
846 11
1257 8
31 39
4093 3
1861 5
2706 4
1296 6
1303 5
1654 5
968 6
675 13
15 58
431 18
382 18
2846 3
1506 4
4026 3
2855 3
139 30
129 25
926 12
859 9
1246 8
1083 4
739 7
1293 9
876 10
1792 5
662 13
168 25
135 29
1518 4
145 32
178 34
2674 3
1131 6
2728 3
3992 3
772 7
124 26
1429 4
1974 3
2032 3
1374 6
1528 8
2807 3
653 13
2677 4
509 16
1015 11
976 7
367 18
716 13
1886 4
1821 4
1972 6
940 10
685 10
21 51
523 9
2377 4
1460 5
453 14
723 11
1202 4
351 24
1040 8
2838 3
595 11
488 12
1138 10
1854 4
1012 7
1498 5
835 10
1267 5
1032 7
901 6
113 20
152 22
3855 3
342 29
1419 6
862 6
341 19
1056 7
2189 4
64 39
2753 3
1473 8
881 13
45 53
507 15
405 16
1173 4
1963 6
309 21
3843 3
2085 3
2113 3
1258 10
824 7
120 28
4030 3
1148 6
2841 4
254 20
392 25
1321 5
1987 5
813 6
2014 5
644 14
2602 5
2477 3
851 11
399 25
1811 5
2110 6
436 15
1342 6
1802 4
213 6
1968 5
94 36
2775 3
1450 7
4009 3
568 21
2668 4
1129 7
791 12
1143 7
1355 6
2848 3
1961 4
386 20
916 7
2043 3
1457 7
200 26
1261 6
1352 7
329 8
525 20
27 49
787 10
1621 6
1902 4
161 33
1866 4
2001 3
1310 6
109 34
2115 5
3695 3
2651 3
1239 8
2764 4
2797 3
769 9
1556 4
1181 8
1809 5
803 14
2744 4
60 30
1766 6
1245 8
1400 6
1067 6
691 15
2615 3
4034 3
3982 3
1388 5
1676 6
346 31
911 10
427 14
2072 3
82 29
2202 4
650 9
1154 4
2624 4
895 9
1763 5
69 23
1157 8
1910 5
1470 6
2762 3
224 16
2711 3
2100 3
1982 6
1006 5
426 12
996 7
1435 3
279 28
2069 3
956 11
498 14
483 14
629 12
4145 3
2055 5
372 13
1487 7
2028 3
1661 8
1284 7
1330 7
1606 4
3526 3
1160 7
99 30
869 9
1933 4
2022 3
790 10
533 14
2080 3
1122 4
2416 4
1697 4
3828 3
1053 8
414 18
462 19
1770 5
2735 3
1209 7
263 23
991 11
931 7
615 8
476 16
1409 4
1626 6
1077 9
293 28
2854 3
1272 7
1781 4
1299 9
1663 4
967 8
1611 7
322 23
469 12
635 9
1088 6
575 14
1835 4
1566 6
4101 3
3850 3
979 7
709 7
40 32
310 25
192 25
699 14
1115 7
960 8
818 12
1038 8
543 8
267 16
1892 5
1777 4
2044 3
354 24
1437 5
3878 3
2813 3
1064 7
2724 3
757 8
2577 4
9 48
2734 3
1217 6
1600 6
603 16
2750 4
90 38
1850 5
565 11
1346 5
1964 4
850 13
2424 4
891 11
1004 8
2106 6
1360 5
2696 4
1013 11
233 30
1490 6
316 15
1806 5
2025 5
1370 5
11 58
2649 3
511 18
899 11
2000 5
2531 4
2689 3
199 24
1979 5
1929 3
2485 4
1948 6
795 9
794 6
1609 6
944 9
1780 5
1113 6
674 9
1317 8
957 10
280 22
273 8
471 14
2596 5
1503 6
1509 4
1936 5
1325 5
1643 6
131 21
314 13
1286 7
1796 5
1502 6
1872 4
355 13
553 20
2058 4
1252 7
2643 3
555 16
1037 11
2513 4
3875 3
37 42
855 11
195 26
2005 5
1706 4
1839 4
1788 5
680 12
679 13
831 8
1147 7
1960 4
1241 5
2783 3
647 8
1441 8
1206 5
334 21
1027 7
1997 4
423 13
1953 4
1139 9
2757 3
1319 8
1826 5
2077 4
1222 10
2036 4
1747 6
174 29
820 12
1799 5
1571 5
422 17
905 7
1552 5
41 20
52 29
302 22
1451 8
866 8
1453 8
2452 3
3842 3
593 11
770 10
188 11
402 10
1940 3
1097 9
641 13
1641 5
838 11
616 12
2664 5
640 15
1121 8
870 11
1384 3
896 12
1468 5
2068 4
1464 4
1494 6
777 6
2018 5
3426 3
1906 6
2786 3
464 11
1672 5
2011 4
1891 3
6 38
2768 3
562 11
1304 7
183 23
1102 10
1478 8
439 9
362 23
1379 6
2607 3
1593 4
705 12
3798 3
2206 4
2496 3
407 21
18 50
912 11
376 22
785 9
1432 7
1930 3
599 17
1167 7
587 14
609 16
1393 9
1235 6
298 10
95 29
923 9
243 26
3835 3
2051 4
2682 3
148 33
753 10
1343 5
2489 3
2655 3
726 13
2509 3
2703 3
2611 3
106 45
157 24
964 9
2009 4
65 31
1909 5
935 8
203 28
2627 5
1213 5
1093 7
1023 6
81 35
2742 3
1199 4
2084 4
86 44
1300 8
624 7
2598 5
1158 7
656 6
371 21
204 15
1041 9
435 13
1990 5
814 8
1482 5
885 8
2109 6
1412 6
884 6
1709 6
339 24
3539 3
228 22
749 9
268 17
829 8
345 21
596 12
1297 5
2090 3
1521 6
613 14
1082 8
1066 7
121 20
952 6
2691 3
1071 4
487 12
494 10
1956 4
2778 4
238 26
873 11
253 26
448 12
2631 3
63 40
1637 3
179 14
1105 8
713 11
1334 5
2096 3
1784 6
2839 3
938 10
1830 5
1620 7
1262 6
3917 3
1290 7
1527 6
1132 5
929 6
1925 6
547 16
631 11
1544 5
1538 6
1616 6
258 23
396 13
1422 3
482 16
949 11
2620 5
499 12
1047 13
1055 6
1276 6
141 26
909 6
1124 5
2618 4
1230 7
75 36
2793 3
1917 6
2588 5
1405 4
1713 5
1060 5
2420 4
2104 6
2858 3
900 10
318 13
1729 3
972 4
473 18
3 90
1774 7
248 29
146 22
1351 5
2396 4
356 11
802 11
2720 3
2063 3
528 11
164 15
807 14
2040 4
2678 3
2632 3
1049 9
882 7
2812 3
1050 10
1488 7
560 10
2830 3
898 10
798 8
2725 3
3892 3
1031 8
1273 6
451 21
454 13
2616 4
1364 6
1408 6
634 8
2721 3
578 8
695 11
978 9
325 18
378 25
889 12
1233 7
540 18
1162 6
1615 6
211 18
684 7
2831 4
1732 4
2073 5
861 8
337 24
76 36
1924 6
2718 4
982 10
571 9
1190 5
2592 5
389 13
1660 7
1345 5
1171 6
2290 5
3887 3
966 9
1123 7
992 9
236 21
1954 4
758 11
2843 3
706 12
218 26
14 55
2587 5
2567 3
234 30
594 17
1438 8
1903 3
1778 4
1859 4
160 32
98 31
2776 4
1048 8
1278 4
1381 7
1000 12
1061 4
43 50
2785 3
3955 3
288 26
193 32
119 34
586 16
2859 3
410 12
999 10
1180 7
1185 6
430 17
447 12
1446 7
1741 5
415 27
1130 8
1315 8
189 33
2597 5
3987 3
1292 7
1356 6
2849 3
480 19
1871 4
107 25
438 12
1153 5
87 40
1022 6
1832 4
2704 4
953 7
221 17
1424 6
417 9
784 6
260 19
2061 3
1844 4
762 9
1144 8
734 8
1723 6
144 31
1440 7
381 13
1471 5
1814 4
906 6
1349 5
2205 4
177 11
373 17
2078 4
773 9
1247 7
22 55
205 26
1309 5
1752 4
2681 3
1622 6
1260 10
874 8
975 6
493 14
1436 6
1911 6
2856 3
2528 5
1677 5
2199 4
1320 6
1026 6
2752 3
1390 9
1993 4
1893 5
1646 4
1469 3
1499 4
400 13
919 10
746 10
534 8
744 6
1268 4
633 11
1372 8
151 29
1977 4
2023 5
3822 4
1825 4
1669 5
1952 4
287 16
475 8
3908 3
2595 5
932 6
3858 3
1959 3
515 14
1525 7
1242 7
2761 3
138 31
1107 11
1874 5
1803 4
724 6
519 24
3958 3
17 72
3831 3
1327 7
1274 6
2667 4
110 36
333 19
2356 4
2658 3
646 8
446 18
1220 12
1582 5
1599 4
2306 4
1149 7
2603 5
1087 7
1288 6
2695 4
810 9
1238 6
33 35
4166 3
1587 4
7 64
1793 5
227 22
1860 4
2443 4
1937 6
2013 3
264 31
255 23
806 9
1885 4
182 28
1817 4
556 19
717 14
2817 3
815 6
671 10
1511 4
167 26
692 17
663 8
1907 6
2431 4
854 13
1945 4
969 6
1174 8
4023 3
510 18
393 13
1501 4
658 10
274 14
549 17
877 7
1508 5
1771 7
1128 6
3930 3
946 7
4074 3
1724 4
1520 4
303 24
250 13
2644 4
1361 4
614 7
1765 7
3864 3
130 24
53 52
1373 6
1465 5
1302 8
1397 8
941 14
583 17
1879 4
1824 4
1869 3
2342 4
591 12
3516 3
832 9
2304 4
2804 4
3916 3
828 9
4149 3
276 11
102 30
1920 6
1831 4
2465 4
3827 3
2639 3
1218 10
3868 3
1404 4
2398 3
259 20
424 18
1625 6
163 18
1402 6
1106 9
1531 6
2731 3
1841 4
347 22
1333 7
2738 3
434 12
2586 5
1184 5
865 12
2770 3
442 18
1572 5
2851 3
689 6
886 9
1116 7
2835 3
1329 8
3728 3
1725 4
4186 3
727 14
320 17
939 10
4095 3
2619 3
811 11
1670 5
2010 5
249 25
465 12
1612 7
819 12
1177 5
1127 5
1537 6
894 7
1298 7
858 10
140 33
1900 4
385 14
954 7
1479 7
1359 5
801 13
985 7
971 6
754 7
847 7
479 18
1166 6
1563 6
1378 6
1003 6
1800 4
2821 3
619 19
2101 3
1717 5
2557 4
698 9
1634 4
621 18
524 17
1848 4
598 8
780 10
240 14
1433 5
1666 3
230 20
115 33
377 17
602 20
922 5
2050 3
1311 6
3815 3
2741 3
2628 5
3740 3
1072 3
1787 6
1394 8
612 15
2772 3
936 8
1391 6
1086 10
701 15
214 28
564 19
2708 3
2562 4
2789 3
1650 4
2074 4
2850 3
731 12
1967 5
2779 4
657 11
1783 6
768 9
1092 5
503 8
4181 3
1636 4
4126 3
1483 7
338 14
576 11
761 5
1996 4
1775 6
738 8
1415 6
484 18
1036 9
1078 10
1243 6
2065 5
1265 5
544 13
623 13
3885 3
1512 4
1114 7
328 21
239 19
122 37
2635 4
269 20
1223 9
628 8
878 9
363 10
4140 3
733 13
630 14
997 6
1449 9
608 11
1234 6
1649 5
4108 3
1314 6
2748 3
1798 5
1474 7
2535 5
125 19
522 13
1632 5
1423 6
44 45
667 12
1188 12
2008 3
714 13
313 24
2017 4
2663 4
2661 3
1324 6
397 13
1096 9
1657 3
2717 3
1191 7
459 9
823 10
1495 5
771 13
401 14
186 17
2688 4
1797 4
1119 5
1914 5
2756 3
1919 6
1938 5
915 13
1586 4
4037 3
1986 7
404 9
2606 3
516 11
1813 4
2004 4
2060 4
702 10
561 10
357 16
1307 5
1812 4
1941 6
2826 3
1769 5
455 15
2475 4
1875 4
1673 6
963 6
297 22
2612 4
2031 4
1889 4
2692 4
2646 3
10 58
1596 6
980 9
550 7
2083 4
2697 3
2097 3
1651 4
1081 7
958 9
1569 6
592 14
2542 4
1978 4
1640 5
173 23
530 15
66 24
2709 3
2675 4
470 14
2026 4
1524 7
793 11
2360 4
1287 6
654 10
283 22
156 26
4178 3
59 50
2091 3
1971 5
1226 8
1949 5
1256 7
1744 3
1853 4
864 7
219 24
1016 12
799 8
1170 6
925 8
1896 4
390 16
1515 5
1042 6
38 46
1955 4
196 13
945 14
1169 6
2784 3
206 20
118 29
1674 6
959 9
358 19
331 21
1659 7
2746 3
737 15
767 8
2228 4
2070 3
1020 6
805 14
84 27
437 13
194 18
2749 3
1768 6
3830 3
220 18
1312 9
1021 6
1263 4
934 7
1989 6
4035 3
4017 3
948 7
572 11
1398 7
3986 3
226 32
1430 4
527 15
1145 10
1870 4
1448 7
62 23
833 6
2743 3
1472 7
548 10
2020 4
2575 3
1110 7
2622 3
1999 5
2799 3
1772 8
418 15
783 6
933 8
1357 6
348 20
1152 6
789 14
49 37
2046 4
2052 5
627 9
993 6
1090 6
1308 4
1934 3
715 12
1916 6
23 53
1722 4
364 24
388 23
1425 6
950 8
2680 4
1845 4
1445 7
1678 3
1025 8
2478 3
1466 6
485 8
778 7
720 7
1270 7
460 11
1389 8
324 13
244 15
637 9
2066 5
4168 3
2811 3
752 18
2679 4
1232 5
379 18
1386 8
1536 9
1639 6
1035 11
2617 4
452 16
579 12
295 17
1894 4
535 17
1618 8
77 35
683 10
541 18
765 8
897 11
312 16
1628 5
3871 3
237 30
1002 6
370 16
2722 3
2519 4
567 14
2610 4
416 19
914 13
100 30
380 15
965 8
300 25
1439 8
2079 4
1395 8
286 25
1075 10
800 10
1365 7
2432 3
1407 5
496 10
2829 3
605 6
1779 5
607 9
1807 5
42 40
759 12
1228 8
2508 4
235 20
1073 8
2591 4
1931 6
694 9
816 9
1103 6
296 18
265 14
1062 5
171 30
2609 5
445 16
1339 5
2687 3
2012 5
582 17
1884 5
1858 4
557 12
718 12
1581 4
1507 4
2726 3
441 25
868 12
4041 3
672 10
4096 3
1140 8
983 10
275 10
2035 3
197 21
853 11
751 15
1500 6
1746 4
1980 5
2685 3
1295 5
2832 3
3978 3
1111 7
677 15
907 6
1868 5
590 12
664 8
1790 4
1878 4
3915 3
617 13
79 32
3845 3
1420 7
352 13
2502 5
126 22
3821 4
251 22
1034 9
2803 3
369 12
1533 6
651 8
3900 3
176 26
947 10
1823 4
256 22
2810 4
920 4
428 16
2305 3
887 10
72 52
500 15
1221 11
1496 6
1757 4
918 11
1682 5
2781 3
1413 4
1108 8
2107 5
1275 6
1598 4
1014 8
843 12
2760 3
1491 6
1362 5
632 11
394 18
1371 6
610 17
514 14
2659 4
725 9
513 10
4088 3
50 46
3938 3
2645 3
1519 5
2633 4
797 9
2459 4
1136 9
1175 9
1236 6
645 9
1326 5
1382 5
1176 10
1452 7
1815 4
1039 9
2637 4
1005 5
28 34
2089 5
589 17
1337 7
2087 4
215 16
687 10
2098 3
150 28
245 18
2604 3
2190 4
826 10
1344 6
2666 4
332 22
2329 4
1099 11
1965 5
745 10
34 23
2653 4
2548 4
2082 3
620 13
2613 3
1410 6
1434 3
2713 3
1045 11
937 7
1619 7
730 12
16 25
921 6
3833 3
1069 7
1224 10
368 15
2556 3
994 14
611 16
1786 5
1849 4
849 10
492 15
2740 4
208 24
2440 4
1523 7
93 29
2773 3
292 16
291 17
374 13
2790 3
114 30
1306 5
1939 6
3876 3
429 10
1328 4
73 43
409 16
4049 3
1091 6
67 29
1962 4
241 18
812 7
1958 4
489 11
585 12
327 22
1970 3
1392 7
1080 8
732 11
1864 3
1881 4
622 12
970 7
2771 3
24 47
1416 5
2759 3
1658 8
104 36
1558 4
2057 4
1635 5
1237 6
1513 6
2175 4
1264 6
747 10
159 20
2490 4
1633 6
47 41
1942 3
1484 8
1017 6
270 17
1057 9
2042 3
538 10
2840 3
521 12
2007 5
1332 6
1923 6
162 29
433 20
880 7
1912 6
1399 9
786 15
986 9
740 9
1117 7
1008 7
103 32
201 22
871 8
1401 8
719 8
1529 6
902 6
827 13
266 28
2039 4
1353 6
2585 5
3826 3
4042 3
1624 6
1219 8
97 37
2378 4
1704 5
668 11
688 13
750 16
1126 8
774 10
910 9
2701 3
693 11
3926 3
1341 6
2684 3
1534 5
893 8
1915 6
3959 3
2737 4
804 13
83 30
1385 7
2672 3
1818 5
962 9
2094 4
755 14
1085 9
1837 5
143 20
1403 6
2822 3
1497 4
497 8
518 21
2732 3
2852 4
169 27
411 15
1542 5
2102 3
2836 3
478 5
2579 3
3720 3
384 18
398 16
836 10
2016 3
942 10
1735 5
955 7
1376 6
1888 5
2030 4
2647 3
190 34
2816 3
1750 4
1808 5
2802 3
822 11
601 15
231 30
1610 6
779 8
551 14
343 30
504 10
697 8
981 9
3753 3
2823 3
857 8
707 7
1010 7
1966 4
261 19
1782 6
2698 4
2252 4
2506 4
321 23
792 7
1248 8
1079 10
1590 3
1652 3
3980 3
1516 5
924 9
2053 3
4162 3
760 10
863 8
531 15
2027 4
172 33
2594 5
4045 3
2111 6
1366 7
223 18
1897 4
721 8
1255 7
1043 5
282 25
669 13
2660 3
420 13
639 12
989 11
1505 7
1348 5
1137 13
577 19
2809 3
1227 5
1417 6
216 23
852 11
643 17
1951 3
2766 3
1120 8
1475 8
1794 4
1187 7
2193 4
2636 3
676 9
2092 4
1251 7
277 22
879 7
3899 3
2640 4
2700 4
1095 7
1183 9
1444 6
2747 3
1883 4
2671 4
133 20
123 35
304 12
2600 5
1631 5
1828 4
2605 3
56 56
1369 6
54 38
1151 6
306 16
1204 6
70 26
839 17
166 31
88 38
1578 6
1009 5
30 50
403 21
466 9
134 31
618 15
848 13
1829 5
1904 4
1761 4
1629 6
2755 3
1918 6
1323 5
1455 6
1492 6
2662 4
703 11
2729 4
1134 7
1100 10
1377 6
1461 7
185 16
1719 4
4 41
2716 4
1985 7
2669 5
2003 5
