*Vertices 4532
0.0161194
0.0119412
0.00683813
0.00683175
0.00599612
0.00545392
0.00539013
0.00531358
0.00510946
0.0050074
0.00494361
0.00481603
0.00447158
0.00443968
0.00436951
0.00436314
0.00423556
0.00405057
0.0040123
0.0040123
0.00398678
0.00394213
0.00393575
0.00387196
0.00384007
0.00378266
0.00375714
0.00372525
0.00372525
0.00369336
0.0036806
0.00361681
0.00359129
0.00350837
0.00326597
0.00325959
0.00325959
0.00324684
0.00321494
0.00320856
0.00317029
0.00312564
0.00309374
0.00308736
0.00306185
0.00300444
0.00299806
0.00299168
0.00293427
0.00291514
0.00287686
0.00285773
0.00285135
0.00283859
0.00283221
0.00278118
0.00276842
0.00275566
0.00264722
0.00262171
0.00259619
0.00257068
0.00253878
0.00251327
0.00251327
0.00251327
0.00250689
0.00249413
0.00248775
0.00248775
0.00246224
0.00246224
0.00241759
0.00241121
0.00239845
0.00236018
0.00234104
0.00230914
0.00230277
0.00227087
0.00221984
0.00220708
0.00218795
0.00218795
0.00216881
0.00216243
0.00215605
0.00214967
0.00214967
0.00212416
0.0021114
0.0021114
0.00210502
0.00208588
0.00207313
0.00207313
0.00207313
0.00206675
0.00205399
0.00204761
0.00203485
0.00203485
0.00200934
0.00197744
0.00195831
0.00192641
0.00192003
0.0019009
0.00188814
0.00181797
0.00181797
0.00179246
0.00177332
0.00176056
0.00174143
0.00172867
0.00167764
0.00167126
0.0016585
0.00164574
0.00163937
0.00163299
0.00162023
0.00160747
0.00160747
0.0015692
0.0015692
0.0015692
0.00156282
0.00155644
0.00154368
0.00152455
0.00147989
0.00147989
0.00147352
0.00147352
0.00146076
0.001448
0.001448
0.00144162
0.00144162
0.00143524
0.00142886
0.00142248
0.00142248
0.00140973
0.00140973
0.00140335
0.00140335
0.00140335
0.00138421
0.00138421
0.00137783
0.00137783
0.00137783
0.00136507
0.00135232
0.00133956
0.00133318
0.00133318
0.0013268
0.00132042
0.00132042
0.00131404
0.00130766
0.00129491
0.00129491
0.00128853
0.00128215
0.00128215
0.00127577
0.00126939
0.00126939
0.00126939
0.00125663
0.00125026
0.00125026
0.0012375
0.00123112
0.00123112
0.00122474
0.00122474
0.00122474
0.00122474
0.00121198
0.00121198
0.0012056
0.00119285
0.00119285
0.00118647
0.00118647
0.00118647
0.00118009
0.00117371
0.00116095
0.00114181
0.00114181
0.00113544
0.00112268
0.0011163
0.0011163
0.00110992
0.00110354
0.00109716
0.00109716
0.00109716
0.0010844
0.0010844
0.00107803
0.00107165
0.00107165
0.00107165
0.00105889
0.00105889
0.00105251
0.00104613
0.00103975
0.00103337
0.00102062
0.00101424
0.00101424
0.00101424
0.00101424
0.00101424
0.00101424
0.00100786
0.00100786
0.00100786
0.00100148
0.00100148
0.00100148
0.00100148
0.00100148
0.000995101
0.000995101
0.000988722
0.000982343
0.000982343
0.000975964
0.000975964
0.000969586
0.000963207
0.000956828
0.000956828
0.000956828
0.000956828
0.000956828
0.000950449
0.000950449
0.00094407
0.00094407
0.000937691
0.000937691
0.000931313
0.000924934
0.000924934
0.000924934
0.000918555
0.000918555
0.000912176
0.000912176
0.000912176
0.000899418
0.000893039
0.000893039
0.000886661
0.000886661
0.000886661
0.000880282
0.000873903
0.000867524
0.000861145
0.000861145
0.000854766
0.000854766
0.000854766
0.000854766
0.000854766
0.000848387
0.000848387
0.000848387
0.000842009
0.000842009
0.000842009
0.000842009
0.000842009
0.000842009
0.00083563
0.00083563
0.00083563
0.00083563
0.000829251
0.000829251
0.000829251
0.000829251
0.000822872
0.000816493
0.000816493
0.000816493
0.000816493
0.000810114
0.000810114
0.000803735
0.000803735
0.000803735
0.000803735
0.000803735
0.000803735
0.000803735
0.000797357
0.000790978
0.000790978
0.000784599
0.000784599
0.000771841
0.000771841
0.000771841
0.000771841
0.000765462
0.000765462
0.000765462
0.000765462
0.000759083
0.000759083
0.000759083
0.000746326
0.000739947
0.000739947
0.000733568
0.000727189
0.000727189
0.000727189
0.000727189
0.00072081
0.00072081
0.00072081
0.00072081
0.00072081
0.00072081
0.00072081
0.000714432
0.000714432
0.000714432
0.000714432
0.000714432
0.000714432
0.000714432
0.000701674
0.000701674
0.000695295
0.000695295
0.000695295
0.000688916
0.000688916
0.000688916
0.000682537
0.000676158
0.000663401
0.000663401
0.000663401
0.000663401
0.000663401
0.000657022
0.000657022
0.000650643
0.000650643
0.000650643
0.000644264
0.000644264
0.000637885
0.000637885
0.000637885
0.000631506
0.000631506
0.000631506
0.000625128
0.000625128
0.000625128
0.000625128
0.000625128
0.000618749
0.000618749
0.00061237
0.00061237
0.00061237
0.00061237
0.00061237
0.00061237
0.00061237
0.00061237
0.00061237
0.000605991
0.000605991
0.000605991
0.000599612
0.000599612
0.000599612
0.000599612
0.000599612
0.000599612
0.000593233
0.000593233
0.000586854
0.000586854
0.000586854
0.000586854
0.000586854
0.000580476
0.000574097
0.000574097
0.000574097
0.000574097
0.000574097
0.000574097
0.000574097
0.000574097
0.000574097
0.000567718
0.000567718
0.000567718
0.000561339
0.000561339
0.000561339
0.000561339
0.000561339
0.000561339
0.000561339
0.00055496
0.00055496
0.00055496
0.00055496
0.00055496
0.000548581
0.000548581
0.000548581
0.000548581
0.000548581
0.000548581
0.000548581
0.000542202
0.000542202
0.000535824
0.000535824
0.000535824
0.000535824
0.000535824
0.000535824
0.000535824
0.000535824
0.000535824
0.000529445
0.000529445
0.000523066
0.000523066
0.000523066
0.000523066
0.000523066
0.000523066
0.000523066
0.000523066
0.000523066
0.000523066
0.000523066
0.000523066
0.000516687
0.000510308
0.000510308
0.000510308
0.000510308
0.000510308
0.000510308
0.000510308
0.000503929
0.000503929
0.000503929
0.000503929
0.000497551
0.000497551
0.000497551
0.000497551
0.000497551
0.000497551
0.000497551
0.000497551
0.000497551
0.000491172
0.000491172
0.000484793
0.000484793
0.000484793
0.000484793
0.000484793
0.000484793
0.000484793
0.000484793
0.000484793
0.000484793
0.000478414
0.000478414
0.000478414
0.000472035
0.000472035
0.000472035
0.000472035
0.000472035
0.000472035
0.000472035
0.000472035
0.000472035
0.000472035
0.000465656
0.000465656
0.000465656
0.000459277
0.000459277
0.000459277
0.000459277
0.000459277
0.000459277
0.000459277
0.000459277
0.000459277
0.000452899
0.00044652
0.00044652
0.00044652
0.00044652
0.00044652
0.00044652
0.00044652
0.00044652
0.000440141
0.000440141
0.000440141
0.000440141
0.000433762
0.000433762
0.000433762
0.000433762
0.000433762
0.000433762
0.000433762
0.000433762
0.000427383
0.000427383
0.000427383
0.000421004
0.000421004
0.000421004
0.000421004
0.000421004
0.000421004
0.000414625
0.000414625
0.000414625
0.000408247
0.000408247
0.000408247
0.000408247
0.000408247
0.000408247
0.000408247
0.000401868
0.000401868
0.000401868
0.000395489
0.000395489
0.000395489
0.000395489
0.000395489
0.000395489
0.000395489
0.000395489
0.000395489
0.00038911
0.00038911
0.00038911
0.00038911
0.00038911
0.000382731
0.000382731
0.000382731
0.000382731
0.000382731
0.000382731
0.000382731
0.000382731
0.000382731
0.000382731
0.000382731
0.000382731
0.000376352
0.000376352
0.000376352
0.000376352
0.000376352
0.000369973
0.000369973
0.000369973
0.000369973
0.000369973
0.000369973
0.000369973
0.000369973
0.000363595
0.000363595
0.000357216
0.000357216
0.000357216
0.000357216
0.000357216
0.000357216
0.000357216
0.000357216
0.000357216
0.000357216
0.000350837
0.000350837
0.000350837
0.000350837
0.000350837
0.000344458
0.000344458
0.000344458
0.000344458
0.000344458
0.000344458
0.000344458
0.000344458
0.000344458
0.000344458
0.000344458
0.000344458
0.000344458
0.000344458
0.000344458
0.000344458
0.000338079
0.000338079
0.000338079
0.000338079
0.0003317
0.0003317
0.0003317
0.0003317
0.0003317
0.0003317
0.0003317
0.0003317
0.0003317
0.0003317
0.0003317
0.0003317
0.0003317
0.0003317
0.0003317
0.0003317
0.0003317
0.000325321
0.000325321
0.000325321
0.000325321
0.000325321
0.000325321
0.000325321
0.000325321
0.000318943
0.000318943
0.000318943
0.000318943
0.000318943
0.000318943
0.000318943
0.000318943
0.000318943
0.000318943
0.000318943
0.000318943
0.000318943
0.000318943
0.000312564
0.000312564
0.000312564
0.000306185
0.000306185
0.000306185
0.000306185
0.000306185
0.000306185
0.000306185
0.000306185
0.000306185
0.000306185
0.000306185
0.000306185
0.000306185
0.000306185
0.000306185
0.000306185
0.000299806
0.000299806
0.000299806
0.000299806
0.000299806
0.000299806
0.000299806
0.000293427
0.000293427
0.000293427
0.000293427
0.000293427
0.000293427
0.000293427
0.000293427
0.000293427
0.000293427
0.000293427
0.000293427
0.000293427
0.000287048
0.000287048
0.000287048
0.000287048
0.000287048
0.00028067
0.00028067
0.00028067
0.00028067
0.00028067
0.00028067
0.00028067
0.00028067
0.00028067
0.00028067
0.00028067
0.00028067
0.00028067
0.00028067
0.00028067
0.00028067
0.00028067
0.00028067
0.000274291
0.000274291
0.000274291
0.000274291
0.000274291
0.000274291
0.000267912
0.000267912
0.000267912
0.000267912
0.000267912
0.000267912
0.000267912
0.000267912
0.000267912
0.000267912
0.000267912
0.000267912
0.000267912
0.000267912
0.000267912
0.000267912
0.000267912
0.000267912
0.000267912
0.000267912
0.000267912
0.000267912
0.000267912
0.000267912
0.000267912
0.000267912
0.000267912
0.000267912
0.000267912
0.000267912
0.000267912
0.000267912
0.000267912
0.000261533
0.000261533
0.000261533
0.000261533
0.000261533
0.000255154
0.000255154
0.000255154
0.000255154
0.000255154
0.000255154
0.000255154
0.000255154
0.000255154
0.000255154
0.000255154
0.000255154
0.000255154
0.000255154
0.000255154
0.000255154
0.000255154
0.000255154
0.000255154
0.000255154
0.000255154
0.000255154
0.000255154
0.000248775
0.000248775
0.000248775
0.000242396
0.000242396
0.000242396
0.000242396
0.000242396
0.000242396
0.000242396
0.000242396
0.000242396
0.000242396
0.000242396
0.000242396
0.000242396
0.000242396
0.000242396
0.000242396
0.000242396
0.000242396
0.000242396
0.000242396
0.000236018
0.000236018
0.000229639
0.000229639
0.000229639
0.000229639
0.000229639
0.000229639
0.000229639
0.000229639
0.000229639
0.000229639
0.000229639
0.000229639
0.000229639
0.000229639
0.000229639
0.000229639
0.000229639
0.000229639
0.000229639
0.00022326
0.00022326
0.00022326
0.00022326
0.00022326
0.000216881
0.000216881
0.000216881
0.000216881
0.000216881
0.000216881
0.000216881
0.000216881
0.000216881
0.000216881
0.000216881
0.000216881
0.000216881
0.000216881
0.000216881
0.000216881
0.000216881
0.000216881
0.000216881
0.000216881
0.000210502
0.000210502
0.000210502
0.000204123
0.000204123
0.000204123
0.000204123
0.000204123
0.000204123
0.000204123
0.000204123
0.000204123
0.000204123
0.000204123
0.000204123
0.000204123
0.000204123
0.000204123
0.000204123
0.000204123
0.000204123
0.000204123
0.000204123
0.000204123
0.000204123
0.000204123
0.000204123
0.000204123
0.000204123
0.000204123
0.000204123
0.000204123
0.000204123
0.000204123
0.000204123
0.000204123
0.000204123
0.000204123
0.000204123
0.000204123
0.000204123
0.000204123
0.000204123
0.000204123
0.000204123
0.000197744
0.000197744
0.000191366
0.000191366
0.000191366
0.000191366
0.000191366
0.000191366
0.000191366
0.000191366
0.000191366
0.000191366
0.000191366
0.000191366
0.000191366
0.000191366
0.000191366
0.000191366
0.000191366
0.000191366
0.000191366
0.000191366
0.000191366
0.000191366
0.000191366
0.000191366
0.000191366
0.000191366
0.000191366
0.000191366
0.000191366
0.000191366
0.000191366
0.000191366
0.000191366
0.000191366
0.000191366
0.000191366
0.000191366
0.000191366
0.000191366
0.000191366
0.000191366
0.000191366
0.000191366
0.000191366
0.000191366
0.000191366
0.000191366
0.000191366
0.000191366
0.000184987
0.000184987
0.000184987
0.000184987
0.000178608
0.000178608
0.000178608
0.000178608
0.000178608
0.000178608
0.000178608
0.000178608
0.000178608
0.000178608
0.000178608
0.000178608
0.000178608
0.000178608
0.000178608
0.000178608
0.000172229
0.000172229
0.000172229
0.00016585
0.00016585
0.00016585
0.00016585
0.00016585
0.00016585
0.00016585
0.00016585
0.00016585
0.00016585
0.00016585
0.00016585
0.00016585
0.00016585
0.00016585
0.00016585
0.00016585
0.00016585
0.00016585
0.00016585
0.00016585
0.00016585
0.00016585
0.00016585
0.00016585
0.00016585
0.00016585
0.00016585
0.00016585
0.00016585
0.00016585
0.00016585
0.00016585
0.00016585
0.00016585
0.00016585
0.00016585
0.00016585
0.000159471
0.000159471
0.000159471
0.000159471
0.000153092
0.000153092
0.000153092
0.000153092
0.000153092
0.000153092
0.000153092
0.000153092
0.000153092
0.000153092
0.000153092
0.000153092
0.000153092
0.000153092
0.000153092
0.000153092
0.000153092
0.000153092
0.000153092
0.000153092
0.000153092
0.000153092
0.000153092
0.000153092
0.000153092
0.000153092
0.000153092
0.000153092
0.000153092
0.000153092
0.000153092
0.000153092
0.000153092
0.000153092
0.000153092
0.000153092
0.000153092
0.000153092
0.000153092
0.000153092
0.000153092
0.000153092
0.000153092
0.000153092
0.000153092
0.000153092
0.000153092
0.000153092
0.000153092
0.000153092
0.000153092
0.000153092
0.000153092
0.000153092
0.000153092
0.000153092
0.000153092
0.000153092
0.000153092
0.000153092
0.000153092
0.000153092
0.000153092
0.000153092
0.000153092
0.000153092
0.000153092
0.000153092
0.000153092
0.000153092
0.000153092
0.000153092
0.000153092
0.000153092
0.000153092
0.000153092
0.000153092
0.000153092
0.000153092
0.000146714
0.000146714
0.000146714
0.000146714
0.000146714
0.000146714
0.000146714
0.000146714
0.000140335
0.000140335
0.000140335
0.000140335
0.000140335
0.000140335
0.000140335
0.000140335
0.000140335
0.000140335
0.000140335
0.000140335
0.000140335
0.000140335
0.000140335
0.000140335
0.000140335
0.000140335
0.000140335
0.000140335
0.000140335
0.000140335
0.000140335
0.000140335
0.000133956
0.000133956
0.000133956
0.000133956
0.000133956
0.000133956
0.000133956
0.000133956
0.000127577
0.000127577
0.000127577
0.000127577
0.000127577
0.000127577
0.000127577
0.000127577
0.000127577
0.000127577
0.000127577
0.000127577
0.000127577
0.000127577
0.000127577
0.000127577
0.000127577
0.000127577
0.000127577
0.000127577
0.000127577
0.000127577
0.000127577
0.000127577
0.000127577
0.000127577
0.000127577
0.000127577
0.000127577
0.000127577
0.000127577
0.000127577
0.000127577
0.000127577
0.000127577
0.000127577
0.000127577
0.000127577
0.000127577
0.000127577
0.000127577
0.000127577
0.000127577
0.000127577
0.000127577
0.000127577
0.000127577
0.000127577
0.000127577
0.000127577
0.000127577
0.000127577
0.000127577
0.000127577
0.000127577
0.000127577
0.000127577
0.000127577
0.000127577
0.000127577
0.000127577
0.000127577
0.000127577
0.000127577
0.000127577
0.000127577
0.000127577
0.000127577
0.000127577
0.000127577
0.000127577
0.000127577
0.000127577
0.000127577
0.000127577
0.000127577
0.000127577
0.000127577
0.000127577
0.000127577
0.000127577
0.000127577
0.000127577
0.000127577
0.000127577
0.000127577
0.000127577
0.000127577
0.000127577
0.000127577
0.000127577
0.000127577
0.000127577
0.000127577
0.000127577
0.000127577
0.000127577
0.000127577
0.000127577
0.000127577
0.000127577
0.000127577
0.000127577
0.000127577
0.000127577
0.000127577
0.000127577
0.000127577
0.000127577
0.000127577
0.000127577
0.000127577
0.000127577
0.000127577
0.000127577
0.000121198
0.000121198
0.000121198
0.000121198
0.000121198
0.000114819
0.000114819
0.000114819
0.000114819
0.000114819
0.000114819
0.000114819
0.000114819
0.000114819
0.000114819
0.000114819
0.000114819
0.000114819
0.000114819
0.000114819
0.000114819
0.000114819
0.000114819
0.000114819
0.000114819
0.000114819
0.000114819
0.000114819
0.000114819
0.000114819
0.000114819
0.000114819
0.000114819
0.000114819
0.000114819
0.000114819
0.000114819
0.000114819
0.000114819
0.000114819
0.000114819
0.000114819
0.000114819
0.000114819
0.000114819
0.000114819
0.000114819
0.000114819
0.000114819
0.000114819
0.000114819
0.000114819
0.000114819
0.000114819
0.000114819
0.000114819
0.000114819
0.000114819
0.000114819
0.000114819
0.000114819
0.000114819
0.000114819
0.000114819
0.000114819
0.000114819
0.000114819
0.000114819
0.000114819
0.000114819
0.000114819
0.000114819
0.000114819
0.000114819
0.000114819
0.000114819
0.000114819
0.000114819
0.000114819
0.000114819
0.000114819
0.000114819
0.000114819
0.000114819
0.000114819
0.000114819
0.000114819
0.000114819
0.000114819
0.000114819
0.000114819
0.000114819
0.000114819
0.000114819
0.000114819
0.000114819
0.000114819
0.000114819
0.000114819
0.000114819
0.000114819
0.000114819
0.00010844
0.00010844
0.000102062
0.000102062
0.000102062
0.000102062
0.000102062
0.000102062
0.000102062
0.000102062
0.000102062
0.000102062
0.000102062
0.000102062
0.000102062
0.000102062
0.000102062
0.000102062
0.000102062
0.000102062
0.000102062
0.000102062
0.000102062
0.000102062
0.000102062
0.000102062
0.000102062
0.000102062
0.000102062
0.000102062
0.000102062
0.000102062
0.000102062
0.000102062
0.000102062
9.56828e-05
9.56828e-05
9.56828e-05
9.56828e-05
8.93039e-05
8.93039e-05
8.93039e-05
8.93039e-05
8.93039e-05
8.93039e-05
8.93039e-05
8.93039e-05
8.93039e-05
8.93039e-05
8.93039e-05
8.93039e-05
8.93039e-05
8.93039e-05
8.93039e-05
8.93039e-05
8.93039e-05
8.93039e-05
8.93039e-05
8.93039e-05
8.93039e-05
8.93039e-05
8.93039e-05
8.93039e-05
8.93039e-05
8.93039e-05
8.93039e-05
8.93039e-05
8.93039e-05
8.93039e-05
8.93039e-05
8.93039e-05
8.93039e-05
8.93039e-05
8.93039e-05
8.93039e-05
8.93039e-05
8.93039e-05
8.93039e-05
8.93039e-05
8.93039e-05
8.93039e-05
8.93039e-05
8.93039e-05
8.93039e-05
8.93039e-05
8.93039e-05
8.93039e-05
8.93039e-05
8.93039e-05
8.93039e-05
8.93039e-05
8.93039e-05
8.93039e-05
8.93039e-05
8.93039e-05
8.93039e-05
8.93039e-05
8.93039e-05
8.93039e-05
8.93039e-05
8.93039e-05
8.93039e-05
8.93039e-05
8.93039e-05
8.93039e-05
8.93039e-05
8.93039e-05
8.29251e-05
8.29251e-05
8.29251e-05
8.29251e-05
8.29251e-05
7.65462e-05
7.65462e-05
7.65462e-05
7.65462e-05
7.65462e-05
7.65462e-05
7.65462e-05
7.65462e-05
7.65462e-05
7.65462e-05
7.65462e-05
7.65462e-05
7.65462e-05
7.65462e-05
7.65462e-05
7.65462e-05
7.65462e-05
7.65462e-05
7.65462e-05
7.65462e-05
7.65462e-05
7.65462e-05
7.65462e-05
7.65462e-05
7.65462e-05
7.65462e-05
7.65462e-05
7.65462e-05
7.65462e-05
7.65462e-05
7.65462e-05
7.65462e-05
7.65462e-05
7.65462e-05
7.65462e-05
7.65462e-05
7.65462e-05
7.65462e-05
7.65462e-05
7.65462e-05
7.65462e-05
7.65462e-05
7.65462e-05
7.65462e-05
7.65462e-05
7.65462e-05
7.65462e-05
7.65462e-05
7.65462e-05
7.65462e-05
7.65462e-05
7.65462e-05
7.65462e-05
7.65462e-05
7.65462e-05
7.65462e-05
7.65462e-05
7.65462e-05
7.65462e-05
7.65462e-05
7.65462e-05
7.65462e-05
7.65462e-05
7.65462e-05
7.65462e-05
7.65462e-05
7.65462e-05
7.65462e-05
7.65462e-05
7.65462e-05
7.65462e-05
7.65462e-05
7.65462e-05
7.65462e-05
7.65462e-05
7.65462e-05
7.65462e-05
7.65462e-05
7.65462e-05
7.65462e-05
7.65462e-05
7.65462e-05
7.65462e-05
7.65462e-05
7.65462e-05
7.65462e-05
7.65462e-05
7.65462e-05
7.65462e-05
7.65462e-05
7.65462e-05
7.65462e-05
7.65462e-05
7.65462e-05
7.65462e-05
7.65462e-05
7.65462e-05
7.65462e-05
7.65462e-05
7.65462e-05
7.65462e-05
7.65462e-05
7.65462e-05
7.65462e-05
7.65462e-05
7.65462e-05
7.65462e-05
7.65462e-05
7.65462e-05
7.65462e-05
7.65462e-05
7.65462e-05
7.65462e-05
7.65462e-05
7.65462e-05
7.65462e-05
7.65462e-05
7.65462e-05
7.65462e-05
7.65462e-05
7.65462e-05
7.65462e-05
7.65462e-05
7.65462e-05
7.65462e-05
7.65462e-05
7.65462e-05
7.65462e-05
7.65462e-05
7.65462e-05
7.65462e-05
7.65462e-05
7.65462e-05
7.65462e-05
7.65462e-05
7.65462e-05
7.65462e-05
7.65462e-05
7.65462e-05
7.65462e-05
7.65462e-05
7.65462e-05
7.65462e-05
7.65462e-05
7.65462e-05
7.65462e-05
7.65462e-05
7.65462e-05
7.65462e-05
7.65462e-05
7.65462e-05
7.65462e-05
7.65462e-05
7.65462e-05
7.65462e-05
7.65462e-05
7.65462e-05
7.65462e-05
7.65462e-05
7.65462e-05
7.65462e-05
7.65462e-05
7.65462e-05
7.65462e-05
7.65462e-05
7.65462e-05
7.65462e-05
7.65462e-05
7.65462e-05
7.65462e-05
7.65462e-05
7.65462e-05
7.65462e-05
7.65462e-05
7.65462e-05
7.65462e-05
7.65462e-05
7.65462e-05
7.65462e-05
7.65462e-05
7.65462e-05
7.65462e-05
7.65462e-05
7.65462e-05
7.65462e-05
7.65462e-05
7.65462e-05
7.65462e-05
7.65462e-05
7.65462e-05
7.65462e-05
7.65462e-05
7.65462e-05
7.65462e-05
7.65462e-05
7.65462e-05
7.65462e-05
7.65462e-05
7.65462e-05
7.65462e-05
7.65462e-05
7.65462e-05
7.65462e-05
7.65462e-05
7.65462e-05
7.65462e-05
7.65462e-05
7.65462e-05
7.65462e-05
7.65462e-05
7.65462e-05
7.65462e-05
7.65462e-05
7.65462e-05
7.65462e-05
7.65462e-05
7.65462e-05
7.65462e-05
7.65462e-05
7.65462e-05
7.65462e-05
7.65462e-05
7.65462e-05
7.65462e-05
7.65462e-05
7.65462e-05
7.65462e-05
7.65462e-05
7.65462e-05
7.65462e-05
7.65462e-05
7.65462e-05
7.65462e-05
7.65462e-05
7.65462e-05
7.65462e-05
7.65462e-05
7.65462e-05
7.65462e-05
7.65462e-05
7.65462e-05
7.65462e-05
7.65462e-05
7.65462e-05
7.65462e-05
7.65462e-05
7.65462e-05
7.65462e-05
7.65462e-05
7.65462e-05
7.65462e-05
7.65462e-05
7.65462e-05
7.65462e-05
7.65462e-05
7.65462e-05
7.65462e-05
7.65462e-05
7.65462e-05
7.65462e-05
7.65462e-05
7.65462e-05
7.65462e-05
7.65462e-05
7.65462e-05
7.65462e-05
7.65462e-05
7.65462e-05
7.65462e-05
7.65462e-05
7.65462e-05
7.65462e-05
7.65462e-05
7.65462e-05
7.65462e-05
7.65462e-05
7.65462e-05
7.65462e-05
7.65462e-05
7.65462e-05
7.65462e-05
7.65462e-05
7.65462e-05
7.65462e-05
7.65462e-05
7.65462e-05
7.65462e-05
7.65462e-05
7.65462e-05
7.65462e-05
7.65462e-05
7.65462e-05
7.65462e-05
7.65462e-05
7.65462e-05
7.65462e-05
7.65462e-05
7.65462e-05
7.65462e-05
7.65462e-05
7.65462e-05
7.65462e-05
7.65462e-05
7.65462e-05
7.65462e-05
7.65462e-05
7.65462e-05
7.65462e-05
7.65462e-05
7.65462e-05
7.65462e-05
7.65462e-05
7.65462e-05
7.65462e-05
7.65462e-05
7.65462e-05
7.65462e-05
7.65462e-05
7.65462e-05
7.65462e-05
7.65462e-05
7.65462e-05
7.65462e-05
7.65462e-05
7.65462e-05
7.65462e-05
7.65462e-05
7.65462e-05
7.65462e-05
7.65462e-05
7.65462e-05
7.65462e-05
7.65462e-05
7.65462e-05
7.65462e-05
7.65462e-05
7.65462e-05
7.65462e-05
7.65462e-05
7.65462e-05
7.65462e-05
7.65462e-05
7.65462e-05
7.65462e-05
7.65462e-05
7.65462e-05
7.65462e-05
7.65462e-05
7.65462e-05
7.65462e-05
7.65462e-05
7.65462e-05
7.65462e-05
7.65462e-05
7.65462e-05
7.65462e-05
7.65462e-05
7.65462e-05
7.65462e-05
7.65462e-05
7.65462e-05
7.65462e-05
7.65462e-05
7.65462e-05
7.65462e-05
7.65462e-05
7.65462e-05
7.65462e-05
7.65462e-05
7.65462e-05
7.65462e-05
7.65462e-05
7.65462e-05
7.65462e-05
7.65462e-05
7.65462e-05
7.65462e-05
7.65462e-05
7.65462e-05
7.65462e-05
7.65462e-05
7.65462e-05
7.65462e-05
7.65462e-05
7.65462e-05
7.65462e-05
7.65462e-05
7.65462e-05
7.65462e-05
7.65462e-05
7.65462e-05
7.65462e-05
7.65462e-05
7.65462e-05
7.65462e-05
7.65462e-05
7.65462e-05
7.65462e-05
7.01674e-05
7.01674e-05
6.37885e-05
6.37885e-05
6.37885e-05
6.37885e-05
6.37885e-05
6.37885e-05
6.37885e-05
6.37885e-05
6.37885e-05
6.37885e-05
6.37885e-05
6.37885e-05
6.37885e-05
6.37885e-05
6.37885e-05
6.37885e-05
6.37885e-05
6.37885e-05
6.37885e-05
6.37885e-05
6.37885e-05
6.37885e-05
6.37885e-05
6.37885e-05
6.37885e-05
6.37885e-05
6.37885e-05
6.37885e-05
6.37885e-05
6.37885e-05
6.37885e-05
6.37885e-05
6.37885e-05
6.37885e-05
6.37885e-05
6.37885e-05
6.37885e-05
6.37885e-05
6.37885e-05
6.37885e-05
6.37885e-05
6.37885e-05
6.37885e-05
6.37885e-05
6.37885e-05
5.74097e-05
5.74097e-05
5.74097e-05
5.10308e-05
5.10308e-05
5.10308e-05
5.10308e-05
5.10308e-05
5.10308e-05
5.10308e-05
5.10308e-05
5.10308e-05
5.10308e-05
5.10308e-05
5.10308e-05
5.10308e-05
5.10308e-05
5.10308e-05
5.10308e-05
5.10308e-05
5.10308e-05
5.10308e-05
5.10308e-05
5.10308e-05
5.10308e-05
5.10308e-05
5.10308e-05
5.10308e-05
5.10308e-05
5.10308e-05
5.10308e-05
5.10308e-05
5.10308e-05
5.10308e-05
5.10308e-05
5.10308e-05
5.10308e-05
5.10308e-05
5.10308e-05
5.10308e-05
5.10308e-05
5.10308e-05
5.10308e-05
5.10308e-05
5.10308e-05
5.10308e-05
5.10308e-05
5.10308e-05
5.10308e-05
5.10308e-05
5.10308e-05
5.10308e-05
5.10308e-05
5.10308e-05
5.10308e-05
5.10308e-05
5.10308e-05
5.10308e-05
5.10308e-05
5.10308e-05
5.10308e-05
5.10308e-05
5.10308e-05
5.10308e-05
5.10308e-05
5.10308e-05
5.10308e-05
5.10308e-05
5.10308e-05
5.10308e-05
5.10308e-05
5.10308e-05
5.10308e-05
5.10308e-05
5.10308e-05
5.10308e-05
5.10308e-05
5.10308e-05
5.10308e-05
5.10308e-05
5.10308e-05
5.10308e-05
5.10308e-05
5.10308e-05
5.10308e-05
5.10308e-05
5.10308e-05
5.10308e-05
5.10308e-05
5.10308e-05
5.10308e-05
5.10308e-05
5.10308e-05
5.10308e-05
5.10308e-05
5.10308e-05
5.10308e-05
5.10308e-05
5.10308e-05
5.10308e-05
5.10308e-05
5.10308e-05
5.10308e-05
5.10308e-05
5.10308e-05
5.10308e-05
5.10308e-05
5.10308e-05
5.10308e-05
5.10308e-05
5.10308e-05
5.10308e-05
5.10308e-05
5.10308e-05
4.4652e-05
4.4652e-05
4.4652e-05
4.4652e-05
4.4652e-05
4.4652e-05
3.82731e-05
3.82731e-05
3.82731e-05
3.82731e-05
3.82731e-05
3.82731e-05
3.82731e-05
3.82731e-05
3.82731e-05
3.82731e-05
3.82731e-05
3.82731e-05
3.82731e-05
3.82731e-05
3.82731e-05
3.82731e-05
3.82731e-05
3.82731e-05
3.82731e-05
3.82731e-05
3.82731e-05
3.82731e-05
3.82731e-05
3.82731e-05
3.82731e-05
3.82731e-05
3.82731e-05
3.82731e-05
3.82731e-05
3.82731e-05
3.82731e-05
3.82731e-05
3.82731e-05
3.82731e-05
3.82731e-05
3.82731e-05
3.82731e-05
3.82731e-05
3.82731e-05
3.82731e-05
3.82731e-05
3.82731e-05
3.82731e-05
3.82731e-05
3.82731e-05
3.82731e-05
3.82731e-05
3.82731e-05
3.82731e-05
3.82731e-05
3.82731e-05
3.82731e-05
3.82731e-05
3.82731e-05
3.82731e-05
3.82731e-05
3.82731e-05
3.82731e-05
3.82731e-05
3.82731e-05
3.82731e-05
3.82731e-05
3.82731e-05
3.82731e-05
3.82731e-05
3.82731e-05
3.82731e-05
3.82731e-05
3.82731e-05
3.82731e-05
3.82731e-05
3.82731e-05
3.82731e-05
3.82731e-05
3.82731e-05
3.82731e-05
3.82731e-05
3.82731e-05
3.82731e-05
3.82731e-05
3.82731e-05
3.82731e-05
3.82731e-05
3.82731e-05
3.82731e-05
3.82731e-05
3.82731e-05
3.82731e-05
3.82731e-05
3.82731e-05
3.82731e-05
3.82731e-05
3.82731e-05
3.82731e-05
3.82731e-05
3.82731e-05
3.82731e-05
3.82731e-05
3.82731e-05
3.82731e-05
3.82731e-05
3.82731e-05
3.82731e-05
3.82731e-05
3.82731e-05
3.82731e-05
3.82731e-05
3.82731e-05
3.82731e-05
3.82731e-05
3.82731e-05
3.82731e-05
3.82731e-05
3.82731e-05
3.82731e-05
3.82731e-05
3.82731e-05
3.82731e-05
3.82731e-05
3.82731e-05
3.82731e-05
3.82731e-05
3.82731e-05
3.82731e-05
3.82731e-05
3.82731e-05
3.82731e-05
3.82731e-05
3.82731e-05
3.82731e-05
3.82731e-05
3.82731e-05
3.82731e-05
3.82731e-05
3.82731e-05
3.82731e-05
3.82731e-05
3.82731e-05
3.82731e-05
3.82731e-05
3.82731e-05
3.82731e-05
3.82731e-05
3.82731e-05
3.82731e-05
3.82731e-05
3.82731e-05
3.82731e-05
3.82731e-05
3.82731e-05
3.82731e-05
3.82731e-05
3.82731e-05
3.82731e-05
3.82731e-05
3.82731e-05
3.82731e-05
3.82731e-05
3.82731e-05
3.82731e-05
3.82731e-05
3.82731e-05
3.82731e-05
3.82731e-05
3.82731e-05
3.82731e-05
3.82731e-05
3.82731e-05
3.82731e-05
3.82731e-05
3.82731e-05
3.82731e-05
3.82731e-05
3.82731e-05
3.82731e-05
3.82731e-05
3.82731e-05
3.82731e-05
3.82731e-05
3.82731e-05
3.82731e-05
3.82731e-05
3.82731e-05
3.82731e-05
3.82731e-05
3.82731e-05
3.82731e-05
3.82731e-05
3.82731e-05
3.82731e-05
3.82731e-05
3.82731e-05
3.82731e-05
3.82731e-05
3.82731e-05
3.82731e-05
3.82731e-05
3.82731e-05
3.82731e-05
3.82731e-05
3.82731e-05
3.82731e-05
3.82731e-05
3.82731e-05
3.82731e-05
3.82731e-05
3.82731e-05
3.82731e-05
3.82731e-05
3.82731e-05
3.82731e-05
3.82731e-05
3.82731e-05
3.82731e-05
3.82731e-05
3.82731e-05
3.82731e-05
3.82731e-05
3.82731e-05
3.82731e-05
3.82731e-05
3.82731e-05
3.82731e-05
3.82731e-05
3.82731e-05
3.82731e-05
3.82731e-05
3.82731e-05
3.82731e-05
3.82731e-05
3.82731e-05
3.82731e-05
3.82731e-05
3.82731e-05
3.82731e-05
3.82731e-05
3.82731e-05
3.82731e-05
3.82731e-05
3.82731e-05
3.82731e-05
3.82731e-05
3.82731e-05
3.82731e-05
3.82731e-05
3.82731e-05
3.82731e-05
3.82731e-05
3.82731e-05
3.82731e-05
3.82731e-05
3.82731e-05
3.82731e-05
3.82731e-05
3.82731e-05
3.82731e-05
3.82731e-05
3.82731e-05
3.82731e-05
3.82731e-05
3.82731e-05
3.82731e-05
3.82731e-05
3.82731e-05
3.82731e-05
3.82731e-05
3.82731e-05
3.82731e-05
3.82731e-05
3.82731e-05
3.82731e-05
3.82731e-05
3.82731e-05
3.82731e-05
3.82731e-05
3.82731e-05
3.82731e-05
3.82731e-05
3.82731e-05
3.82731e-05
3.82731e-05
3.82731e-05
3.82731e-05
3.82731e-05
3.82731e-05
3.82731e-05
3.82731e-05
3.82731e-05
3.82731e-05
3.82731e-05
3.82731e-05
3.82731e-05
3.82731e-05
3.82731e-05
3.82731e-05
3.82731e-05
3.82731e-05
3.82731e-05
3.82731e-05
3.82731e-05
3.82731e-05
3.82731e-05
3.82731e-05
3.82731e-05
3.82731e-05
3.82731e-05
3.82731e-05
3.82731e-05
3.82731e-05
3.82731e-05
3.82731e-05
3.82731e-05
3.82731e-05
3.82731e-05
3.82731e-05
3.82731e-05
3.82731e-05
3.82731e-05
3.82731e-05
3.82731e-05
3.82731e-05
3.82731e-05
3.82731e-05
3.82731e-05
3.82731e-05
3.82731e-05
3.82731e-05
3.82731e-05
3.82731e-05
3.82731e-05
3.82731e-05
3.82731e-05
3.82731e-05
3.82731e-05
3.82731e-05
3.82731e-05
3.82731e-05
3.82731e-05
3.82731e-05
3.82731e-05
3.82731e-05
3.82731e-05
3.82731e-05
3.82731e-05
3.82731e-05
3.82731e-05
3.82731e-05
3.82731e-05
3.82731e-05
3.82731e-05
3.82731e-05
3.82731e-05
3.82731e-05
3.82731e-05
3.82731e-05
3.82731e-05
3.82731e-05
3.82731e-05
3.82731e-05
3.82731e-05
3.82731e-05
3.82731e-05
3.82731e-05
3.82731e-05
3.82731e-05
3.82731e-05
3.82731e-05
3.82731e-05
3.82731e-05
3.82731e-05
3.82731e-05
3.82731e-05
3.82731e-05
3.82731e-05
3.82731e-05
3.82731e-05
3.82731e-05
3.82731e-05
3.82731e-05
3.82731e-05
3.82731e-05
3.82731e-05
3.82731e-05
3.82731e-05
3.82731e-05
3.82731e-05
3.82731e-05
3.82731e-05
3.82731e-05
3.82731e-05
3.82731e-05
3.82731e-05
3.82731e-05
3.82731e-05
3.82731e-05
3.82731e-05
3.82731e-05
3.82731e-05
3.82731e-05
3.82731e-05
3.82731e-05
3.82731e-05
3.82731e-05
3.82731e-05
3.82731e-05
3.82731e-05
3.82731e-05
3.82731e-05
3.82731e-05
3.82731e-05
3.82731e-05
3.82731e-05
3.82731e-05
3.82731e-05
3.82731e-05
3.82731e-05
3.82731e-05
3.82731e-05
3.82731e-05
3.82731e-05
3.82731e-05
3.82731e-05
3.82731e-05
3.82731e-05
3.82731e-05
3.82731e-05
3.82731e-05
3.82731e-05
3.82731e-05
3.82731e-05
3.82731e-05
3.82731e-05
3.82731e-05
3.82731e-05
3.82731e-05
3.82731e-05
3.82731e-05
3.82731e-05
3.82731e-05
3.82731e-05
3.82731e-05
3.82731e-05
3.82731e-05
3.82731e-05
3.82731e-05
3.82731e-05
3.82731e-05
3.82731e-05
3.82731e-05
3.82731e-05
3.82731e-05
3.82731e-05
3.82731e-05
3.82731e-05
3.82731e-05
3.82731e-05
3.82731e-05
3.82731e-05
3.82731e-05
3.82731e-05
3.82731e-05
3.82731e-05
3.82731e-05
3.82731e-05
3.82731e-05
3.82731e-05
3.82731e-05
3.82731e-05
3.82731e-05
3.82731e-05
3.82731e-05
3.82731e-05
3.82731e-05
3.82731e-05
3.82731e-05
3.82731e-05
3.82731e-05
3.82731e-05
3.82731e-05
3.82731e-05
3.82731e-05
3.82731e-05
3.82731e-05
3.82731e-05
3.82731e-05
3.82731e-05
3.82731e-05
3.82731e-05
3.82731e-05
3.82731e-05
3.82731e-05
3.82731e-05
3.82731e-05
3.82731e-05
3.82731e-05
3.82731e-05
3.82731e-05
3.82731e-05
3.82731e-05
3.82731e-05
3.82731e-05
3.82731e-05
3.82731e-05
3.82731e-05
3.82731e-05
3.82731e-05
3.82731e-05
3.82731e-05
3.82731e-05
3.82731e-05
3.82731e-05
3.82731e-05
3.82731e-05
3.82731e-05
3.82731e-05
3.82731e-05
3.82731e-05
3.82731e-05
3.82731e-05
3.82731e-05
3.82731e-05
3.82731e-05
3.82731e-05
3.82731e-05
3.82731e-05
3.82731e-05
3.82731e-05
3.82731e-05
3.82731e-05
3.82731e-05
3.82731e-05
3.82731e-05
3.82731e-05
3.82731e-05
3.82731e-05
3.82731e-05
3.82731e-05
3.82731e-05
3.82731e-05
3.82731e-05
3.82731e-05
3.82731e-05
3.82731e-05
3.82731e-05
3.82731e-05
3.82731e-05
3.82731e-05
3.82731e-05
3.82731e-05
3.82731e-05
3.82731e-05
3.82731e-05
3.82731e-05
3.82731e-05
3.82731e-05
3.82731e-05
3.82731e-05
3.82731e-05
3.82731e-05
3.82731e-05
3.82731e-05
3.82731e-05
3.82731e-05
3.82731e-05
3.82731e-05
3.82731e-05
3.82731e-05
3.82731e-05
3.82731e-05
3.82731e-05
3.82731e-05
3.82731e-05
3.82731e-05
3.82731e-05
3.82731e-05
3.82731e-05
3.82731e-05
3.82731e-05
3.82731e-05
3.82731e-05
3.82731e-05
3.82731e-05
3.82731e-05
3.82731e-05
3.82731e-05
3.82731e-05
3.82731e-05
3.82731e-05
3.82731e-05
3.82731e-05
3.82731e-05
3.82731e-05
3.82731e-05
3.82731e-05
3.82731e-05
3.82731e-05
3.82731e-05
3.82731e-05
3.82731e-05
3.82731e-05
3.82731e-05
3.82731e-05
3.82731e-05
3.82731e-05
3.82731e-05
3.82731e-05
3.82731e-05
3.82731e-05
3.82731e-05
3.82731e-05
3.82731e-05
3.82731e-05
3.82731e-05
3.82731e-05
3.82731e-05
3.82731e-05
3.82731e-05
3.82731e-05
3.82731e-05
3.82731e-05
3.82731e-05
3.82731e-05
3.82731e-05
3.82731e-05
3.82731e-05
3.82731e-05
3.82731e-05
3.82731e-05
3.82731e-05
3.82731e-05
3.82731e-05
3.82731e-05
3.82731e-05
3.82731e-05
3.82731e-05
3.82731e-05
3.82731e-05
3.82731e-05
3.82731e-05
3.82731e-05
3.82731e-05
3.82731e-05
3.82731e-05
3.82731e-05
3.82731e-05
3.82731e-05
3.82731e-05
3.82731e-05
3.82731e-05
3.82731e-05
3.82731e-05
3.82731e-05
3.82731e-05
3.82731e-05
3.82731e-05
3.82731e-05
3.82731e-05
3.82731e-05
3.82731e-05
3.82731e-05
3.82731e-05
3.82731e-05
3.82731e-05
3.82731e-05
3.82731e-05
3.82731e-05
3.82731e-05
3.82731e-05
3.82731e-05
3.82731e-05
3.82731e-05
3.82731e-05
3.82731e-05
3.82731e-05
3.82731e-05
3.82731e-05
3.82731e-05
3.82731e-05
3.82731e-05
3.82731e-05
3.82731e-05
3.82731e-05
3.82731e-05
3.82731e-05
3.82731e-05
3.82731e-05
3.82731e-05
3.82731e-05
3.82731e-05
3.82731e-05
3.82731e-05
3.82731e-05
3.82731e-05
3.82731e-05
3.82731e-05
3.82731e-05
3.82731e-05
3.82731e-05
3.82731e-05
3.82731e-05
3.82731e-05
3.82731e-05
3.82731e-05
3.82731e-05
3.82731e-05
3.82731e-05
3.82731e-05
3.82731e-05
3.82731e-05
3.82731e-05
3.82731e-05
3.82731e-05
3.82731e-05
3.82731e-05
3.82731e-05
3.82731e-05
3.82731e-05
3.82731e-05
3.82731e-05
3.82731e-05
3.82731e-05
3.82731e-05
3.82731e-05
3.82731e-05
3.82731e-05
3.82731e-05
3.82731e-05
3.82731e-05
3.82731e-05
3.82731e-05
3.82731e-05
3.82731e-05
3.82731e-05
3.82731e-05
3.82731e-05
3.82731e-05
3.82731e-05
3.82731e-05
3.82731e-05
3.82731e-05
3.82731e-05
3.82731e-05
3.82731e-05
3.82731e-05
3.82731e-05
3.82731e-05
3.82731e-05
3.82731e-05
3.82731e-05
3.82731e-05
3.82731e-05
3.82731e-05
3.82731e-05
3.82731e-05
3.82731e-05
3.82731e-05
3.82731e-05
3.82731e-05
3.82731e-05
3.82731e-05
3.82731e-05
3.82731e-05
3.82731e-05
3.82731e-05
3.82731e-05
3.82731e-05
3.82731e-05
3.82731e-05
3.82731e-05
3.82731e-05
3.82731e-05
3.82731e-05
3.82731e-05
3.18943e-05
2.55154e-05
2.55154e-05
2.55154e-05
2.55154e-05
2.55154e-05
2.55154e-05
2.55154e-05
2.55154e-05
2.55154e-05
2.55154e-05
2.55154e-05
2.55154e-05
2.55154e-05
2.55154e-05
2.55154e-05
2.55154e-05
2.55154e-05
2.55154e-05
2.55154e-05
2.55154e-05
2.55154e-05
2.55154e-05
2.55154e-05
2.55154e-05
2.55154e-05
2.55154e-05
2.55154e-05
2.55154e-05
2.55154e-05
2.55154e-05
2.55154e-05
2.55154e-05
2.55154e-05
2.55154e-05
2.55154e-05
2.55154e-05
2.55154e-05
2.55154e-05
2.55154e-05
2.55154e-05
2.55154e-05
2.55154e-05
2.55154e-05
2.55154e-05
2.55154e-05
2.55154e-05
2.55154e-05
2.55154e-05
2.55154e-05
2.55154e-05
2.55154e-05
2.55154e-05
2.55154e-05
2.55154e-05
2.55154e-05
2.55154e-05
2.55154e-05
2.55154e-05
2.55154e-05
2.55154e-05
2.55154e-05
2.55154e-05
2.55154e-05
2.55154e-05
2.55154e-05
2.55154e-05
2.55154e-05
2.55154e-05
2.55154e-05
2.55154e-05
2.55154e-05
2.55154e-05
2.55154e-05
2.55154e-05
2.55154e-05
2.55154e-05
2.55154e-05
2.55154e-05
2.55154e-05
2.55154e-05
2.55154e-05
2.55154e-05
2.55154e-05
2.55154e-05
2.55154e-05
2.55154e-05
2.55154e-05
2.55154e-05
2.55154e-05
2.55154e-05
2.55154e-05
2.55154e-05
2.55154e-05
2.55154e-05
2.55154e-05
2.55154e-05
2.55154e-05
2.55154e-05
2.55154e-05
2.55154e-05
2.55154e-05
2.55154e-05
2.55154e-05
2.55154e-05
2.55154e-05
2.55154e-05
2.55154e-05
2.55154e-05
2.55154e-05
2.55154e-05
2.55154e-05
2.55154e-05
2.55154e-05
2.55154e-05
2.55154e-05
2.55154e-05
2.55154e-05
2.55154e-05
2.55154e-05
2.55154e-05
2.55154e-05
2.55154e-05
2.55154e-05
2.55154e-05
2.55154e-05
2.55154e-05
2.55154e-05
2.55154e-05
2.55154e-05
2.55154e-05
2.55154e-05
2.55154e-05
2.55154e-05
2.55154e-05
2.55154e-05
2.55154e-05
2.55154e-05
2.55154e-05
2.55154e-05
2.55154e-05
2.55154e-05
2.55154e-05
2.55154e-05
2.55154e-05
2.55154e-05
2.55154e-05
2.55154e-05
2.55154e-05
2.55154e-05
2.55154e-05
2.55154e-05
2.55154e-05
2.55154e-05
2.55154e-05
2.55154e-05
2.55154e-05
2.55154e-05
2.55154e-05
2.55154e-05
2.55154e-05
2.55154e-05
2.55154e-05
2.55154e-05
2.55154e-05
2.55154e-05
2.55154e-05
2.55154e-05
2.55154e-05
2.55154e-05
2.55154e-05
2.55154e-05
2.55154e-05
2.55154e-05
2.55154e-05
2.55154e-05
2.55154e-05
2.55154e-05
2.55154e-05
2.55154e-05
2.55154e-05
2.55154e-05
2.55154e-05
2.55154e-05
2.55154e-05
2.55154e-05
2.55154e-05
2.55154e-05
2.55154e-05
2.55154e-05
2.55154e-05
2.55154e-05
2.55154e-05
2.55154e-05
2.55154e-05
2.55154e-05
2.55154e-05
1.27577e-05
1.27577e-05
1.27577e-05
1.27577e-05
1.27577e-05
1.27577e-05
1.27577e-05
1.27577e-05
1.27577e-05
1.27577e-05
1.27577e-05
1.27577e-05
1.27577e-05
1.27577e-05
1.27577e-05
1.27577e-05
1.27577e-05
1.27577e-05
1.27577e-05
1.27577e-05
1.27577e-05
1.27577e-05
1.27577e-05
1.27577e-05
1.27577e-05
1.27577e-05
1.27577e-05
1.27577e-05
1.27577e-05
1.27577e-05
1.27577e-05
1.27577e-05
1.27577e-05
1.27577e-05
1.27577e-05
1.27577e-05
1.27577e-05
1.27577e-05
1.27577e-05
1.27577e-05
1.27577e-05
1.27577e-05
1.27577e-05
1.27577e-05
1.27577e-05
1.27577e-05
1.27577e-05
1.27577e-05
1.27577e-05
1.27577e-05
1.27577e-05
1.27577e-05
1.27577e-05
1.27577e-05
1.27577e-05
1.27577e-05
1.27577e-05
1.27577e-05
1.27577e-05
1.27577e-05
1.27577e-05
1.27577e-05
1.27577e-05
1.27577e-05
1.27577e-05
1.27577e-05
1.27577e-05
1.27577e-05
1.27577e-05
1.27577e-05
1.27577e-05
1.27577e-05
1.27577e-05
1.27577e-05
1.27577e-05
1.27577e-05
1.27577e-05
1.27577e-05
1.27577e-05
1.27577e-05
1.27577e-05
1.27577e-05
1.27577e-05
1.27577e-05
1.27577e-05
1.27577e-05
1.27577e-05
1.27577e-05
1.27577e-05
1.27577e-05
1.27577e-05
1.27577e-05
1.27577e-05
1.27577e-05
1.27577e-05
1.27577e-05
1.27577e-05
1.27577e-05
1.27577e-05
1.27577e-05
1.27577e-05
1.27577e-05
1.27577e-05
1.27577e-05
1.27577e-05
1.27577e-05
1.27577e-05
1.27577e-05
1.27577e-05
1.27577e-05
1.27577e-05
1.27577e-05
1.27577e-05
1.27577e-05
1.27577e-05
1.27577e-05
1.27577e-05
1.27577e-05
1.27577e-05
1.27577e-05
1.27577e-05
1.27577e-05
1.27577e-05
1.27577e-05
1.27577e-05
1.27577e-05
1.27577e-05
1.27577e-05
1.27577e-05
1.27577e-05
1.27577e-05
1.27577e-05
1.27577e-05
1.27577e-05
1.27577e-05
1.27577e-05
1.27577e-05
1.27577e-05
1.27577e-05
1.27577e-05
1.27577e-05
1.27577e-05
1.27577e-05
1.27577e-05
1.27577e-05
1.27577e-05
1.27577e-05
1.27577e-05
1.27577e-05
1.27577e-05
1.27577e-05
1.27577e-05
1.27577e-05
1.27577e-05
1.27577e-05
1.27577e-05
1.27577e-05
1.27577e-05
1.27577e-05
1.27577e-05
1.27577e-05
1.27577e-05
1.27577e-05
1.27577e-05
1.27577e-05
1.27577e-05
1.27577e-05
1.27577e-05
1.27577e-05
1.27577e-05
1.27577e-05
1.27577e-05
1.27577e-05
1.27577e-05
1.27577e-05
1.27577e-05
1.27577e-05
1.27577e-05
1.27577e-05
1.27577e-05
1.27577e-05
1.27577e-05
1.27577e-05
1.27577e-05
1.27577e-05
1.27577e-05
1.27577e-05
1.27577e-05
1.27577e-05
1.27577e-05
1.27577e-05
1.27577e-05
1.27577e-05
1.27577e-05
1.27577e-05
1.27577e-05
1.27577e-05
1.27577e-05
1.27577e-05
1.27577e-05
1.27577e-05
1.27577e-05
1.27577e-05
1.27577e-05
1.27577e-05
1.27577e-05
1.27577e-05
1.27577e-05
1.27577e-05
1.27577e-05
1.27577e-05
1.27577e-05
1.27577e-05
1.27577e-05
1.27577e-05
1.27577e-05
1.27577e-05
1.27577e-05
1.27577e-05
1.27577e-05
1.27577e-05
1.27577e-05
1.27577e-05
1.27577e-05
1.27577e-05
1.27577e-05
1.27577e-05
1.27577e-05
1.27577e-05
1.27577e-05
1.27577e-05
1.27577e-05
1.27577e-05
1.27577e-05
1.27577e-05
1.27577e-05
1.27577e-05
1.27577e-05
1.27577e-05
1.27577e-05
1.27577e-05
1.27577e-05
1.27577e-05
1.27577e-05
1.27577e-05
1.27577e-05
1.27577e-05
1.27577e-05
1.27577e-05
1.27577e-05
1.27577e-05
1.27577e-05
1.27577e-05
1.27577e-05
1.27577e-05
1.27577e-05
1.27577e-05
1.27577e-05
1.27577e-05
1.27577e-05
1.27577e-05
1.27577e-05
1.27577e-05
1.27577e-05
1.27577e-05
1.27577e-05
1.27577e-05
1.27577e-05
1.27577e-05
1.27577e-05
1.27577e-05
1.27577e-05
1.27577e-05
1.27577e-05
1.27577e-05
1.27577e-05
1.27577e-05
1.27577e-05
1.27577e-05
1.27577e-05
1.27577e-05
1.27577e-05
1.27577e-05
1.27577e-05
1.27577e-05
1.27577e-05
1.27577e-05
1.27577e-05
1.27577e-05
1.27577e-05
1.27577e-05
1.27577e-05
1.27577e-05
1.27577e-05
1.27577e-05
1.27577e-05
1.27577e-05
1.27577e-05
1.27577e-05
1.27577e-05
1.27577e-05
1.27577e-05
1.27577e-05
1.27577e-05
1.27577e-05
1.27577e-05
1.27577e-05
1.27577e-05
1.27577e-05
1.27577e-05
1.27577e-05
1.27577e-05
1.27577e-05
1.27577e-05
1.27577e-05
1.27577e-05
1.27577e-05
1.27577e-05
1.27577e-05
1.27577e-05
1.27577e-05
1.27577e-05
1.27577e-05
1.27577e-05
1.27577e-05
1.27577e-05
1.27577e-05
1.27577e-05
1.27577e-05
1.27577e-05
1.27577e-05
1.27577e-05
1.27577e-05
1.27577e-05
1.27577e-05
1.27577e-05
1.27577e-05
1.27577e-05
1.27577e-05
1.27577e-05
1.27577e-05
1.27577e-05
1.27577e-05
1.27577e-05
1.27577e-05
1.27577e-05
1.27577e-05
1.27577e-05
1.27577e-05
1.27577e-05
1.27577e-05
1.27577e-05
1.27577e-05
1.27577e-05
1.27577e-05
1.27577e-05
1.27577e-05
1.27577e-05
1.27577e-05
1.27577e-05
1.27577e-05
1.27577e-05
1.27577e-05
1.27577e-05
1.27577e-05
1.27577e-05
1.27577e-05
1.27577e-05
1.27577e-05
1.27577e-05
1.27577e-05
1.27577e-05
1.27577e-05
1.27577e-05
1.27577e-05
1.27577e-05
1.27577e-05
1.27577e-05
1.27577e-05
1.27577e-05
1.27577e-05
1.27577e-05
1.27577e-05
1.27577e-05
1.27577e-05
1.27577e-05
1.27577e-05
1.27577e-05
1.27577e-05
1.27577e-05
1.27577e-05
1.27577e-05
1.27577e-05
1.27577e-05
1.27577e-05
1.27577e-05
1.27577e-05
1.27577e-05
1.27577e-05
1.27577e-05
1.27577e-05
1.27577e-05
1.27577e-05
1.27577e-05
1.27577e-05
1.27577e-05
1.27577e-05
1.27577e-05
1.27577e-05
1.27577e-05
1.27577e-05
1.27577e-05
1.27577e-05
1.27577e-05
1.27577e-05
1.27577e-05
1.27577e-05
1.27577e-05
1.27577e-05
1.27577e-05
1.27577e-05
1.27577e-05
1.27577e-05
1.27577e-05
1.27577e-05
1.27577e-05
1.27577e-05
1.27577e-05
1.27577e-05
1.27577e-05
1.27577e-05
1.27577e-05
1.27577e-05
1.27577e-05
1.27577e-05
1.27577e-05
1.27577e-05
1.27577e-05
1.27577e-05
1.27577e-05
1.27577e-05
1.27577e-05
1.27577e-05
1.27577e-05
1.27577e-05
1.27577e-05
1.27577e-05
1.27577e-05
1.27577e-05
1.27577e-05
1.27577e-05
1.27577e-05
1.27577e-05
1.27577e-05
1.27577e-05
1.27577e-05
1.27577e-05
1.27577e-05
1.27577e-05
1.27577e-05
1.27577e-05
1.27577e-05
1.27577e-05
1.27577e-05
1.27577e-05
1.27577e-05
1.27577e-05
1.27577e-05
1.27577e-05
1.27577e-05
1.27577e-05
1.27577e-05
1.27577e-05
1.27577e-05
1.27577e-05
1.27577e-05
1.27577e-05
1.27577e-05
1.27577e-05
1.27577e-05
1.27577e-05
1.27577e-05
1.27577e-05
1.27577e-05
1.27577e-05
1.27577e-05
1.27577e-05
1.27577e-05
1.27577e-05
1.27577e-05
1.27577e-05
1.27577e-05
1.27577e-05
1.27577e-05
1.27577e-05
1.27577e-05
1.27577e-05
1.27577e-05
1.27577e-05
1.27577e-05
1.27577e-05
1.27577e-05
1.27577e-05
1.27577e-05
1.27577e-05
1.27577e-05
1.27577e-05
1.27577e-05
1.27577e-05
1.27577e-05
1.27577e-05
1.27577e-05
1.27577e-05
1.27577e-05
1.27577e-05
1.27577e-05
1.27577e-05
1.27577e-05
1.27577e-05
1.27577e-05
1.27577e-05
1.27577e-05
1.27577e-05
1.27577e-05
1.27577e-05
1.27577e-05
1.27577e-05
1.27577e-05
1.27577e-05
1.27577e-05
1.27577e-05
1.27577e-05
1.27577e-05
1.27577e-05
1.27577e-05
1.27577e-05
1.27577e-05
1.27577e-05
1.27577e-05
1.27577e-05
1.27577e-05
1.27577e-05
1.27577e-05
1.27577e-05
1.27577e-05
1.27577e-05
1.27577e-05
1.27577e-05
1.27577e-05
1.27577e-05
1.27577e-05
1.27577e-05
1.27577e-05
1.27577e-05
1.27577e-05
1.27577e-05
1.27577e-05
1.27577e-05
1.27577e-05
1.27577e-05
1.27577e-05
1.27577e-05
1.27577e-05
1.27577e-05
1.27577e-05
1.27577e-05
1.27577e-05
1.27577e-05
1.27577e-05
1.27577e-05
1.27577e-05
1.27577e-05
1.27577e-05
1.27577e-05
1.27577e-05
1.27577e-05
1.27577e-05
1.27577e-05
1.27577e-05
1.27577e-05
1.27577e-05
1.27577e-05
1.27577e-05
1.27577e-05
1.27577e-05
1.27577e-05
1.27577e-05
1.27577e-05
1.27577e-05
1.27577e-05
1.27577e-05
1.27577e-05
1.27577e-05
1.27577e-05
1.27577e-05
1.27577e-05
1.27577e-05
1.27577e-05
1.27577e-05
1.27577e-05
1.27577e-05
1.27577e-05
1.27577e-05
1.27577e-05
1.27577e-05
1.27577e-05
1.27577e-05
1.27577e-05
1.27577e-05
1.27577e-05
1.27577e-05
1.27577e-05
1.27577e-05
1.27577e-05
1.27577e-05
1.27577e-05
1.27577e-05
1.27577e-05
1.27577e-05
1.27577e-05
1.27577e-05
1.27577e-05
1.27577e-05
1.27577e-05
1.27577e-05
1.27577e-05
1.27577e-05
1.27577e-05
1.27577e-05
1.27577e-05
1.27577e-05
1.27577e-05
1.27577e-05
1.27577e-05
1.27577e-05
1.27577e-05
1.27577e-05
1.27577e-05
1.27577e-05
1.27577e-05
1.27577e-05
1.27577e-05
1.27577e-05
1.27577e-05
1.27577e-05
1.27577e-05
1.27577e-05
1.27577e-05
1.27577e-05
1.27577e-05
1.27577e-05
1.27577e-05
1.27577e-05
1.27577e-05
1.27577e-05
1.27577e-05
1.27577e-05
1.27577e-05
1.27577e-05
1.27577e-05
1.27577e-05
1.27577e-05
1.27577e-05
1.27577e-05
1.27577e-05
1.27577e-05
1.27577e-05
1.27577e-05
1.27577e-05
1.27577e-05
1.27577e-05
1.27577e-05
1.27577e-05
1.27577e-05
1.27577e-05
1.27577e-05
1.27577e-05
1.27577e-05
1.27577e-05
1.27577e-05
1.27577e-05
1.27577e-05
1.27577e-05
1.27577e-05
1.27577e-05
1.27577e-05
1.27577e-05
1.27577e-05
1.27577e-05
1.27577e-05
1.27577e-05
1.27577e-05
1.27577e-05
1.27577e-05
1.27577e-05
1.27577e-05
1.27577e-05
1.27577e-05
1.27577e-05
1.27577e-05
1.27577e-05
1.27577e-05
1.27577e-05
1.27577e-05
1.27577e-05
1.27577e-05
1.27577e-05
1.27577e-05
1.27577e-05
1.27577e-05
1.27577e-05
1.27577e-05
1.27577e-05
1.27577e-05
1.27577e-05
1.27577e-05
1.27577e-05
1.27577e-05
1.27577e-05
1.27577e-05
1.27577e-05
1.27577e-05
1.27577e-05
1.27577e-05
1.27577e-05
1.27577e-05
1.27577e-05
1.27577e-05
1.27577e-05
1.27577e-05
1.27577e-05
1.27577e-05
1.27577e-05
1.27577e-05
1.27577e-05
1.27577e-05
1.27577e-05
1.27577e-05
1.27577e-05
1.27577e-05
1.27577e-05
1.27577e-05
1.27577e-05
1.27577e-05
1.27577e-05
1.27577e-05
1.27577e-05
1.27577e-05
1.27577e-05
1.27577e-05
1.27577e-05
1.27577e-05
1.27577e-05
1.27577e-05
1.27577e-05
1.27577e-05
1.27577e-05
1.27577e-05
1.27577e-05
1.27577e-05
1.27577e-05
1.27577e-05
1.27577e-05
1.27577e-05
1.27577e-05
1.27577e-05
1.27577e-05
1.27577e-05
1.27577e-05
1.27577e-05
1.27577e-05
1.27577e-05
1.27577e-05
1.27577e-05
1.27577e-05
1.27577e-05
1.27577e-05
1.27577e-05
1.27577e-05
1.27577e-05
1.27577e-05
1.27577e-05
1.27577e-05
1.27577e-05
1.27577e-05
1.27577e-05
1.27577e-05
1.27577e-05
1.27577e-05
1.27577e-05
1.27577e-05
1.27577e-05
1.27577e-05
1.27577e-05
1.27577e-05
1.27577e-05
1.27577e-05
1.27577e-05
1.27577e-05
1.27577e-05
1.27577e-05
1.27577e-05
1.27577e-05
1.27577e-05
1.27577e-05
1.27577e-05
1.27577e-05
1.27577e-05
1.27577e-05
1.27577e-05
1.27577e-05
1.27577e-05
1.27577e-05
1.27577e-05
1.27577e-05
1.27577e-05
1.27577e-05
1.27577e-05
1.27577e-05
1.27577e-05
1.27577e-05
1.27577e-05
1.27577e-05
1.27577e-05
1.27577e-05
1.27577e-05
1.27577e-05
1.27577e-05
1.27577e-05
1.27577e-05
1.27577e-05
1.27577e-05
1.27577e-05
1.27577e-05
1.27577e-05
1.27577e-05
1.27577e-05
1.27577e-05
1.27577e-05
1.27577e-05
1.27577e-05
1.27577e-05
1.27577e-05
1.27577e-05
1.27577e-05
1.27577e-05
1.27577e-05
1.27577e-05
1.27577e-05
1.27577e-05
1.27577e-05
1.27577e-05
1.27577e-05
1.27577e-05
1.27577e-05
1.27577e-05
1.27577e-05
1.27577e-05
1.27577e-05
1.27577e-05
1.27577e-05
1.27577e-05
1.27577e-05
1.27577e-05
1.27577e-05
1.27577e-05
1.27577e-05
1.27577e-05
1.27577e-05
1.27577e-05
1.27577e-05
1.27577e-05
1.27577e-05
1.27577e-05
1.27577e-05
1.27577e-05
1.27577e-05
1.27577e-05
1.27577e-05
1.27577e-05
1.27577e-05
1.27577e-05
1.27577e-05
1.27577e-05
1.27577e-05
1.27577e-05
1.27577e-05
1.27577e-05
1.27577e-05
1.27577e-05
1.27577e-05
1.27577e-05
1.27577e-05
1.27577e-05
1.27577e-05
1.27577e-05
1.27577e-05
1.27577e-05
1.27577e-05
1.27577e-05
1.27577e-05
1.27577e-05
1.27577e-05
1.27577e-05
1.27577e-05
1.27577e-05
1.27577e-05
1.27577e-05
1.27577e-05
1.27577e-05
1.27577e-05
1.27577e-05
1.27577e-05
1.27577e-05
1.27577e-05
1.27577e-05
1.27577e-05
1.27577e-05
1.27577e-05
1.27577e-05
1.27577e-05
1.27577e-05
1.27577e-05
1.27577e-05
1.27577e-05
1.27577e-05
1.27577e-05
1.27577e-05
1.27577e-05
1.27577e-05
1.27577e-05
1.27577e-05
1.27577e-05
1.27577e-05
1.27577e-05
1.27577e-05
1.27577e-05
1.27577e-05
1.27577e-05
1.27577e-05
1.27577e-05
1.27577e-05
1.27577e-05
1.27577e-05
1.27577e-05
1.27577e-05
1.27577e-05
1.27577e-05
1.27577e-05
1.27577e-05
1.27577e-05
1.27577e-05
1.27577e-05
1.27577e-05
1.27577e-05
1.27577e-05
1.27577e-05
1.27577e-05
1.27577e-05
1.27577e-05
1.27577e-05
1.27577e-05
1.27577e-05
1.27577e-05
1.27577e-05
1.27577e-05
1.27577e-05
1.27577e-05
1.27577e-05
1.27577e-05
1.27577e-05
1.27577e-05
1.27577e-05
1.27577e-05
1.27577e-05
1.27577e-05
1.27577e-05
1.27577e-05
1.27577e-05
1.27577e-05
1.27577e-05
1.27577e-05
1.27577e-05
1.27577e-05
1.27577e-05
1.27577e-05
1.27577e-05
1.27577e-05
1.27577e-05
1.27577e-05
1.27577e-05
1.27577e-05
1.27577e-05
1.27577e-05
1.27577e-05
1.27577e-05
1.27577e-05
1.27577e-05
1.27577e-05
1.27577e-05
1.27577e-05
1.27577e-05
1.27577e-05
1.27577e-05
1.27577e-05
1.27577e-05
1.27577e-05
1.27577e-05
1.27577e-05
1.27577e-05
1.27577e-05
1.27577e-05
1.27577e-05
1.27577e-05
1.27577e-05
1.27577e-05
1.27577e-05
1.27577e-05
1.27577e-05
1.27577e-05
1.27577e-05
1.27577e-05
1.27577e-05
1.27577e-05
1.27577e-05
1.27577e-05
1.27577e-05
1.27577e-05
1.27577e-05
1.27577e-05
1.27577e-05
1.27577e-05
1.27577e-05
1.27577e-05
1.27577e-05
1.27577e-05
1.27577e-05
1.27577e-05
1.27577e-05
1.27577e-05
1.27577e-05
1.27577e-05
1.27577e-05
1.27577e-05
1.27577e-05
1.27577e-05
1.27577e-05
1.27577e-05
1.27577e-05
1.27577e-05
1.27577e-05
1.27577e-05
1.27577e-05
1.27577e-05
1.27577e-05
1.27577e-05
1.27577e-05
1.27577e-05
1.27577e-05
1.27577e-05
1.27577e-05
1.27577e-05
1.27577e-05
1.27577e-05
1.27577e-05
1.27577e-05
1.27577e-05
1.27577e-05
1.27577e-05
1.27577e-05
1.27577e-05
1.27577e-05
1.27577e-05
1.27577e-05
1.27577e-05
1.27577e-05
1.27577e-05
1.27577e-05
1.27577e-05
1.27577e-05
1.27577e-05
1.27577e-05
1.27577e-05
1.27577e-05
1.27577e-05
1.27577e-05
1.27577e-05
1.27577e-05
1.27577e-05
1.27577e-05
1.27577e-05
1.27577e-05
1.27577e-05
1.27577e-05
1.27577e-05
1.27577e-05
1.27577e-05
1.27577e-05
1.27577e-05
1.27577e-05
1.27577e-05
1.27577e-05
1.27577e-05
1.27577e-05
1.27577e-05
1.27577e-05
1.27577e-05
1.27577e-05
1.27577e-05
1.27577e-05
1.27577e-05
1.27577e-05
1.27577e-05
1.27577e-05
1.27577e-05
1.27577e-05
1.27577e-05
1.27577e-05
1.27577e-05
1.27577e-05
1.27577e-05
1.27577e-05
1.27577e-05
1.27577e-05
1.27577e-05
1.27577e-05
1.27577e-05
1.27577e-05
1.27577e-05
1.27577e-05
1.27577e-05
1.27577e-05
1.27577e-05
1.27577e-05
1.27577e-05
1.27577e-05
1.27577e-05
1.27577e-05
1.27577e-05
1.27577e-05
1.27577e-05
1.27577e-05
1.27577e-05
1.27577e-05
1.27577e-05
1.27577e-05
1.27577e-05
1.27577e-05
1.27577e-05
1.27577e-05
1.27577e-05
1.27577e-05
1.27577e-05
1.27577e-05
1.27577e-05
1.27577e-05
1.27577e-05
1.27577e-05
1.27577e-05
1.27577e-05
1.27577e-05
1.27577e-05
1.27577e-05
1.27577e-05
1.27577e-05
1.27577e-05
1.27577e-05
1.27577e-05
1.27577e-05
1.27577e-05
1.27577e-05
1.27577e-05
1.27577e-05
1.27577e-05
1.27577e-05
1.27577e-05
1.27577e-05
1.27577e-05
1.27577e-05
1.27577e-05
1.27577e-05
1.27577e-05
1.27577e-05
1.27577e-05
1.27577e-05
1.27577e-05
1.27577e-05
1.27577e-05
1.27577e-05
1.27577e-05
1.27577e-05
1.27577e-05
1.27577e-05
1.27577e-05
1.27577e-05
1.27577e-05
1.27577e-05
1.27577e-05
1.27577e-05
1.27577e-05
1.27577e-05
1.27577e-05
1.27577e-05
1.27577e-05
1.27577e-05
1.27577e-05
1.27577e-05
1.27577e-05
1.27577e-05
1.27577e-05
1.27577e-05
1.27577e-05
1.27577e-05
1.27577e-05
1.27577e-05
1.27577e-05
1.27577e-05
1.27577e-05
1.27577e-05
1.27577e-05
1.27577e-05
1.27577e-05
1.27577e-05
1.27577e-05
1.27577e-05
1.27577e-05
1.27577e-05
1.27577e-05
1.27577e-05
1.27577e-05
1.27577e-05
1.27577e-05
1.27577e-05
1.27577e-05
1.27577e-05
1.27577e-05
1.27577e-05
1.27577e-05
1.27577e-05
1.27577e-05
1.27577e-05
1.27577e-05
1.27577e-05
1.27577e-05
1.27577e-05
1.27577e-05
1.27577e-05
1.27577e-05
1.27577e-05
1.27577e-05
1.27577e-05
1.27577e-05
1.27577e-05
1.27577e-05
1.27577e-05
1.27577e-05
1.27577e-05
1.27577e-05
1.27577e-05
1.27577e-05
1.27577e-05
1.27577e-05
1.27577e-05
1.27577e-05
1.27577e-05
1.27577e-05
1.27577e-05
1.27577e-05
1.27577e-05
1.27577e-05
1.27577e-05
1.27577e-05
1.27577e-05
1.27577e-05
1.27577e-05
1.27577e-05
1.27577e-05
1.27577e-05
1.27577e-05
1.27577e-05
1.27577e-05
1.27577e-05
1.27577e-05
1.27577e-05
1.27577e-05
1.27577e-05
1.27577e-05
1.27577e-05
1.27577e-05
1.27577e-05
1.27577e-05
1.27577e-05
1.27577e-05
1.27577e-05
1.27577e-05
1.27577e-05
1.27577e-05
1.27577e-05
1.27577e-05
1.27577e-05
1.27577e-05
1.27577e-05
1.27577e-05
1.27577e-05
1.27577e-05
1.27577e-05
1.27577e-05
1.27577e-05
1.27577e-05
1.27577e-05
1.27577e-05
1.27577e-05
1.27577e-05
1.27577e-05
1.27577e-05
1.27577e-05
1.27577e-05
1.27577e-05
1.27577e-05
1.27577e-05
1.27577e-05
1.27577e-05
1.27577e-05
1.27577e-05
1.27577e-05
1.27577e-05
1.27577e-05
1.27577e-05
1.27577e-05
1.27577e-05
1.27577e-05
1.27577e-05
1.27577e-05
1.27577e-05
1.27577e-05
1.27577e-05
1.27577e-05
1.27577e-05
1.27577e-05
1.27577e-05
1.27577e-05
1.27577e-05
1.27577e-05
1.27577e-05
1.27577e-05
1.27577e-05
1.27577e-05
1.27577e-05
1.27577e-05
1.27577e-05
1.27577e-05
1.27577e-05
1.27577e-05
1.27577e-05
1.27577e-05
1.27577e-05
1.27577e-05
1.27577e-05
1.27577e-05
1.27577e-05
1.27577e-05
1.27577e-05
1.27577e-05
1.27577e-05
1.27577e-05
1.27577e-05
1.27577e-05
1.27577e-05
1.27577e-05
1.27577e-05
1.27577e-05
1.27577e-05
1.27577e-05
1.27577e-05
1.27577e-05
1.27577e-05
1.27577e-05
1.27577e-05
1.27577e-05
1.27577e-05
1.27577e-05
1.27577e-05
1.27577e-05
1.27577e-05
1.27577e-05
1.27577e-05
1.27577e-05
1.27577e-05
1.27577e-05
1.27577e-05
1.27577e-05
1.27577e-05
1.27577e-05
1.27577e-05
1.27577e-05
1.27577e-05
1.27577e-05
1.27577e-05
1.27577e-05
1.27577e-05
1.27577e-05
1.27577e-05
1.27577e-05
1.27577e-05
1.27577e-05
1.27577e-05
1.27577e-05
1.27577e-05
1.27577e-05
1.27577e-05
1.27577e-05
1.27577e-05
1.27577e-05
1.27577e-05
1.27577e-05
1.27577e-05
1.27577e-05
1.27577e-05
1.27577e-05
1.27577e-05
1.27577e-05
1.27577e-05
1.27577e-05
1.27577e-05
1.27577e-05
1.27577e-05
1.27577e-05
1.27577e-05
1.27577e-05
1.27577e-05
1.27577e-05
1.27577e-05
1.27577e-05
1.27577e-05
1.27577e-05
1.27577e-05
1.27577e-05
1.27577e-05
1.27577e-05
1.27577e-05
1.27577e-05
1.27577e-05
1.27577e-05
1.27577e-05
1.27577e-05
1.27577e-05
1.27577e-05
1.27577e-05
1.27577e-05
1.27577e-05
1.27577e-05
1.27577e-05
1.27577e-05
1.27577e-05
1.27577e-05
1.27577e-05
1.27577e-05
1.27577e-05
1.27577e-05
1.27577e-05
1.27577e-05
1.27577e-05
1.27577e-05
1.27577e-05
1.27577e-05
1.27577e-05
1.27577e-05
1.27577e-05
1.27577e-05
1.27577e-05
1.27577e-05
1.27577e-05
1.27577e-05
1.27577e-05
1.27577e-05
1.27577e-05
1.27577e-05
1.27577e-05
1.27577e-05
1.27577e-05
1.27577e-05
1.27577e-05
1.27577e-05
1.27577e-05
1.27577e-05
1.27577e-05
1.27577e-05
1.27577e-05
1.27577e-05
1.27577e-05
1.27577e-05
1.27577e-05
1.27577e-05
1.27577e-05
1.27577e-05
1.27577e-05
1.27577e-05
1.27577e-05
1.27577e-05
1.27577e-05
1.27577e-05
1.27577e-05
1.27577e-05
1.27577e-05
1.27577e-05
1.27577e-05
1.27577e-05
1.27577e-05
0
0
