*Vertices 132
0.0463398
0.0449966
0.0416387
0.039456
0.0371054
0.0330759
0.0324043
0.0293821
0.0292142
0.0273674
0.0268637
0.02636
0.0253526
0.0238415
0.0211551
0.0209872
0.0208193
0.0199799
0.0194762
0.0193083
0.0186367
0.0167898
0.0161182
0.0154466
0.0137676
0.0135997
0.0120887
0.0119208
0.0119208
0.0104097
0.0102418
0.0102418
0.00990598
0.00990598
0.00940228
0.00906649
0.0083949
0.0078912
0.00738751
0.00738751
0.00721961
0.00705171
0.00671592
0.00638012
0.00638012
0.00604433
0.00604433
0.00587643
0.00570853
0.00570853
0.00537273
0.00503694
0.00503694
0.00486904
0.00453324
0.00453324
0.00402955
0.00402955
0.00369375
0.00369375
0.00335796
0.00302216
0.00302216
0.00285426
0.00285426
0.00268637
0.00268637
0.00251847
0.00235057
0.00235057
0.00218267
0.00201478
0.00201478
0.00201478
0.00201478
0.00184688
0.00167898
0.00151108
0.00134318
0.00134318
0.00134318
0.00134318
0.00134318
0.00134318
0.00117529
0.00117529
0.00100739
0.00100739
0.00100739
0.00100739
0.00100739
0.00100739
0.000671592
0.000671592
0.000671592
0.000671592
0.000671592
0.000671592
0.000671592
0.000671592
0.000671592
0.000671592
0.000503694
0.000335796
0.000335796
0.000335796
0.000335796
0.000335796
0.000335796
0.000335796
0.000335796
0.000335796
0.000335796
0.000335796
0.000335796
0.000335796
0.000335796
0.000335796
0.000335796
0.000335796
0.000335796
0.000335796
0.000335796
0.000335796
0.000335796
0.000335796
0.000335796
0.000335796
0.000335796
0.000335796
0.000335796
0.000335796
