*Vertices 907
1
55
9
16
5
4
4
17
8
8
6
28
35
4
19
19
4
14
10
10
10
10
10
12
6
4
47
23
7
7
9
25
3
4
11
18
39
8
12
8
8
5
13
8
8
8
8
8
16
21
34
8
10
5
7
7
37
5
1
3
3
3
4
2
1
1
16
7
30
21
23
27
35
11
17
8
10
33
6
18
4
9
1
1
4
18
4
15
6
7
16
9
4
4
25
18
2
31
8
2
8
3
3
3
5
7
18
12
12
5
5
1
8
8
8
2
1
19
9
16
19
5
46
4
8
8
2
8
10
7
3
13
17
7
16
3
34
5
3
1
1
9
1
1
1
2
19
14
7
8
30
7
7
7
9
1
3
10
10
9
2
1
10
2
15
5
12
4
10
20
2
2
8
8
4
4
4
13
4
15
2
3
7
20
4
1
3
15
6
10
20
13
3
12
31
5
6
3
4
22
4
3
5
10
5
21
17
17
3
3
3
5
15
1
1
8
12
4
4
5
4
9
13
30
14
14
14
2
2
2
2
4
4
10
2
2
4
4
4
5
11
16
8
8
11
12
14
5
25
17
4
5
5
7
6
6
4
9
25
4
6
17
36
5
8
6
18
12
18
6
3
4
16
2
10
5
25
7
10
5
7
10
10
1
8
4
4
4
4
4
3
7
5
9
12
5
2
2
18
14
11
1
1
4
13
2
3
2
2
2
1
1
5
9
3
1
6
6
18
8
9
1
5
4
16
3
2
5
3
3
3
2
2
4
12
21
1
1
5
4
13
18
3
5
5
2
9
4
6
11
8
5
5
1
5
6
6
6
6
6
5
1
1
2
2
18
2
5
1
19
8
1
1
10
10
9
3
15
6
5
9
6
6
2
1
1
3
2
8
2
9
9
32
9
9
6
10
7
7
7
7
1
1
2
4
4
1
3
4
4
4
4
4
4
2
1
1
3
3
14
5
9
17
9
11
11
9
3
5
2
2
6
9
3
2
2
2
1
2
2
2
7
10
3
3
2
5
14
14
2
5
5
2
2
1
1
1
7
3
3
3
1
7
1
2
1
1
5
6
3
2
2
8
5
7
9
4
7
12
3
3
3
9
1
1
3
2
3
10
1
2
3
2
2
8
6
13
1
4
4
1
1
2
24
7
27
5
1
2
1
2
5
7
10
26
8
6
8
6
6
6
6
1
3
1
1
8
4
1
3
4
11
3
4
3
1
2
1
1
1
3
15
16
4
4
4
4
5
5
5
2
7
2
2
5
13
2
2
5
5
6
3
3
2
2
2
2
6
3
5
5
1
2
10
2
2
2
3
3
3
7
6
6
6
6
1
1
2
2
1
1
13
13
13
13
13
6
2
1
1
3
3
2
2
1
2
7
6
1
3
3
10
24
19
7
4
6
2
9
8
9
11
8
13
8
4
4
3
2
3
3
3
5
6
3
3
5
5
3
5
6
1
1
2
2
2
3
5
4
6
4
4
6
6
6
22
6
4
1
1
1
1
1
4
2
4
1
2
5
4
4
4
5
5
5
11
6
8
8
6
11
2
2
2
4
9
8
5
1
1
1
6
17
4
17
17
18
8
8
16
4
4
2
3
3
1
5
2
2
2
1
7
3
3
1
4
4
4
4
1
4
12
2
2
4
8
9
10
10
10
19
19
19
19
19
8
10
1
4
4
8
4
2
3
12
1
1
5
3
1
6
10
6
8
1
4
4
2
2
2
2
2
2
5
2
6
5
5
5
5
1
2
2
2
6
6
1
1
3
1
1
5
5
14
1
3
4
4
4
3
2
5
3
2
2
6
6
6
6
5
5
5
3
3
4
4
10
10
1
2
5
1
5
4
5
1
3
3
3
3
4
1
3
3
4
4
1
2
1
2
2
1
12
6
10
5
3
3
3
3
6
1
3
1
1
1
1
2
1
2
2
3
2
4
9
9
9
2
8
5
2
2
3
3
1
6
3
1
1
2
2
3
6
1
2
2
1
3
1
1
11
11
9
9
9
9
9
9
9
9
2
2
1
4
1
1
3
3
1
2
2
1
1
5
3
3
2
