1049 1
127 1
1801 0
71 2
1648 0
882 0
1050 0
560 0
898 0
798 0
2915 0
1387 0
1031 0
512 0
1932 0
1273 0
463 0
517 0
458 1
451 1
454 0
1785 0
1364 0
1408 0
1250 0
1363 0
722 0
634 0
1109 0
578 0
1630 0
695 0
978 0
728 0
1244 0
742 0
378 0
325 0
29 2
889 0
350 0
1969 0
1233 0
1810 0
540 0
1162 0
58 2
684 0
211 0
153 1
1732 0
337 0
101 0
340 1
76 1
1924 0
311 0
982 0
571 0
1214 0
825 0
389 0
917 0
495 0
1171 0
1345 0
966 0
1123 0
1322 0
1816 0
992 0
1954 0
758 0
236 1
706 0
218 0
1172 0
14 0
2699 0
1259 0
834 0
285 0
234 1
594 0
1438 0
1903 0
1135 0
1203 0
96 0
1068 0
1778 0
1859 0
1354 0
160 1
569 0
8 3
98 1
1278 0
2901 0
1048 0
1000 0
1061 0
43 1
1396 0
686 0
391 0
943 0
193 0
288 0
1887 0
119 0
586 0
1375 0
180 0
2870 0
410 0
1877 0
2859 0
246 0
2705 0
999 0
690 0
1168 0
61 1
1180 0
430 0
447 1
1446 0
536 0
1741 0
415 0
1315 0
1130 0
1266 0
189 0
1292 0
1356 0
2849 0
480 0
1871 0
1153 0
438 0
107 1
87 0
1022 0
1458 0
1832 0
444 1
508 0
953 0
221 0
1336 0
39 1
1424 0
558 0
417 1
12 1
784 0
260 1
573 0
1844 0
1084 0
762 0
1144 0
638 0
2798 0
734 1
875 0
1522 0
1 3
506 0
116 0
136 1
144 1
1440 0
661 0
2845 0
1935 0
381 0
1814 0
581 0
308 0
906 0
1349 0
177 0
678 0
373 0
1975 0
773 0
1247 0
205 1
22 1
1973 0
1991 0
927 0
1309 0
301 0
51 3
1622 0
1260 0
1822 0
456 1
652 0
874 0
975 0
493 0
1911 0
1436 0
1033 0
1320 0
1026 0
366 0
844 0
2752 0
1390 0
272 1
1893 0
775 0
919 0
534 0
746 0
400 0
1268 0
744 0
20 0
888 0
633 0
1372 0
1983 0
1011 0
1977 0
151 1
1825 0
1161 0
468 0
1285 0
1019 0
700 0
287 0
1927 0
475 0
78 1
1380 0
294 0
990 0
413 1
1614 0
1442 0
932 0
764 0
349 1
1959 0
515 0
1981 0
1242 0
1107 0
138 2
1874 0
1383 0
606 0
1803 0
137 0
1414 0
1855 0
724 0
666 0
432 0
519 0
860 0
1074 0
1063 0
17 1
2451 0
1327 0
1274 0
2583 0
110 2
333 1
710 0
323 0
856 0
1834 0
112 0
191 1
545 1
187 1
588 0
646 0
756 0
446 0
1283 0
262 0
1944 0
1220 0
212 0
1331 0
1149 0
542 0
1305 0
961 0
1288 0
810 1
574 0
170 0
1238 0
1587 0
33 1
660 0
1921 0
1793 0
7 2
227 0
26 2
1860 0
977 0
566 0
526 0
1901 0
1937 0
264 0
255 0
806 1
1885 0
359 0
182 1
108 2
604 1
1001 0
2707 0
556 0
717 0
232 0
2817 0
477 0
815 0
671 0
1338 0
225 0
330 0
1447 0
207 0
142 1
1510 0
167 0
48 1
1857 0
360 1
692 0
663 0
1907 0
854 0
1945 0
969 0
1988 0
1076 0
1174 0
510 0
766 0
393 1
449 0
658 0
274 0
549 0
877 0
659 0
1141 0
1128 0
682 0
353 0
375 1
984 0
1155 0
2833 0
946 0
788 0
128 0
250 1
303 1
1361 0
614 0
501 0
1313 0
490 0
1843 0
155 0
130 1
1373 0
53 1
387 1
1302 0
1913 0
626 0
1112 0
1397 0
1294 0
941 0
461 1
583 0
1426 0
257 0
1358 0
1879 0
951 0
782 0
85 1
1824 0
809 1
425 0
1869 0
591 0
832 0
736 0
539 0
781 0
828 0
276 1
1920 0
102 1
1831 0
1950 0
520 0
2782 0
532 0
1193 0
1404 0
55 2
1890 0
57 1
259 1
424 1
872 0
163 1
1106 0
1402 0
1836 0
1146 0
395 0
89 1
175 1
584 0
2731 0
988 0
35 2
1882 0
1421 0
1454 0
347 0
665 0
2738 0
1333 0
434 1
865 0
904 0
930 0
442 0
649 0
689 1
886 0
648 1
642 1
1116 0
1329 0
1908 0
1028 0
1589 0
198 2
1098 0
1059 0
727 0
939 0
320 0
913 0
811 1
249 0
465 0
361 1
202 0
184 1
819 0
776 0
894 0
858 0
1819 0
1459 0
140 2
1984 0
1900 0
1269 0
412 0
181 1
954 0
385 0
1359 0
307 0
985 0
830 0
971 0
154 0
754 0
2893 0
847 0
479 0
1166 0
704 0
326 0
1003 0
1378 0
1462 0
1165 0
681 0
1054 0
1800 0
619 0
335 0
1029 0
698 0
5 2
621 0
524 0
1848 0
1957 0
554 0
552 1
598 0
780 0
1433 0
74 1
240 0
890 0
440 1
230 1
299 0
115 1
377 0
1282 0
922 0
602 0
841 0
1311 0
1898 0
1044 0
1394 0
1350 0
612 0
2772 0
1391 0
936 0
1277 0
91 1
1240 0
701 0
467 1
474 0
481 0
867 0
214 1
564 0
817 0
563 0
1967 0
731 0
2547 0
657 0
229 0
1865 0
768 0
1092 0
673 0
503 0
1636 0
68 1
315 1
338 0
1947 0
1347 0
576 1
761 0
222 0
25 1
738 0
1415 0
484 0
1036 0
305 0
1078 0
1243 0
1253 0
928 0
1265 0
544 0
623 1
217 0
328 1
239 1
122 1
878 0
628 0
158 1
281 1
269 0
363 0
46 3
1316 0
1851 0
733 0
1418 0
997 0
630 0
36 1
472 0
1368 0
748 0
1943 0
1449 0
317 0
608 0
2873 0
711 0
132 0
1254 0
1791 0
1234 0
892 0
1314 0
1428 0
537 0
1798 0
125 1
522 0
1423 0
1018 0
44 0
1125 0
667 0
1007 0
1443 0
741 0
1833 0
1188 0
998 0
2806 0
1280 0
714 0
313 0
1789 0
529 0
1838 0
1058 0
987 0
1324 0
397 0
1150 0
1096 0
908 0
1335 0
1191 0
459 0
284 1
823 0
903 0
247 0
1340 0
165 0
289 0
729 0
771 0
2 4
808 0
401 0
845 0
186 0
1847 0
1797 0
1231 0
1119 0
1249 0
1914 0
147 1
2446 0
973 0
1919 0
1046 0
1938 0
1142 0
1291 0
915 0
319 0
1986 0
1456 0
1052 0
1922 0
735 0
404 0
516 0
1813 0
974 0
1271 0
702 0
344 1
636 0
1710 0
1406 0
561 1
1133 0
209 1
1905 0
357 0
1307 0
117 1
1812 0
1941 0
2826 0
455 0
600 0
80 0
336 1
457 1
1301 0
821 0
696 0
383 0
963 0
297 1
1721 0
1873 0
1431 0
92 1
1889 0
1212 0
980 0
10 1
1805 0
550 0
1164 0
2922 0
2697 0
2824 0
505 0
2739 0
670 0
958 0
419 0
995 0
837 0
290 0
625 1
149 1
592 1
712 0
210 0
1978 0
406 1
173 0
66 2
19 1
1030 0
365 1
763 0
470 0
1524 0
1205 0
1895 0
654 0
570 0
252 0
1159 0
883 0
283 0
156 0
655 0
421 0
59 1
1367 0
271 0
1256 0
1024 0
1853 0
491 0
1863 0
2913 0
219 1
1016 0
13 4
799 0
105 0
925 0
840 0
1896 0
597 0
390 1
111 0
1515 0
1042 0
1955 0
1411 0
408 0
38 1
196 1
945 0
242 0
559 0
1588 0
32 1
443 0
118 2
206 0
959 0
1674 0
1065 0
331 1
1659 0
737 0
1795 0
580 0
1020 0
84 1
437 1
194 1
220 0
1312 0
1257 0
846 0
1021 0
31 1
1263 0
934 0
1861 0
1989 0
2706 0
1553 0
948 0
572 0
968 0
675 0
1398 0
226 0
15 0
1430 0
527 0
431 0
1145 0
382 0
1448 0
62 1
833 0
2855 0
139 0
129 1
548 0
926 0
1246 0
859 0
739 0
1293 0
1110 0
876 0
1792 0
662 0
418 1
933 0
783 0
1357 0
168 1
135 1
348 0
145 1
1152 0
49 1
178 1
1131 0
772 0
1876 0
124 1
993 0
627 1
1308 0
1429 0
1974 0
1934 0
715 0
1374 0
1722 0
23 1
388 0
364 0
653 0
1425 0
950 0
1445 0
1845 0
509 0
1025 0
976 0
367 0
716 0
1886 0
1821 0
1972 0
1842 0
940 0
485 0
778 0
743 0
685 0
21 1
523 0
720 0
460 0
1389 0
453 0
324 0
723 0
1460 0
244 1
1202 0
637 0
351 1
1040 0
595 0
488 0
1138 0
752 1
1854 0
1012 0
1232 0
835 0
1267 0
1607 0
379 0
1032 0
1386 0
113 1
901 0
1035 0
152 1
452 0
342 0
2931 0
1419 0
295 0
579 0
341 1
1894 0
535 0
1056 0
77 2
683 0
541 0
64 2
881 0
765 0
312 0
897 0
45 1
507 0
405 0
1002 0
237 0
1173 0
370 0
309 0
567 0
416 0
100 1
914 0
380 0
1258 0
1279 0
300 1
965 0
824 0
1439 0
286 0
1395 0
120 2
1075 0
1148 0
392 1
254 0
2841 0
1321 0
1365 0
1407 0
496 0
1987 0
605 0
607 0
1807 0
813 0
42 2
759 0
644 0
399 1
1820 0
1228 0
235 0
1931 0
2591 0
694 0
1811 0
436 0
1342 0
1968 0
213 1
94 0
1802 0
816 0
1103 0
1450 0
568 0
1062 0
265 1
296 1
1129 0
791 0
171 0
1143 0
1355 0
916 0
386 0
1457 0
445 0
200 1
1261 0
1339 0
1352 0
329 0
525 0
787 0
27 0
161 1
1902 0
582 0
1884 0
1866 0
1310 0
109 0
557 0
718 0
1239 0
441 0
868 0
672 0
769 0
1140 0
983 0
275 0
1809 0
803 0
197 1
2744 0
751 0
1766 0
60 2
1245 0
1400 0
691 1
1067 0
1980 0
1388 0
346 0
911 0
1295 0
427 0
1111 0
677 0
907 0
82 1
650 0
1154 0
1868 0
590 0
895 0
1763 0
69 1
1157 0
664 0
1790 0
1878 0
224 0
79 1
617 0
1420 0
352 1
1982 0
1006 0
126 1
1034 0
251 1
426 0
369 0
996 0
1435 0
651 0
1840 0
279 0
176 1
956 0
483 1
498 0
629 0
947 0
1823 0
256 0
372 0
920 0
1284 0
428 0
1330 0
887 0
1160 0
99 1
72 0
869 0
500 0
1933 0
1200 0
533 0
918 0
1413 0
1275 0
1108 0
1053 0
462 0
414 0
1014 0
843 0
1856 0
2529 0
1362 0
1804 0
263 1
632 0
1371 0
394 0
991 0
610 0
514 0
725 0
931 0
513 1
615 0
50 2
476 1
1198 0
1994 0
1626 0
1409 0
1077 0
293 1
2854 0
1299 0
1236 0
967 0
645 0
322 1
1326 0
469 0
635 0
1088 0
575 1
1382 0
1835 0
1452 0
1039 0
1815 0
2384 0
979 0
709 0
1005 0
28 3
310 1
40 2
192 1
589 0
1337 0
699 0
215 0
687 1
1115 0
960 0
818 0
150 1
1038 0
245 0
543 0
267 0
1892 0
826 0
354 0
1437 0
757 0
332 0
9 0
1099 0
1965 0
1217 0
34 0
745 0
603 0
90 2
1410 0
620 0
565 0
1346 0
1964 0
2693 0
1434 0
2625 0
850 0
2818 0
937 0
1004 1
1045 0
891 0
730 0
16 3
1360 0
921 0
1069 0
1013 0
233 1
1224 0
368 0
316 0
994 0
1806 0
611 0
1370 0
1849 0
11 2
492 0
208 1
511 0
842 0
93 0
899 0
292 0
2445 0
291 1
374 1
199 0
114 1
2790 0
1306 0
1939 0
429 1
1328 0
1899 0
409 1
73 1
1929 0
1948 0
67 1
1958 0
812 0
241 0
489 1
585 0
327 0
1970 0
1392 0
944 0
1281 0
1113 0
674 0
732 0
1317 0
957 0
280 1
273 0
471 0
1881 0
622 0
970 0
1509 0
1416 0
24 1
1936 0
104 1
1325 0
131 1
502 0
314 0
1796 0
1237 0
2361 0
1872 0
355 0
159 0
553 1
747 0
1252 0
555 1
1037 0
47 1
1942 0
1427 0
37 2
1017 0
855 0
270 0
195 1
538 0
2828 0
1839 0
680 0
679 0
831 0
2840 0
1147 0
521 0
1332 0
1960 0
1923 0
162 1
880 0
1241 0
433 1
647 0
1441 0
1912 0
1399 0
334 0
786 0
986 0
740 0
1008 0
1027 0
103 0
201 0
871 0
1401 0
423 1
1953 0
719 0
1139 0
1319 0
1826 0
902 0
827 0
266 0
1353 0
820 0
174 0
1799 0
422 0
905 0
1219 0
97 2
1704 0
41 2
668 0
52 2
750 0
688 0
302 1
1451 0
774 0
1453 0
866 0
910 0
1341 0
693 0
593 0
770 0
188 1
402 0
1940 0
641 0
893 0
1915 0
838 0
616 1
640 0
870 0
83 1
804 0
1384 0
896 1
1385 0
962 0
755 0
1837 0
777 0
1906 0
143 0
464 0
1403 0
1672 0
1891 0
1051 0
6 2
562 1
1304 0
1102 0
497 1
518 0
183 0
1211 0
439 1
362 0
1379 0
169 0
411 0
705 0
478 0
384 0
398 0
836 0
955 0
942 1
1376 0
407 0
1888 0
18 2
376 0
912 0
1432 0
785 0
1930 0
599 0
587 0
1393 0
609 0
1167 0
1235 0
190 0
95 1
298 0
1808 0
923 0
822 0
2802 0
601 0
231 1
243 1
1610 0
779 0
551 0
148 0
753 0
504 0
343 0
981 0
697 0
1343 0
2404 0
726 0
857 0
106 0
707 0
1010 0
964 0
1966 0
157 1
65 0
1909 0
935 0
203 1
261 1
1782 0
2439 0
1093 0
1023 0
81 1
2252 0
321 0
1300 0
792 0
1199 0
624 0
86 1
1158 0
656 0
371 1
1248 0
204 0
1041 0
1990 0
435 0
814 0
924 0
885 0
1412 0
884 0
339 0
760 0
228 0
863 0
749 0
531 0
268 0
829 0
345 0
1745 0
596 0
172 1
1297 0
1366 0
1862 0
223 0
1897 0
613 0
721 0
1043 0
1255 0
282 0
669 0
1082 0
420 0
121 1
952 0
639 0
989 0
494 0
487 0
1348 0
1956 0
238 0
873 0
577 0
1137 0
253 1
448 1
1417 0
216 0
852 0
643 0
63 1
1951 0
1120 0
179 1
1794 0
713 0
676 0
1334 0
1251 0
277 1
2805 0
1784 0
879 0
938 0
1679 0
1830 0
2700 0
1262 0
1290 0
1444 0
1132 0
929 0
1846 0
133 1
1925 0
123 1
304 1
547 0
631 0
258 1
396 0
1422 0
1828 0
482 0
949 0
2620 0
499 0
56 1
1369 0
1151 0
54 2
306 0
70 1
839 0
1047 0
1055 0
1276 0
166 1
88 2
1009 0
141 0
30 2
909 0
403 1
466 0
1124 0
134 1
75 1
1230 0
618 0
848 0
1829 0
1917 0
1163 0
450 0
1904 0
1761 0
1918 0
1323 0
1702 0
1405 0
1060 0
2729 0
900 0
1134 0
318 1
972 0
473 0
1100 0
2861 0
1377 0
1461 0
1774 0
185 0
3 3
248 0
146 1
1351 0
356 1
4 1
2720 0
1985 0
528 0
164 1
