1049 8
127 24
1801 5
71 20
1648 4
882 6
1050 7
560 8
898 6
798 5
2915 3
1387 3
1031 4
512 8
1932 3
1273 4
463 10
517 9
458 16
451 9
454 7
1785 3
1364 3
1408 4
1250 4
1363 4
722 11
634 7
1109 6
578 11
1630 4
695 11
978 4
728 8
1244 6
742 5
378 8
325 11
29 39
889 8
350 15
1969 3
1233 5
1810 3
540 6
1162 5
58 41
684 7
211 16
153 17
1732 4
337 14
101 20
340 13
76 23
1924 3
311 11
982 6
571 7
1214 4
825 6
389 12
917 7
495 9
1171 4
1345 4
966 6
1123 5
1322 5
1816 3
992 8
1954 4
758 7
236 19
706 6
218 15
1172 4
14 18
2699 3
1259 4
834 7
285 9
234 16
594 9
1438 3
1903 4
1135 6
1203 4
96 16
1068 5
1778 4
1859 4
1354 3
160 16
569 8
8 58
98 26
1278 5
2901 3
1048 7
1000 7
1061 6
43 20
1396 5
686 9
391 13
943 8
193 8
288 13
1887 3
119 12
586 6
1375 7
180 16
2870 3
410 7
1877 3
2859 3
246 8
2705 3
999 4
690 7
1168 6
61 26
1180 5
430 9
447 16
1446 5
536 9
1741 4
415 14
1315 4
1130 7
1266 4
189 17
1292 4
1356 4
2849 3
480 9
1871 3
1153 3
438 7
107 24
87 18
1022 5
1458 4
1832 4
444 12
508 9
953 6
221 10
1336 6
39 41
1424 6
558 8
417 13
12 48
784 8
260 18
573 7
1844 4
1084 5
762 5
1144 6
638 11
2798 3
734 12
875 7
1522 4
1 87
506 8
116 15
136 25
144 21
1440 5
661 6
2845 3
1935 4
381 13
1814 4
581 9
308 15
906 5
1349 4
177 10
678 6
373 11
1975 3
773 5
1247 4
205 13
22 35
1973 3
1991 3
927 4
1309 4
301 12
51 32
1622 4
1260 4
1822 3
456 16
652 5
874 8
975 4
493 13
1911 3
1436 4
1033 6
1320 4
1026 7
366 15
844 7
2752 3
1390 4
272 19
1893 3
775 7
919 5
534 7
746 6
400 12
1268 4
744 8
20 22
888 9
633 6
1372 3
1983 3
1011 7
1977 4
151 21
1825 3
1161 4
468 8
1285 5
1019 4
700 8
287 14
1927 3
475 13
78 38
1380 4
294 12
990 8
413 10
1614 4
1442 4
932 5
764 8
349 14
1959 4
515 6
1981 3
1242 4
1107 5
138 18
1874 3
1383 4
606 10
1803 5
137 19
1414 4
1855 4
724 8
666 7
432 10
519 7
860 6
1074 5
1063 6
17 24
2451 3
1327 6
1274 5
2583 3
110 28
333 19
710 7
323 15
856 7
1834 3
112 18
191 20
545 12
187 20
588 6
646 6
756 6
446 13
1283 4
262 23
1944 3
1220 4
212 12
1331 6
1149 5
542 10
1305 5
961 4
1288 4
810 11
574 9
170 18
1238 7
1587 4
33 29
660 5
1921 4
1793 5
7 31
227 20
26 37
1860 3
977 3
566 8
526 11
1901 3
1937 3
264 13
255 16
806 9
1885 4
359 10
182 14
108 32
604 11
1001 6
2707 3
556 8
717 9
232 12
2817 3
477 10
815 6
671 10
1338 7
225 6
330 11
1447 4
207 19
142 20
1510 4
167 15
48 38
1857 3
360 17
692 9
663 7
1907 3
854 6
1945 3
969 6
1988 3
1076 4
1174 7
510 6
766 6
393 14
449 12
658 5
274 15
549 6
877 7
659 5
1141 6
1128 7
682 6
353 13
375 16
984 7
1155 6
2833 3
946 6
788 7
128 18
250 21
303 16
1361 4
614 11
501 15
1313 5
490 13
1843 3
155 13
130 27
1373 5
53 32
387 12
1302 4
1913 3
626 5
1112 3
1397 3
1294 5
941 8
461 18
583 11
1426 5
257 13
1358 3
1879 4
951 3
782 8
85 24
1824 3
809 10
425 12
1869 3
591 6
832 5
736 11
539 9
781 8
828 6
276 11
1920 3
102 31
1831 3
1950 3
520 7
2782 3
532 11
1193 4
1404 4
55 26
1890 3
57 27
259 20
424 14
872 9
163 23
1106 4
1402 4
1836 3
1146 4
395 8
89 30
175 20
584 6
2731 3
988 9
35 41
1882 3
1421 4
1454 3
347 14
665 8
2738 3
1333 6
434 16
865 5
904 5
930 7
442 7
649 8
689 12
886 10
648 11
642 11
1116 5
1329 6
1908 3
1028 6
1589 3
198 22
1098 5
1059 4
727 6
939 9
320 9
913 5
811 8
249 13
465 10
361 16
202 14
184 26
819 6
776 6
894 5
858 7
1819 5
1459 5
140 35
1984 3
1900 4
1269 4
412 9
181 19
954 4
385 9
1359 4
307 7
985 6
830 5
971 4
154 12
754 8
2893 3
847 6
479 11
1166 5
704 8
326 16
1003 3
1378 5
1462 6
1165 6
681 6
1054 8
1800 5
619 6
335 11
1029 6
698 7
5 38
621 6
524 7
1848 4
1957 3
554 6
552 11
598 9
780 9
1433 5
74 25
240 17
890 7
440 13
230 16
299 8
115 20
377 15
1282 4
922 6
602 7
841 6
1311 4
1898 4
1044 3
1394 5
1350 5
612 7
2772 3
1391 5
936 7
1277 4
91 30
1240 5
701 11
467 18
474 5
481 13
867 8
214 15
564 8
817 6
563 13
1967 3
731 6
2547 3
657 7
229 14
1865 4
768 6
1092 6
673 5
503 15
1636 4
68 33
315 13
338 13
1947 3
1347 4
576 16
761 7
222 18
25 33
738 8
1415 3
484 9
1036 6
305 15
1078 6
1243 5
1253 5
928 5
1265 4
544 6
623 10
217 18
328 17
239 12
122 21
878 5
628 6
158 19
281 19
269 13
363 14
46 42
1316 4
1851 4
733 5
1418 4
997 5
630 8
36 33
472 7
1368 3
748 8
1943 3
1449 3
317 13
608 6
2873 3
711 7
132 22
1254 4
1791 5
1234 7
892 5
1314 5
1428 3
537 8
1798 5
125 33
522 8
1423 4
1018 8
44 23
1125 4
667 9
1007 5
1443 4
741 7
1833 3
1188 5
998 6
2806 3
1280 5
714 8
313 14
1789 5
529 12
1838 4
1058 6
987 6
1324 5
397 14
1150 7
1096 5
908 6
1335 6
1191 4
459 12
284 18
823 5
903 5
247 14
1340 6
165 8
289 9
729 7
771 5
2 87
808 6
401 11
845 6
186 10
1847 4
1797 5
1231 7
1119 6
1249 4
1914 3
147 24
2446 3
973 8
1919 3
1046 5
1938 4
1142 6
1291 4
915 6
319 9
1986 3
1456 3
1052 6
1922 3
735 4
404 7
516 8
1813 3
974 6
1271 4
702 6
344 15
636 8
1710 4
1406 4
561 15
1133 7
209 23
1905 3
357 13
1307 4
117 22
1812 4
1941 3
2826 3
455 6
600 7
80 17
336 20
457 8
1301 4
821 5
696 7
383 20
963 4
297 15
1721 4
1873 4
1431 3
92 29
1889 3
1212 3
980 6
10 38
1805 5
550 7
1164 8
2922 3
2697 3
2824 3
505 8
2739 3
670 10
958 5
419 7
995 6
837 8
290 15
625 10
149 20
592 12
712 4
210 20
1978 3
406 10
173 12
66 28
19 37
1030 5
365 16
763 4
470 7
1524 4
1205 4
1895 4
654 5
570 9
252 17
1159 4
883 7
283 9
156 15
655 6
421 10
59 29
1367 4
271 11
1256 5
1024 5
1853 4
491 8
1863 3
2913 3
219 23
1016 6
13 58
799 4
105 17
925 6
840 5
1896 3
597 9
390 11
111 15
1515 4
1042 5
1955 3
1411 4
408 19
38 23
196 29
945 6
242 13
559 10
1588 4
32 38
443 10
118 36
206 22
959 4
1674 4
1065 6
331 11
1659 3
737 7
1795 5
580 6
1020 6
84 25
437 14
194 23
220 11
1312 4
1257 5
846 7
1021 6
31 42
1263 5
934 8
1861 3
1989 3
2706 3
1553 4
948 9
572 5
968 6
675 13
1398 4
226 21
15 24
1430 3
527 12
431 11
1145 6
382 16
1448 3
62 42
833 6
2855 3
139 19
129 18
548 11
926 5
1246 5
859 4
739 5
1293 4
1110 4
876 5
1792 5
662 6
418 14
933 3
783 7
1357 4
168 21
135 28
348 9
145 18
1152 5
49 19
178 26
1131 7
772 7
1876 3
124 23
993 4
627 11
1308 4
1429 4
1974 3
1934 3
715 9
1374 5
1722 3
23 42
388 7
364 16
653 6
1425 4
950 7
1445 3
1845 3
509 10
1025 5
976 4
367 10
716 5
1886 4
1821 4
1972 3
1842 3
940 7
485 8
778 7
743 8
685 8
21 42
523 8
720 9
460 9
1389 5
453 13
324 10
723 9
1460 5
244 23
1202 4
637 10
351 14
1040 6
595 4
488 6
1138 7
752 8
1854 4
1012 5
1232 7
835 7
1267 4
1607 4
379 8
1032 5
1386 5
113 32
901 6
1035 4
152 18
452 11
342 12
2931 3
1419 3
295 9
579 13
341 14
1894 3
535 6
1056 5
77 25
683 9
541 9
64 31
881 4
765 5
312 14
897 8
45 29
507 9
405 8
1002 4
237 12
1173 5
370 15
309 13
567 5
416 16
100 20
914 7
380 12
1258 4
1279 4
300 15
965 6
824 5
1439 4
286 10
1395 4
120 27
1075 5
1148 5
392 12
254 13
2841 3
1321 4
1365 3
1407 4
496 7
1987 4
605 9
607 10
1807 4
813 7
42 33
759 7
644 9
399 17
1820 4
1228 5
235 18
1931 3
2591 3
694 9
1811 5
436 12
1342 6
1968 3
213 24
94 30
1802 5
816 10
1103 5
1450 3
568 10
1062 6
265 19
296 12
1129 7
791 6
171 16
1143 6
1355 4
916 5
386 15
1457 3
445 18
200 17
1261 4
1339 6
1352 4
329 12
525 11
787 9
27 18
161 25
1902 4
582 11
1884 3
1866 4
1310 4
109 17
557 11
718 12
1239 4
441 10
868 8
672 7
769 7
1140 5
983 6
275 14
1809 3
803 6
197 24
2744 3
751 8
1766 4
60 24
1245 6
1400 5
691 11
1067 5
1980 3
1388 5
346 10
911 5
1295 4
427 12
1111 5
677 7
907 5
82 31
650 8
1154 3
1868 3
590 6
895 9
1763 4
69 21
1157 6
664 10
1790 5
1878 4
224 17
79 29
617 7
1420 5
352 15
1982 3
1006 5
126 34
1034 5
251 25
426 14
369 9
996 5
1435 3
651 11
1840 4
279 10
176 25
956 5
483 11
498 9
629 7
947 6
1823 3
256 13
372 12
920 7
1284 4
428 13
1330 6
887 8
1160 4
99 26
72 29
869 8
500 8
1933 3
1200 3
533 10
918 7
1413 3
1275 4
1108 5
1053 7
462 6
414 14
1014 5
843 7
1856 4
2529 3
1362 4
1804 5
263 16
632 8
1371 5
394 9
991 8
610 6
514 15
725 8
931 6
513 13
615 10
50 28
476 16
1198 3
1994 4
1626 4
1409 4
1077 5
293 24
2854 3
1299 4
1236 6
967 6
645 6
322 17
1326 6
469 9
635 9
1088 6
575 12
1382 5
1835 3
1452 4
1039 4
1815 4
2384 3
979 3
709 4
1005 5
28 40
310 16
40 44
192 19
589 7
1337 6
699 5
215 22
687 13
1115 5
960 6
818 7
150 27
1038 4
245 12
543 10
267 18
1892 3
826 5
354 10
1437 4
757 4
332 14
9 18
1099 4
1965 3
1217 5
34 21
745 8
603 11
90 29
1410 3
620 9
565 8
1346 6
1964 3
2693 3
1434 4
2625 3
850 6
2818 3
937 8
1004 8
1045 6
891 7
730 8
16 58
1360 4
921 5
1069 5
1013 8
233 16
1224 4
368 12
316 14
994 7
1806 5
611 7
1370 4
1849 4
11 44
492 6
208 23
511 6
842 9
93 16
899 6
292 18
2445 3
291 13
374 16
199 20
114 29
2790 3
1306 4
1939 3
429 14
1328 5
1899 4
409 16
73 29
1929 3
1948 3
67 31
1958 3
812 10
241 12
489 12
585 6
327 10
1970 3
1392 5
944 6
1281 4
1113 5
674 11
732 9
1317 4
957 6
280 14
273 10
471 7
1881 3
622 8
970 5
1509 4
1416 4
24 39
1936 3
104 31
1325 6
131 21
502 14
314 17
1796 5
1237 7
2361 3
1872 4
355 18
159 14
553 10
747 4
1252 4
555 14
1037 5
47 43
1942 3
1427 4
37 34
1017 7
855 6
270 14
195 20
538 7
2828 3
1839 3
680 6
679 6
831 6
2840 3
1147 6
521 9
1332 7
1960 4
1923 3
162 19
880 4
1241 5
433 10
647 6
1441 4
1912 3
1399 4
334 12
786 9
986 5
740 8
1008 5
1027 6
103 16
201 12
871 10
1401 3
423 14
1953 3
719 11
1139 5
1319 5
1826 4
902 7
827 7
266 15
1353 4
820 10
174 20
1799 5
422 11
905 6
1219 6
97 30
1704 4
41 33
668 7
52 33
750 8
688 11
302 16
1451 4
774 6
1453 3
866 7
910 5
1341 6
693 9
593 12
770 5
188 21
402 10
1940 3
641 5
893 5
1915 3
838 8
616 10
640 11
870 9
83 30
804 7
1384 4
896 8
1385 5
962 6
755 9
1837 3
777 5
1906 3
143 18
464 12
1403 4
1672 4
1891 3
1051 6
6 51
562 10
1304 4
1102 4
497 10
518 10
183 19
1211 6
439 13
362 16
1379 4
169 13
411 8
705 4
478 6
384 10
398 13
836 6
955 4
942 9
1376 6
407 7
1888 4
18 39
376 14
912 7
1432 3
785 4
1930 3
599 8
587 7
1393 3
609 8
1167 7
1235 5
190 14
95 33
298 10
1808 3
923 5
822 5
2802 3
601 7
231 19
243 16
1610 4
779 6
551 7
148 23
753 7
504 9
343 11
981 5
697 6
1343 5
2404 3
726 8
857 7
106 25
707 9
1010 6
964 6
1966 3
157 19
65 20
1909 3
935 8
203 24
261 16
1782 3
2439 3
1093 5
1023 5
81 31
2252 3
321 14
1300 4
792 6
1199 6
624 10
86 24
1158 3
656 6
371 13
1248 5
204 19
1041 5
1990 3
435 14
814 8
924 5
885 9
1412 3
884 5
339 15
760 4
228 15
863 5
749 6
531 6
268 9
829 6
345 11
1745 4
596 11
172 18
1297 4
1366 3
1862 3
223 11
1897 3
613 5
721 7
1043 4
1255 5
282 8
669 10
1082 4
420 14
121 18
952 5
639 9
989 7
494 12
487 6
1348 5
1956 3
238 21
873 7
577 11
1137 5
253 11
448 16
1417 4
216 22
852 5
643 9
63 29
1951 3
1120 5
179 20
1794 5
713 9
676 6
1334 6
1251 4
277 21
2805 3
1784 4
879 7
938 5
1679 4
1830 3
2700 3
1262 4
1290 4
1444 4
1132 6
929 5
1846 3
133 25
1925 3
123 21
304 24
547 10
631 7
258 17
396 9
1422 4
1828 3
482 7
949 10
2620 3
499 11
56 31
1369 3
1151 6
54 23
306 9
70 35
839 7
1047 8
1055 6
1276 4
166 17
88 33
1009 4
141 14
30 37
909 5
403 17
466 15
1124 6
134 17
75 21
1230 4
618 7
848 7
1829 3
1917 3
1163 4
450 5
1904 4
1761 3
1918 3
1323 4
1702 3
1405 5
1060 5
2729 3
900 5
1134 7
318 16
972 6
473 7
1100 5
2861 3
1377 6
1461 5
1774 4
185 14
3 45
248 11
146 26
1351 6
356 11
4 64
2720 3
1985 3
528 7
164 27
