coauthor;frequency
6;2
7;2
8;2
9;8
10;7
11;3
12;9
13;14
14;8
15;11
16;18
17;10
18;14
19;9
20;14
21;17
22;12
23;14
24;12
25;12
26;5
27;14
28;11
29;11
30;6
31;10
32;13
33;7
34;9
35;12
36;17
37;7
38;7
39;7
40;9
41;7
42;8
43;6
44;7
45;8
46;5
47;11
48;2
49;9
50;6
51;6
52;9
53;4
54;6
55;7
56;2
57;4
58;4
59;1
60;1
61;3
62;6
63;2
64;1
65;2
66;5
67;4
68;1
69;4
70;1
71;3
72;5
73;1
74;2
75;5
76;1
77;2
78;3
79;3
81;1
82;1
83;3
84;3
86;2
87;1
88;2
89;3
90;1
93;1
94;3
95;2
97;2
99;1
100;2
101;2
102;1
103;2
104;2
107;1
111;1
118;1
122;1
123;1
125;1
127;1
130;1
144;2
145;1
245;1
