127 1
1801 0
71 0
1648 0
1481 0
1178 0
5759 0
1387 0
512 0
1932 0
5974 0
463 2
517 0
458 1
5887 0
1785 0
2634 0
1250 0
1363 0
722 1
2507 0
1109 0
5810 0
3957 0
1630 0
1597 0
3919 0
728 0
1244 0
2154 0
1638 0
742 0
3936 0
29 1
350 0
1969 0
1810 0
58 3
153 1
2387 0
2754 0
101 0
340 1
4003 0
311 1
3906 0
3844 0
825 0
5752 0
917 0
2425 0
495 1
1703 0
4671 0
5880 0
1322 0
1816 0
2460 0
2510 0
2699 0
2458 0
1259 0
834 0
285 0
3824 0
2441 0
2414 0
1216 0
3879 0
3421 0
5531 0
2274 0
3092 0
5938 0
1135 0
2002 0
1203 0
96 2
2088 0
1068 0
1667 0
3836 0
2114 0
486 0
2134 0
1354 0
569 0
8 4
2045 0
5930 0
686 0
1396 0
1760 0
391 0
943 0
1887 0
2676 0
1375 0
180 1
4258 0
1877 0
246 1
2705 0
690 0
1168 0
61 1
536 0
1767 0
4661 0
5970 0
1653 0
1688 0
1266 0
2394 0
2654 0
1458 0
444 0
508 1
1336 0
39 2
1089 0
558 0
12 2
1554 0
2168 0
573 0
3518 0
2710 0
1084 0
638 1
875 0
2479 0
1522 0
1 1
506 0
136 0
116 1
1197 0
1580 0
2419 0
661 0
2482 0
1935 0
2719 0
2690 0
581 1
2727 0
308 0
678 0
3862 0
3802 0
1517 0
1975 0
5992 0
3939 0
1973 0
1991 0
927 1
301 0
3180 0
51 2
1758 0
1822 0
456 0
3849 0
2745 0
652 0
1033 0
2736 0
2258 0
2400 0
3851 0
1539 0
2029 0
796 1
366 0
844 0
1541 0
3727 0
2723 0
272 1
775 0
2518 0
2108 0
20 2
2376 0
888 0
3771 0
3743 0
1011 0
1983 0
1754 0
3787 0
1627 0
1161 0
468 0
3030 0
700 0
1019 0
1927 0
78 1
1380 0
413 0
294 0
990 1
764 0
1614 0
349 0
1442 0
1743 0
3970 0
2075 0
1981 0
606 0
1383 0
137 1
1414 0
3559 0
2522 0
1855 0
666 1
432 1
3794 0
1074 0
860 0
3884 0
1567 0
1063 0
1776 0
2565 0
3047 0
2158 0
2576 0
708 0
2415 0
2583 0
2589 0
1601 0
710 0
1656 0
323 1
856 0
1834 0
1664 0
112 1
545 0
5935 0
191 1
187 0
588 1
1684 0
756 0
1283 0
262 1
1944 0
212 0
2436 0
1331 0
542 0
2590 0
2383 0
3750 0
1305 0
961 1
2686 0
1662 0
2476 0
574 1
170 2
1921 0
660 0
26 1
2116 0
977 1
566 0
526 1
1901 0
3928 0
359 1
2765 0
1229 1
108 0
604 0
1001 0
2608 0
2614 0
232 0
477 0
1338 0
1182 0
2623 0
225 1
142 0
207 0
330 1
1447 1
1510 0
5734 0
48 1
1857 0
360 0
3585 0
1988 0
3923 0
3730 0
1076 1
766 0
449 0
1574 0
1579 0
659 0
2763 0
1141 0
682 0
353 1
375 0
2989 0
984 0
3944 0
2409 0
1155 0
3914 0
788 0
128 2
5770 0
3726 0
501 0
1313 0
278 0
1617 0
5944 0
490 0
2650 0
1843 0
155 1
387 1
1913 0
2626 0
1112 0
626 0
1294 0
461 0
2712 0
1426 0
1562 0
257 1
1358 0
782 0
951 0
85 1
809 0
2200 0
1156 0
1557 1
1486 0
425 0
2056 0
3812 0
736 1
539 0
781 0
1950 0
1698 0
520 0
2037 0
532 0
1193 0
2455 0
3820 0
3963 0
55 2
1890 0
1681 0
57 2
2642 0
872 0
3790 0
1146 0
395 0
89 1
175 1
584 0
988 0
35 1
5848 0
3584 0
2453 0
1882 0
1550 0
1421 0
1454 0
2827 0
665 0
2758 0
2533 0
1207 0
3960 0
2641 0
2670 0
1584 0
904 0
3848 0
930 0
1675 0
649 0
648 0
3903 0
2150 0
1318 0
642 0
2245 0
1764 0
2130 0
1908 0
1028 0
1589 0
198 2
1718 0
2550 0
1098 1
1059 0
2683 0
913 1
3983 0
2665 0
361 0
202 1
2468 0
184 0
776 0
1819 0
3738 0
2183 0
1459 0
1570 0
5761 0
2673 0
1984 1
1269 0
412 1
181 2
307 0
1671 0
1463 0
2041 0
830 0
154 1
3721 0
3935 0
1101 0
704 0
326 0
1165 0
2543 0
681 0
3940 0
335 1
1029 0
2715 0
5 2
2694 0
554 0
2657 0
552 0
1867 0
4742 0
3969 0
3766 0
1623 0
74 1
2936 0
890 0
440 1
1926 0
299 0
1289 0
2024 0
2525 0
1282 0
1694 0
841 1
1898 0
1044 0
1350 0
1751 0
91 1
2137 0
1240 0
3079 0
467 0
2121 0
481 1
474 1
867 0
1976 0
817 0
563 1
2751 0
229 0
673 1
68 2
315 1
1827 0
2514 0
5934 0
2501 0
1947 0
3807 0
1347 0
222 0
3995 0
1504 0
3971 0
25 3
2418 0
305 0
1253 0
928 0
1644 0
1526 0
5829 0
217 0
2648 0
3932 0
1730 0
281 0
158 1
46 1
3832 0
1316 0
1851 0
2630 0
1418 0
2373 0
36 1
1368 0
748 0
472 1
1655 0
317 0
1943 0
711 0
132 2
1791 0
1254 0
1642 0
3779 0
892 0
5724 0
3747 0
3954 0
2180 0
1428 0
2769 0
546 0
537 0
1018 0
1125 0
1007 0
2279 0
3896 0
741 1
1443 1
1833 0
998 0
1186 0
1789 0
3880 0
2240 0
3947 0
529 0
1545 0
1838 0
1058 0
1773 0
2573 0
987 0
1150 0
3988 0
1535 0
3775 0
2390 0
908 0
1335 0
3780 0
2580 0
3974 0
3918 0
284 1
3870 0
1340 0
903 0
247 1
3927 0
289 1
165 1
729 0
2119 0
2 2
3891 0
808 0
845 0
2125 0
2553 0
1847 1
1231 0
1249 0
147 0
2446 0
973 0
1046 0
1142 0
1291 0
2095 0
2599 0
2601 0
319 1
5913 0
2571 0
1052 0
2857 0
1179 0
1922 0
735 1
1493 0
2397 0
974 0
2629 0
1271 0
1668 0
1715 0
344 1
1613 0
1710 0
1406 0
1104 0
1133 0
2421 0
209 1
1905 0
3203 0
1118 0
1575 0
5916 0
117 1
2428 0
2207 0
3754 0
600 0
80 1
336 1
2472 0
457 0
1301 1
821 0
383 0
696 1
2532 0
3817 0
1721 0
1873 0
6013 0
2497 0
2179 0
2172 0
1431 0
92 1
1212 0
2433 0
1805 0
1727 0
1477 0
1164 0
505 0
2739 0
670 0
1094 0
419 0
995 0
2178 0
1225 0
837 0
290 0
625 0
149 1
3839 0
712 0
210 1
406 1
2560 0
19 3
2702 0
365 0
1030 0
2730 0
763 0
2021 0
1895 0
570 1
3799 0
1880 0
252 2
1159 0
883 0
2048 0
655 0
421 0
1998 0
4644 0
1367 1
3825 0
271 1
3742 0
1024 0
1070 0
3117 0
491 1
1863 0
2463 0
3953 0
13 2
2493 0
105 0
5852 0
1514 0
840 0
1647 0
597 0
111 0
2380 0
1411 0
408 0
242 0
559 0
1588 0
32 2
4138 0
443 1
2234 0
1795 0
580 1
2523 0
1257 0
846 0
31 1
1689 0
1861 0
2706 0
1296 0
5973 0
1553 0
2161 0
1303 0
2133 0
1654 0
968 0
675 1
15 3
431 0
382 0
1506 0
3863 0
139 0
129 1
4810 0
926 0
2145 0
859 0
1246 0
739 0
1083 0
1293 0
876 1
1792 0
662 0
3967 0
168 2
135 1
3913 0
1518 0
145 1
178 1
2674 0
1131 0
2728 0
3803 0
772 0
3992 0
124 2
1876 0
1759 0
1429 0
1974 0
2032 0
2536 0
5856 0
2483 0
1374 0
1528 0
653 0
1692 0
2677 0
509 0
1015 0
367 0
976 0
716 0
1886 0
1821 0
1972 0
940 0
743 0
685 1
21 4
523 1
3823 0
2377 0
3975 0
1460 0
453 1
723 1
3937 0
1202 0
3895 0
351 1
1040 0
595 0
1755 0
1138 0
488 1
1854 0
1012 0
1498 0
835 0
2182 0
1267 0
1032 0
5988 0
901 0
113 2
152 1
2191 0
3855 0
342 1
1419 0
862 0
341 0
1056 0
2189 0
2540 0
3793 0
64 1
1473 0
2753 0
881 0
2461 0
45 2
405 0
507 0
4426 0
1173 0
1963 0
309 1
3843 0
1734 0
2085 0
1733 0
2153 0
1258 0
824 0
120 1
2568 0
1148 0
392 1
254 0
2386 0
1321 0
2242 0
2442 0
3945 0
1987 0
5931 0
813 0
644 0
2477 0
851 0
1820 0
399 0
1811 0
436 1
1342 0
2457 0
1802 0
94 1
213 1
1968 0
1450 0
2668 0
568 0
2411 0
3905 0
791 0
1129 1
1143 0
1355 0
2848 0
386 0
1961 0
916 1
2043 0
1457 0
200 1
1261 0
1352 0
329 0
525 1
1621 0
27 1
787 0
1902 0
2331 0
161 1
1561 1
3909 0
1866 0
2001 0
3736 0
3731 0
1310 0
109 2
2651 0
1239 0
2764 0
769 0
1181 0
1556 0
6009 0
1809 0
803 0
2744 0
2559 0
1766 0
60 2
1245 0
1067 1
1400 0
691 0
2615 0
3982 0
6004 0
1676 0
1388 0
3134 0
346 0
911 0
427 1
2072 0
82 0
650 1
1154 0
2624 0
895 0
1763 0
69 0
1910 0
1157 0
2762 0
224 0
2711 0
2100 0
1982 0
1006 0
2393 0
3813 0
426 1
4127 0
996 0
1435 0
279 0
2408 0
956 0
3933 0
629 0
498 0
483 0
1487 0
372 0
1540 0
2028 0
1330 0
3075 0
1284 0
1661 0
3772 0
1606 0
99 2
1160 1
869 0
1592 0
1933 0
5886 0
790 0
2022 0
533 0
2080 0
1122 0
2416 0
3828 0
1697 0
1053 0
414 0
462 1
1770 0
1209 0
3852 0
263 0
991 0
3746 0
5727 0
931 0
615 1
476 1
1198 0
3755 0
1409 0
1626 0
2141 0
1077 0
2464 0
1716 0
293 1
1272 0
1781 0
1299 0
1663 0
3818 0
967 0
2157 0
1611 0
322 1
469 0
3046 0
635 0
1088 0
575 0
1835 0
1566 0
3850 0
979 0
709 0
3950 0
3737 0
40 2
310 1
192 2
699 0
1115 0
960 0
818 1
1038 0
3764 0
1707 0
543 0
267 1
1892 0
1777 0
2044 0
354 1
3878 0
1437 0
1064 0
2724 0
2517 0
757 0
2577 0
9 0
1217 0
1740 0
1600 0
603 0
2750 0
2527 0
90 0
1850 0
565 1
1346 0
1964 0
850 1
2424 0
1004 1
891 0
2106 0
2696 0
1360 0
5891 0
1013 0
233 0
1693 0
316 0
1806 0
1738 0
2288 0
2025 0
1370 0
3920 0
2954 0
11 2
2649 0
3804 0
842 0
511 0
899 0
2000 0
2437 0
2531 0
2689 0
3765 0
199 2
2410 0
1979 0
1899 0
1929 0
2485 0
1737 0
1948 0
3143 0
795 0
5789 0
1609 0
794 0
1780 0
1113 0
2122 0
674 0
1317 0
957 0
280 1
273 1
2430 0
471 0
2596 0
3996 0
1503 0
1509 0
1936 0
1325 0
2512 0
131 0
1643 0
1565 0
502 0
314 1
1286 1
1796 0
2998 0
1502 0
1872 0
355 1
553 0
2058 0
1252 0
2643 0
555 1
1037 0
3875 0
37 1
855 0
195 0
5800 0
1706 0
1788 0
1839 0
680 0
679 1
2186 0
3962 0
831 0
5879 0
1147 0
1960 0
1241 0
5762 0
1441 0
647 0
334 0
1206 0
3902 0
1997 0
1027 0
1680 0
423 0
2879 0
1139 0
1319 0
2757 0
1826 0
5847 0
2454 0
1222 0
1747 0
820 0
174 1
1799 0
1571 0
422 1
905 0
1552 0
1194 0
3716 0
41 1
52 0
1451 0
302 0
1453 1
866 0
3842 0
593 0
770 0
188 0
402 1
1940 0
641 0
1641 0
838 0
2664 0
616 0
640 0
1121 0
870 1
1384 0
896 0
1468 0
1726 0
777 0
2018 0
1906 0
464 1
3968 0
1672 0
1685 0
2011 0
1891 0
6 3
562 0
3941 0
3867 0
1304 0
1102 0
183 1
3179 0
2544 0
1478 0
2541 0
362 0
439 1
5846 0
1379 0
1593 0
705 0
1720 0
3798 0
2496 0
2177 0
407 0
18 2
912 0
376 0
1432 0
785 1
1930 0
599 0
1393 0
5826 0
609 0
587 1
1167 0
1235 0
3814 0
95 1
298 0
923 0
243 0
3835 0
2051 0
2682 0
148 1
753 1
1343 0
2489 0
2655 0
2404 0
726 0
2509 0
2703 0
2171 0
106 1
2611 0
964 1
157 1
2009 0
65 2
1909 0
935 0
203 0
2627 0
1213 0
1093 0
1023 0
81 2
2742 0
1300 0
2473 0
1199 0
86 2
624 1
1158 1
371 0
656 0
204 1
1041 0
435 2
814 1
2492 0
2109 0
885 0
884 0
1412 0
1709 0
339 0
228 1
3783 0
749 0
268 1
829 0
345 0
596 0
1297 0
5776 0
1521 0
1862 0
613 0
1082 0
1066 0
121 1
952 1
2691 0
487 0
494 1
1071 0
2235 0
238 1
873 0
253 0
448 0
3760 0
2631 0
2427 0
63 2
1637 0
5949 0
179 1
1532 0
1105 1
713 0
1334 0
3948 0
2499 0
3776 0
1784 0
938 0
1679 0
3882 0
2149 0
1830 0
1620 0
1262 0
3917 0
5914 0
1290 0
1527 0
2162 0
1132 0
929 0
2554 0
3847 0
1925 0
2574 0
3126 0
547 1
631 1
1583 0
1544 0
1538 0
1616 0
5740 0
396 0
258 1
1422 0
482 1
949 0
2620 0
499 0
4556 0
3856 0
1047 0
1055 0
2138 0
2447 0
1276 0
141 0
909 0
2618 0
1124 1
1230 0
75 1
2588 0
1917 0
1163 0
450 0
1702 0
1405 0
5865 0
1713 0
1060 0
3722 0
2420 0
2126 0
900 0
318 1
1729 0
2526 0
972 0
473 1
2572 0
1774 0
3 2
248 1
146 1
3888 0
1351 0
356 2
802 0
2396 0
2720 0
3924 0
528 0
2063 0
164 1
3897 0
807 0
3723 0
2632 0
2678 0
1049 0
882 0
5979 0
1488 0
1050 0
560 0
798 0
898 0
3892 0
2725 0
1031 0
1273 0
2942 0
2516 0
451 0
454 1
2616 0
2538 0
1364 0
1408 0
2448 0
634 0
2721 0
578 0
2551 0
695 0
978 0
3741 0
3752 0
2144 0
325 1
378 0
889 0
1233 1
540 1
3972 0
1162 0
1615 0
684 0
211 0
1732 0
2073 0
861 1
337 1
2406 0
76 0
1924 0
982 0
3042 0
571 0
1214 0
1190 0
2592 0
389 0
1660 0
1345 0
1171 0
3887 0
5715 0
1123 0
966 0
2314 0
992 0
758 0
236 1
706 1
218 1
14 1
5918 0
2587 0
1608 0
2567 0
2474 0
3786 0
234 0
594 0
1438 0
1903 0
2188 0
1778 0
1859 0
160 1
3782 0
98 2
1048 0
1278 0
2434 0
1381 0
1000 0
1061 0
43 0
2582 0
3792 0
3735 0
1728 0
3955 0
2785 0
3732 0
288 0
193 0
3763 0
119 2
1555 0
586 0
3925 0
410 0
999 1
3374 0
1180 0
1185 0
430 0
2169 0
447 0
1446 0
1741 0
2118 0
415 0
1130 0
1315 0
189 1
3987 0
2597 0
1292 0
1356 0
480 1
3810 0
107 2
1153 1
438 0
1871 0
87 1
2385 0
1022 0
1832 0
3796 0
953 0
2704 0
221 1
5991 0
1424 0
1560 1
417 1
3912 0
784 1
1762 0
260 0
2061 0
1844 0
1530 0
2504 0
762 0
1144 0
3819 0
734 0
5912 0
2952 0
1723 0
2621 0
144 1
3724 0
1440 0
2524 0
381 0
1814 0
906 1
1349 0
5896 0
177 1
373 1
773 0
1247 0
22 2
205 1
1309 0
1752 0
1576 0
2681 0
1622 0
1260 0
874 0
975 0
493 1
1436 0
3719 0
1911 0
2528 0
1591 0
1677 0
2174 0
1320 0
1026 0
3002 0
2752 0
1390 0
1993 0
1893 0
1499 1
1646 0
1469 0
3010 0
400 0
534 1
746 1
919 0
1268 0
744 0
633 0
1372 0
151 2
1977 0
2023 0
3822 0
1825 0
1669 0
1285 0
1952 0
287 1
475 0
932 0
3908 0
3858 0
3757 0
1959 0
1549 0
1525 0
515 1
1242 0
2545 0
2761 0
1208 0
138 1
1107 0
1874 0
1803 0
3838 0
724 0
1201 0
519 1
3958 0
1195 0
17 1
2451 0
3831 0
1327 0
5870 0
2192 0
1274 0
2667 0
110 0
333 2
2658 0
3985 0
646 1
446 0
5807 0
3901 0
2181 0
1220 1
1599 0
2652 0
2603 0
2283 0
2407 0
1087 0
2695 0
1288 0
810 0
5885 0
1238 0
33 0
1587 0
1559 1
1793 0
7 2
1701 0
227 0
1860 0
2443 0
2013 0
1937 0
806 0
264 1
255 1
2230 0
1885 0
3422 0
182 1
1817 0
3809 0
2707 0
556 0
717 0
815 0
671 0
1511 0
167 1
2423 0
692 0
1605 0
663 1
1907 0
2431 0
854 0
1945 0
969 0
3769 0
1174 0
1946 0
510 0
393 0
1501 0
3262 0
658 1
274 1
549 1
877 0
1508 0
5989 0
1128 0
1771 0
3930 0
946 0
1724 0
1520 0
3965 0
2644 0
303 1
250 0
2148 0
1361 0
614 0
1765 0
3864 0
3773 0
130 0
1373 0
53 1
1302 0
1397 0
941 0
5905 0
583 1
2392 0
3587 0
1879 0
1824 0
1869 0
3190 0
591 1
832 0
3846 0
2135 0
3916 0
828 0
276 2
1920 0
102 1
6006 0
1831 0
2465 0
3949 0
3827 0
2639 0
1218 0
3868 0
1404 0
2398 0
1543 0
259 1
424 1
1625 0
163 1
1402 0
3898 0
1106 0
1836 0
1531 0
2402 0
2986 0
2731 0
3976 0
1841 0
347 0
1333 0
2738 0
2586 0
434 1
865 0
1184 0
3859 0
442 0
2156 0
1577 0
1572 0
3929 0
689 0
886 0
5994 0
1116 0
1329 0
2835 0
3728 0
1725 0
727 0
2379 0
939 0
320 0
3777 0
2619 0
811 1
3756 0
1670 0
2010 0
465 1
249 1
1612 1
819 1
1189 0
1177 0
1127 0
1537 0
894 1
1748 0
2127 0
858 0
1298 0
140 0
1900 0
3768 0
385 0
954 0
1479 0
1359 0
2578 0
801 1
985 1
971 0
754 1
479 1
847 0
1166 0
2166 0
1563 0
1378 0
1003 0
1054 0
1800 0
619 0
1717 0
698 0
1634 0
621 0
3797 0
524 0
2176 0
1848 0
2714 0
2310 0
2495 0
598 0
2486 0
5793 0
780 0
2438 0
240 1
1433 0
1666 0
230 1
115 1
377 0
602 0
922 0
3815 0
1311 0
3740 0
2741 0
2628 0
1072 0
2470 0
1787 0
1394 0
612 0
1391 0
936 0
1277 0
5736 0
1086 0
701 0
214 1
564 1
3951 0
2708 0
2562 0
1650 0
2539 0
731 1
1967 0
2547 0
657 0
2139 0
1865 0
1783 0
768 0
1928 0
1092 0
503 0
1756 0
3877 0
1636 0
2491 0
1483 0
3800 0
338 0
576 0
761 0
1996 0
1775 0
738 0
1415 0
484 1
1243 0
1078 0
1036 0
2530 0
1265 0
544 0
623 0
3885 0
1512 0
1196 0
1114 0
2389 0
2382 0
2564 0
3657 0
328 0
239 1
122 0
2635 0
269 0
628 0
878 0
1223 0
363 1
733 0
2159 0
997 0
630 0
1449 0
608 0
1649 0
1234 0
2226 0
1314 0
2748 0
1798 0
1474 0
2535 0
522 1
125 1
1632 0
1423 0
44 2
5967 0
1687 0
2152 0
2412 0
667 1
1188 0
2008 0
1564 1
1280 0
714 0
313 0
2017 0
2663 0
4031 0
2661 0
3841 0
1324 0
397 1
1096 1
1657 0
2185 0
1191 1
2717 0
459 1
823 0
5722 0
3715 0
1495 0
771 0
1753 0
401 1
2688 0
186 1
1797 0
1119 0
1914 0
1938 0
1919 0
2756 0
1705 0
915 0
1986 0
1456 0
404 1
516 1
1813 0
2004 0
3861 0
2060 0
1551 0
702 0
3981 0
2163 0
2214 0
561 0
2221 0
2555 0
357 1
1307 0
1812 0
1941 0
1769 0
455 0
2475 0
1875 0
3834 0
1673 0
2132 0
297 1
963 0
2612 0
3751 0
1889 0
2692 0
2646 0
980 0
10 3
1596 0
550 0
2697 0
1081 0
1651 0
958 1
1569 0
1736 0
592 1
3299 0
2542 0
1978 0
2123 0
1640 0
173 1
530 1
66 2
2709 0
3805 0
2675 0
2026 0
470 1
1524 0
3130 0
793 0
1205 0
1287 0
1696 0
654 1
2403 0
156 0
283 0
3993 0
59 1
3388 0
1971 0
1226 0
2498 0
1256 0
1949 0
1744 0
1853 0
864 0
219 0
1016 0
2480 0
3734 0
1170 0
799 0
925 0
1896 0
390 0
1686 0
1515 0
1042 0
38 0
3874 0
196 0
5866 0
945 0
1169 0
3816 0
118 2
206 1
1674 0
959 1
3791 0
331 0
1065 0
358 0
1659 0
2746 0
737 0
767 1
2228 0
2070 0
805 0
2173 0
84 0
1020 0
437 0
6002 0
194 1
1768 0
2749 0
220 1
1312 0
2395 0
1263 0
934 0
4212 0
1989 0
5797 0
948 0
2160 0
3785 0
572 1
3762 0
2450 0
1398 0
3986 0
3984 0
226 0
1430 0
527 0
1145 0
1870 0
3795 0
1448 0
2549 0
2466 0
62 1
5947 0
833 1
1573 0
2743 0
1472 0
2020 0
548 0
3770 0
2575 0
1110 1
2622 0
3725 0
2799 0
1772 0
418 0
933 0
783 0
1357 0
2217 0
5969 0
348 0
1152 0
49 1
789 0
1090 0
627 0
993 0
1308 0
2117 0
1934 0
715 0
1916 0
2201 0
2503 0
1722 0
23 2
364 1
388 2
1425 0
3931 0
950 1
2680 0
1678 0
1445 0
1845 0
5888 0
1025 0
1842 0
2478 0
1466 0
485 0
778 0
2143 0
720 0
1270 1
3881 0
460 0
1645 1
324 0
1389 0
244 1
5987 0
2066 0
3744 0
3220 0
3854 0
752 0
2679 0
1232 0
1607 0
379 0
1386 0
1536 0
1639 0
3872 0
1035 1
3893 0
2617 0
452 1
3964 0
579 0
295 0
3956 0
1894 0
535 0
1618 0
3136 0
77 1
683 0
541 0
1215 0
3890 0
1712 0
765 0
2552 0
2521 0
1628 0
897 0
312 1
3871 0
3911 0
2435 0
1002 1
237 1
2584 0
370 0
2722 0
2519 0
2923 0
2610 0
567 1
416 0
3749 0
914 0
100 1
380 1
1279 0
965 0
300 0
1439 0
2079 0
1395 0
286 2
2405 0
1075 1
800 0
2426 0
1407 0
2432 0
3946 0
496 0
605 1
1779 0
2987 0
1568 0
2581 0
607 1
1807 0
1699 0
42 1
759 0
3093 0
2508 0
1228 0
235 1
1073 0
2591 0
2187 0
1931 0
694 0
5917 0
3860 0
816 0
1103 0
3788 0
1062 0
296 0
265 1
171 1
1700 0
3261 0
445 1
2131 0
2687 0
1339 0
3866 0
3781 0
582 0
1884 0
2120 0
4868 0
1858 0
557 1
718 0
1581 0
1604 0
3997 0
1507 0
2726 0
441 1
868 0
672 0
4096 0
1140 0
983 0
275 0
3806 0
197 0
2208 0
1731 0
853 0
751 0
1500 0
1746 0
2167 0
2136 0
1980 0
2275 0
2685 0
1295 0
3028 0
3978 0
677 1
1111 0
907 0
590 1
1210 0
664 1
1790 0
1878 0
5832 0
2388 0
1690 0
3915 0
617 1
79 1
3943 0
3845 0
1420 0
3801 0
352 1
2502 0
3865 0
126 2
3821 0
1034 0
251 0
1594 0
369 0
1533 0
1548 0
651 2
3900 0
176 1
947 0
1823 0
256 1
5999 0
920 0
428 0
887 0
3758 0
72 2
500 1
1496 0
1221 0
1757 0
1200 0
918 0
1682 0
1413 0
2107 0
1108 0
1275 0
1598 0
1014 0
1856 0
2760 0
843 0
2529 0
1362 0
1804 0
632 0
1371 0
394 1
2484 0
610 0
514 0
3973 0
2444 0
2659 0
3921 0
725 0
513 0
50 0
3938 0
2645 0
1519 0
1994 0
2633 0
3907 0
3857 0
797 0
2459 0
1136 0
1175 0
4183 0
1236 0
1683 0
1326 0
645 1
2413 0
2566 0
1382 1
1452 1
1176 0
1815 0
1039 0
2384 0
2637 0
1005 0
28 2
2089 0
589 0
1337 0
2087 0
3474 0
215 0
687 0
2098 0
3837 0
2184 0
150 0
245 0
2511 0
2190 0
2546 0
826 0
2494 0
1344 0
3990 0
3840 0
2666 0
332 1
1099 0
1965 0
34 1
745 0
2653 0
2656 0
2548 0
1410 0
2613 0
2693 0
3789 0
1434 0
2625 0
2713 0
1547 0
2471 0
1045 0
937 0
1619 0
730 0
16 2
921 0
3833 0
1069 1
1224 0
368 0
2556 0
994 0
1786 0
611 1
1849 0
849 0
492 1
2740 0
208 0
2440 0
2140 0
1523 1
3578 0
93 1
3055 0
292 1
2445 0
291 1
2429 0
374 1
114 1
3876 0
429 0
1939 0
1306 0
3767 0
1328 0
1091 0
409 1
73 0
67 0
812 0
241 1
1962 0
1958 0
2561 0
489 1
585 0
6007 0
327 1
1970 0
1392 0
2391 0
1080 0
1281 0
732 0
1864 0
1603 0
1881 0
622 0
970 0
3952 0
2381 0
1416 0
2375 0
24 2
2759 0
2049 0
1658 0
104 1
2057 0
1558 0
1237 0
1635 0
1513 0
2175 0
1264 0
747 0
159 1
2490 0
2563 0
1633 0
47 1
3991 0
1942 0
1427 0
1484 0
1017 1
270 0
2042 0
1057 0
538 0
3748 0
1602 0
521 0
5815 0
1332 0
1923 0
162 1
433 0
880 0
1912 0
1399 0
2164 0
986 0
786 1
1117 0
740 1
1008 0
103 1
201 2
871 0
1401 0
719 1
1529 0
902 0
827 0
266 1
5725 0
1353 0
1742 0
2585 0
3826 0
1624 0
3363 0
1219 0
1695 0
3774 0
2534 0
97 2
2378 0
1704 0
668 0
688 0
750 1
1749 0
1126 0
774 0
910 0
2128 0
2701 0
693 1
1341 0
3926 0
2684 0
1534 0
2570 0
893 0
1915 0
2309 0
3979 0
3959 0
2737 0
83 2
804 1
5728 0
2558 0
1385 0
2672 0
1818 0
962 0
1085 0
755 0
1837 0
1714 0
143 1
3942 0
3090 0
1403 0
2822 0
1051 0
1497 0
518 1
497 1
1211 0
2155 0
169 1
411 0
1711 0
2991 0
2399 0
1542 0
2836 0
2579 0
478 1
3720 0
398 0
384 0
836 0
5956 0
3934 0
955 0
942 0
1735 0
3989 0
1376 0
1888 0
2647 0
1595 0
190 1
2816 0
1808 0
1750 0
1739 0
822 0
601 0
231 0
1610 0
779 0
551 1
5926 0
343 0
504 0
3910 0
697 0
981 0
3753 0
2823 0
3894 0
3177 0
857 0
1010 0
707 0
1966 0
1665 0
261 1
1782 0
3873 0
2698 0
2506 0
3739 0
321 0
792 0
1248 0
1079 0
2422 0
1590 0
5900 0
1652 0
2401 0
3994 0
1516 0
3980 0
3733 0
2462 0
924 0
2053 0
760 0
863 0
2481 0
531 1
2469 0
172 1
1745 0
5993 0
2594 0
3922 0
3966 0
2111 0
1366 0
223 2
721 0
1897 0
2124 0
1043 0
1255 0
282 0
669 1
2660 0
420 0
1852 0
639 1
989 0
1505 0
1348 0
2945 0
577 0
1137 0
2809 0
1227 0
1417 0
216 1
852 0
643 0
1120 0
1794 0
1187 1
2193 0
2636 0
676 0
1251 0
277 1
3904 0
1192 0
879 0
3899 0
2640 0
2700 0
1095 0
3961 0
1183 0
1444 0
2747 0
1883 0
1846 0
2671 0
133 1
123 1
304 1
2515 0
2600 0
2417 0
5828 0
1631 0
1828 0
2605 0
56 3
1369 0
3977 0
1151 0
54 1
306 0
1204 0
70 1
839 0
5966 0
2520 0
166 1
1578 0
88 2
1009 0
30 2
403 0
466 1
134 0
618 1
2151 0
848 1
1829 0
5803 0
3717 0
1904 0
1761 0
1629 0
1918 0
2755 0
1323 0
1455 0
3150 0
2662 0
703 0
2729 0
1134 1
3853 0
1100 0
1377 0
2488 0
1461 0
185 1
2487 0
1719 0
3869 0
4 2
2716 0
1985 0
2669 0
1691 0
2003 0
