127 24
1801 6
71 23
1648 8
1481 7
1178 8
5759 3
1387 6
512 14
1932 5
5974 3
463 16
517 8
458 31
5887 3
1785 4
2634 4
1250 6
1363 5
722 16
2507 5
1109 12
5810 3
3957 4
1630 5
1597 7
3919 3
728 13
1244 7
2154 5
1638 8
742 9
3936 4
29 34
350 10
1969 7
1810 6
58 44
153 36
2387 6
2754 5
101 21
340 30
4003 4
311 22
3906 3
3844 3
825 8
5752 3
917 12
2425 6
495 28
1703 7
4671 3
5880 3
1322 8
1816 6
2460 4
2510 4
2699 5
2458 5
1259 6
834 10
285 24
3824 3
2441 5
2414 6
1216 5
3879 3
3421 4
5531 3
2274 4
3092 4
5938 3
1135 12
2002 4
1203 9
96 35
2088 5
1068 9
1667 9
3836 3
2114 5
486 11
2134 3
1354 11
569 6
8 68
2045 5
5930 3
686 12
1396 10
1760 4
391 9
943 8
1887 6
2676 5
1375 8
180 33
4258 3
1877 5
246 23
2705 5
690 9
1168 7
61 31
536 11
1767 4
4661 3
5970 3
1653 7
1688 6
1266 8
2394 6
2654 4
1458 8
444 18
508 21
1336 8
39 63
1089 6
558 8
12 48
1554 10
2168 6
573 12
3518 4
2710 4
1084 9
638 18
875 11
2479 5
1522 9
1 50
506 14
136 20
116 30
1197 6
1580 6
2419 6
661 14
2482 4
1935 5
2719 5
2690 5
581 19
2727 5
308 13
678 13
3862 3
3802 4
1517 8
1975 8
5992 3
3939 4
1973 7
1991 5
927 13
301 19
3180 4
51 48
1758 6
1822 6
456 8
3849 4
2745 5
652 11
1033 8
2736 5
2258 4
2400 6
3851 3
1539 5
2029 4
796 20
366 10
844 6
1541 6
3727 3
2723 4
272 23
775 17
2518 5
2108 7
20 45
2376 5
888 10
3771 4
3743 4
1011 8
1983 7
1754 7
3787 3
1627 6
1161 9
468 19
3030 4
700 7
1019 11
1927 5
78 23
1380 5
413 16
294 15
990 10
764 13
1614 7
349 9
1442 10
1743 8
3970 4
2075 6
1981 7
606 13
1383 9
137 30
1414 7
3559 4
2522 5
1855 5
666 11
432 18
3794 3
1074 10
860 11
3884 4
1567 6
1063 11
1776 6
2565 7
3047 4
2158 6
2576 4
708 12
2415 6
2583 4
2589 4
1601 8
710 13
1656 7
323 20
856 11
1834 7
1664 9
112 34
545 8
5935 3
191 20
187 21
588 19
1684 5
756 9
1283 10
262 25
1944 6
212 21
2436 5
1331 6
542 9
2590 5
2383 6
3750 4
1305 5
961 14
2686 4
1662 8
2476 5
574 14
170 26
1921 6
660 11
26 63
2116 7
977 12
566 14
526 22
1901 5
3928 4
359 21
2765 5
1229 12
108 31
604 12
1001 8
2608 4
2614 6
232 18
477 25
1338 9
1182 7
2623 6
225 26
142 15
207 14
330 21
1447 10
1510 8
5734 3
48 21
1857 5
360 12
3585 4
1988 5
3923 3
3730 4
1076 9
766 12
449 17
1574 5
1579 7
659 10
2763 5
1141 10
682 15
353 21
375 13
2989 4
984 12
3944 3
2409 6
1155 9
3914 3
788 14
128 39
5770 3
3726 3
501 10
1313 8
278 17
1617 6
5944 3
490 13
2650 4
1843 8
155 35
387 21
1913 5
2626 4
1112 7
626 19
1294 4
461 9
2712 4
1426 6
1562 8
257 17
1358 9
782 14
951 15
85 30
809 10
2200 4
1156 11
1557 9
1486 5
425 17
2056 6
3812 3
736 15
539 13
781 12
1950 6
1698 5
520 15
2037 5
532 11
1193 12
2455 4
3820 3
3963 4
55 37
1890 6
1681 5
57 41
2642 3
872 10
3790 4
1146 8
395 14
89 35
175 39
584 13
988 10
35 27
5848 3
3584 4
2453 5
1882 6
1550 5
1421 6
1454 8
2827 4
665 17
2758 5
2533 5
1207 6
3960 3
2641 4
2670 3
1584 6
904 8
3848 4
930 13
1675 7
649 8
648 9
3903 3
2150 5
1318 9
642 16
2245 6
1764 5
2130 6
1908 5
1028 10
1589 7
198 43
1718 5
2550 4
1098 10
1059 7
2683 4
913 12
3983 4
2665 5
361 24
202 24
2468 5
184 20
776 13
1819 6
3738 3
2183 7
1459 8
1570 5
5761 3
2673 4
1984 8
1269 8
412 24
181 34
307 11
1671 4
1463 6
2041 6
830 14
154 22
3721 5
3935 3
1101 10
704 13
326 8
1165 7
2543 4
681 12
3940 3
335 24
1029 10
2715 5
5 46
2694 3
554 20
2657 4
552 11
1867 5
4742 3
3969 3
3766 3
1623 5
74 29
2936 4
890 13
440 19
1926 6
299 17
1289 6
2024 5
2525 4
1282 11
1694 5
841 11
1898 7
1044 10
1350 9
1751 8
91 30
2137 6
1240 9
3079 4
467 10
2121 6
481 19
474 23
867 10
1976 8
817 13
563 17
2751 5
229 27
673 13
68 24
315 21
1827 6
2514 4
5934 3
2501 4
1947 5
3807 4
1347 9
222 12
3995 4
1504 8
3971 4
25 43
2418 6
305 12
1253 5
928 9
1644 9
1526 9
5829 3
217 28
2648 3
3932 3
1730 6
281 21
158 27
46 38
3832 3
1316 7
1851 6
2630 3
1418 6
2373 5
36 49
1368 6
748 9
472 25
1655 7
317 14
1943 6
711 12
132 47
1791 4
1254 9
1642 6
3779 4
892 11
5724 3
3747 5
3954 3
2180 6
1428 6
2769 4
546 16
537 10
1018 11
1125 8
1007 8
2279 5
3896 4
741 15
1443 11
1833 6
998 16
1186 8
1789 5
3880 3
2240 4
3947 4
529 19
1545 6
1838 5
1058 8
1773 6
2573 4
987 10
1150 5
3988 3
1535 6
3775 3
2390 6
908 7
1335 9
3780 3
2580 4
3974 4
3918 4
284 34
3870 3
1340 11
903 11
247 29
3927 4
289 27
165 26
729 17
2119 8
2 60
3891 4
808 11
845 9
2125 4
2553 4
1847 8
1231 11
1249 6
147 25
2446 4
973 8
1046 12
1142 9
1291 6
2095 6
2599 4
2601 5
319 25
5913 3
2571 4
1052 6
2857 4
1179 8
1922 5
735 17
1493 8
2397 6
974 7
2629 3
1271 12
1668 4
1715 5
344 21
1613 8
1710 5
1406 7
1104 9
1133 11
2421 6
209 35
1905 4
3203 3
1118 13
1575 6
5916 3
117 23
2428 4
2207 3
3754 3
600 9
80 41
336 25
2472 4
457 10
1301 10
821 11
383 13
696 13
2532 5
3817 3
1721 6
1873 5
6013 3
2497 5
2179 6
2172 5
1431 7
92 33
1212 9
2433 3
1805 5
1727 5
1477 6
1164 9
505 12
2739 5
670 12
1094 7
419 15
995 8
2178 6
1225 8
837 11
290 20
625 21
149 29
3839 4
712 17
210 23
406 20
2560 5
19 45
2702 5
365 11
1030 10
2730 5
763 13
2021 6
1895 7
570 21
3799 3
1880 7
252 34
1159 10
883 17
2048 5
655 12
421 9
1998 6
4644 4
1367 10
3825 4
271 22
3742 3
1024 9
1070 10
3117 4
491 25
1863 4
2463 4
3953 4
13 38
2493 4
105 13
5852 3
1514 7
840 11
1647 8
597 10
111 19
2380 6
1411 6
408 12
242 18
559 18
1588 6
32 28
4138 3
443 22
2234 4
1795 6
580 13
2523 4
1257 7
846 12
31 52
1689 6
1861 5
2706 5
1296 7
5973 3
1553 8
2161 6
1303 10
2133 6
1654 7
968 8
675 15
15 45
431 9
382 15
1506 7
3863 3
139 15
129 32
4810 3
926 11
2145 5
859 6
1246 8
739 11
1083 8
1293 5
876 13
1792 6
662 13
3967 4
168 34
135 38
3913 3
1518 7
145 35
178 35
2674 4
1131 10
2728 5
3803 3
772 7
3992 4
124 33
1876 7
1759 6
1429 7
1974 7
2032 6
2536 4
5856 3
2483 5
1374 5
1528 8
653 14
1692 7
2677 3
509 16
1015 7
367 16
976 9
716 9
1886 9
1821 6
1972 7
940 7
743 9
685 13
21 64
523 13
3823 3
2377 6
3975 3
1460 9
453 26
723 18
3937 3
1202 8
3895 3
351 16
1040 8
595 10
1755 5
1138 11
488 16
1854 5
1012 8
1498 8
835 12
2182 7
1267 7
1032 11
5988 3
901 9
113 32
152 27
2191 7
3855 3
342 26
1419 6
862 8
341 14
1056 8
2189 6
2540 5
3793 3
64 31
1473 7
2753 5
881 8
2461 4
45 36
405 8
507 17
4426 3
1173 7
1963 7
309 24
3843 3
1734 7
2085 6
1733 5
2153 6
1258 6
824 8
120 27
2568 3
1148 8
392 14
254 17
2386 6
1321 7
2242 5
2442 4
3945 4
1987 6
5931 3
813 9
644 14
2477 4
851 10
1820 6
399 17
1811 6
436 19
1342 7
2457 4
1802 5
94 30
213 27
1968 7
1450 9
2668 3
568 15
2411 6
3905 4
791 9
1129 14
1143 5
1355 9
2848 4
386 11
1961 5
916 17
2043 6
1457 8
200 22
1261 6
1352 7
329 18
525 21
1621 5
27 49
787 12
1902 5
2331 5
161 32
1561 8
3909 3
1866 6
2001 5
3736 3
3731 4
1310 11
109 24
2651 4
1239 9
2764 5
769 11
1181 8
1556 8
6009 3
1809 6
803 6
2744 5
2559 4
1766 6
60 32
1245 7
1067 11
1400 9
691 18
2615 6
3982 4
6004 3
1676 6
1388 10
3134 4
346 14
911 15
427 16
2072 5
82 15
650 14
1154 9
2624 5
895 14
1763 6
69 23
1910 5
1157 9
2762 5
224 10
2711 4
2100 6
1982 7
1006 12
2393 5
3813 3
426 19
4127 3
996 8
1435 7
279 10
2408 6
956 7
3933 4
629 10
498 18
483 13
1487 6
372 11
1540 8
2028 6
1330 5
3075 4
1284 8
1661 8
3772 4
1606 5
99 37
1160 9
869 10
1592 7
1933 5
5886 3
790 6
2022 6
533 16
2080 5
1122 7
2416 5
3828 3
1697 6
1053 5
414 11
462 15
1770 4
1209 8
3852 4
263 20
991 9
3746 3
5727 3
931 8
615 15
476 20
1198 10
3755 3
1409 7
1626 9
2141 6
1077 7
2464 5
1716 5
293 21
1272 9
1781 6
1299 6
1663 8
3818 3
967 12
2157 6
1611 5
322 25
469 18
3046 3
635 14
1088 7
575 15
1835 7
1566 4
3850 3
979 10
709 15
3950 4
3737 5
40 45
310 24
192 21
699 11
1115 11
960 10
818 17
1038 7
3764 3
1707 6
543 8
267 22
1892 8
1777 7
2044 6
354 20
3878 4
1437 9
1064 8
2724 5
2517 4
757 10
2577 3
9 24
1217 7
1740 8
1600 5
603 10
2750 5
2527 5
90 14
1850 8
565 13
1346 11
1964 8
850 13
2424 6
1004 15
891 12
2106 4
2696 3
1360 11
5891 3
1013 9
233 25
1693 8
316 13
1806 6
1738 5
2288 4
2025 5
1370 5
3920 3
2954 4
11 38
2649 5
3804 3
842 8
511 12
899 8
2000 6
2437 4
2531 4
2689 4
3765 4
199 22
2410 6
1979 7
1899 5
1929 5
2485 4
1737 6
1948 6
3143 4
795 12
5789 3
1609 8
794 16
1780 6
1113 6
2122 5
674 14
1317 8
957 11
280 24
273 24
2430 5
471 13
2596 5
3996 4
1503 6
1509 9
1936 4
1325 8
2512 5
131 12
1643 8
1565 8
502 11
314 17
1286 9
1796 6
2998 4
1502 7
1872 4
355 16
553 6
2058 6
1252 6
2643 3
555 18
1037 10
3875 3
37 40
855 12
195 22
5800 3
1706 7
1788 6
1839 6
680 8
679 14
2186 6
3962 3
831 14
5879 3
1147 6
1960 7
1241 6
5762 3
1441 7
647 11
334 9
1206 7
3902 4
1997 6
1027 12
1680 6
423 22
2879 3
1139 9
1319 7
2757 5
1826 6
5847 3
2454 4
1222 7
1747 8
820 13
174 20
1799 4
1571 6
422 24
905 11
1552 8
1194 8
3716 3
41 42
52 20
1451 9
302 8
1453 9
866 10
3842 3
593 16
770 10
188 12
402 14
1940 5
641 12
1641 6
838 9
2664 5
616 14
640 12
1121 9
870 12
1384 9
896 14
1468 6
1726 6
777 10
2018 6
1906 6
464 23
3968 3
1672 6
1685 8
2011 4
1891 6
6 65
562 10
3941 4
3867 3
1304 6
1102 13
183 27
3179 4
2544 4
1478 6
2541 5
362 10
439 17
5846 3
1379 8
1593 7
705 11
1720 5
3798 3
2496 5
2177 5
407 17
18 34
912 12
376 17
1432 7
785 12
1930 5
599 9
1393 8
5826 3
609 11
587 15
1167 9
1235 10
3814 4
95 23
298 22
923 8
243 19
3835 3
2051 4
2682 5
148 19
753 14
1343 7
2489 5
2655 4
2404 7
726 9
2509 5
2703 5
2171 6
106 26
2611 5
964 12
157 39
2009 4
65 40
1909 5
935 11
203 21
2627 5
1213 6
1093 6
1023 11
81 29
2742 5
1300 6
2473 5
1199 10
86 31
624 20
1158 12
371 7
656 13
204 28
1041 10
435 20
814 17
2492 5
2109 5
885 12
884 10
1412 7
1709 6
339 15
228 28
3783 4
749 11
268 33
829 8
345 14
596 12
1297 6
5776 3
1521 8
1862 5
613 16
1082 6
1066 9
121 21
952 14
2691 4
487 8
494 15
1071 9
2235 5
238 22
873 14
253 16
448 12
3760 4
2631 3
2427 4
63 26
1637 6
5949 3
179 17
1532 7
1105 12
713 8
1334 6
3948 4
2499 5
3776 4
1784 4
938 8
1679 5
3882 3
2149 5
1830 6
1620 5
1262 6
3917 4
5914 3
1290 4
1527 8
2162 6
1132 10
929 13
2554 4
3847 3
1925 4
2574 3
3126 4
547 12
631 16
1583 6
1544 5
1538 7
1616 7
5740 3
396 9
258 31
1422 7
482 19
949 6
2620 4
499 14
4556 3
3856 3
1047 8
1055 7
2138 6
2447 5
1276 8
141 22
909 9
2618 5
1124 13
1230 9
75 19
2588 5
1917 7
1163 10
450 18
1702 7
1405 4
5865 3
1713 5
1060 7
3722 4
2420 6
2126 4
900 6
318 27
1729 7
2526 5
972 11
473 20
2572 5
1774 4
3 52
248 30
146 27
3888 3
1351 8
356 24
802 15
2396 6
2720 5
3924 4
528 8
2063 6
164 32
3897 3
807 7
3723 5
2632 4
2678 4
1049 7
882 17
5979 3
1488 6
1050 6
560 15
798 10
898 10
3892 3
2725 4
1031 7
1273 9
2942 4
2516 4
451 12
454 19
2616 6
2538 4
1364 6
1408 5
2448 5
634 16
2721 5
578 12
2551 4
695 8
978 10
3741 3
3752 4
2144 4
325 22
378 11
889 15
1233 11
540 14
3972 3
1162 10
1615 8
684 11
211 15
1732 6
2073 6
861 12
337 22
2406 6
76 19
1924 5
982 6
3042 4
571 15
1214 9
1190 7
2592 6
389 14
1660 8
1345 13
1171 8
3887 3
5715 3
1123 11
966 12
2314 4
992 8
758 7
236 30
706 17
218 16
14 39
5918 3
2587 6
1608 7
2567 6
2474 4
3786 3
234 13
594 11
1438 7
1903 7
2188 5
1778 6
1859 6
160 30
3782 3
98 35
1048 7
1278 9
2434 3
1381 8
1000 13
1061 9
43 15
2582 4
3792 3
3735 3
1728 5
3955 4
2785 3
3732 3
288 25
193 17
3763 3
119 27
1555 7
586 10
3925 4
410 15
999 14
3374 4
1180 6
1185 9
430 18
2169 5
447 14
1446 5
1741 6
2118 6
415 16
1130 10
1315 10
189 22
3987 3
2597 5
1292 7
1356 8
480 16
3810 3
107 28
1153 11
438 17
1871 5
87 27
2385 6
1022 9
1832 6
3796 3
953 9
2704 5
221 25
5991 3
1424 7
1560 9
417 20
3912 4
784 15
1762 6
260 17
2061 4
1844 8
1530 5
2504 4
762 8
1144 8
3819 3
734 9
5912 3
2952 4
1723 7
2621 5
144 20
3724 4
1440 7
2524 4
381 15
1814 6
906 11
1349 9
5896 3
177 29
373 22
773 12
1247 8
22 40
205 22
1309 9
1752 7
1576 7
2681 4
1622 5
1260 6
874 11
975 6
493 23
1436 6
3719 4
1911 5
2528 4
1591 8
1677 4
2174 5
1320 7
1026 13
3002 4
2752 5
1390 9
1993 5
1893 5
1499 8
1646 7
1469 8
3010 4
400 6
534 21
746 15
919 9
1268 6
744 13
633 13
1372 6
151 26
1977 7
2023 6
3822 3
1825 6
1669 5
1285 10
1952 5
287 19
475 8
932 16
3908 4
3858 3
3757 5
1959 6
1549 9
1525 7
515 20
1242 6
2545 4
2761 5
1208 5
138 31
1107 14
1874 6
1803 4
3838 4
724 15
1201 8
519 25
3958 4
1195 10
17 34
2451 5
3831 4
1327 6
5870 3
2192 7
1274 9
2667 4
110 21
333 22
2658 4
3985 4
646 16
446 12
5807 3
3901 4
2181 6
1220 11
1599 9
2652 3
2603 3
2283 6
2407 6
1087 6
2695 5
1288 10
810 12
5885 3
1238 12
33 19
1587 7
1559 9
1793 6
7 58
1701 7
227 18
1860 6
2443 5
2013 5
1937 6
806 8
264 22
255 29
2230 5
1885 8
3422 4
182 32
1817 6
3809 3
2707 4
556 19
717 8
815 11
671 8
1511 7
167 24
2423 6
692 11
1605 6
663 17
1907 5
2431 5
854 16
1945 5
969 6
3769 4
1174 7
1946 6
510 12
393 13
1501 8
3262 4
658 17
274 33
549 16
877 13
1508 8
5989 3
1128 6
1771 5
3930 4
946 8
1724 5
1520 10
3965 4
2644 4
303 24
250 27
2148 5
1361 10
614 12
1765 4
3864 4
3773 4
130 26
1373 8
53 32
1302 10
1397 7
941 7
5905 3
583 21
2392 6
3587 4
1879 6
1824 6
1869 7
3190 4
591 16
832 10
3846 3
2135 6
3916 4
828 7
276 27
1920 5
102 26
6006 3
1831 6
2465 4
3949 4
3827 3
2639 4
1218 8
3868 4
1404 7
2398 6
1543 5
259 25
424 15
1625 7
163 24
1402 7
3898 3
1106 12
1836 8
1531 6
2402 5
2986 4
2731 5
3976 4
1841 7
347 16
1333 6
2738 5
2586 4
434 18
865 12
1184 9
3859 3
442 16
2156 6
1577 8
1572 4
3929 3
689 12
886 10
5994 3
1116 8
1329 5
2835 3
3728 3
1725 5
727 9
2379 7
939 8
320 20
3777 4
2619 5
811 13
3756 4
1670 5
2010 6
465 13
249 17
1612 10
819 18
1189 10
1177 6
1127 4
1537 7
894 11
1748 7
2127 4
858 10
1298 8
140 22
1900 5
3768 4
385 15
954 11
1479 6
1359 8
2578 4
801 19
985 12
971 9
754 15
479 16
847 11
1166 8
2166 6
1563 9
1378 8
1003 11
1054 8
1800 4
619 13
1717 6
698 10
1634 8
621 10
3797 4
524 15
2176 4
1848 5
2714 5
2310 5
2495 4
598 14
2486 4
5793 3
780 11
2438 4
240 22
1433 8
1666 7
230 25
115 26
377 16
602 17
922 7
3815 3
1311 10
3740 5
2741 5
2628 5
1072 10
2470 4
1787 6
1394 9
612 9
1391 9
936 9
1277 6
5736 3
1086 5
701 11
214 22
564 14
3951 4
2708 4
2562 5
1650 8
2539 4
731 18
1967 7
2547 5
657 17
2139 5
1865 5
1783 5
768 12
1928 6
1092 6
503 11
1756 6
3877 3
1636 7
2491 5
1483 6
3800 3
338 17
576 12
761 11
1996 6
1775 5
738 8
1415 5
484 14
1243 5
1078 8
1036 7
2530 4
1265 6
544 20
623 12
3885 3
1512 7
1196 9
1114 6
2389 6
2382 6
2564 6
3657 4
328 20
239 27
122 18
2635 5
269 15
628 20
878 6
1223 7
363 12
733 6
2159 5
997 8
630 16
1449 8
608 11
1649 8
1234 11
2226 5
1314 8
2748 5
1798 4
1474 8
2535 5
522 19
125 37
1632 7
1423 7
44 41
5967 3
1687 5
2152 6
2412 5
667 13
1188 6
2008 5
1564 10
1280 8
714 8
313 11
2017 6
2663 4
4031 3
2661 5
3841 3
1324 5
397 17
1096 14
1657 6
2185 6
1191 11
2717 5
459 26
823 7
5722 3
3715 6
1495 6
771 8
1753 8
401 18
2688 4
186 27
1797 6
1119 10
1914 5
1938 5
1919 5
2756 5
1705 4
915 14
1986 7
1456 9
404 17
516 20
1813 6
2004 6
3861 3
2060 5
1551 8
702 11
3981 4
2163 5
2214 4
561 6
2221 5
2555 5
357 26
1307 7
1812 6
1941 6
1769 5
455 15
2475 5
1875 7
3834 3
1673 5
2132 4
297 16
963 17
2612 5
3751 3
1889 6
2692 5
2646 3
980 10
10 41
1596 9
550 10
2697 4
1081 6
1651 7
958 16
1569 7
1736 6
592 18
3299 3
2542 4
1978 7
2123 6
1640 4
173 28
530 17
66 36
2709 4
3805 4
2675 4
2026 5
470 16
1524 7
3130 4
793 9
1205 10
1287 6
1696 5
654 12
2403 7
156 18
283 10
3993 4
59 34
3388 4
1971 7
1226 9
2498 3
1256 7
1949 7
1744 8
1853 4
864 9
219 18
1016 10
2480 5
3734 3
1170 5
799 10
925 10
1896 6
390 11
1686 5
1515 10
1042 10
38 26
3874 4
196 22
5866 3
945 6
1169 5
3816 3
118 39
206 23
1674 5
959 12
3791 3
331 21
1065 7
358 16
1659 8
2746 5
737 11
767 13
2228 3
2070 5
805 10
2173 6
84 20
1020 11
437 15
6002 3
194 26
1768 6
2749 5
220 21
1312 10
2395 6
1263 6
934 11
4212 3
1989 5
5797 3
948 7
2160 5
3785 3
572 21
3762 3
2450 4
1398 8
3986 3
3984 4
226 22
1430 7
527 16
1145 7
1870 6
3795 3
1448 8
2549 4
2466 4
62 34
5947 3
833 18
1573 5
2743 5
1472 7
2020 5
548 11
3770 3
2575 5
1110 11
2622 5
3725 4
2799 3
1772 6
418 19
933 11
783 13
1357 8
2217 5
5969 3
348 10
1152 7
49 23
789 9
1090 6
627 20
993 6
1308 11
2117 6
1934 3
715 9
1916 5
2201 4
2503 5
1722 5
23 38
364 19
388 23
1425 6
3931 3
950 14
2680 3
1678 5
1445 7
1845 6
5888 3
1025 10
1842 8
2478 5
1466 6
485 9
778 10
2143 5
720 14
1270 13
3881 4
460 22
1645 9
324 11
1389 6
244 24
5987 3
2066 6
3744 3
3220 4
3854 3
752 16
2679 5
1232 10
1607 6
379 13
1386 6
1536 4
1639 6
3872 3
1035 10
3893 3
2617 5
452 13
3964 4
579 8
295 14
3956 3
1894 6
535 15
1618 6
3136 4
77 36
683 9
541 11
1215 7
3890 4
1712 6
765 10
2552 5
2521 4
1628 6
897 13
312 25
3871 3
3911 3
2435 4
1002 10
237 27
2584 5
370 15
2722 5
2519 4
2923 3
2610 5
567 18
416 22
3749 3
914 10
100 34
380 22
1279 8
965 13
300 21
1439 7
2079 4
1395 8
286 22
2405 6
1075 13
800 5
2426 6
1407 6
2432 5
3946 3
496 16
605 20
1779 6
2987 4
1568 8
2581 4
607 19
1807 6
1699 6
42 62
759 11
3093 4
2508 4
1228 12
235 19
1073 10
2591 4
2187 7
1931 6
694 9
5917 3
3860 3
816 11
1103 11
3788 4
1062 11
296 14
265 19
171 43
1700 7
3261 4
445 21
2131 4
2687 4
1339 7
3866 4
3781 3
582 9
1884 8
2120 6
4868 3
1858 6
557 16
718 8
1581 7
1604 5
3997 4
1507 7
2726 5
441 18
868 11
672 16
4096 3
1140 9
983 7
275 19
3806 3
197 16
2208 3
1731 7
853 12
751 15
1500 5
1746 9
2167 6
2136 6
1980 7
2275 4
2685 5
1295 5
3028 4
3978 3
677 16
1111 7
907 8
590 18
1210 8
664 15
1790 6
1878 5
5832 3
2388 6
1690 6
3915 3
617 20
79 31
3943 4
3845 3
1420 8
3801 3
352 15
2502 4
3865 3
126 33
3821 3
1034 10
251 23
1594 7
369 12
1533 6
1548 5
651 18
3900 4
176 31
947 7
1823 6
256 24
5999 3
920 6
428 11
887 7
3758 4
72 32
500 15
1496 8
1221 7
1757 4
1200 11
918 11
1682 6
1413 6
2107 7
1108 8
1275 9
1598 7
1014 7
1856 7
2760 5
843 9
2529 4
1362 6
1804 5
632 15
1371 7
394 23
2484 4
610 17
514 12
3973 4
2444 4
2659 3
3921 3
725 12
513 12
50 36
3938 4
2645 5
1519 9
1994 6
2633 5
3907 3
3857 3
797 12
2459 4
1136 14
1175 9
4183 3
1236 8
1683 7
1326 5
645 18
2413 5
2566 6
1382 11
1452 9
1176 8
1815 6
1039 8
2384 6
2637 5
1005 15
28 55
2089 5
589 12
1337 8
2087 5
3474 4
215 13
687 7
2098 6
3837 3
2184 6
150 12
245 24
2511 5
2190 8
2546 4
826 8
2494 4
1344 10
3990 4
3840 3
2666 4
332 21
1099 9
1965 8
34 45
745 13
2653 4
2656 4
2548 5
1410 7
2613 6
2693 4
3789 4
1434 7
2625 4
2713 4
1547 7
2471 5
1045 9
937 12
1619 6
730 14
16 69
921 8
3833 3
1069 14
1224 7
368 13
2556 4
994 10
1786 6
611 10
1849 6
849 11
492 17
2740 5
208 18
2440 4
2140 5
1523 9
3578 4
93 28
3055 4
292 15
2445 5
291 20
2429 4
374 22
114 34
3876 3
429 12
1939 6
1306 6
3767 3
1328 7
1091 6
409 22
73 22
67 18
812 7
241 31
1962 8
1958 7
2561 5
489 15
585 12
6007 3
327 21
1970 7
1392 9
2391 6
1080 9
1281 8
732 14
1864 5
1603 5
1881 8
622 11
970 6
3952 4
2381 6
1416 7
2375 4
24 46
2759 5
2049 5
1658 8
104 35
2057 5
1558 11
1237 12
1635 8
1513 8
2175 5
1264 7
747 10
159 32
2490 5
2563 6
1633 5
47 39
3991 4
1942 6
1427 8
1484 6
1017 11
270 19
2042 5
1057 8
538 9
3748 3
1602 6
521 8
5815 3
1332 7
1923 5
162 24
433 17
880 7
1912 5
1399 9
2164 5
986 8
786 15
1117 11
740 18
1008 8
103 31
201 20
871 11
1401 5
719 12
1529 6
902 8
827 9
266 31
5725 3
1353 11
1742 6
2585 4
3826 3
1624 5
3363 4
1219 10
1695 7
3774 3
2534 5
97 33
2378 4
1704 6
668 9
688 11
750 18
1749 7
1126 5
774 8
910 8
2128 4
2701 4
693 13
1341 11
3926 4
2684 5
1534 7
2570 4
893 11
1915 5
2309 4
3979 4
3959 3
2737 5
83 33
804 13
5728 3
2558 4
1385 8
2672 5
1818 6
962 14
1085 6
755 9
1837 7
1714 6
143 25
3942 4
3090 4
1403 6
2822 4
1051 8
1497 8
518 25
497 17
1211 7
2155 7
169 24
411 24
1711 6
2991 4
2399 6
1542 7
2836 4
2579 3
478 19
3720 5
398 16
384 12
836 10
5956 3
3934 3
955 6
942 7
1735 6
3989 4
1376 8
1888 6
2647 4
1595 6
190 23
2816 4
1808 6
1750 9
1739 6
822 7
601 12
231 25
1610 10
779 12
551 21
5926 3
343 20
504 10
3910 3
697 18
981 7
3753 3
2823 4
3894 3
3177 4
857 6
1010 6
707 9
1966 7
1665 6
261 28
1782 6
3873 4
2698 5
2506 4
3739 3
321 17
792 11
1248 6
1079 9
2422 6
1590 6
5900 3
1652 7
2401 5
3994 4
1516 8
3980 4
3733 4
2462 4
924 6
2053 6
760 9
863 11
2481 4
531 18
2469 5
172 20
1745 7
5993 3
2594 3
3922 3
3966 3
2111 3
1366 8
223 26
721 15
1897 7
2124 7
1043 9
1255 7
282 9
669 14
2660 5
420 18
1852 6
639 24
989 12
1505 7
1348 10
2945 4
577 7
1137 9
2809 3
1227 11
1417 8
216 27
852 15
643 13
1120 13
1794 6
1187 11
2193 7
2636 5
676 17
1251 6
277 21
3904 4
1192 7
879 6
3899 4
2640 4
2700 4
1095 8
3961 3
1183 9
1444 8
2747 5
1883 6
1846 8
2671 4
133 40
123 32
304 20
2515 4
2600 5
2417 6
5828 3
1631 6
1828 6
2605 4
56 46
1369 6
3977 4
1151 6
54 33
306 14
1204 5
70 37
839 10
5966 3
2520 4
166 24
1578 6
88 38
1009 8
30 49
403 16
466 23
134 8
618 14
2151 5
848 14
1829 6
5803 3
3717 4
1904 5
1761 4
1629 8
1918 5
2755 5
1323 8
1455 7
3150 4
2662 5
703 11
2729 4
1134 11
3853 4
1100 9
1377 6
2488 4
1461 8
185 19
2487 4
1719 5
3869 3
4 50
2716 5
1985 7
2669 4
1691 5
2003 6
