2 3.54560533974853 0.370626682045367 40 8.25 8.95474734428616 R6
27 3.4398578731893 0.62037037037037 21 4.53333333333333 4.78701948560433 R6
46 2.83217462837684 0.488165680473373 18 5.05882352941176 4.56934270257375 R6
201 2.76265019416976 0.618343195266272 14 4.88888888888889 3.29796046214574 R6
52 2.74003877709787 0.291666666666667 10 4.36363636363636 2.05703790890632 R5
90 2.73394450469364 0.664819944598338 10 2.88888888888889 2.60104442460436 R6
4 2.72484366928624 0.533081285444234 15 5.27272727272727 3.56984616655852 R6
95 2.69277517212175 0.511080332409972 26 8.18181818181818 6.61703286730103 R6
50 2.67078956174329 0.446745562130178 19 7.73333333333333 4.2184778718817 R6
148 2.66476738603482 0.13265306122449 13 4.54545454545454 3.17271424847548 R5
83 2.65235517993071 0.495274102079395 31 9.54545454545454 8.08886593201517 R6
57 2.65035662579632 0.197530864197531 16 5.71428571428571 3.88087934491604 R5
146 2.62544867055146 0.697231833910035 17 5.86666666666667 4.2405450383438 R6
203 2.61298846215876 0.382716049382716 14 4.46153846153846 3.65040323621682 R6
88 2.58557250627113 0.5 11 3.4 2.93938769133981 R6
13 2.54055185761509 0.37375 31 8.25 8.95474734428616 R6
347 2.38220686120112 0.169421487603306 20 6.14285714285714 5.81693516328638 R2
55 2.21540359361084 0.420415224913495 25 8.66666666666667 7.37262202717293 R2
645 2.10887847469991 0.197530864197531 8 3.66666666666667 2.05480466765633 R2
218 2.08166599946613 0.244897959183674 6 2.75 1.5612494995996 R2
264 2.03705428595667 0.743484224965707 11 4.57142857142857 3.15581743348207 R3
12 2.03422155748923 0.278876170655567 26 9.54545454545454 8.08886593201517 R2
40 2.003952387048 0.335 16 6.875 4.55350140002175 R2
659 2 0.32 4 2.4 0.8 R2
10 1.98431348329844 0.337777777777778 12 6 3.02371578407382 R2
71 1.9821888119854 0.185493460166468 26 8.25 8.95474734428616 R2
100 1.97778358446437 0.24 13 5.75 3.66571957465379 R2
254 1.90515868883136 0.459183673469388 10 5.33333333333333 2.44948974278318 R2
140 1.89093895147445 0.6112 15 7.14285714285714 4.15515416349971 R2
16 1.88585567128114 0.2265625 14 5.6 4.45421149026402 R2
350 1.86647135516789 0.427221172022684 17 6.14285714285714 5.81693516328638 R2
345 1.85299708145532 0.272189349112426 11 4.88888888888889 3.29796046214574 R2
66 1.84158640879103 0.458049886621315 15 6.85714285714286 4.42165358301205 R2
221 1.83548054265336 0.0950000000000001 19 8.26666666666667 5.8476966025569 R2
216 1.83548054265336 0.716446124763705 19 8.26666666666667 5.8476966025569 R3
197 1.80849272947823 0.272189349112426 22 8.66666666666667 7.37262202717293 R2
113 1.78885438199983 0.40625 6 3.71428571428571 1.27775312999988 R2
47 1.73792534014033 0.444444444444444 13 5.05882352941176 4.56934270257375 R2
400 1.69967317119759 0.197530864197531 8 4.28571428571429 2.18529407725405 R2
37 1.66334138402434 0.1472 23 9.54545454545454 8.08886593201517 R2
348 1.6431676725155 0.545454545454546 7 4 1.82574185835055 R2
332 1.63299316185545 0.408163265306122 5 3 1.22474487139159 R2
226 1.6264405689988 0.3601108033241 15 7.44444444444444 4.64545443563708 R2
306 1.6264405689988 0.467120181405896 15 7.44444444444444 4.64545443563708 R2
195 1.60356745147455 0.244897959183674 6 3.6 1.49666295470958 R2
79 1.57841037450494 0.124444444444444 14 7.2 4.3081318457076 R2
81 1.57841037450494 0.549586776859504 14 7.2 4.3081318457076 R2
632 1.46671759524514 0.42 7 3.8 2.18174242292714 R2
188 1.44635495623194 0.255102040816327 12 5.86666666666667 4.2405450383438 R2
15 1.4368424162142 0.526315789473684 12 5.6 4.45421149026402 R2
269 1.4368424162142 0.456747404844291 12 5.6 4.45421149026402 R2
207 1.4142135623731 0.444444444444444 2 1.33333333333333 0.471404520791032 R2
606 1.41421356237309 0.56 3 2 0.707106781186548 R2
134 1.41421356237309 0.32 4 3.33333333333333 0.471404520791033 R2
93 1.41117637604307 0.611111111111111 14 7.44444444444444 4.64545443563708 R2
123 1.41117637604307 0.2265625 14 7.44444444444444 4.64545443563708 R2
141 1.40960903655368 0.6848 13 7.14285714285714 4.15515416349971 R3
39 1.34511872555277 0.13265306122449 13 6.875 4.55350140002175 R2
395 1.34164078649987 0.53125 5 3.5 1.11803398874989 R2
58 1.24656167297904 0.18 9 4.88888888888889 3.29796046214574 R2
109 1.22474487139159 0.32 4 2.8 0.979795897113271 R2
292 1.22474487139159 0.375 3 2 0.816496580927726 R2
115 1.21846730636776 0.5390625 10 5.6 3.61109401705356 R2
182 1.20048054810383 0.172335600907029 19 8.25 8.95474734428616 R2
200 1.1689440790933 0.456747404844291 12 7.14285714285714 4.15515416349971 R2
102 1.15939037709981 0.277777777777778 10 5.75 3.66571957465379 R2
258 1.1514505267577 0.581632653061224 15 8.26666666666667 5.8476966025569 R2
213 1.14856518970952 0.4609375 11 7.16666666666667 3.33749739908346 R2
185 1.10431526074847 0.165289256198347 10 5.71428571428571 3.88087934491604 R2
337 1.08866210790363 0.728395061728395 8 5.33333333333333 2.44948974278318 R3
49 1.01142326598562 0.646502835538752 12 7.73333333333333 4.2184778718817 R3
48 1.01142326598562 0.518518518518518 12 7.73333333333333 4.2184778718817 R2
32 1 0.744897959183674 4 3.5 0.5 R3
31 1 0.32 4 3.5 0.5 R2
96 1 0.277777777777778 5 3.5 1.5 R2
24 0.994671001213029 0.265927977839335 16 8.66666666666667 7.37262202717293 R2
227 0.980647990131627 0.244897959183674 12 7.44444444444444 4.64545443563708 R2
545 0.974717470504136 0.291666666666667 10 5.86666666666667 4.2405450383438 R2
114 0.941542918556909 0.297520661157025 9 5.6 3.61109401705356 R2
676 0.862525909551128 0.18 9 5.05882352941176 4.56934270257375 R2
111 0.851256530758748 0.652777777777778 6 4.57142857142857 1.67819144635296 R3
689 0.800640769025436 0.32 4 2.75 1.5612494995996 R2
441 0.795495128834866 0.244897959183674 6 4.36363636363636 2.05703790890632 R2
399 0.784464540552736 0.244897959183674 6 4.28571428571429 2.18529407725405 R2
402 0.784464540552736 0.244897959183674 6 4.28571428571429 2.18529407725405 R2
356 0.769553841361408 0.663265306122449 7 4.57142857142857 3.15581743348207 R3
430 0.695392090735798 0.486111111111111 7 4.46153846153846 3.65040323621682 R2
530 0.680413817439772 0.603550295857988 7 5.33333333333333 2.44948974278318 R2
362 0.643676051903827 0.197530864197531 8 5.05882352941176 4.56934270257375 R2
273 0.588968139065848 0.396694214876033 8 5.71428571428571 3.88087934491604 R2
540 0.587760137080426 0.380622837370242 13 8.66666666666667 7.37262202717293 R2
291 0.55070086362968 0.680384087791495 14 9.54545454545454 8.08886593201517 R3
228 0.550119604220181 0.165289256198347 10 7.44444444444444 4.64545443563708 R2
358 0.547722557505166 0.277777777777778 5 4 1.82574185835055 R2
340 0.537318610054862 0.390532544378698 10 7.73333333333333 4.2184778718817 R2
17 0.483850745013444 0.345679012345679 7 5.27272727272727 3.56984616655852 R2
3 0.483850745013444 0.545454545454546 7 5.27272727272727 3.56984616655852 R2
260 0.467420510862035 0.152777777777778 11 8.26666666666667 5.8476966025569 R2
257 0.467420510862035 0.614958448753463 11 8.26666666666667 5.8476966025569 R2
259 0.467420510862035 0.152777777777778 11 8.26666666666667 5.8476966025569 R2
376 0.458454604049002 0.244897959183674 6 4.54545454545454 3.17271424847548 R2
428 0.447213595499958 0.32 4 3.5 1.11803398874989 R2
245 0.441941738241592 0.375 3 2.44444444444444 1.25707872210942 R2
144 0.429056814568287 0.43213296398892 14 11.8888888888889 4.92035329455213 R2
86 0.418772284222268 0.32 12 8.25 8.95474734428616 R2
78 0.417814510898367 0.473372781065089 9 7.2 4.3081318457076 R2
323 0.417814510898367 0.18 9 7.2 4.3081318457076 R2
56 0.336908560264605 0.444444444444444 6 4.88888888888889 3.29796046214574 R2
295 0.333333333333333 0.32 4 3.5 1.5 R2
172 0.324442842261525 0.58 6 5.14285714285714 2.64189171555813 R2
403 0.319264837068191 0.444444444444444 8 6.14285714285714 5.81693516328638 R2
51 0.300266282089482 0.314049586776859 9 7.73333333333333 4.2184778718817 R2
108 0.29641300688812 0.277777777777778 10 8.26666666666667 5.8476966025569 R2
271 0.267261241912425 0.32 4 3.6 1.49666295470958 R2
516 0.267261241912424 0.48 7 5.86666666666667 4.2405450383438 R2
389 0.223606797749979 0.444444444444444 4 3.71428571428571 1.27775312999988 R2
91 0.223606797749979 0.745562130177515 4 3.71428571428571 1.27775312999988 R3
270 0.203726629479345 0.40625 6 5.27272727272727 3.56984616655852 R2
646 0.162221421130763 0.32 4 3.66666666666667 2.05480466765633 R2
537 0.162221421130763 0.59375 4 3.66666666666667 2.05480466765633 R2
690 0.160128153805087 0.375 3 2.75 1.5612494995996 R2
406 0.160128153805087 0.5 3 2.75 1.5612494995996 R2
215 0.147507413186381 0.448979591836735 5 4.46153846153846 3.65040323621682 R2
388 0.124034734589209 0.444444444444444 4 3.81818181818182 1.46586504514519 R2
303 0.119591218308735 0.197530864197531 8 7.44444444444444 4.64545443563708 R2
305 0.119591218308735 0.197530864197531 8 7.44444444444444 4.64545443563708 R2
304 0.119591218308735 0.197530864197531 8 7.44444444444444 4.64545443563708 R2
130 0.105409255338946 0.6875 3 2.85714285714286 1.35526185435788 R3
505 0.105409255338946 0.56 3 2.85714285714286 1.35526185435788 R2
300 0.0974858506571866 0.277777777777778 5 4.53333333333333 4.78701948560433 R2
299 0.0974858506571866 0.277777777777778 5 4.53333333333333 4.78701948560433 R2
509 0.0898026510133873 0.54 6 5.6 4.45421149026402 R2
716 0.0632139541241012 0.34 8 7.73333333333333 4.2184778718817 R2
407 0.0314424990485204 0.244897959183674 6 5.86666666666667 4.2405450383438 R2
367 0.0274514025623014 0.345679012345679 7 6.875 4.55350140002175 R2
127 0 0.375 3 3 1.22474487139159 R2
8 0 0.6484375 6 6 3.02371578407382 R3
465 0 0.53125 5 5 5.96046447753906e-08 R2
554 0 0.444444444444444 2 2 0.816496580927726 R2
357 0 0.448979591836735 5 5 1.22474487139159 R2
206 -0.0279181522814845 0.5 8 8.25 8.95474734428616 R2
571 -0.0343807082086265 0.345679012345679 7 7.14285714285714 4.15515416349971 R2
82 -0.046423834544263 0.21875 7 7.2 4.3081318457076 R2
80 -0.046423834544263 0.653061224489796 7 7.2 4.3081318457076 R3
28 -0.111412400751071 0.444444444444444 4 4.53333333333333 4.78701948560433 R2
214 -0.126434925588327 0.5 4 4.46153846153846 3.65040323621682 R2
744 -0.136082763487954 0.46875 5 5.33333333333333 2.44948974278318 R2
181 -0.139590761407423 0.21875 7 8.25 8.95474734428616 R2
563 -0.171920476518376 0.32 4 4.54545454545454 3.17271424847548 R2
341 -0.173838373841279 0.37037037037037 7 7.73333333333333 4.2184778718817 R2
53 -0.176776695296637 0.32 4 4.36363636363636 2.05703790890632 R2
532 -0.181071492085037 0.32 4 4.57142857142857 3.15581743348207 R2
531 -0.181071492085037 0.32 4 4.57142857142857 3.15581743348207 R2
488 -0.191059483300093 0.429752066115702 8 9.54545454545454 8.08886593201517 R2
379 -0.191059483300093 0.197530864197531 8 9.54545454545454 8.08886593201517 R2
136 -0.204376243815384 0.788927335640138 5 5.86666666666667 4.2405450383438 R3
448 -0.204376243815384 0.617283950617284 5 5.86666666666667 4.2405450383438 R2
101 -0.204598301841142 0.408163265306122 5 5.75 3.66571957465379 R2
145 -0.275045665669012 0.56198347107438 6 7.14285714285714 4.15515416349971 R2
496 -0.275045665669012 0.375 6 7.14285714285714 4.15515416349971 R2
721 -0.320310652159328 0.375 3 4.53333333333333 4.78701948560433 R2
727 -0.324442842261525 0.612244897959184 3 3.66666666666667 2.05480466765633 R2
252 -0.324442842261525 0.48 3 3.66666666666667 2.05480466765633 R2
160 -0.329727572096541 0.375 6 8.18181818181818 6.61703286730103 R2
89 -0.341743063086704 0.444444444444444 2 2.88888888888889 2.60104442460436 R2
165 -0.353553390593274 0.5 2 2.44444444444444 1.25707872210942 R2
217 -0.400377264363035 0.56 3 4.46153846153846 3.65040323621682 R2
204 -0.400377264363035 0.375 3 4.46153846153846 3.65040323621682 R2
717 -0.41089070180666 0.375 6 7.73333333333333 4.2184778718817 R2
618 -0.41089070180666 0.40625 6 7.73333333333333 4.2184778718817 R2
42 -0.411771038434521 0.277777777777778 5 6.875 4.55350140002175 R2
544 -0.440194986679287 0.592592592592593 4 5.86666666666667 4.2405450383438 R2
708 -0.450573236332679 0.611111111111111 3 5.05882352941176 4.56934270257375 R2
560 -0.477396037629331 0.32 4 5.75 3.66571957465379 R2
135 -0.477396037629331 0.32 4 5.75 3.66571957465379 R2
128 -0.480852709307455 0.448979591836735 5 8.18181818181818 6.61703286730103 R2
760 -0.480852709307455 0.277777777777778 5 8.18181818181818 6.61703286730103 R2
209 -0.480852709307455 0.408163265306122 5 8.18181818181818 6.61703286730103 R2
210 -0.480852709307455 0.408163265306122 5 8.18181818181818 6.61703286730103 R2
355 -0.497946603233852 0.375 3 4.57142857142857 3.15581743348207 R2
661 -0.5 0.444444444444444 2 2.4 0.8 R2
660 -0.5 0.444444444444444 2 2.4 0.8 R2
92 -0.526201360558434 0.5625 5 7.44444444444444 4.64545443563708 R2
536 -0.572744552449827 0.611111111111111 3 4.88888888888889 3.29796046214574 R2
371 -0.586281197911175 0.375 3 8.25 8.95474734428616 R2
401 -0.588348405414552 0.375 3 4.28571428571429 2.18529407725405 R2
247 -0.63197784651837 0.571428571428572 4 8.18181818181818 6.61703286730103 R2
25 -0.632972455317382 0.32 4 8.66666666666667 7.37262202717293 R2
72 -0.636645717122952 0.56 3 5.27272727272727 3.56984616655852 R2
239 -0.636645717122952 0.375 3 5.27272727272727 3.56984616655852 R2
361 -0.66942309397998 0.444444444444444 2 5.05882352941176 4.56934270257375 R2
120 -0.699399665140695 0.375 3 5.71428571428571 3.88087934491604 R2
205 -0.707106781186548 0.5 1 1.33333333333333 0.471404520791032 R2
757 -0.738107154975842 0.5 1 4.53333333333333 4.78701948560433 R2
94 -0.741465553514157 0.5 4 7.44444444444444 4.64545443563708 R2
657 -0.76860941002825 0.375 3 8.66666666666667 7.37262202717293 R2
54 -0.76860941002825 0.48 3 8.66666666666667 7.37262202717293 R2
581 -0.783102983729285 0.375 3 8.18181818181818 6.61703286730103 R2
396 -0.811107105653813 0.5 2 3.66666666666667 2.05480466765633 R2
601 -0.814821714382667 0.444444444444444 2 4.57142857142857 3.15581743348207 R2
624 -0.816496580927726 0.5 1 3.4 2.93938769133981 R2
196 -0.850993479431344 0.56 3 6.875 4.55350140002175 R2
605 -0.872330404164171 0.375 3 6.85714285714286 4.42165358301205 R2
346 -0.875962256687972 0.625 2 4.88888888888889 3.29796046214574 R3
198 -0.904246364739117 0.5 2 8.66666666666667 7.37262202717293 R2
656 -0.904246364739117 0.444444444444444 2 8.66666666666667 7.37262202717293 R2
147 -0.911832472407095 0.64 2 5.86666666666667 4.2405450383438 R3
14 -0.932819830229867 0.5 2 9.54545454545454 8.08886593201517 R2
308 -0.932819830229867 0.444444444444444 2 9.54545454545454 8.08886593201517 R2
596 -0.936382183834623 0.48 3 4.57142857142857 1.67819144635296 R2
463 -0.948261941912452 0.5 1 4.46153846153846 3.65040323621682 R2
551 -0.952579344415679 0.375 3 5.33333333333333 2.44948974278318 R2
550 -0.952579344415679 0.375 3 5.33333333333333 2.44948974278318 R2
702 -0.95672974646988 0.666666666666667 3 7.44444444444444 4.64545443563708 R3
703 -0.95672974646988 0.56 3 7.44444444444444 4.64545443563708 R2
507 -0.99692779611908 0.625 2 5.6 3.61109401705356 R3
368 -1.0690449676497 0.444444444444444 2 3.6 1.49666295470958 R2
351 -1.09544511501033 0.625 2 4 1.82574185835055 R3
349 -1.09544511501033 0.625 2 4 1.82574185835055 R3
603 -1.0984901385771 0.72 2 6.85714285714286 4.42165358301205 R3
600 -1.14904851942814 0.444444444444444 2 4.36363636363636 2.05703790890632 R2
253 -1.14904851942814 0.5 1 2.44444444444444 1.25707872210942 R2
363 -1.1719939394256 0.444444444444444 2 7.44444444444444 4.64545443563708 R2
459 -1.1719939394256 0.444444444444444 2 7.44444444444444 4.64545443563708 R2
658 -1.17917996092612 0.5 1 4.88888888888889 3.29796046214574 R2
763 -1.21474678682331 0.5 1 5.71428571428571 3.88087934491604 R2
293 -1.22474487139159 0.666666666666667 1 2 0.816496580927726 R3
202 -1.23770549551055 0.444444444444444 2 7.14285714285714 4.15515416349971 R2
137 -1.2957892449939 0.5 1 5.75 3.66571957465379 R2
110 -1.34164078649987 0.625 2 3.71428571428571 1.27775312999988 R3
112 -1.34164078649987 0.625 2 3.71428571428571 1.27775312999988 R3
682 -1.34164078649987 0.444444444444444 2 3.5 1.11803398874989 R2
731 -1.35910001366818 0.625 2 7.73333333333333 4.2184778718817 R3
552 -1.36082763487954 0.625 2 5.33333333333333 2.44948974278318 R3
504 -1.3703203194063 0.666666666666667 1 2.85714285714286 1.35526185435788 R3
758 -1.41421356237309 0.5 1 2 0.707106781186548 R2
447 -1.43913887087215 0.5 1 7.2 4.3081318457076 R2
783 -1.53226175536575 0.444444444444444 2 4.57142857142857 1.67819144635296 R2
495 -1.56814040426404 0.5 1 5.14285714285714 2.64189171555813 R2
142 -1.60331757022886 0.32 4 11.8888888888889 4.92035329455213 R2
143 -1.60331757022886 0.32 4 11.8888888888889 4.92035329455213 R2
579 -1.63299316185545 0.653061224489796 3 5 1.22474487139159 R3
107 -1.83711730708738 0.5 1 2.8 0.979795897113271 R2
248 -1.84769182692401 0.5 1 7.16666666666667 3.33749739908346 R2
