1801 10
3074 4
3509 3
1178 7
3163 7
1387 11
1932 10
458 20
1785 6
2634 7
5521 3
1250 6
5499 4
2507 6
4893 3
1630 6
3497 5
3109 6
728 15
1244 13
1638 9
29 49
350 17
1969 8
1810 11
2203 8
2754 5
1546 9
2994 5
311 19
3844 3
825 13
917 14
3431 4
495 19
3889 6
3302 5
1322 8
2086 8
1816 6
5174 4
2460 7
2699 4
1259 10
5464 4
3824 5
2976 6
3574 6
3475 4
5401 4
3421 4
5531 4
2274 10
2002 6
1203 18
5508 4
2088 6
1068 16
8344 3
486 9
2134 10
1354 15
8 56
2359 6
5309 3
2045 8
686 15
3149 6
5310 3
8493 3
943 8
1887 7
1585 10
4993 4
2705 7
690 10
61 39
4475 3
5215 5
3540 4
2394 7
1266 14
8201 3
3419 3
3326 6
5433 4
2654 5
3627 6
39 78
558 7
3200 4
5443 3
5503 3
5536 3
573 22
2710 8
1084 10
5324 4
638 12
3446 4
2350 9
2479 5
1 75
506 23
5554 3
2937 6
7950 4
661 15
2845 5
2482 5
1935 7
2719 6
2690 6
581 23
2727 6
678 21
3862 5
1517 16
2808 7
1975 7
3025 6
1973 10
1991 7
927 19
5475 4
2302 7
4827 4
2745 6
652 16
2034 6
2400 8
3851 4
2029 11
3552 6
5671 4
844 11
2723 5
8153 3
272 32
775 17
2518 8
5668 3
20 39
2376 6
1983 10
5263 3
3100 6
3787 5
1627 7
3562 6
468 16
3030 6
1019 15
700 24
78 48
3369 4
5571 3
294 18
413 31
5342 3
2075 9
1981 7
3638 5
2081 6
606 21
1855 8
2522 7
3559 6
432 15
5349 4
8485 3
5217 5
708 10
2415 7
2583 4
2589 4
3286 4
710 17
2814 9
1656 7
856 15
5105 3
112 40
191 13
3612 6
588 19
1684 9
756 15
262 11
1944 6
2590 6
542 17
3750 4
3114 5
2099 6
2476 6
2988 5
170 21
4873 4
1921 6
26 63
2116 10
2250 5
526 21
8267 3
1901 6
3500 4
359 21
1229 13
2614 5
2608 6
1001 13
3694 5
232 20
3458 4
3054 7
1182 9
225 17
1447 17
207 34
142 35
1510 11
5392 3
48 29
3641 4
3585 5
3170 4
5288 3
1988 6
3135 6
3730 5
3665 4
659 27
2774 5
2763 6
1141 9
984 14
1155 16
3372 5
1485 6
788 10
128 34
5238 5
1313 12
278 26
1617 7
3521 5
490 16
1843 10
2626 8
1112 18
1294 10
461 13
2712 8
1426 10
1562 8
3451 5
1358 13
782 22
5225 5
1557 6
2281 6
1486 11
425 30
2056 6
5223 5
2876 5
3607 6
3428 4
3648 4
781 16
5589 3
1950 5
2782 5
2037 7
5578 3
5327 4
532 17
1193 9
2455 7
8268 3
55 43
1890 6
3592 6
1681 6
872 14
1146 7
395 18
89 35
988 20
2295 6
3584 6
1550 16
1454 6
2533 8
5117 4
1584 11
1675 6
649 22
1318 7
642 14
3903 5
8191 3
1764 13
3348 5
1908 12
2792 5
1098 10
1718 8
2665 7
5592 3
184 31
776 18
3738 5
1570 11
2673 4
5625 4
1269 13
412 20
181 47
1671 6
830 8
3721 4
2062 5
2893 6
1101 12
5204 5
326 14
1165 10
5650 3
5224 5
335 27
3531 6
2791 5
5362 4
1867 6
2505 7
3533 4
2936 6
440 26
1289 5
8280 3
2525 12
841 14
1898 8
1044 12
3513 4
1751 7
5548 4
91 42
2137 9
467 28
474 19
2121 11
3563 6
8324 3
563 24
3248 6
3489 4
68 52
5488 3
5338 3
2514 8
5081 4
3628 6
3807 5
222 34
2911 6
5632 4
2418 5
3132 6
305 29
928 15
1644 12
1526 6
217 37
281 19
158 27
3832 4
3412 5
3658 4
1418 11
36 41
5150 3
1368 10
472 16
748 26
1655 6
1943 7
711 18
132 43
1791 11
5412 3
3779 5
3747 3
2769 5
1428 11
5369 4
1018 13
1125 9
2279 8
741 12
5696 4
998 8
2806 6
1789 7
3032 7
3880 5
2076 7
4294 4
1545 7
1838 10
1773 8
1058 15
3883 6
3704 5
3166 6
5417 4
3392 4
2860 6
8181 3
3141 3
1535 15
5299 3
3775 5
5258 4
5690 3
1335 12
3780 5
3409 5
5240 5
5442 4
5419 4
5270 5
165 33
2351 9
729 14
2 48
2125 8
2553 9
1231 14
3270 4
2446 6
973 13
2961 5
2569 5
5644 3
1046 22
319 23
2571 4
1179 8
1922 5
735 14
3048 8
2948 6
8136 3
1271 6
344 26
2103 7
2949 6
1710 8
1133 11
2224 8
5476 3
2421 6
209 25
2837 8
1118 11
1575 7
2428 6
5564 3
5683 3
5561 4
600 13
80 26
336 24
457 20
1301 11
5247 5
383 22
2532 8
3817 4
1873 6
2497 6
3651 4
92 44
8062 3
5354 4
2253 6
2433 5
2787 6
1164 7
1477 10
5450 4
2824 6
505 13
2739 6
670 14
1094 14
419 21
837 8
4521 4
625 23
149 23
3839 4
406 23
2289 7
4798 4
2312 5
19 58
3096 5
3637 5
365 13
1030 18
763 17
2730 6
3255 4
3332 4
2021 9
3430 4
3318 5
570 15
3123 6
1880 9
3761 5
252 19
3389 4
883 17
7864 3
1998 6
8420 3
5387 4
1367 13
3825 4
5236 5
1070 13
3117 4
3618 6
2463 5
2493 6
105 37
2380 6
111 32
3549 4
408 23
5410 4
5517 3
3577 6
2777 5
5679 3
559 16
5655 4
3601 6
5301 3
580 17
2800 5
2523 7
3808 5
1257 12
31 44
2307 5
2706 8
5444 3
3336 5
5502 3
2133 9
5104 4
968 8
675 16
8118 3
431 22
382 22
3487 4
2846 5
3863 4
139 38
129 33
3008 5
926 21
1246 12
1083 19
1293 7
3024 6
1792 10
662 19
168 31
1518 8
3447 5
178 51
3156 5
2728 6
3439 4
124 27
1429 6
5702 3
1974 7
2536 9
2483 5
8394 3
3611 6
1374 9
2807 7
2303 8
5672 4
8202 3
2259 5
2212 10
716 14
1886 7
1972 7
5294 3
940 15
685 19
5607 3
21 41
5313 3
523 28
3823 4
2377 5
1460 7
453 18
2500 6
1202 10
3162 5
3895 6
351 43
2838 7
595 14
2926 5
1854 9
835 7
1498 15
1267 8
4620 4
901 14
113 27
2191 6
1056 8
3664 4
7032 3
3108 5
4365 4
2753 5
1473 15
881 11
2461 5
507 18
405 26
8172 3
3843 3
8045 3
1734 11
3565 6
1258 7
2313 6
392 28
3653 4
2242 6
5463 4
5530 3
2254 7
3354 5
813 13
2014 7
644 10
2477 6
3360 5
1820 7
5308 3
2110 6
5275 3
1342 9
4359 4
1968 8
2457 6
1802 10
2775 4
2273 9
3476 5
791 7
3330 4
1355 12
3640 5
2231 7
916 10
3095 7
3617 6
2043 7
3646 5
329 21
525 25
787 12
27 49
1561 4
2331 6
1902 9
5255 6
1866 7
5216 5
2001 5
3736 4
3731 4
1310 8
3459 5
2115 9
3695 5
1239 14
3035 7
769 21
1181 10
5549 4
1809 10
803 10
2744 5
2559 5
5287 3
60 41
1245 11
1400 9
1067 10
691 13
2615 3
5587 3
1676 6
1388 12
3134 4
346 16
3085 5
5245 5
5453 3
427 13
5121 4
4735 4
82 34
3464 4
2202 8
650 16
1154 14
895 16
1763 12
5237 5
69 49
1910 9
2762 5
3076 5
224 15
3608 6
3402 4
3264 5
2711 8
1982 5
2393 8
5226 5
426 22
1435 15
8167 3
279 24
2408 6
483 16
498 25
3520 4
2055 7
1487 8
5576 4
1540 5
2028 6
3075 4
1606 9
2064 8
99 39
5424 4
3553 6
1933 7
5218 5
790 8
2022 8
533 22
4446 4
2080 9
1122 8
3551 5
2416 8
4643 4
1053 12
414 19
462 29
3852 3
263 38
3746 5
3361 4
3593 6
3673 4
5665 3
1409 13
1716 7
293 20
1272 10
1663 10
5614 3
2888 5
3818 5
469 13
635 18
1088 12
5373 3
1566 11
979 19
3737 4
709 23
3603 6
310 29
40 51
192 33
1115 11
5626 3
3529 4
3764 5
2293 9
1707 10
3103 5
543 19
267 26
1892 9
2044 8
1437 9
4648 4
2813 5
2724 5
2517 7
757 13
2577 4
9 70
3359 4
1600 11
1740 12
603 22
8250 3
5423 4
90 53
3514 5
565 11
3102 5
850 17
5361 4
2696 3
1360 10
8414 3
3620 7
233 32
1490 6
2198 6
2947 5
2288 9
11 51
5120 4
4841 4
842 9
2000 8
3340 5
2531 8
199 15
2410 7
1899 6
1929 11
1737 9
3143 7
3411 5
3223 4
2122 12
5581 4
2280 8
280 13
273 29
471 20
3498 5
2262 6
4177 4
1509 12
5631 3
1936 6
1325 10
8105 3
131 34
1643 10
1565 9
8080 4
1502 10
1872 8
3488 5
2935 4
3875 3
37 52
2513 8
855 10
3659 5
1706 7
1788 7
1839 7
680 10
2186 8
5658 3
1147 7
7173 3
2783 5
334 23
2292 8
3902 5
3582 6
1997 5
5256 4
8400 3
1680 7
1139 17
1319 9
4043 4
1826 7
2454 6
2077 7
2036 5
1747 8
5588 3
820 16
5698 3
1799 10
1552 6
1194 9
3716 4
5579 3
41 48
3014 5
3084 5
2887 6
1453 7
866 13
5454 3
2223 7
3532 5
770 6
3380 4
1097 9
641 15
838 17
2664 7
2962 6
616 25
1121 7
5019 4
870 15
8081 3
896 15
5593 3
3530 5
5539 3
3672 5
2165 9
8143 3
2347 9
777 16
3609 6
2786 5
1672 6
2325 5
1685 9
1891 7
2768 5
562 9
2269 10
5203 5
1102 19
183 29
2544 5
1478 6
2541 7
362 20
439 21
1379 12
2607 5
8501 3
3345 4
3798 4
2496 6
407 23
3686 6
5351 4
18 80
376 22
1167 20
1393 13
609 13
5615 3
5490 3
3652 4
5248 5
148 55
5567 3
1343 9
2489 4
2655 6
726 17
2509 8
2703 7
157 36
964 25
2009 10
1909 11
935 17
2627 7
3576 6
1213 10
1093 15
81 37
1300 13
624 26
2598 6
371 28
204 21
1041 6
1990 7
814 16
5235 5
2492 7
2109 5
884 10
3539 4
749 22
345 22
3323 7
613 13
952 14
2691 6
1071 17
3058 8
5286 3
253 25
5388 3
3278 3
2427 5
63 44
1637 14
179 42
1105 15
3705 5
1334 11
2499 5
2096 7
3776 5
2805 5
1784 6
938 14
3882 5
1830 6
1620 8
2241 7
3060 8
3167 6
5695 3
2370 6
929 13
5199 4
2554 4
1583 12
1538 10
258 24
2620 6
1055 8
2138 6
3610 5
2447 5
3140 4
141 32
3043 5
8182 3
4520 4
1230 5
2793 7
2993 6
1917 12
1713 10
3590 6
1060 10
2420 6
3759 4
3722 5
2104 6
2894 5
2126 8
2858 5
900 9
318 16
972 9
2526 7
473 17
2572 4
1774 11
3 70
5643 3
248 42
5608 3
3888 6
802 10
3420 5
2063 9
3723 4
2632 7
1049 13
5684 3
2812 6
1488 7
560 15
2830 6
798 13
898 14
2725 5
3892 6
3670 4
1273 13
451 21
2516 8
2616 4
3362 4
1408 11
2448 7
2721 4
3595 4
578 19
695 22
3331 4
5372 3
5335 5
540 18
1615 8
3137 5
3065 7
2073 12
1732 9
861 15
3706 5
337 24
2406 10
76 46
982 20
571 16
1190 12
2592 4
5428 4
1345 9
1171 14
2290 7
1123 8
236 26
758 14
706 12
14 48
2587 7
1608 7
5630 4
3232 3
2474 7
3786 3
234 9
594 25
1438 11
1903 9
4580 3
5213 5
3554 6
3116 6
2776 5
1000 15
43 41
2582 4
3502 4
1728 11
5367 4
3763 3
193 25
288 24
119 29
4875 4
8200 3
5227 5
5954 3
1180 9
3374 4
4730 3
430 29
447 15
3602 5
1446 11
2118 8
415 27
2597 5
1292 6
5441 4
8370 3
1356 14
5208 5
1153 9
1871 8
438 24
5209 5
5399 3
1022 8
4463 3
2795 5
5515 3
953 9
8362 3
1560 8
3912 4
5553 3
784 18
1762 12
260 30
2061 9
3080 6
1844 6
1144 9
762 11
1723 10
2047 5
144 26
5281 3
3696 3
906 16
1349 13
2205 10
177 15
8292 3
2213 8
3346 5
205 39
22 57
3072 4
2681 5
1260 9
874 17
1708 7
493 26
1436 13
3719 5
2220 8
1591 7
2528 8
1677 6
8043 3
2174 6
5506 3
1320 12
1026 16
2752 5
5606 3
1390 12
1993 5
3544 4
1469 15
1499 11
919 17
400 11
1268 15
633 23
1372 8
1977 5
2023 7
8331 3
1825 5
1669 6
3445 4
1285 7
3309 6
3594 6
3757 4
1959 13
1549 8
1242 9
1208 9
1874 6
1803 11
5533 3
3542 4
1201 13
519 23
5492 3
3300 5
17 98
2451 5
3337 4
5466 3
1274 8
110 37
4861 4
2356 6
2210 9
2658 9
8112 3
646 10
5380 4
5322 5
1220 15
3663 3
5266 3
5276 3
2652 5
2337 4
4626 4
2243 5
1288 7
1087 14
810 18
5425 4
33 57
1587 8
5654 4
4256 4
227 29
5619 3
1860 9
5379 4
2013 7
264 26
806 13
1885 6
1817 5
2905 6
5300 4
2707 8
556 22
717 9
2817 8
671 20
1511 16
5436 4
5538 3
2249 6
3353 4
2423 5
5678 3
1605 9
663 16
2431 6
1945 4
969 11
1946 7
2276 10
1501 10
8444 3
549 22
3465 5
3629 6
5501 3
946 12
2644 7
1361 16
3864 4
3155 4
3773 3
3280 5
1465 11
1397 11
3678 4
941 9
583 24
3436 5
1869 6
591 15
2304 5
3846 4
3481 4
2804 4
2341 9
3583 6
1920 8
102 49
3827 3
5414 3
4942 4
2639 10
3483 5
1218 11
2398 7
259 37
5290 5
1625 9
163 26
1106 9
3898 5
1836 7
1531 12
2731 6
8138 3
2929 5
5640 3
5681 3
2738 7
1333 12
5629 3
5447 4
2770 6
3859 5
3087 6
442 17
5524 3
1577 12
1572 9
2851 5
886 13
1329 6
2835 5
3728 5
5440 4
5562 3
3568 6
5642 4
3243 5
3777 4
320 28
5663 3
3528 4
3756 5
811 15
249 28
465 20
1612 12
819 11
5280 3
1177 12
1189 20
3680 3
1748 12
2127 8
858 12
8185 3
3768 4
385 23
1479 11
1359 13
8142 3
2578 6
5344 4
971 7
8289 3
8087 3
5605 3
847 18
479 28
1166 8
3091 4
2166 7
5637 3
1378 16
1054 16
2821 6
8141 3
2101 6
619 18
3797 4
621 20
3616 6
2310 6
2495 5
3395 4
3052 7
2322 5
2438 5
3334 6
5481 3
5355 4
377 32
602 12
2050 8
3815 5
1311 13
1787 6
612 22
936 8
1391 10
3579 6
5234 5
2794 5
701 12
3710 4
214 36
3630 4
2708 9
2789 3
1650 11
2074 9
2539 6
731 23
2547 5
3639 5
2779 4
2139 7
5573 3
768 13
1928 7
1092 18
1756 6
3877 5
2255 7
1636 11
2491 5
4885 4
338 23
5478 3
3105 4
576 19
761 14
738 23
1775 11
1415 15
484 16
1078 8
2334 6
3408 5
1243 12
2530 8
623 13
3885 5
1512 13
2564 6
2382 7
328 22
628 15
1223 17
3538 4
733 20
3745 4
997 9
630 16
3394 4
608 24
3263 5
7824 3
1234 10
1649 9
2226 8
2878 5
1474 9
125 17
44 61
1687 6
2152 6
5312 4
8494 3
1188 13
3142 7
2008 7
714 9
1564 14
2663 7
4690 4
397 20
1096 6
3285 4
5368 4
2934 6
1657 6
3009 5
2717 6
1191 11
823 14
771 18
5697 4
401 18
186 34
1797 6
1119 9
1914 15
3039 6
1705 10
3000 5
915 10
2978 5
5260 3
5390 4
1586 7
1986 6
1456 8
2606 6
2060 8
1551 10
3561 6
3643 5
5325 5
2346 10
561 13
2112 6
5546 3
2555 6
2221 8
5202 5
2982 5
3718 5
1307 18
1812 6
1769 9
2475 5
1875 7
3834 4
1673 6
5491 3
297 23
963 10
5582 3
8503 3
2031 9
5627 4
980 14
1596 11
2697 5
2097 7
1651 8
5451 4
1569 11
2542 6
6778 3
2123 7
530 17
3701 6
5594 4
3805 4
3067 7
2675 5
470 21
1524 8
2360 4
1287 9
654 31
2403 8
2261 5
156 45
283 17
1744 10
864 14
2913 6
1170 10
3382 4
1896 5
2895 6
1686 6
1042 13
3874 4
38 64
196 26
1169 17
5669 3
3816 5
118 30
1674 6
1065 10
1659 7
4396 4
1020 14
84 32
805 13
5707 4
437 21
194 28
3503 5
2749 6
1768 8
2395 9
1021 9
4937 3
934 14
1989 6
3537 4
948 16
3785 4
5228 5
2450 5
1398 12
226 31
5677 4
1430 10
527 21
1145 8
1870 6
2466 6
62 30
3229 6
5214 5
833 8
2743 6
3276 5
3649 5
548 16
3450 4
2575 5
3697 3
1110 16
3466 4
1999 7
2204 8
3632 4
783 14
1357 15
1152 19
49 58
789 10
2046 6
2967 4
2117 8
1934 6
715 18
2201 9
1916 9
3615 5
23 52
1722 10
364 15
3069 6
950 14
2680 5
1845 5
1678 10
1445 12
1025 15
3429 4
3580 6
1992 6
3073 5
2478 7
1466 11
8079 4
2340 9
778 26
3555 6
720 14
2449 5
460 21
244 27
8411 3
3744 4
2811 7
3854 3
1607 10
1386 9
1536 7
3893 6
2617 7
452 14
579 17
295 20
1618 7
3301 6
3136 5
77 44
541 16
3890 6
1628 7
897 14
3671 3
3871 4
237 18
2584 5
2722 4
2371 6
2519 7
2610 6
416 20
100 33
914 12
300 34
1439 12
3654 4
2405 9
2232 5
5600 4
3642 6
2432 5
1407 10
496 33
2829 8
605 21
5289 3
2987 6
2581 6
4855 4
1699 10
42 53
759 9
1228 10
235 25
2291 7
2591 4
1931 8
694 21
5426 3
1103 8
5371 4
3788 3
2244 6
3148 4
265 11
296 20
171 18
5435 4
5449 3
2687 5
2012 11
582 17
1884 7
5296 3
5555 3
5303 3
557 18
3621 6
2726 6
441 13
7430 4
5653 4
3325 7
672 22
983 15
8152 3
3806 4
3496 5
5391 4
751 11
5540 4
1746 11
3356 5
2167 6
1980 6
2275 10
677 17
907 12
1868 6
3480 4
1210 7
3154 5
590 26
664 21
5639 3
1790 3
2264 8
79 57
3845 3
1420 8
3295 3
3437 4
352 31
2502 5
3865 4
126 34
1034 16
2803 5
2875 5
1533 12
3679 5
651 22
176 33
4660 4
3145 8
947 16
256 23
2810 7
920 20
428 32
2305 5
3758 4
3545 5
5273 5
500 14
1221 13
1200 21
1757 9
918 17
8406 3
1413 13
5336 3
2107 4
1275 16
1598 9
2211 12
3453 4
1856 11
1491 11
1362 14
4155 4
1804 15
632 18
2357 6
1371 7
394 17
2484 5
2659 8
513 22
50 51
2645 9
1519 7
2633 8
797 13
2197 6
2459 6
3543 3
5570 3
5207 5
1236 9
5323 5
645 21
2413 8
2566 5
5493 3
1176 16
7037 3
1039 10
1815 6
3662 4
1005 14
28 53
2089 8
2087 7
3474 5
215 25
4410 4
687 11
3320 7
5106 4
2184 6
2298 7
3161 6
5509 3
5692 3
2336 8
8113 3
5465 4
826 14
2494 6
1344 9
5467 3
3840 3
5265 5
2329 6
3338 5
2980 6
2653 5
2548 6
620 12
5565 4
5477 4
5356 4
2625 8
3400 5
937 17
730 15
16 48
921 10
3833 3
5233 5
2311 7
3631 4
2556 6
5360 4
1786 5
2788 5
2440 7
1523 7
4667 4
3578 6
93 39
3055 7
2429 5
3040 7
374 26
2790 4
3876 4
1306 11
429 24
3688 3
3097 6
1328 9
3767 5
1091 7
409 19
5353 4
1958 10
1962 14
812 22
489 19
585 17
3711 5
1392 14
1080 13
732 20
2819 8
5480 4
2233 7
622 16
5389 4
970 9
2381 7
1416 12
2771 7
2256 7
1658 8
2057 5
1237 11
1635 9
5315 3
8314 3
2361 8
5691 3
2490 5
2563 5
3086 5
4749 4
270 18
2840 7
1602 9
2007 13
1332 10
5409 3
5139 4
5341 3
1399 12
1117 8
740 12
103 48
3434 5
5641 3
8228 3
871 15
5374 3
3393 5
2039 7
5411 4
3826 4
1219 11
3774 5
2534 8
5525 4
1704 8
688 9
1749 15
750 20
1126 12
2128 11
1534 11
8391 3
2570 6
1915 10
3729 5
804 9
83 38
5514 4
8095 3
3375 5
1385 8
1818 5
962 11
2094 8
1837 8
3778 5
143 43
3090 5
2323 7
2822 5
3049 8
1051 14
3033 7
518 19
5268 3
2914 5
1211 8
2906 5
3221 4
2732 5
1711 13
1542 10
2399 10
2102 7
2836 7
478 14
384 14
5628 4
836 16
3068 7
1735 14
3512 5
5250 5
2030 9
2286 11
1595 12
8504 3
1750 16
8149 3
5664 3
4715 4
1610 11
779 8
8445 3
343 20
3910 4
981 13
697 15
3001 6
857 23
1010 10
707 14
3310 5
261 39
4083 4
2439 5
3739 4
321 19
5700 3
1079 10
5183 4
2422 5
1590 9
1652 8
760 9
5459 4
863 16
531 15
2469 6
3317 6
1745 10
2594 6
2111 7
3702 4
2124 8
721 14
1897 7
3482 5
282 24
669 13
420 30
3622 6
5682 3
5489 4
989 13
2372 6
1348 11
5656 3
2945 5
577 33
1137 15
3511 5
3381 4
852 6
643 20
8230 3
1120 13
1475 8
5402 3
1187 11
2092 6
2968 6
1251 6
2456 7
5448 4
3904 5
1192 13
5452 3
879 10
3899 5
3017 5
1095 11
3104 4
1444 11
1883 7
1846 13
133 31
2600 5
2515 9
4616 4
1828 9
2605 5
56 39
3006 6
6623 3
306 22
70 33
5552 3
166 37
2225 9
1578 10
30 48
466 15
134 61
3038 7
618 25
3290 4
848 14
3717 5
1904 11
1761 6
1323 15
1455 7
1492 6
2662 7
5638 3
3560 6
1134 10
3853 4
5595 4
5201 6
1100 14
1377 10
185 20
5547 3
5122 4
8140 3
1719 6
2716 6
4 76
127 34
71 49
1648 7
1481 11
3596 5
2927 6
2266 7
2915 6
512 16
463 10
517 21
5408 4
8379 3
5345 3
1363 13
3588 5
722 10
3051 7
1109 12
2067 9
1597 13
8219 3
742 16
58 51
153 37
8473 3
2387 6
101 34
340 21
3655 4
2425 7
3536 5
1703 10
3571 6
2510 8
1172 8
2458 5
5598 3
834 8
285 20
2441 7
2414 7
1216 12
3879 5
2285 10
2194 6
3092 6
1135 11
2864 5
96 31
1667 6
3836 5
2114 6
569 14
3111 6
1396 8
1760 10
391 30
2033 6
5251 5
2676 6
180 23
1375 8
5596 3
4353 4
1877 5
2939 5
246 25
5610 3
2227 10
8090 3
1168 21
3241 4
536 22
1767 13
1653 7
2237 5
1688 8
5378 4
3311 6
2958 6
1458 6
444 17
508 17
1336 11
1089 8
12 53
3036 7
1554 8
3707 5
3518 5
3413 4
3343 5
875 13
1522 9
3467 4
136 47
116 28
1197 8
1580 13
3274 5
2419 5
5541 4
5544 3
308 36
3485 4
3802 3
7635 3
3676 4
5295 3
3027 7
8301 3
301 18
8207 3
51 35
1758 13
1822 5
456 26
3063 7
1033 14
2736 5
2258 5
1539 13
8221 3
796 16
2349 8
5512 4
366 18
1541 7
5358 4
5621 4
3527 4
2343 7
3044 7
2108 6
888 15
3771 5
1011 12
3743 4
1754 7
3683 6
1161 13
2093 5
1927 9
1380 13
990 16
5457 4
2316 4
1442 18
349 24
2218 9
1614 6
1743 7
5162 4
3364 5
5675 3
6555 3
1383 11
137 24
1414 9
5522 3
666 17
3794 3
1074 8
860 15
2308 6
3884 5
1063 12
1567 10
1776 9
2565 7
2158 5
3047 8
2576 7
2362 7
8347 3
3829 4
3287 4
2796 6
1601 13
323 19
1834 5
2142 6
545 25
2467 5
2733 7
5292 3
187 16
2326 5
1283 7
3089 6
212 34
3384 4
2436 7
6766 4
1331 7
2383 7
8392 3
1305 14
961 12
5416 4
2686 7
1662 6
574 9
5365 3
660 24
3397 5
977 8
566 26
2765 6
5687 4
2299 6
108 36
2820 8
604 17
6475 4
477 13
1338 14
2623 6
330 17
7879 3
360 28
1857 10
3416 5
5254 5
3377 4
2321 5
1076 11
3082 5
766 7
449 30
1574 16
1579 11
4587 4
682 20
353 17
375 27
3633 6
2409 4
2833 7
8356 3
3914 5
5406 4
3726 4
501 20
3144 8
2650 5
155 44
387 38
1913 10
626 26
4944 4
257 29
951 17
85 38
809 15
1156 12
2200 11
3614 6
3057 7
736 19
3812 3
539 27
8310 3
5569 3
2847 4
3339 4
1698 15
520 16
2865 5
3820 3
57 47
2642 8
2354 6
3790 5
3479 5
3660 5
5494 3
3435 4
175 27
584 15
3307 6
35 49
2453 5
1882 6
1421 7
665 24
2827 9
3021 5
1476 13
2758 4
1207 12
2641 9
2670 5
3007 5
904 13
930 23
3848 3
5274 5
2972 5
648 12
2006 12
8176 3
2245 4
2130 7
1028 13
198 39
1589 7
2550 7
1059 16
2683 4
5206 5
3713 4
3349 4
913 11
3644 5
2019 6
202 33
361 25
2468 7
3282 3
1819 5
1459 6
1984 8
5279 3
5558 3
307 30
3472 4
154 30
1467 10
1463 10
2041 6
5320 3
5699 4
704 14
5405 4
2801 5
1462 7
681 21
1029 17
3062 6
5 60
2715 8
2694 4
3292 4
2105 6
3455 4
554 20
1957 14
2657 8
552 18
3766 5
1623 8
74 49
890 13
5676 4
3699 3
1926 8
299 27
2024 7
1282 8
1694 12
1350 11
1240 12
2815 8
481 30
867 17
3355 5
1976 10
3669 4
3442 4
7568 3
817 23
2751 5
3470 5
229 23
673 10
3322 6
2059 7
315 27
1827 6
2501 5
1947 5
2366 9
1347 6
3350 4
1504 15
25 63
2270 9
1253 11
5469 3
1730 10
5314 4
3784 5
46 37
3623 6
1316 13
1851 9
3327 6
5535 3
2630 9
2373 6
2263 5
3386 5
5659 4
5302 4
3505 4
317 24
1254 14
1642 10
3712 5
892 15
2071 12
546 10
537 20
3896 5
1007 11
1443 9
1833 6
1186 12
3119 6
3566 5
2240 4
529 19
5241 5
3556 6
4309 4
2573 6
987 17
2984 5
1150 13
5635 3
2390 7
908 12
2580 5
4900 4
284 33
3127 5
247 33
1340 11
903 10
3870 5
8469 3
5397 3
4389 4
289 38
5504 4
2119 10
3891 6
808 18
845 18
1847 11
147 33
1249 8
5211 5
1142 10
5267 4
1291 7
2095 7
2601 4
5584 4
2599 6
5551 4
1052 13
5346 4
5438 4
1493 7
5617 4
5471 3
2397 8
974 11
2629 7
1668 7
1715 10
1613 14
636 28
1406 17
1104 9
1905 12
117 22
2207 7
3754 4
5283 3
2472 7
5460 4
821 11
696 15
8290 3
1721 9
3376 4
2179 7
2172 6
1431 10
1489 10
3050 7
1805 10
3226 5
1727 12
2922 6
5229 5
5333 5
2178 6
1225 13
290 26
712 21
210 24
5220 4
5706 3
5381 4
2560 6
3365 4
2702 9
2593 4
1895 11
5074 4
7046 3
5670 3
2920 6
5305 3
2038 6
1159 9
2048 6
655 14
3110 5
421 9
2332 4
271 30
3742 4
1024 19
491 17
2871 6
1863 6
13 67
1514 11
840 19
1647 8
597 24
1411 14
1480 8
3581 6
3265 4
242 19
32 22
1588 6
443 15
5611 4
2234 6
1795 10
5252 5
3519 5
5662 3
846 19
1689 7
1861 10
3484 5
2825 5
1296 7
3312 7
3415 4
1553 8
2897 4
1303 11
1654 13
5432 4
3494 5
3510 5
15 66
3268 6
3016 3
2236 6
1506 12
7205 3
859 8
739 12
876 19
5636 4
2890 5
135 41
3344 4
145 30
2674 6
1131 12
3624 5
772 22
1876 7
3803 3
1759 11
2032 8
3026 7
1528 8
653 14
1692 6
2677 6
5439 3
3064 6
509 16
3708 5
1015 15
976 14
367 13
1821 8
5599 3
743 17
3589 6
2265 8
2129 9
723 20
3597 6
1040 8
1755 8
1138 20
488 19
1012 13
1032 13
152 26
342 21
2931 5
3855 3
862 18
1419 7
341 32
3586 6
2189 6
2883 6
2287 8
8157 3
2540 8
2284 8
3793 5
64 55
5590 3
45 60
5334 5
1173 9
4824 4
309 28
1963 11
2085 8
1733 12
2113 5
3383 4
824 25
120 57
2568 5
1148 13
254 11
2386 5
2841 7
1321 8
2442 5
1987 5
4920 4
3570 6
2602 5
851 18
399 28
2296 6
1811 10
436 30
5427 3
94 35
213 31
5114 3
5597 3
1450 6
3011 6
568 15
2668 6
3098 4
8404 3
2411 7
3905 5
1129 16
1143 7
2848 6
1961 9
386 26
200 27
1261 8
1352 13
8387 3
1621 7
161 41
109 37
5232 5
2318 6
2651 6
2764 5
2797 6
1556 5
5177 4
4800 3
3682 5
3378 4
1766 12
5282 3
5563 3
3153 7
911 13
2072 10
5647 4
8094 3
3121 5
3507 4
3427 5
2624 8
2965 6
1157 14
1470 11
5330 4
7016 4
8497 3
2100 6
1006 14
3813 5
996 8
5568 3
3005 5
1840 8
3656 3
2069 11
956 8
629 12
4915 3
372 27
1330 8
1284 9
1661 8
3041 7
5604 4
5137 3
3772 4
3526 4
1160 12
869 11
1592 6
5513 3
2997 4
1697 15
3828 4
1770 11
5458 4
2735 4
1209 8
5622 3
991 12
3535 5
5620 3
2348 10
931 6
615 14
2246 5
476 26
1198 13
3319 6
7975 3
3755 4
1626 8
2219 6
5482 4
2141 7
1077 12
2464 6
5413 3
2854 6
1299 14
1781 8
967 11
1611 11
5109 4
2157 6
322 20
3046 4
575 16
1835 10
3850 4
5523 3
4886 4
699 25
960 20
818 18
2363 8
1038 24
3088 5
1777 7
354 35
3878 5
1064 10
5291 3
2734 5
1217 15
3240 3
2750 5
2527 7
1850 9
1346 11
1964 11
3396 4
2818 8
7356 3
4768 3
2424 5
3471 4
891 15
1004 13
2106 6
1013 17
8233 3
5688 3
1693 8
316 36
1806 8
4549 3
1738 9
2025 9
1370 9
4809 3
2649 6
3668 3
3804 3
511 17
5483 4
2367 7
899 15
3443 4
2437 5
3573 6
3131 6
2689 4
3765 4
1979 6
5437 3
3066 7
2485 7
1948 5
795 11
794 13
1609 9
4983 3
944 16
1780 8
1113 10
5304 3
3405 4
674 13
5107 5
1317 13
957 14
2430 5
2596 6
1503 11
5185 3
2512 8
5242 5
502 21
1286 7
314 11
1796 10
3385 4
5339 4
2638 8
355 21
553 18
2058 8
3546 4
1252 8
555 20
2643 8
8443 3
2877 6
1037 17
5534 4
3328 7
195 34
5321 5
2005 10
2828 7
679 10
831 11
5507 3
1960 9
2355 7
1241 15
5495 3
647 24
1441 12
1206 13
5328 5
1027 15
423 10
1953 6
2757 5
4823 4
1222 12
3473 5
174 20
1571 8
422 13
905 12
3308 6
3681 5
52 43
1451 7
302 28
2452 6
3842 3
593 21
3358 5
188 38
402 21
5221 5
5400 4
3152 6
1940 6
3366 4
1641 11
640 18
1384 10
1468 17
5205 5
7565 3
1726 11
2068 9
1464 11
1494 9
3440 5
2018 7
3426 3
1906 9
464 12
2011 6
5430 3
3452 4
6 45
3867 5
1304 9
2327 5
3569 6
1593 9
705 10
1720 6
3053 7
2206 7
5550 3
912 15
1432 9
785 11
1930 8
599 17
587 18
1235 9
3814 5
95 30
298 18
3291 4
923 8
243 36
3835 4
2051 8
8241 3
2682 6
5382 4
753 23
8077 4
2404 7
106 33
2611 5
65 47
5249 5
203 34
1023 17
2742 5
5705 3
2084 7
86 56
1199 14
5528 4
2473 6
1158 7
656 16
2170 6
2335 5
2921 6
3468 4
435 20
1482 17
885 19
1412 11
1709 10
339 26
228 37
3783 5
268 25
829 16
2872 6
3677 3
596 21
1297 7
2090 6
1521 8
5029 4
1862 7
2352 5
3495 4
5420 3
1082 19
121 24
1066 10
5572 3
494 17
487 22
1956 11
3333 4
238 19
2778 5
2235 5
3175 6
873 14
3604 6
3081 6
3099 6
448 22
3634 3
3760 5
2631 8
2278 11
3297 6
5407 3
1532 13
713 17
5518 4
3557 6
2839 7
1679 7
1262 14
1290 8
1527 10
1132 13
8166 3
4707 4
5259 3
5398 3
1925 5
3847 4
2574 5
3126 6
631 20
547 24
1544 12
1616 7
396 19
4694 4
1422 8
482 20
949 18
499 28
3432 5
5262 4
8367 3
1047 12
3856 3
1276 11
909 11
4315 4
5583 3
2618 4
1124 6
2981 5
75 23
2588 6
5618 3
1163 9
450 14
8398 3
1702 9
1405 13
3118 6
5212 5
1729 10
146 37
1351 12
356 21
2396 5
2720 6
5377 4
528 14
164 42
807 15
3897 5
2040 6
2678 4
882 10
5560 3
1050 9
1031 22
4585 6
5623 3
3401 4
454 21
3139 4
2538 9
1364 11
634 15
5455 3
2551 9
978 16
3324 6
3741 5
5577 3
3752 3
325 15
378 26
889 18
1233 7
3390 4
5135 5
1162 6
684 13
2831 6
211 41
3315 7
5404 4
1924 6
8223 3
3042 7
5689 3
1214 6
389 20
5510 3
1660 6
3525 4
3887 6
966 11
2314 7
2216 7
992 7
218 29
2843 5
2345 12
3391 4
5418 4
5261 3
2973 5
2567 4
5473 4
3289 5
3158 4
2188 6
5685 4
2767 5
3667 5
1778 9
1859 9
2339 8
8171 3
160 34
3782 4
98 15
1278 13
1048 15
2434 7
1381 7
1061 9
5039 3
3792 5
2054 5
3735 5
2785 5
3732 4
1555 8
586 26
410 31
999 13
7706 3
1185 10
1741 10
1315 17
1130 13
189 30
2849 7
480 15
107 49
3810 4
87 18
2385 6
1832 5
2704 6
3796 5
221 27
3147 5
1424 9
417 24
4623 4
1530 11
5246 5
2504 7
3819 5
734 15
2798 4
2952 3
2621 7
3724 4
1440 10
2524 7
381 17
1471 12
1814 5
5340 5
5694 4
3379 4
373 28
5385 4
2078 5
5359 4
5609 3
773 17
1247 12
8403 3
1752 8
1309 6
1576 10
3448 4
5352 4
2874 7
1622 10
3685 6
3605 6
975 16
5271 4
1911 10
8395 3
2856 6
2199 8
3709 4
3002 6
3113 4
6084 3
1893 5
1646 7
3572 6
534 24
746 19
3690 4
5701 3
744 13
151 36
3822 4
5347 4
5485 4
1952 9
287 21
475 12
2595 4
932 15
3858 5
515 22
1525 5
2545 5
2761 5
138 21
1107 9
3499 4
3838 4
724 17
5370 4
3598 6
5652 3
3534 4
1195 10
5646 3
3831 3
1327 13
2192 8
2667 6
333 25
1995 6
2780 6
446 12
3901 5
2181 7
2229 7
1582 16
2842 6
1599 9
3013 5
2306 5
1149 12
2603 4
2283 9
2407 6
2695 7
1238 12
1559 6
1793 9
7 66
1701 8
2443 5
5559 4
1937 5
255 13
2230 8
5542 4
5364 4
5556 4
3422 4
182 17
3809 5
815 14
3486 4
167 28
7431 3
692 18
8126 3
3564 6
1907 8
8083 3
854 12
3120 6
3769 5
1174 13
8119 3
510 14
393 29
3020 6
658 13
3262 5
274 21
3550 4
877 17
1508 10
3034 7
1771 10
1128 10
5297 3
4737 4
5586 4
1724 8
1520 8
303 29
250 30
5127 4
614 14
1765 8
130 20
53 19
1373 11
1302 8
5329 4
2239 5
5591 3
3341 4
3029 8
2392 6
3587 6
1879 7
3313 6
1824 6
2342 12
3516 5
832 10
5633 3
2135 8
828 17
276 20
2465 5
1831 10
3523 5
8093 3
3868 3
5519 3
4614 3
1404 11
1543 7
424 15
1402 12
4936 4
2402 7
1841 10
347 21
3558 6
3294 5
434 6
2586 6
865 13
1184 10
3165 6
8127 3
5557 4
5603 3
3129 4
689 12
3462 5
1116 8
5231 5
1725 9
727 16
2379 7
939 12
5222 5
8196 3
2619 7
1670 8
2010 10
4858 4
2834 7
3342 7
1127 16
1537 7
894 13
1298 11
140 36
2222 8
1900 5
954 10
3460 5
801 8
5376 3
7468 4
985 18
5393 4
754 19
3151 8
8165 3
5680 3
3061 8
1563 8
1003 16
4147 4
1800 9
8467 3
1717 7
2557 6
698 15
1634 9
524 17
1848 11
2176 6
2714 10
4380 4
3418 4
598 28
2486 5
780 11
3547 5
3277 4
2317 5
3490 4
5331 4
240 32
1433 9
1666 6
2209 9
5462 3
230 34
115 37
2374 8
922 20
2319 5
2628 8
3740 5
2741 6
1072 9
2470 5
1394 13
2772 5
2251 8
1277 18
3456 5
1086 17
564 14
3070 7
4488 4
2562 6
3094 6
2850 7
1967 7
657 24
1865 6
1783 9
503 25
5383 4
1483 7
3800 5
1996 8
1036 12
3492 4
1265 13
2065 10
544 16
5285 4
3253 6
1196 21
1114 22
2389 6
3657 4
239 38
122 20
2635 3
269 18
5421 3
363 25
2277 7
2353 8
8464 3
2159 8
3059 8
5243 5
1449 7
1314 13
3591 6
2748 5
1798 10
2535 8
522 13
1632 7
8135 3
1423 6
3352 4
2412 5
667 13
1280 8
313 24
2017 5
3023 6
2661 7
3841 3
1324 12
3077 5
3305 6
3433 4
5496 4
459 11
3477 5
3715 5
1495 8
1753 6
2688 5
1919 13
1938 6
2756 5
5545 4
3107 5
5277 3
3441 4
404 16
516 17
1813 5
2004 10
4754 4
3861 4
702 12
2297 5
2214 9
357 26
1941 8
2826 7
455 26
5395 4
2132 7
8078 4
2612 3
5537 4
3751 5
2272 10
1889 7
2692 5
2646 7
5674 4
10 58
8211 3
550 9
2083 9
5574 4
1081 11
1736 12
958 10
592 16
3299 3
5445 3
1978 6
2364 8
1640 9
173 32
66 48
2709 8
2026 11
5272 3
3130 6
793 15
1205 6
1696 12
3168 7
3674 5
5486 3
3469 5
3625 6
5580 3
59 53
3388 4
2091 6
3329 4
1971 7
2358 5
1226 13
2498 4
1949 7
1256 8
2247 4
1853 8
219 18
1016 13
2480 6
2300 7
799 17
925 15
5657 3
390 21
5319 3
2368 8
1515 9
3357 5
1955 7
945 21
7871 4
2784 5
206 31
5543 4
959 11
3791 4
358 15
331 27
5516 3
3606 6
2746 6
737 24
5284 4
2228 12
3037 7
5645 3
2070 10
4112 5
5366 4
3830 5
220 27
1312 11
5293 4
7873 3
5386 3
2365 11
1263 13
3811 4
572 14
3762 4
5415 4
5269 4
5253 5
8261 3
5667 3
1448 10
2549 8
3795 3
3146 5
3684 5
1472 9
1573 8
5484 3
3524 4
3770 4
2622 7
2799 5
1772 6
418 11
2324 6
933 7
2217 7
5601 3
348 21
2052 5
993 9
1090 9
627 15
1308 8
5357 4
2503 5
388 12
1425 6
5350 4
3083 5
1842 11
485 34
2143 7
3316 6
3881 6
1270 16
1645 16
5318 3
1389 9
324 20
3508 5
637 9
5566 3
2066 9
752 18
2679 5
1232 9
3045 4
2941 5
379 23
3404 4
1639 12
3872 4
1035 7
1894 6
535 16
3138 5
683 12
2260 4
1215 12
5529 3
3886 5
2995 5
1712 14
2344 9
5624 3
765 12
2552 8
2521 6
312 20
2435 5
1002 11
370 25
5456 4
3398 4
567 13
5585 3
3749 5
3115 4
380 39
965 7
1279 9
2079 8
286 22
1395 8
1075 23
2426 5
800 16
5511 4
3125 5
1365 11
3613 6
1779 6
7128 3
1568 12
607 8
1807 8
2902 6
5472 3
3093 6
2508 9
1073 11
3399 4
3860 5
3575 6
5230 5
816 12
5307 4
3031 7
3159 4
1062 8
3112 5
3169 6
1700 12
2609 5
445 21
2131 5
1339 13
5363 4
2338 7
3866 4
4741 4
3781 4
2120 10
8511 3
1858 9
718 17
2147 6
1604 6
1507 9
868 8
1140 22
8272 3
3417 4
275 13
2035 6
197 41
3626 6
2208 9
3314 6
1731 10
853 18
1500 10
2136 9
5693 3
2685 5
3517 4
3410 5
3028 5
1295 6
5403 4
2832 7
1111 19
3249 5
3271 4
2238 5
1878 5
2388 6
5686 3
2938 5
1690 7
2964 5
3915 4
617 14
6932 3
5244 5
3801 5
8206 3
5704 3
3821 3
1594 8
251 15
369 27
1548 8
3900 5
5434 4
8254 3
1823 7
5026 4
2537 9
2267 7
887 12
5520 4
8051 3
72 44
3371 5
1496 14
7812 3
1682 11
2781 5
1108 13
2282 9
1014 13
843 12
2760 5
2529 8
4677 4
2257 6
514 10
610 10
2444 5
725 16
1994 9
3252 4
5348 4
3857 4
1136 15
1175 14
5429 3
1683 6
1326 14
3714 5
1382 11
1452 6
2384 5
2637 10
589 13
1337 11
3101 4
2098 6
3837 3
150 36
3018 5
245 23
2511 8
2604 5
2546 6
8423 3
8357 3
5498 3
5651 3
2666 7
332 18
1099 8
3599 5
1965 8
5311 3
34 74
745 18
2656 8
3650 5
5673 3
2082 7
3056 8
1410 15
2613 5
2693 5
3789 3
1434 13
8495 3
2713 8
6279 3
5461 3
2471 6
1547 15
3457 5
1045 17
7531 3
1619 6
5219 5
1069 14
1224 13
368 22
611 16
1849 9
849 20
4680 4
492 22
2740 6
5703 4
208 30
2271 8
292 25
2773 6
2445 5
291 11
3071 9
3703 5
114 21
5714 3
1939 9
5384 4
8287 3
4879 4
73 50
3335 5
67 36
5479 3
3636 5
241 26
2561 6
3133 6
327 18
1970 6
2391 5
1281 7
1864 8
3675 6
3491 4
1603 6
1881 9
24 62
2375 5
2759 5
2049 9
3321 6
104 38
1558 8
3370 5
5239 5
5422 4
3493 5
4881 4
1513 10
1264 17
747 21
159 30
1633 8
47 36
5332 5
1942 7
1427 8
1484 6
1017 23
3619 6
2042 6
1057 14
538 9
5375 4
3748 5
521 23
162 28
1923 8
880 18
433 21
3461 5
1912 11
2164 7
986 14
786 18
3293 5
5396 4
1008 7
3022 6
201 30
1401 11
719 20
1529 7
902 9
827 12
266 18
1353 14
1742 6
3128 6
2585 5
1624 7
4864 4
1695 8
97 51
2378 6
3645 5
668 21
774 14
5602 3
910 15
3463 5
693 12
2701 8
1341 9
2684 5
3424 5
893 21
2309 7
5065 4
2558 6
5210 5
1085 16
755 20
1714 5
1403 9
5394 3
2268 8
1497 12
497 23
169 32
411 26
2579 5
398 18
942 19
1376 6
1888 6
3267 5
7692 3
2369 7
2647 6
190 17
2816 9
1808 11
2802 6
822 14
601 21
1739 8
231 30
551 14
504 23
3753 5
2823 6
3894 5
8249 3
3387 4
4583 4
1966 9
1665 9
8212 3
1782 7
5446 3
3873 4
2698 5
2252 6
2506 7
3403 5
792 9
3122 6
1248 15
5076 4
3368 4
2401 8
1516 18
3733 4
2462 5
924 16
2053 6
2301 8
2481 5
2027 7
172 30
1366 9
5431 4
223 28
1255 9
1043 15
2660 8
4571 4
1852 11
3548 4
3449 4
639 20
1505 10
5470 3
2248 6
2809 7
5306 4
1227 10
1417 13
216 31
3351 4
3478 4
3600 7
1951 6
5326 4
2766 6
3661 4
5526 3
4032 4
2928 4
1794 11
4755 4
3522 4
2636 7
676 17
277 27
3306 6
2640 7
2700 7
1183 11
2747 6
2215 7
2671 7
123 17
304 16
5497 3
2417 7
1631 6
2294 11
1369 14
1151 19
54 40
3347 4
1204 7
839 16
2520 7
88 41
1009 9
403 26
5278 4
3438 4
1829 7
3698 4
1629 7
1918 9
2755 4
3150 6
3164 7
703 13
2729 5
5575 4
3454 4
3304 4
2885 5
2488 5
3106 5
1461 8
2487 5
3869 3
1985 7
2669 6
3567 6
2003 10
3666 4
5505 3
