1801 0
3074 0
3509 0
1178 0
3163 0
1387 0
1932 0
458 1
1785 0
2634 0
5521 0
1250 0
5499 0
2507 0
4893 0
1630 0
3497 0
3109 0
728 1
1244 0
1638 0
29 3
350 1
1969 0
1810 0
2203 0
2754 0
1546 0
2994 0
311 0
3844 0
825 0
917 0
3431 0
495 1
3889 0
3302 0
1322 0
2086 0
1816 0
5174 0
2460 0
2699 0
1259 0
5464 0
3824 0
2976 0
3574 0
3475 0
5401 0
3421 0
5531 0
2274 1
2002 0
1203 0
5508 0
2088 0
1068 0
8344 0
486 0
2134 0
1354 0
8 2
2359 0
5309 0
2045 0
686 1
3149 0
5310 0
8493 0
943 0
1887 0
1585 0
4993 0
2705 0
690 0
61 2
4475 0
5215 0
3540 0
2394 0
1266 0
8201 0
3419 0
3326 0
5433 0
2654 0
3627 0
39 3
558 0
3200 0
5443 0
5503 0
5536 0
573 0
2710 0
1084 0
5324 0
638 0
3446 0
2350 0
2479 0
1 2
506 1
5554 0
2937 0
7950 0
661 1
2845 0
2482 0
1935 0
2719 0
2690 0
581 0
2727 0
678 1
3862 0
1517 0
2808 0
1975 0
3025 0
1973 1
1991 0
927 0
5475 0
2302 0
4827 0
2745 0
652 0
2034 0
2400 0
3851 0
2029 0
3552 0
5671 0
844 0
2723 0
8153 0
272 1
775 0
2518 0
5668 0
20 2
2376 0
1983 0
5263 0
3100 0
3787 0
1627 0
3562 0
468 0
3030 0
1019 0
700 1
78 2
3369 0
5571 0
294 0
413 2
5342 0
2075 0
1981 0
3638 0
2081 0
606 1
1855 0
2522 0
3559 0
432 0
5349 0
8485 0
5217 0
708 0
2415 0
2583 0
2589 0
3286 0
710 0
2814 1
1656 0
856 1
5105 0
112 2
191 0
3612 0
588 1
1684 0
756 0
262 0
1944 0
2590 0
542 1
3750 0
3114 0
2099 0
2476 0
2988 0
170 1
4873 0
1921 0
26 3
2116 0
2250 0
526 1
8267 0
1901 0
3500 0
359 1
1229 0
2614 0
2608 0
1001 0
3694 0
232 0
3458 0
3054 0
1182 0
225 0
1447 1
207 1
142 1
1510 1
5392 0
48 1
3641 0
3585 0
3170 0
5288 0
1988 0
3135 0
3730 0
3665 0
659 1
2774 0
2763 0
1141 0
984 0
1155 1
3372 0
1485 0
788 0
128 1
5238 0
1313 0
278 0
1617 0
3521 0
490 0
1843 0
2626 0
1112 1
1294 1
461 0
2712 0
1426 0
1562 0
3451 0
1358 0
782 0
5225 0
1557 0
2281 0
1486 0
425 1
2056 0
5223 0
2876 0
3607 0
3428 0
3648 0
781 1
5589 0
1950 0
2782 0
2037 0
5578 0
5327 0
532 1
1193 0
2455 0
8268 0
55 2
1890 0
3592 0
1681 0
872 1
1146 0
395 0
89 1
988 1
2295 0
3584 0
1550 1
1454 0
2533 0
5117 0
1584 0
1675 0
649 1
1318 0
642 0
3903 0
8191 0
1764 1
3348 0
1908 0
2792 0
1098 0
1718 0
2665 0
5592 0
184 2
776 0
3738 0
1570 0
2673 0
5625 0
1269 0
412 1
181 2
1671 0
830 0
3721 0
2062 0
2893 0
1101 0
5204 0
326 0
1165 0
5650 0
5224 0
335 1
3531 0
2791 0
5362 0
1867 0
2505 0
3533 0
2936 0
440 0
1289 0
8280 0
2525 0
841 0
1898 0
1044 0
3513 0
1751 0
5548 0
91 1
2137 0
467 1
474 0
2121 1
3563 0
8324 0
563 1
3248 0
3489 0
68 2
5488 0
5338 0
2514 0
5081 0
3628 0
3807 0
222 1
2911 0
5632 0
2418 0
3132 0
305 2
928 1
1644 1
1526 0
217 1
281 0
158 2
3832 0
3412 0
3658 0
1418 0
36 2
5150 0
1368 0
472 0
748 1
1655 0
1943 0
711 0
132 2
1791 1
5412 0
3779 0
3747 0
2769 0
1428 0
5369 0
1018 0
1125 0
2279 0
741 0
5696 0
998 0
2806 0
1789 0
3032 0
3880 0
2076 0
4294 0
1545 0
1838 1
1773 0
1058 0
3883 0
3704 0
3166 0
5417 0
3392 0
2860 0
8181 0
3141 0
1535 0
5299 0
3775 0
5258 0
5690 0
1335 0
3780 0
3409 0
5240 0
5442 0
5419 0
5270 0
165 2
2351 0
729 1
2 1
2125 0
2553 1
1231 0
3270 0
2446 0
973 1
2961 0
2569 0
5644 0
1046 1
319 1
2571 0
1179 0
1922 0
735 0
3048 0
2948 0
8136 0
1271 0
344 1
2103 0
2949 0
1710 0
1133 0
2224 0
5476 0
2421 0
209 0
2837 0
1118 1
1575 0
2428 0
5564 0
5683 0
5561 0
600 0
80 1
336 1
457 1
1301 0
5247 0
383 2
2532 0
3817 0
1873 0
2497 0
3651 0
92 3
8062 0
5354 0
2253 0
2433 0
2787 0
1164 0
1477 0
5450 0
2824 0
505 0
2739 0
670 0
1094 0
419 0
837 0
4521 0
625 1
149 2
3839 0
406 1
2289 0
4798 0
2312 0
19 3
3096 0
3637 0
365 0
1030 0
763 0
2730 0
3255 0
3332 0
2021 0
3430 0
3318 0
570 1
3123 0
1880 0
3761 0
252 1
3389 0
883 1
7864 0
1998 0
8420 0
5387 0
1367 0
3825 0
5236 0
1070 1
3117 0
3618 0
2463 0
2493 0
105 2
2380 0
111 1
3549 0
408 1
5410 0
5517 0
3577 0
2777 0
5679 0
559 0
5655 0
3601 0
5301 0
580 0
2800 0
2523 0
3808 0
1257 1
31 3
2307 0
2706 0
5444 0
3336 0
5502 0
2133 0
5104 0
968 0
675 1
8118 0
431 1
382 1
3487 0
2846 0
3863 0
139 1
129 1
3008 0
926 0
1246 0
1083 0
1293 0
3024 0
1792 0
662 1
168 1
1518 0
3447 0
178 1
3156 0
2728 0
3439 0
124 0
1429 0
5702 0
1974 0
2536 0
2483 0
8394 0
3611 0
1374 0
2807 0
2303 0
5672 0
8202 0
2259 0
2212 0
716 0
1886 0
1972 0
5294 0
940 0
685 0
5607 0
21 2
5313 0
523 1
3823 0
2377 0
1460 0
453 0
2500 0
1202 0
3162 0
3895 0
351 2
2838 0
595 0
2926 0
1854 0
835 0
1498 0
1267 0
4620 0
901 0
113 1
2191 0
1056 0
3664 0
7032 0
3108 0
4365 0
2753 0
1473 1
881 0
2461 0
507 0
405 0
8172 0
3843 0
8045 0
1734 0
3565 0
1258 0
2313 0
392 1
3653 0
2242 0
5463 0
5530 0
2254 0
3354 0
813 0
2014 0
644 0
2477 0
3360 0
1820 0
5308 0
2110 0
5275 0
1342 0
4359 0
1968 0
2457 0
1802 0
2775 0
2273 0
3476 0
791 0
3330 0
1355 0
3640 0
2231 0
916 0
3095 0
3617 0
2043 0
3646 0
329 1
525 1
787 0
27 1
1561 0
2331 0
1902 0
5255 0
1866 0
5216 0
2001 0
3736 0
3731 0
1310 0
3459 0
2115 0
3695 0
1239 1
3035 0
769 1
1181 0
5549 0
1809 0
803 0
2744 0
2559 0
5287 0
60 2
1245 0
1400 0
1067 0
691 0
2615 0
5587 0
1676 0
1388 0
3134 0
346 0
3085 0
5245 0
5453 0
427 0
5121 0
4735 0
82 1
3464 0
2202 0
650 0
1154 1
895 1
1763 0
5237 0
69 0
1910 0
2762 0
3076 0
224 0
3608 0
3402 0
3264 0
2711 0
1982 0
2393 0
5226 0
426 1
1435 1
8167 0
279 1
2408 0
483 0
498 1
3520 0
2055 0
1487 0
5576 0
1540 0
2028 0
3075 0
1606 0
2064 0
99 2
5424 0
3553 0
1933 0
5218 0
790 0
2022 0
533 1
4446 0
2080 0
1122 0
3551 0
2416 0
4643 0
1053 0
414 0
462 1
3852 0
263 2
3746 0
3361 0
3593 0
3673 0
5665 0
1409 0
1716 0
293 1
1272 0
1663 0
5614 0
2888 0
3818 0
469 1
635 1
1088 0
5373 0
1566 0
979 1
3737 0
709 0
3603 0
310 1
40 3
192 1
1115 0
5626 0
3529 0
3764 0
2293 1
1707 1
3103 0
543 1
267 1
1892 0
2044 0
1437 0
4648 0
2813 0
2724 0
2517 0
757 0
2577 0
9 2
3359 0
1600 0
1740 1
603 2
8250 0
5423 0
90 1
3514 0
565 0
3102 0
850 1
5361 0
2696 0
1360 0
8414 0
3620 0
233 2
1490 0
2198 0
2947 0
2288 1
11 3
5120 0
4841 0
842 0
2000 0
3340 0
2531 0
199 0
2410 0
1899 0
1929 0
1737 0
3143 0
3411 0
3223 0
2122 1
5581 0
2280 0
280 0
273 2
471 0
3498 0
2262 0
4177 0
1509 0
5631 0
1936 0
1325 0
8105 0
131 2
1643 0
1565 0
8080 0
1502 0
1872 0
3488 0
2935 0
3875 0
37 3
2513 0
855 0
3659 0
1706 0
1788 0
1839 0
680 0
2186 0
5658 0
1147 0
7173 0
2783 0
334 1
2292 0
3902 0
3582 0
1997 0
5256 0
8400 0
1680 0
1139 1
1319 0
4043 0
1826 0
2454 0
2077 0
2036 0
1747 0
5588 0
820 1
5698 0
1799 0
1552 0
1194 0
3716 0
5579 0
41 2
3014 0
3084 0
2887 0
1453 0
866 0
5454 0
2223 0
3532 0
770 0
3380 0
1097 0
641 0
838 0
2664 0
2962 0
616 2
1121 0
5019 0
870 0
8081 0
896 1
5593 0
3530 0
5539 0
3672 0
2165 0
8143 0
2347 0
777 0
3609 0
2786 0
1672 0
2325 0
1685 0
1891 0
2768 0
562 0
2269 0
5203 0
1102 2
183 1
2544 0
1478 0
2541 0
362 0
439 0
1379 1
2607 0
8501 0
3345 0
3798 0
2496 0
407 1
3686 0
5351 0
18 2
376 0
1167 0
1393 0
609 0
5615 0
5490 0
3652 0
5248 0
148 1
5567 0
1343 0
2489 0
2655 0
726 0
2509 0
2703 0
157 1
964 1
2009 0
1909 0
935 0
2627 0
3576 0
1213 0
1093 0
81 1
1300 0
624 1
2598 0
371 2
204 1
1041 0
1990 0
814 0
5235 0
2492 0
2109 0
884 0
3539 0
749 0
345 1
3323 0
613 0
952 0
2691 0
1071 1
3058 0
5286 0
253 2
5388 0
3278 0
2427 0
63 3
1637 1
179 1
1105 1
3705 0
1334 1
2499 0
2096 0
3776 0
2805 0
1784 0
938 0
3882 0
1830 0
1620 0
2241 0
3060 0
3167 0
5695 0
2370 0
929 0
5199 0
2554 0
1583 1
1538 0
258 1
2620 0
1055 0
2138 0
3610 0
2447 0
3140 0
141 2
3043 0
8182 0
4520 0
1230 0
2793 0
2993 0
1917 0
1713 0
3590 0
1060 0
2420 0
3759 0
3722 0
2104 0
2894 0
2126 0
2858 0
900 0
318 1
972 0
2526 0
473 0
2572 0
1774 0
3 4
5643 0
248 1
5608 0
3888 0
802 0
3420 0
2063 0
3723 0
2632 0
1049 0
5684 0
2812 0
1488 0
560 0
2830 0
798 0
898 0
2725 0
3892 0
3670 0
1273 0
451 1
2516 0
2616 0
3362 0
1408 1
2448 0
2721 0
3595 0
578 1
695 1
3331 0
5372 0
5335 0
540 1
1615 0
3137 0
3065 0
2073 1
1732 0
861 1
3706 0
337 1
2406 0
76 2
982 0
571 1
1190 0
2592 0
5428 0
1345 0
1171 1
2290 0
1123 0
236 1
758 0
706 0
14 3
2587 0
1608 0
5630 0
3232 0
2474 0
3786 0
234 0
594 1
1438 0
1903 0
4580 0
5213 0
3554 0
3116 0
2776 0
1000 0
43 1
2582 0
3502 0
1728 1
5367 0
3763 0
193 1
288 2
119 1
4875 0
8200 0
5227 0
5954 0
1180 0
3374 0
4730 0
430 2
447 0
3602 0
1446 0
2118 0
415 1
2597 0
1292 0
5441 0
8370 0
1356 0
5208 0
1153 0
1871 0
438 1
5209 0
5399 0
1022 0
4463 0
2795 0
5515 0
953 0
8362 0
1560 0
3912 0
5553 0
784 1
1762 0
260 1
2061 1
3080 0
1844 0
1144 0
762 0
1723 0
2047 0
144 1
5281 0
3696 0
906 0
1349 0
2205 0
177 0
8292 0
2213 0
3346 0
205 2
22 2
3072 0
2681 0
1260 0
874 1
1708 0
493 0
1436 0
3719 0
2220 0
1591 0
2528 0
1677 0
8043 0
2174 0
5506 0
1320 1
1026 1
2752 0
5606 0
1390 0
1993 0
3544 0
1469 0
1499 0
919 1
400 0
1268 1
633 2
1372 0
1977 0
2023 0
8331 0
1825 0
1669 0
3445 0
1285 0
3309 0
3594 0
3757 0
1959 1
1549 0
1242 0
1208 0
1874 0
1803 0
5533 0
3542 0
1201 0
519 1
5492 0
3300 0
17 4
2451 0
3337 0
5466 0
1274 0
110 2
4861 0
2356 0
2210 0
2658 0
8112 0
646 0
5380 0
5322 0
1220 0
3663 0
5266 0
5276 0
2652 0
2337 0
4626 0
2243 0
1288 0
1087 1
810 1
5425 0
33 2
1587 0
5654 0
4256 0
227 1
5619 0
1860 0
5379 0
2013 0
264 2
806 0
1885 0
1817 0
2905 0
5300 0
2707 0
556 0
717 0
2817 0
671 1
1511 1
5436 0
5538 0
2249 0
3353 0
2423 0
5678 0
1605 0
663 1
2431 0
1945 0
969 0
1946 0
2276 1
1501 0
8444 0
549 1
3465 0
3629 0
5501 0
946 0
2644 0
1361 1
3864 0
3155 0
3773 0
3280 0
1465 0
1397 0
3678 0
941 0
583 2
3436 0
1869 0
591 1
2304 0
3846 0
3481 0
2804 0
2341 0
3583 0
1920 0
102 1
3827 0
5414 0
4942 0
2639 0
3483 0
1218 0
2398 0
259 3
5290 0
1625 0
163 1
1106 0
3898 0
1836 0
1531 1
2731 0
8138 0
2929 0
5640 0
5681 0
2738 0
1333 1
5629 0
5447 0
2770 0
3859 0
3087 0
442 1
5524 0
1577 1
1572 0
2851 0
886 1
1329 0
2835 0
3728 0
5440 0
5562 0
3568 0
5642 0
3243 0
3777 0
320 1
5663 0
3528 0
3756 0
811 0
249 1
465 0
1612 0
819 0
5280 0
1177 1
1189 0
3680 0
1748 1
2127 0
858 0
8185 0
3768 0
385 1
1479 1
1359 0
8142 0
2578 0
5344 0
971 0
8289 0
8087 0
5605 0
847 1
479 2
1166 0
3091 0
2166 0
5637 0
1378 0
1054 0
2821 0
8141 0
2101 0
619 0
3797 0
621 1
3616 0
2310 0
2495 0
3395 0
3052 0
2322 0
2438 0
3334 0
5481 0
5355 0
377 1
602 0
2050 0
3815 0
1311 0
1787 0
612 0
936 0
1391 0
3579 0
5234 0
2794 0
701 0
3710 0
214 1
3630 0
2708 0
2789 0
1650 0
2074 0
2539 0
731 1
2547 0
3639 0
2779 0
2139 0
5573 0
768 0
1928 0
1092 1
1756 0
3877 0
2255 0
1636 0
2491 0
4885 0
338 1
5478 0
3105 0
576 1
761 0
738 1
1775 0
1415 0
484 0
1078 0
2334 0
3408 0
1243 1
2530 0
623 0
3885 0
1512 0
2564 0
2382 0
328 0
628 0
1223 0
3538 0
733 0
3745 0
997 0
630 0
3394 0
608 1
3263 0
7824 0
1234 0
1649 0
2226 0
2878 0
1474 0
125 0
44 1
1687 0
2152 0
5312 0
8494 0
1188 1
3142 0
2008 0
714 0
1564 0
2663 0
4690 0
397 1
1096 0
3285 0
5368 0
2934 0
1657 0
3009 0
2717 0
1191 0
823 0
771 0
5697 0
401 1
186 1
1797 0
1119 0
1914 1
3039 0
1705 0
3000 0
915 0
2978 0
5260 0
5390 0
1586 0
1986 0
1456 0
2606 0
2060 0
1551 0
3561 0
3643 0
5325 0
2346 0
561 0
2112 0
5546 0
2555 0
2221 0
5202 0
2982 0
3718 0
1307 1
1812 0
1769 0
2475 0
1875 0
3834 0
1673 0
5491 0
297 1
963 0
5582 0
8503 0
2031 0
5627 0
980 1
1596 0
2697 0
2097 0
1651 0
5451 0
1569 0
2542 0
6778 0
2123 0
530 1
3701 0
5594 0
3805 0
3067 0
2675 0
470 1
1524 0
2360 0
1287 0
654 1
2403 0
2261 0
156 2
283 0
1744 0
864 1
2913 0
1170 1
3382 0
1896 0
2895 0
1686 0
1042 0
3874 0
38 1
196 1
1169 0
5669 0
3816 0
118 3
1674 0
1065 0
1659 0
4396 0
1020 0
84 1
805 0
5707 0
437 2
194 1
3503 0
2749 0
1768 0
2395 0
1021 0
4937 0
934 0
1989 0
3537 0
948 1
3785 0
5228 0
2450 0
1398 0
226 1
5677 0
1430 0
527 1
1145 0
1870 0
2466 0
62 1
3229 0
5214 0
833 0
2743 0
3276 0
3649 0
548 1
3450 0
2575 0
3697 0
1110 1
3466 0
1999 0
2204 0
3632 0
783 0
1357 0
1152 0
49 2
789 0
2046 0
2967 0
2117 0
1934 0
715 0
2201 0
1916 0
3615 0
23 3
1722 0
364 0
3069 0
950 0
2680 0
1845 0
1678 0
1445 0
1025 1
3429 0
3580 0
1992 0
3073 0
2478 0
1466 0
8079 0
2340 0
778 1
3555 0
720 1
2449 0
460 2
244 0
8411 0
3744 0
2811 0
3854 0
1607 0
1386 0
1536 0
3893 0
2617 0
452 0
579 1
295 0
1618 0
3301 0
3136 0
77 2
541 1
3890 0
1628 0
897 0
3671 0
3871 0
237 0
2584 0
2722 0
2371 0
2519 0
2610 0
416 0
100 2
914 0
300 1
1439 1
3654 0
2405 0
2232 0
5600 0
3642 0
2432 0
1407 0
496 1
2829 0
605 0
5289 0
2987 0
2581 0
4855 0
1699 0
42 1
759 0
1228 0
235 2
2291 0
2591 0
1931 0
694 0
5426 0
1103 0
5371 0
3788 0
2244 0
3148 0
265 0
296 1
171 1
5435 0
5449 0
2687 0
2012 0
582 1
1884 0
5296 0
5555 0
5303 0
557 1
3621 0
2726 0
441 0
7430 0
5653 0
3325 0
672 0
983 0
8152 0
3806 0
3496 0
5391 0
751 0
5540 0
1746 0
3356 0
2167 0
1980 0
2275 0
677 0
907 0
1868 0
3480 0
1210 0
3154 0
590 1
664 0
5639 0
1790 0
2264 0
79 2
3845 0
1420 0
3295 0
3437 0
352 2
2502 0
3865 0
126 0
1034 0
2803 0
2875 0
1533 0
3679 0
651 0
176 1
4660 0
3145 0
947 0
256 0
2810 0
920 1
428 1
2305 0
3758 0
3545 0
5273 0
500 0
1221 0
1200 1
1757 0
918 1
8406 0
1413 0
5336 0
2107 0
1275 1
1598 0
2211 0
3453 0
1856 0
1491 1
1362 0
4155 0
1804 0
632 0
2357 0
1371 0
394 1
2484 0
2659 0
513 2
50 2
2645 0
1519 0
2633 0
797 0
2197 0
2459 0
3543 0
5570 0
5207 0
1236 0
5323 0
645 1
2413 0
2566 0
5493 0
1176 1
7037 0
1039 0
1815 0
3662 0
1005 0
28 1
2089 0
2087 0
3474 0
215 0
4410 0
687 0
3320 0
5106 0
2184 0
2298 0
3161 0
5509 0
5692 0
2336 0
8113 0
5465 0
826 0
2494 0
1344 0
5467 0
3840 0
5265 0
2329 0
3338 0
2980 0
2653 0
2548 0
620 0
5565 0
5477 0
5356 0
2625 0
3400 0
937 0
730 0
16 2
921 0
3833 0
5233 0
2311 0
3631 0
2556 0
5360 0
1786 0
2788 0
2440 0
1523 0
4667 0
3578 0
93 2
3055 0
2429 0
3040 0
374 1
2790 0
3876 0
1306 0
429 1
3688 0
3097 0
1328 0
3767 0
1091 0
409 0
5353 0
1958 0
1962 1
812 0
489 2
585 0
3711 0
1392 0
1080 0
732 1
2819 0
5480 0
2233 0
622 1
5389 0
970 0
2381 0
1416 0
2771 0
2256 0
1658 0
2057 0
1237 0
1635 0
5315 0
8314 0
2361 0
5691 0
2490 0
2563 0
3086 0
4749 0
270 1
2840 0
1602 0
2007 0
1332 0
5409 0
5139 0
5341 0
1399 0
1117 0
740 0
103 3
3434 0
5641 0
8228 0
871 0
5374 0
3393 0
2039 0
5411 0
3826 0
1219 0
3774 0
2534 0
5525 0
1704 0
688 0
1749 1
750 2
1126 0
2128 0
1534 0
8391 0
2570 0
1915 0
3729 0
804 0
83 3
5514 0
8095 0
3375 0
1385 0
1818 0
962 1
2094 0
1837 0
3778 0
143 2
3090 0
2323 0
2822 0
3049 0
1051 0
3033 0
518 1
5268 0
2914 0
1211 0
2906 0
3221 0
2732 0
1711 1
1542 0
2399 0
2102 0
2836 0
478 0
384 0
5628 0
836 1
3068 0
1735 1
3512 0
5250 0
2030 0
2286 0
1595 0
8504 0
1750 1
8149 0
5664 0
4715 0
1610 0
779 0
8445 0
343 1
3910 0
981 0
697 0
3001 0
857 1
1010 0
707 0
3310 0
261 1
4083 0
2439 0
3739 0
321 1
5700 0
1079 0
5183 0
2422 0
1590 0
1652 0
760 0
5459 0
863 1
531 0
2469 0
3317 0
1745 0
2594 0
2111 0
3702 0
2124 0
721 1
1897 0
3482 0
282 2
669 0
420 1
3622 0
5682 0
5489 0
989 0
2372 0
1348 0
5656 0
2945 0
577 1
1137 0
3511 0
3381 0
852 0
643 0
8230 0
1120 1
1475 0
5402 0
1187 0
2092 0
2968 0
1251 0
2456 0
5448 0
3904 0
1192 0
5452 0
879 0
3899 0
3017 0
1095 0
3104 0
1444 0
1883 0
1846 0
133 1
2600 0
2515 0
4616 0
1828 0
2605 0
56 1
3006 0
6623 0
306 1
70 1
5552 0
166 1
2225 0
1578 0
30 4
466 0
134 1
3038 0
618 0
3290 0
848 0
3717 0
1904 0
1761 0
1323 1
1455 0
1492 0
2662 0
5638 0
3560 0
1134 0
3853 0
5595 0
5201 0
1100 0
1377 0
185 0
5547 0
5122 0
8140 0
1719 0
2716 0
4 3
127 1
71 3
1648 0
1481 0
3596 0
2927 0
2266 0
2915 0
512 0
463 0
517 1
5408 0
8379 0
5345 0
1363 0
3588 0
722 0
3051 0
1109 0
2067 0
1597 1
8219 0
742 1
58 1
153 1
8473 0
2387 0
101 3
340 1
3655 0
2425 0
3536 0
1703 0
3571 0
2510 0
1172 0
2458 0
5598 0
834 0
285 0
2441 0
2414 0
1216 0
3879 0
2285 0
2194 0
3092 0
1135 0
2864 0
96 2
1667 0
3836 0
2114 0
569 0
3111 0
1396 0
1760 0
391 1
2033 0
5251 0
2676 0
180 0
1375 0
5596 0
4353 0
1877 0
2939 0
246 1
5610 0
2227 0
8090 0
1168 0
3241 0
536 0
1767 0
1653 0
2237 0
1688 0
5378 0
3311 0
2958 0
1458 0
444 1
508 1
1336 0
1089 0
12 3
3036 0
1554 0
3707 0
3518 0
3413 0
3343 0
875 1
1522 0
3467 0
136 2
116 1
1197 0
1580 0
3274 0
2419 0
5541 0
5544 0
308 1
3485 0
3802 0
7635 0
3676 0
5295 0
3027 0
8301 0
301 1
8207 0
51 1
1758 0
1822 0
456 2
3063 0
1033 1
2736 0
2258 0
1539 1
8221 0
796 0
2349 0
5512 0
366 0
1541 0
5358 0
5621 0
3527 0
2343 0
3044 0
2108 0
888 0
3771 0
1011 0
3743 0
1754 0
3683 0
1161 0
2093 0
1927 0
1380 0
990 0
5457 0
2316 0
1442 1
349 1
2218 0
1614 0
1743 0
5162 0
3364 0
5675 0
6555 0
1383 0
137 1
1414 0
5522 0
666 0
3794 0
1074 0
860 1
2308 0
3884 0
1063 0
1567 0
1776 0
2565 0
2158 0
3047 0
2576 0
2362 0
8347 0
3829 0
3287 0
2796 0
1601 1
323 0
1834 0
2142 0
545 1
2467 0
2733 0
5292 0
187 1
2326 0
1283 0
3089 0
212 2
3384 0
2436 0
6766 0
1331 0
2383 0
8392 0
1305 0
961 0
5416 0
2686 0
1662 0
574 0
5365 0
660 1
3397 0
977 0
566 1
2765 0
5687 0
2299 0
108 2
2820 0
604 1
6475 0
477 0
1338 1
2623 0
330 1
7879 0
360 1
1857 0
3416 0
5254 0
3377 0
2321 0
1076 0
3082 0
766 0
449 1
1574 1
1579 1
4587 0
682 0
353 1
375 1
3633 0
2409 0
2833 0
8356 0
3914 0
5406 0
3726 0
501 0
3144 0
2650 0
155 2
387 2
1913 0
626 1
4944 0
257 1
951 0
85 2
809 0
1156 0
2200 0
3614 0
3057 0
736 1
3812 0
539 2
8310 0
5569 0
2847 0
3339 0
1698 0
520 0
2865 0
3820 0
57 2
2642 0
2354 0
3790 0
3479 0
3660 0
5494 0
3435 0
175 0
584 0
3307 0
35 2
2453 0
1882 0
1421 0
665 1
2827 0
3021 0
1476 0
2758 0
1207 0
2641 0
2670 0
3007 0
904 0
930 1
3848 0
5274 0
2972 0
648 0
2006 0
8176 0
2245 0
2130 0
1028 1
198 1
1589 0
2550 0
1059 0
2683 0
5206 0
3713 0
3349 0
913 0
3644 0
2019 0
202 1
361 1
2468 0
3282 0
1819 0
1459 0
1984 0
5279 0
5558 0
307 1
3472 0
154 1
1467 0
1463 0
2041 0
5320 0
5699 0
704 0
5405 0
2801 0
1462 0
681 1
1029 1
3062 0
5 4
2715 0
2694 0
3292 0
2105 0
3455 0
554 1
1957 1
2657 0
552 0
3766 0
1623 0
74 3
890 0
5676 0
3699 0
1926 0
299 0
2024 0
1282 0
1694 0
1350 1
1240 0
2815 0
481 1
867 0
3355 0
1976 0
3669 0
3442 0
7568 0
817 1
2751 0
3470 0
229 0
673 0
3322 0
2059 0
315 1
1827 0
2501 0
1947 0
2366 0
1347 0
3350 0
1504 1
25 2
2270 0
1253 0
5469 0
1730 0
5314 0
3784 0
46 2
3623 0
1316 1
1851 0
3327 0
5535 0
2630 0
2373 0
2263 0
3386 0
5659 0
5302 0
3505 0
317 1
1254 0
1642 0
3712 0
892 0
2071 0
546 0
537 1
3896 0
1007 0
1443 0
1833 0
1186 0
3119 0
3566 0
2240 0
529 1
5241 0
3556 0
4309 0
2573 0
987 0
2984 0
1150 0
5635 0
2390 0
908 0
2580 0
4900 0
284 1
3127 0
247 1
1340 0
903 0
3870 0
8469 0
5397 0
4389 0
289 3
5504 0
2119 1
3891 0
808 1
845 1
1847 0
147 0
1249 0
5211 0
1142 0
5267 0
1291 0
2095 0
2601 0
5584 0
2599 0
5551 0
1052 0
5346 0
5438 0
1493 0
5617 0
5471 0
2397 0
974 0
2629 0
1668 0
1715 0
1613 0
636 0
1406 1
1104 0
1905 0
117 0
2207 0
3754 0
5283 0
2472 0
5460 0
821 0
696 0
8290 0
1721 0
3376 0
2179 0
2172 0
1431 1
1489 1
3050 0
1805 0
3226 0
1727 0
2922 0
5229 0
5333 0
2178 0
1225 0
290 1
712 1
210 0
5220 0
5706 0
5381 0
2560 0
3365 0
2702 1
2593 0
1895 1
5074 0
7046 0
5670 0
2920 0
5305 0
2038 0
1159 0
2048 0
655 0
3110 0
421 0
2332 0
271 2
3742 0
1024 1
491 1
2871 0
1863 0
13 2
1514 0
840 1
1647 0
597 1
1411 0
1480 0
3581 0
3265 0
242 1
32 2
1588 0
443 0
5611 0
2234 0
1795 0
5252 0
3519 0
5662 0
846 1
1689 0
1861 0
3484 0
2825 0
1296 0
3312 0
3415 0
1553 0
2897 0
1303 0
1654 0
5432 0
3494 0
3510 0
15 2
3268 0
3016 0
2236 0
1506 1
7205 0
859 0
739 0
876 1
5636 0
2890 0
135 1
3344 0
145 1
2674 0
1131 1
3624 0
772 0
1876 0
3803 0
1759 1
2032 0
3026 0
1528 0
653 0
1692 0
2677 0
5439 0
3064 0
509 1
3708 0
1015 0
976 0
367 0
1821 0
5599 0
743 0
3589 0
2265 0
2129 0
723 1
3597 0
1040 0
1755 0
1138 1
488 1
1012 0
1032 1
152 1
342 0
2931 0
3855 0
862 0
1419 0
341 1
3586 0
2189 0
2883 0
2287 0
8157 0
2540 0
2284 0
3793 0
64 3
5590 0
45 1
5334 0
1173 0
4824 0
309 1
1963 0
2085 0
1733 1
2113 0
3383 0
824 1
120 2
2568 0
1148 0
254 0
2386 0
2841 0
1321 0
2442 0
1987 0
4920 0
3570 0
2602 0
851 1
399 1
2296 0
1811 0
436 1
5427 0
94 2
213 1
5114 0
5597 0
1450 0
3011 0
568 1
2668 0
3098 0
8404 0
2411 0
3905 0
1129 0
1143 0
2848 0
1961 1
386 1
200 0
1261 0
1352 0
8387 0
1621 0
161 2
109 1
5232 0
2318 0
2651 0
2764 0
2797 0
1556 0
5177 0
4800 0
3682 0
3378 0
1766 0
5282 0
5563 0
3153 0
911 0
2072 0
5647 0
8094 0
3121 0
3507 0
3427 0
2624 0
2965 0
1157 0
1470 0
5330 0
7016 0
8497 0
2100 0
1006 0
3813 0
996 0
5568 0
3005 0
1840 0
3656 0
2069 0
956 0
629 0
4915 0
372 1
1330 0
1284 0
1661 0
3041 0
5604 0
5137 0
3772 0
3526 0
1160 0
869 0
1592 0
5513 0
2997 0
1697 0
3828 0
1770 0
5458 0
2735 0
1209 0
5622 0
991 0
3535 0
5620 0
2348 0
931 0
615 1
2246 0
476 1
1198 1
3319 0
7975 0
3755 0
1626 0
2219 0
5482 0
2141 0
1077 0
2464 0
5413 0
2854 0
1299 1
1781 0
967 0
1611 0
5109 0
2157 0
322 1
3046 0
575 0
1835 0
3850 0
5523 0
4886 0
699 1
960 1
818 0
2363 0
1038 1
3088 0
1777 0
354 1
3878 0
1064 0
5291 0
2734 0
1217 0
3240 0
2750 0
2527 0
1850 0
1346 0
1964 0
3396 0
2818 0
7356 0
4768 0
2424 0
3471 0
891 0
1004 0
2106 0
1013 0
8233 0
5688 0
1693 0
316 2
1806 0
4549 0
1738 0
2025 0
1370 0
4809 0
2649 0
3668 0
3804 0
511 0
5483 0
2367 0
899 1
3443 0
2437 0
3573 0
3131 0
2689 0
3765 0
1979 0
5437 0
3066 0
2485 0
1948 0
795 1
794 0
1609 0
4983 0
944 0
1780 0
1113 0
5304 0
3405 0
674 0
5107 0
1317 1
957 0
2430 0
2596 0
1503 0
5185 0
2512 0
5242 0
502 0
1286 0
314 0
1796 0
3385 0
5339 0
2638 0
355 1
553 0
2058 0
3546 0
1252 0
555 0
2643 0
8443 0
2877 0
1037 0
5534 0
3328 0
195 1
5321 0
2005 0
2828 0
679 0
831 0
5507 0
1960 0
2355 0
1241 0
5495 0
647 1
1441 0
1206 1
5328 0
1027 0
423 0
1953 0
2757 0
4823 0
1222 0
3473 0
174 0
1571 0
422 0
905 0
3308 0
3681 0
52 2
1451 0
302 0
2452 0
3842 0
593 1
3358 0
188 2
402 1
5221 0
5400 0
3152 0
1940 0
3366 0
1641 0
640 0
1384 0
1468 1
5205 0
7565 0
1726 0
2068 0
1464 1
1494 0
3440 0
2018 0
3426 0
1906 0
464 0
2011 0
5430 0
3452 0
6 3
3867 0
1304 0
2327 0
3569 0
1593 1
705 0
1720 0
3053 0
2206 0
5550 0
912 1
1432 1
785 0
1930 0
599 0
587 0
1235 0
3814 0
95 1
298 1
3291 0
923 0
243 1
3835 0
2051 0
8241 0
2682 0
5382 0
753 1
8077 0
2404 0
106 1
2611 0
65 2
5249 0
203 2
1023 0
2742 0
5705 0
2084 0
86 3
1199 0
5528 0
2473 0
1158 0
656 1
2170 0
2335 0
2921 0
3468 0
435 0
1482 1
885 1
1412 0
1709 0
339 1
228 1
3783 0
268 1
829 1
2872 0
3677 0
596 1
1297 0
2090 0
1521 0
5029 0
1862 0
2352 0
3495 0
5420 0
1082 0
121 0
1066 0
5572 0
494 0
487 1
1956 0
3333 0
238 0
2778 0
2235 0
3175 0
873 0
3604 0
3081 0
3099 0
448 2
3634 0
3760 0
2631 0
2278 0
3297 0
5407 0
1532 1
713 0
5518 0
3557 0
2839 0
1679 0
1262 0
1290 0
1527 0
1132 0
8166 0
4707 0
5259 0
5398 0
1925 0
3847 0
2574 0
3126 0
631 1
547 1
1544 0
1616 0
396 1
4694 0
1422 0
482 1
949 0
499 1
3432 0
5262 0
8367 0
1047 0
3856 0
1276 0
909 0
4315 0
5583 0
2618 0
1124 0
2981 0
75 0
2588 0
5618 0
1163 0
450 0
8398 0
1702 0
1405 0
3118 0
5212 0
1729 0
146 2
1351 0
356 0
2396 0
2720 0
5377 0
528 0
164 1
807 0
3897 0
2040 0
2678 0
882 0
5560 0
1050 0
1031 1
4585 0
5623 0
3401 0
454 1
3139 0
2538 0
1364 1
634 1
5455 0
2551 0
978 1
3324 0
3741 0
5577 0
3752 0
325 0
378 1
889 0
1233 0
3390 0
5135 0
1162 0
684 0
2831 0
211 2
3315 0
5404 0
1924 0
8223 0
3042 0
5689 0
1214 0
389 0
5510 0
1660 0
3525 0
3887 0
966 0
2314 0
2216 0
992 0
218 1
2843 0
2345 0
3391 0
5418 0
5261 0
2973 0
2567 0
5473 0
3289 0
3158 0
2188 0
5685 0
2767 0
3667 0
1778 0
1859 0
2339 0
8171 0
160 1
3782 0
98 0
1278 0
1048 1
2434 0
1381 0
1061 0
5039 0
3792 0
2054 0
3735 0
2785 0
3732 0
1555 0
586 2
410 1
999 1
7706 0
1185 0
1741 0
1315 1
1130 0
189 0
2849 0
480 0
107 1
3810 0
87 0
2385 0
1832 0
2704 0
3796 0
221 1
3147 0
1424 0
417 1
4623 0
1530 0
5246 0
2504 0
3819 0
734 1
2798 0
2952 0
2621 0
3724 0
1440 0
2524 0
381 1
1471 0
1814 0
5340 0
5694 0
3379 0
373 1
5385 0
2078 0
5359 0
5609 0
773 0
1247 0
8403 0
1752 0
1309 0
1576 0
3448 0
5352 0
2874 0
1622 0
3685 0
3605 0
975 0
5271 0
1911 0
8395 0
2856 0
2199 0
3709 0
3002 0
3113 0
6084 0
1893 0
1646 0
3572 0
534 1
746 1
3690 0
5701 0
744 0
151 1
3822 0
5347 0
5485 0
1952 0
287 1
475 0
2595 0
932 0
3858 0
515 0
1525 0
2545 0
2761 0
138 1
1107 0
3499 0
3838 0
724 0
5370 0
3598 0
5652 0
3534 0
1195 0
5646 0
3831 0
1327 1
2192 0
2667 0
333 1
1995 0
2780 0
446 0
3901 0
2181 0
2229 0
1582 0
2842 0
1599 0
3013 0
2306 0
1149 0
2603 0
2283 0
2407 0
2695 0
1238 0
1559 0
1793 0
7 3
1701 0
2443 0
5559 0
1937 0
255 0
2230 0
5542 0
5364 0
5556 0
3422 0
182 0
3809 0
815 1
3486 0
167 1
7431 0
692 0
8126 0
3564 0
1907 0
8083 0
854 0
3120 0
3769 0
1174 0
8119 0
510 0
393 2
3020 0
658 0
3262 0
274 1
3550 0
877 0
1508 0
3034 0
1771 0
1128 0
5297 0
4737 0
5586 0
1724 0
1520 0
303 2
250 1
5127 0
614 0
1765 1
130 1
53 0
1373 0
1302 0
5329 0
2239 0
5591 0
3341 0
3029 0
2392 0
3587 0
1879 0
3313 0
1824 0
2342 1
3516 0
832 0
5633 0
2135 0
828 1
276 1
2465 0
1831 0
3523 0
8093 0
3868 0
5519 0
4614 0
1404 0
1543 0
424 0
1402 0
4936 0
2402 0
1841 0
347 1
3558 0
3294 0
434 0
2586 0
865 0
1184 0
3165 0
8127 0
5557 0
5603 0
3129 0
689 0
3462 0
1116 0
5231 0
1725 0
727 1
2379 0
939 0
5222 0
8196 0
2619 0
1670 0
2010 0
4858 0
2834 0
3342 0
1127 0
1537 0
894 0
1298 0
140 1
2222 0
1900 0
954 0
3460 0
801 0
5376 0
7468 0
985 1
5393 0
754 0
3151 0
8165 0
5680 0
3061 0
1563 0
1003 1
4147 0
1800 0
8467 0
1717 0
2557 0
698 0
1634 0
524 1
1848 0
2176 0
2714 0
4380 0
3418 0
598 1
2486 0
780 0
3547 0
3277 0
2317 0
3490 0
5331 0
240 2
1433 0
1666 0
2209 0
5462 0
230 1
115 1
2374 0
922 1
2319 0
2628 0
3740 0
2741 0
1072 0
2470 0
1394 0
2772 0
2251 0
1277 1
3456 0
1086 0
564 0
3070 0
4488 0
2562 0
3094 0
2850 0
1967 0
657 1
1865 0
1783 0
503 1
5383 0
1483 0
3800 0
1996 0
1036 0
3492 0
1265 1
2065 0
544 1
5285 0
3253 0
1196 0
1114 1
2389 0
3657 0
239 2
122 1
2635 0
269 0
5421 0
363 0
2277 0
2353 0
8464 0
2159 0
3059 0
5243 0
1449 0
1314 0
3591 0
2748 0
1798 0
2535 0
522 0
1632 0
8135 0
1423 0
3352 0
2412 0
667 0
1280 0
313 1
2017 0
3023 0
2661 0
3841 0
1324 0
3077 0
3305 0
3433 0
5496 0
459 0
3477 0
3715 0
1495 0
1753 0
2688 0
1919 0
1938 0
2756 0
5545 0
3107 0
5277 0
3441 0
404 0
516 1
1813 0
2004 0
4754 0
3861 0
702 0
2297 0
2214 0
357 1
1941 0
2826 0
455 2
5395 0
2132 0
8078 0
2612 0
5537 0
3751 0
2272 1
1889 0
2692 0
2646 0
5674 0
10 3
8211 0
550 0
2083 0
5574 0
1081 0
1736 0
958 1
592 0
3299 0
5445 0
1978 0
2364 0
1640 0
173 1
66 2
2709 0
2026 0
5272 0
3130 0
793 0
1205 0
1696 1
3168 0
3674 0
5486 0
3469 0
3625 0
5580 0
59 3
3388 0
2091 0
3329 0
1971 0
2358 0
1226 1
2498 0
1949 0
1256 0
2247 0
1853 0
219 0
1016 0
2480 0
2300 0
799 0
925 1
5657 0
390 1
5319 0
2368 0
1515 0
3357 0
1955 0
945 0
7871 0
2784 0
206 1
5543 0
959 0
3791 0
358 0
331 1
5516 0
3606 0
2746 0
737 0
5284 0
2228 1
3037 0
5645 0
2070 1
4112 0
5366 0
3830 0
220 1
1312 0
5293 0
7873 0
5386 0
2365 0
1263 1
3811 0
572 0
3762 0
5415 0
5269 0
5253 0
8261 0
5667 0
1448 0
2549 0
3795 0
3146 0
3684 0
1472 0
1573 0
5484 0
3524 0
3770 0
2622 0
2799 0
1772 0
418 0
2324 0
933 0
2217 0
5601 0
348 1
2052 0
993 0
1090 0
627 1
1308 0
5357 0
2503 0
388 0
1425 0
5350 0
3083 0
1842 0
485 1
2143 0
3316 0
3881 0
1270 1
1645 0
5318 0
1389 0
324 0
3508 0
637 0
5566 0
2066 0
752 0
2679 0
1232 0
3045 0
2941 0
379 1
3404 0
1639 0
3872 0
1035 0
1894 0
535 0
3138 0
683 0
2260 0
1215 0
5529 0
3886 0
2995 0
1712 1
2344 0
5624 0
765 0
2552 0
2521 0
312 0
2435 0
1002 0
370 1
5456 0
3398 0
567 1
5585 0
3749 0
3115 0
380 2
965 0
1279 0
2079 0
286 2
1395 0
1075 0
2426 0
800 0
5511 0
3125 0
1365 0
3613 0
1779 0
7128 0
1568 0
607 0
1807 0
2902 0
5472 0
3093 0
2508 0
1073 0
3399 0
3860 0
3575 0
5230 0
816 1
5307 0
3031 0
3159 0
1062 0
3112 0
3169 0
1700 0
2609 0
445 1
2131 0
1339 1
5363 0
2338 0
3866 0
4741 0
3781 0
2120 1
8511 0
1858 0
718 0
2147 0
1604 0
1507 0
868 0
1140 1
8272 0
3417 0
275 0
2035 0
197 2
3626 0
2208 1
3314 0
1731 0
853 1
1500 0
2136 0
5693 0
2685 0
3517 0
3410 0
3028 0
1295 0
5403 0
2832 0
1111 1
3249 0
3271 0
2238 0
1878 0
2388 0
5686 0
2938 0
1690 0
2964 0
3915 0
617 1
6932 0
5244 0
3801 0
8206 0
5704 0
3821 0
1594 0
251 0
369 1
1548 0
3900 0
5434 0
8254 0
1823 0
5026 0
2537 0
2267 0
887 0
5520 0
8051 0
72 1
3371 0
1496 1
7812 0
1682 1
2781 0
1108 1
2282 0
1014 0
843 0
2760 0
2529 0
4677 0
2257 0
514 0
610 0
2444 0
725 1
1994 0
3252 0
5348 0
3857 0
1136 1
1175 0
5429 0
1683 0
1326 1
3714 0
1382 0
1452 0
2384 0
2637 0
589 0
1337 0
3101 0
2098 0
3837 0
150 1
3018 0
245 0
2511 0
2604 0
2546 0
8423 0
8357 0
5498 0
5651 0
2666 0
332 1
1099 0
3599 0
1965 0
5311 0
34 3
745 0
2656 0
3650 0
5673 0
2082 0
3056 0
1410 1
2613 0
2693 0
3789 0
1434 0
8495 0
2713 0
6279 0
5461 0
2471 0
1547 0
3457 0
1045 0
7531 0
1619 0
5219 0
1069 0
1224 0
368 0
611 1
1849 0
849 1
4680 0
492 1
2740 0
5703 0
208 2
2271 0
292 0
2773 0
2445 0
291 0
3071 0
3703 0
114 1
5714 0
1939 0
5384 0
8287 0
4879 0
73 3
3335 0
67 2
5479 0
3636 0
241 1
2561 0
3133 0
327 1
1970 0
2391 0
1281 0
1864 0
3675 0
3491 0
1603 0
1881 0
24 2
2375 0
2759 0
2049 0
3321 0
104 2
1558 0
3370 0
5239 0
5422 0
3493 0
4881 0
1513 0
1264 1
747 0
159 0
1633 0
47 3
5332 0
1942 0
1427 0
1484 0
1017 0
3619 0
2042 0
1057 1
538 0
5375 0
3748 0
521 1
162 1
1923 0
880 1
433 1
3461 0
1912 0
2164 0
986 1
786 0
3293 0
5396 0
1008 0
3022 0
201 1
1401 0
719 0
1529 0
902 0
827 0
266 1
1353 1
1742 0
3128 0
2585 0
1624 0
4864 0
1695 0
97 2
2378 0
3645 0
668 1
774 1
5602 0
910 1
3463 0
693 0
2701 0
1341 0
2684 0
3424 0
893 1
2309 0
5065 0
2558 0
5210 0
1085 1
755 1
1714 0
1403 0
5394 0
2268 0
1497 0
497 1
169 1
411 1
2579 0
398 1
942 1
1376 0
1888 0
3267 0
7692 0
2369 0
2647 0
190 1
2816 0
1808 0
2802 0
822 0
601 1
1739 0
231 0
551 0
504 1
3753 0
2823 0
3894 0
8249 0
3387 0
4583 0
1966 0
1665 0
8212 0
1782 0
5446 0
3873 0
2698 0
2252 0
2506 0
3403 0
792 0
3122 0
1248 0
5076 0
3368 0
2401 0
1516 0
3733 0
2462 0
924 0
2053 0
2301 0
2481 0
2027 0
172 1
1366 0
5431 0
223 2
1255 0
1043 0
2660 0
4571 0
1852 0
3548 0
3449 0
639 0
1505 0
5470 0
2248 0
2809 0
5306 0
1227 0
1417 1
216 1
3351 0
3478 0
3600 0
1951 0
5326 0
2766 0
3661 0
5526 0
4032 0
2928 0
1794 1
4755 0
3522 0
2636 0
676 0
277 1
3306 0
2640 0
2700 0
1183 0
2747 0
2215 0
2671 0
123 0
304 0
5497 0
2417 0
1631 0
2294 0
1369 0
1151 1
54 1
3347 0
1204 0
839 0
2520 0
88 1
1009 0
403 1
5278 0
3438 0
1829 0
3698 0
1629 0
1918 0
2755 0
3150 0
3164 0
703 0
2729 0
5575 0
3454 0
3304 0
2885 0
2488 0
3106 0
1461 0
2487 0
3869 0
1985 0
2669 0
3567 0
2003 0
3666 0
5505 0
