*Vertices 3833
0.0129501
0.0108564
0.0081726
0.00809985
0.00662862
0.00636994
0.00565049
0.00550499
0.00547265
0.00546457
0.0053514
0.0053514
0.00525439
0.00523823
0.00501188
0.0049553
0.00461578
0.00437327
0.0043571
0.00423585
0.00421968
0.00418735
0.00417926
0.00409843
0.00405801
0.00399334
0.003961
0.00390442
0.00385592
0.00372658
0.00371849
0.00367808
0.00366191
0.0035649
0.00355682
0.00353257
0.00352449
0.00350832
0.00331431
0.00331431
0.00329006
0.00326581
0.00326581
0.00322539
0.00306372
0.00306372
0.00303946
0.00303946
0.00303138
0.00303138
0.00303138
0.00301521
0.00293438
0.00291821
0.00291013
0.00289396
0.00285354
0.00282121
0.00280504
0.0027727
0.00276462
0.00275654
0.00271612
0.00271612
0.00270803
0.00268378
0.00261103
0.00258678
0.00258678
0.00257061
0.00253828
0.00247361
0.00247361
0.00246552
0.00245744
0.00243319
0.00241702
0.0023766
0.0023766
0.00236044
0.00235235
0.00233618
0.0023281
0.0023281
0.00228768
0.00227151
0.00227151
0.00226343
0.00224726
0.00223918
0.0022311
0.00222301
0.00221493
0.00218259
0.00217451
0.00217451
0.00215026
0.00211792
0.00208559
0.00206134
0.00203709
0.00201284
0.00200475
0.00198859
0.0019805
0.00197242
0.00194817
0.00194817
0.00194008
0.00190775
0.00189158
0.00186733
0.00185925
0.00184308
0.001835
0.001835
0.00182691
0.00181074
0.00180266
0.00180266
0.00177841
0.00177841
0.00177841
0.00177841
0.00175416
0.00174608
0.00174608
0.00173799
0.00172991
0.00170566
0.00170566
0.00169757
0.00169757
0.00169757
0.00166524
0.00164099
0.0016329
0.00161674
0.00160057
0.00160057
0.00156823
0.00156015
0.00154398
0.00154398
0.00152782
0.00152782
0.00151165
0.00150356
0.00149548
0.0014874
0.00147123
0.00145506
0.00145506
0.00144698
0.00143081
0.00142273
0.00142273
0.00140656
0.00140656
0.00139039
0.00139039
0.00137423
0.00137423
0.00137423
0.00135806
0.00134997
0.00133381
0.00133381
0.00132572
0.00132572
0.00130956
0.00130956
0.00130147
0.00130147
0.00129339
0.00129339
0.00127722
0.00127722
0.00127722
0.00127722
0.00126914
0.00126105
0.00126105
0.00125297
0.00125297
0.00124489
0.00124489
0.00124489
0.0012368
0.00122872
0.00122064
0.00121255
0.00119638
0.0011883
0.0011883
0.00118022
0.00116405
0.00116405
0.00116405
0.00115597
0.00114788
0.00114788
0.00114788
0.0011398
0.0011398
0.00113172
0.00113172
0.00113172
0.00113172
0.00113172
0.00112363
0.00112363
0.00111555
0.00111555
0.00111555
0.00111555
0.00111555
0.00110746
0.00109938
0.00109938
0.0010913
0.00108321
0.00107513
0.00107513
0.00106705
0.00106705
0.00105896
0.00105896
0.00105088
0.00105088
0.0010428
0.0010428
0.0010428
0.00103471
0.00103471
0.00103471
0.00102663
0.00101854
0.00101854
0.00101046
0.00100238
0.00100238
0.000994293
0.000994293
0.000994293
0.000986209
0.000986209
0.000986209
0.000986209
0.000986209
0.000978126
0.000970042
0.000970042
0.000970042
0.000970042
0.000970042
0.000961958
0.000961958
0.000961958
0.000953875
0.000953875
0.000945791
0.000945791
0.000937707
0.000937707
0.000937707
0.000937707
0.00092154
0.00092154
0.00092154
0.000913456
0.000913456
0.000913456
0.000905372
0.000905372
0.000905372
0.000897289
0.000897289
0.000889205
0.000881121
0.000873038
0.000864954
0.000864954
0.00085687
0.00085687
0.00085687
0.000848787
0.000848787
0.000848787
0.000848787
0.000848787
0.000840703
0.000840703
0.000840703
0.000840703
0.000840703
0.000832619
0.000824536
0.000824536
0.000824536
0.000824536
0.000816452
0.000816452
0.000808368
0.000808368
0.000808368
0.000792201
0.000792201
0.000792201
0.000792201
0.000784117
0.000784117
0.000784117
0.000784117
0.000784117
0.000776033
0.000776033
0.000776033
0.000776033
0.000776033
0.000776033
0.000776033
0.000776033
0.00076795
0.00076795
0.00076795
0.000759866
0.000759866
0.000759866
0.000759866
0.000751782
0.000743699
0.000743699
0.000743699
0.000743699
0.000743699
0.000743699
0.000743699
0.000743699
0.000743699
0.000743699
0.000743699
0.000735615
0.000727531
0.000727531
0.000727531
0.000727531
0.000727531
0.000719448
0.000719448
0.000719448
0.000719448
0.000711364
0.000711364
0.000711364
0.000711364
0.000711364
0.000711364
0.000711364
0.00070328
0.00070328
0.00070328
0.000695197
0.000695197
0.000687113
0.000687113
0.000679029
0.000679029
0.000679029
0.000679029
0.000679029
0.000679029
0.000679029
0.000679029
0.000670946
0.000670946
0.000670946
0.000670946
0.000662862
0.000662862
0.000662862
0.000662862
0.000654778
0.000654778
0.000654778
0.000646695
0.000646695
0.000646695
0.000646695
0.000638611
0.000638611
0.000630527
0.000630527
0.000630527
0.000630527
0.000630527
0.000630527
0.000630527
0.000622444
0.000622444
0.000622444
0.00061436
0.00061436
0.00061436
0.00061436
0.00061436
0.00061436
0.000606276
0.000598192
0.000598192
0.000598192
0.000598192
0.000598192
0.000598192
0.000590109
0.000590109
0.000590109
0.000590109
0.000590109
0.000590109
0.000582025
0.000582025
0.000582025
0.000582025
0.000582025
0.000573941
0.000573941
0.000573941
0.000573941
0.000565858
0.000565858
0.000565858
0.000565858
0.000565858
0.000557774
0.000557774
0.000557774
0.000557774
0.00054969
0.00054969
0.00054969
0.00054969
0.00054969
0.00054969
0.000541607
0.000541607
0.000541607
0.000533523
0.000533523
0.000533523
0.000533523
0.000525439
0.000525439
0.000525439
0.000517356
0.000517356
0.000517356
0.000517356
0.000517356
0.000517356
0.000517356
0.000517356
0.000501188
0.000501188
0.000501188
0.000501188
0.000501188
0.000501188
0.000501188
0.000501188
0.000501188
0.000493105
0.000485021
0.000485021
0.000485021
0.000485021
0.000485021
0.000485021
0.000485021
0.000485021
0.000485021
0.000485021
0.000485021
0.000476937
0.000476937
0.000468854
0.000468854
0.000468854
0.000468854
0.000468854
0.000468854
0.000468854
0.00046077
0.00046077
0.00046077
0.00046077
0.00046077
0.000452686
0.000452686
0.000452686
0.000452686
0.000452686
0.000452686
0.000452686
0.000452686
0.000452686
0.000444603
0.000444603
0.000444603
0.000444603
0.000436519
0.000436519
0.000436519
0.000436519
0.000436519
0.000436519
0.000436519
0.000436519
0.000436519
0.000436519
0.000428435
0.000420351
0.000420351
0.000420351
0.000420351
0.000420351
0.000420351
0.000420351
0.000420351
0.000420351
0.000420351
0.000420351
0.000420351
0.000412268
0.000412268
0.000412268
0.000412268
0.000412268
0.000412268
0.000404184
0.000404184
0.000404184
0.000404184
0.000404184
0.000404184
0.000404184
0.000404184
0.000404184
0.000404184
0.000404184
0.000404184
0.000404184
0.0003961
0.0003961
0.0003961
0.000388017
0.000388017
0.000388017
0.000388017
0.000388017
0.000388017
0.000388017
0.000388017
0.000388017
0.000388017
0.000379933
0.000379933
0.000379933
0.000379933
0.000371849
0.000371849
0.000371849
0.000371849
0.000371849
0.000371849
0.000371849
0.000371849
0.000371849
0.000371849
0.000371849
0.000371849
0.000371849
0.000363766
0.000363766
0.000355682
0.000355682
0.000355682
0.000355682
0.000355682
0.000355682
0.000355682
0.000355682
0.000355682
0.000355682
0.000355682
0.000355682
0.000355682
0.000355682
0.000355682
0.000355682
0.000347598
0.000347598
0.000347598
0.000347598
0.000339515
0.000339515
0.000339515
0.000339515
0.000339515
0.000339515
0.000339515
0.000339515
0.000339515
0.000339515
0.000339515
0.000339515
0.000339515
0.000339515
0.000339515
0.000339515
0.000339515
0.000339515
0.000339515
0.000339515
0.000339515
0.000339515
0.000339515
0.000331431
0.000331431
0.000331431
0.000331431
0.000331431
0.000323347
0.000323347
0.000323347
0.000323347
0.000323347
0.000323347
0.000323347
0.000323347
0.000323347
0.000323347
0.000323347
0.000323347
0.000323347
0.000323347
0.000323347
0.000323347
0.000323347
0.000323347
0.000323347
0.000323347
0.000323347
0.000323347
0.000323347
0.000323347
0.000323347
0.000323347
0.000315264
0.000315264
0.000315264
0.000315264
0.00030718
0.00030718
0.00030718
0.00030718
0.00030718
0.00030718
0.00030718
0.00030718
0.00030718
0.00030718
0.00030718
0.00030718
0.00030718
0.00030718
0.000299096
0.000299096
0.000291013
0.000291013
0.000291013
0.000291013
0.000291013
0.000291013
0.000291013
0.000291013
0.000291013
0.000291013
0.000291013
0.000291013
0.000291013
0.000291013
0.000291013
0.000291013
0.000291013
0.000291013
0.000291013
0.000291013
0.000291013
0.000291013
0.000291013
0.000291013
0.000291013
0.000274845
0.000274845
0.000274845
0.000274845
0.000274845
0.000274845
0.000274845
0.000274845
0.000274845
0.000274845
0.000274845
0.000274845
0.000274845
0.000274845
0.000274845
0.000274845
0.000274845
0.000274845
0.000266762
0.000266762
0.000266762
0.000266762
0.000258678
0.000258678
0.000258678
0.000258678
0.000258678
0.000258678
0.000258678
0.000258678
0.000258678
0.000258678
0.000258678
0.000258678
0.000258678
0.000258678
0.000258678
0.000258678
0.000258678
0.000258678
0.000258678
0.000258678
0.000258678
0.000258678
0.000258678
0.000258678
0.000258678
0.000258678
0.000258678
0.000258678
0.000258678
0.000258678
0.000258678
0.000258678
0.000258678
0.000258678
0.000258678
0.000258678
0.000258678
0.000258678
0.000258678
0.000258678
0.000258678
0.000258678
0.000258678
0.000258678
0.000258678
0.000258678
0.000258678
0.000258678
0.000258678
0.000250594
0.000250594
0.000250594
0.000250594
0.000250594
0.00024251
0.00024251
0.00024251
0.00024251
0.00024251
0.00024251
0.00024251
0.00024251
0.00024251
0.00024251
0.00024251
0.00024251
0.00024251
0.00024251
0.00024251
0.00024251
0.00024251
0.00024251
0.00024251
0.00024251
0.00024251
0.00024251
0.00024251
0.00024251
0.00024251
0.00024251
0.00024251
0.00024251
0.00024251
0.00024251
0.00024251
0.00024251
0.00024251
0.00024251
0.00024251
0.00024251
0.00024251
0.000226343
0.000226343
0.000226343
0.000226343
0.000226343
0.000226343
0.000226343
0.000226343
0.000226343
0.000226343
0.000226343
0.000226343
0.000226343
0.000226343
0.000218259
0.000218259
0.000218259
0.000218259
0.000210176
0.000210176
0.000210176
0.000210176
0.000210176
0.000210176
0.000210176
0.000210176
0.000210176
0.000210176
0.000210176
0.000210176
0.000210176
0.000210176
0.000210176
0.000210176
0.000210176
0.000210176
0.000210176
0.000210176
0.000210176
0.000210176
0.000210176
0.000210176
0.000210176
0.000210176
0.000210176
0.000210176
0.000210176
0.000210176
0.000210176
0.000202092
0.000202092
0.000202092
0.000202092
0.000202092
0.000194008
0.000194008
0.000194008
0.000194008
0.000194008
0.000194008
0.000194008
0.000194008
0.000194008
0.000194008
0.000194008
0.000194008
0.000194008
0.000194008
0.000194008
0.000194008
0.000194008
0.000194008
0.000194008
0.000194008
0.000194008
0.000194008
0.000194008
0.000194008
0.000194008
0.000194008
0.000194008
0.000194008
0.000194008
0.000194008
0.000194008
0.000194008
0.000194008
0.000194008
0.000194008
0.000194008
0.000194008
0.000194008
0.000194008
0.000194008
0.000194008
0.000194008
0.000194008
0.000194008
0.000194008
0.000194008
0.000194008
0.000194008
0.000194008
0.000194008
0.000194008
0.000194008
0.000194008
0.000194008
0.000194008
0.000194008
0.000194008
0.000194008
0.000194008
0.000194008
0.000194008
0.000194008
0.000194008
0.000194008
0.000194008
0.000194008
0.000194008
0.000194008
0.000194008
0.000194008
0.000185925
0.000185925
0.000177841
0.000177841
0.000177841
0.000177841
0.000177841
0.000177841
0.000177841
0.000177841
0.000177841
0.000177841
0.000177841
0.000177841
0.000177841
0.000177841
0.000177841
0.000177841
0.000177841
0.000177841
0.000177841
0.000177841
0.000177841
0.000177841
0.000177841
0.000169757
0.000169757
0.000169757
0.000169757
0.000161674
0.000161674
0.000161674
0.000161674
0.000161674
0.000161674
0.000161674
0.000161674
0.000161674
0.000161674
0.000161674
0.000161674
0.000161674
0.000161674
0.000161674
0.000161674
0.000161674
0.000161674
0.000161674
0.000161674
0.000161674
0.000161674
0.000161674
0.000161674
0.000161674
0.000161674
0.000161674
0.000161674
0.000161674
0.000161674
0.000161674
0.000161674
0.000161674
0.000161674
0.000161674
0.000161674
0.000161674
0.000161674
0.000161674
0.000161674
0.000161674
0.000161674
0.000161674
0.000161674
0.000161674
0.000161674
0.000161674
0.000161674
0.000161674
0.000161674
0.000161674
0.000161674
0.000161674
0.000161674
0.000161674
0.000161674
0.000161674
0.000161674
0.000161674
0.000161674
0.000161674
0.000161674
0.000161674
0.000161674
0.000161674
0.000161674
0.000161674
0.000161674
0.000161674
0.000161674
0.000161674
0.000161674
0.000161674
0.000161674
0.000161674
0.000161674
0.000161674
0.00015359
0.00015359
0.000145506
0.000145506
0.000145506
0.000145506
0.000145506
0.000145506
0.000145506
0.000145506
0.000145506
0.000145506
0.000145506
0.000145506
0.000145506
0.000145506
0.000145506
0.000145506
0.000145506
0.000145506
0.000145506
0.000145506
0.000145506
0.000145506
0.000145506
0.000145506
0.000145506
0.000145506
0.000145506
0.000145506
0.000145506
0.000145506
0.000145506
0.000145506
0.000145506
0.000145506
0.000145506
0.000145506
0.000145506
0.000145506
0.000145506
0.000145506
0.000145506
0.000145506
0.000145506
0.000145506
0.000145506
0.000145506
0.000145506
0.000145506
0.000145506
0.000145506
0.000145506
0.000145506
0.000145506
0.000145506
0.000145506
0.000145506
0.000145506
0.000145506
0.000145506
0.000145506
0.000145506
0.000145506
0.000145506
0.000145506
0.000145506
0.000145506
0.000145506
0.000145506
0.000145506
0.000145506
0.000145506
0.000145506
0.000137423
0.000137423
0.000137423
0.000137423
0.000129339
0.000129339
0.000129339
0.000129339
0.000129339
0.000129339
0.000129339
0.000129339
0.000129339
0.000129339
0.000129339
0.000129339
0.000129339
0.000129339
0.000129339
0.000129339
0.000129339
0.000129339
0.000129339
0.000129339
0.000129339
0.000129339
0.000129339
0.000129339
0.000129339
0.000129339
0.000129339
0.000129339
0.000121255
0.000121255
0.000121255
0.000113172
0.000113172
0.000113172
0.000113172
0.000113172
0.000113172
0.000113172
0.000113172
0.000113172
0.000113172
0.000113172
0.000113172
0.000113172
0.000113172
0.000113172
0.000113172
0.000113172
0.000113172
0.000113172
0.000113172
0.000113172
0.000113172
0.000113172
0.000113172
0.000113172
0.000113172
0.000113172
0.000113172
0.000113172
0.000113172
0.000113172
0.000113172
0.000113172
0.000113172
0.000113172
0.000113172
0.000113172
0.000113172
0.000113172
0.000113172
0.000113172
0.000113172
0.000113172
0.000113172
0.000113172
0.000113172
0.000113172
0.000113172
0.000113172
0.000113172
0.000113172
0.000113172
0.000113172
0.000113172
0.000113172
0.000113172
0.000113172
0.000113172
0.000113172
0.000113172
0.000113172
0.000113172
0.000113172
0.000113172
0.000113172
0.000113172
0.000113172
0.000113172
9.70042e-05
9.70042e-05
9.70042e-05
9.70042e-05
9.70042e-05
9.70042e-05
9.70042e-05
9.70042e-05
9.70042e-05
9.70042e-05
9.70042e-05
9.70042e-05
9.70042e-05
9.70042e-05
9.70042e-05
9.70042e-05
9.70042e-05
9.70042e-05
9.70042e-05
9.70042e-05
9.70042e-05
9.70042e-05
9.70042e-05
9.70042e-05
9.70042e-05
9.70042e-05
9.70042e-05
9.70042e-05
9.70042e-05
9.70042e-05
9.70042e-05
9.70042e-05
9.70042e-05
9.70042e-05
9.70042e-05
9.70042e-05
9.70042e-05
9.70042e-05
9.70042e-05
9.70042e-05
9.70042e-05
9.70042e-05
9.70042e-05
9.70042e-05
9.70042e-05
9.70042e-05
9.70042e-05
9.70042e-05
9.70042e-05
9.70042e-05
9.70042e-05
9.70042e-05
9.70042e-05
9.70042e-05
9.70042e-05
9.70042e-05
9.70042e-05
9.70042e-05
9.70042e-05
9.70042e-05
9.70042e-05
9.70042e-05
9.70042e-05
9.70042e-05
9.70042e-05
9.70042e-05
9.70042e-05
9.70042e-05
9.70042e-05
9.70042e-05
9.70042e-05
9.70042e-05
9.70042e-05
9.70042e-05
9.70042e-05
9.70042e-05
9.70042e-05
9.70042e-05
9.70042e-05
9.70042e-05
9.70042e-05
9.70042e-05
9.70042e-05
9.70042e-05
9.70042e-05
9.70042e-05
9.70042e-05
9.70042e-05
9.70042e-05
9.70042e-05
9.70042e-05
9.70042e-05
9.70042e-05
9.70042e-05
9.70042e-05
9.70042e-05
9.70042e-05
9.70042e-05
9.70042e-05
9.70042e-05
9.70042e-05
9.70042e-05
9.70042e-05
9.70042e-05
9.70042e-05
9.70042e-05
9.70042e-05
9.70042e-05
9.70042e-05
9.70042e-05
9.70042e-05
9.70042e-05
9.70042e-05
9.70042e-05
9.70042e-05
9.70042e-05
9.70042e-05
9.70042e-05
9.70042e-05
9.70042e-05
9.70042e-05
9.70042e-05
9.70042e-05
9.70042e-05
9.70042e-05
9.70042e-05
9.70042e-05
9.70042e-05
9.70042e-05
9.70042e-05
9.70042e-05
9.70042e-05
9.70042e-05
9.70042e-05
9.70042e-05
9.70042e-05
9.70042e-05
9.70042e-05
9.70042e-05
9.70042e-05
9.70042e-05
9.70042e-05
9.70042e-05
9.70042e-05
9.70042e-05
9.70042e-05
9.70042e-05
9.70042e-05
9.70042e-05
9.70042e-05
9.70042e-05
9.70042e-05
9.70042e-05
9.70042e-05
9.70042e-05
9.70042e-05
9.70042e-05
9.70042e-05
9.70042e-05
9.70042e-05
9.70042e-05
9.70042e-05
9.70042e-05
9.70042e-05
9.70042e-05
9.70042e-05
9.70042e-05
9.70042e-05
9.70042e-05
9.70042e-05
9.70042e-05
9.70042e-05
9.70042e-05
9.70042e-05
9.70042e-05
9.70042e-05
9.70042e-05
9.70042e-05
9.70042e-05
9.70042e-05
9.70042e-05
9.70042e-05
9.70042e-05
9.70042e-05
9.70042e-05
9.70042e-05
9.70042e-05
9.70042e-05
9.70042e-05
9.70042e-05
9.70042e-05
9.70042e-05
9.70042e-05
9.70042e-05
9.70042e-05
9.70042e-05
9.70042e-05
9.70042e-05
9.70042e-05
9.70042e-05
9.70042e-05
9.70042e-05
9.70042e-05
9.70042e-05
9.70042e-05
9.70042e-05
9.70042e-05
9.70042e-05
9.70042e-05
9.70042e-05
9.70042e-05
9.70042e-05
9.70042e-05
9.70042e-05
9.70042e-05
9.70042e-05
9.70042e-05
9.70042e-05
9.70042e-05
9.70042e-05
9.70042e-05
9.70042e-05
9.70042e-05
9.70042e-05
9.70042e-05
9.70042e-05
9.70042e-05
9.70042e-05
9.70042e-05
9.70042e-05
9.70042e-05
9.70042e-05
9.70042e-05
9.70042e-05
9.70042e-05
9.70042e-05
9.70042e-05
9.70042e-05
9.70042e-05
9.70042e-05
9.70042e-05
9.70042e-05
9.70042e-05
9.70042e-05
9.70042e-05
9.70042e-05
9.70042e-05
9.70042e-05
9.70042e-05
9.70042e-05
9.70042e-05
9.70042e-05
9.70042e-05
9.70042e-05
9.70042e-05
9.70042e-05
9.70042e-05
9.70042e-05
9.70042e-05
9.70042e-05
9.70042e-05
9.70042e-05
9.70042e-05
9.70042e-05
9.70042e-05
9.70042e-05
9.70042e-05
9.70042e-05
9.70042e-05
9.70042e-05
9.70042e-05
9.70042e-05
9.70042e-05
9.70042e-05
9.70042e-05
9.70042e-05
9.70042e-05
9.70042e-05
9.70042e-05
9.70042e-05
9.70042e-05
9.70042e-05
9.70042e-05
9.70042e-05
9.70042e-05
9.70042e-05
9.70042e-05
9.70042e-05
9.70042e-05
9.70042e-05
9.70042e-05
9.70042e-05
9.70042e-05
9.70042e-05
9.70042e-05
9.70042e-05
9.70042e-05
9.70042e-05
9.70042e-05
9.70042e-05
9.70042e-05
9.70042e-05
9.70042e-05
9.70042e-05
9.70042e-05
9.70042e-05
9.70042e-05
9.70042e-05
9.70042e-05
9.70042e-05
9.70042e-05
9.70042e-05
9.70042e-05
9.70042e-05
9.70042e-05
9.70042e-05
9.70042e-05
9.70042e-05
9.70042e-05
9.70042e-05
9.70042e-05
9.70042e-05
9.70042e-05
9.70042e-05
9.70042e-05
9.70042e-05
9.70042e-05
9.70042e-05
9.70042e-05
9.70042e-05
9.70042e-05
9.70042e-05
9.70042e-05
9.70042e-05
9.70042e-05
9.70042e-05
9.70042e-05
9.70042e-05
9.70042e-05
9.70042e-05
9.70042e-05
8.08368e-05
8.08368e-05
8.08368e-05
8.08368e-05
8.08368e-05
8.08368e-05
8.08368e-05
8.08368e-05
8.08368e-05
8.08368e-05
8.08368e-05
8.08368e-05
8.08368e-05
8.08368e-05
8.08368e-05
8.08368e-05
8.08368e-05
8.08368e-05
8.08368e-05
8.08368e-05
8.08368e-05
7.27531e-05
7.27531e-05
7.27531e-05
6.46695e-05
6.46695e-05
6.46695e-05
6.46695e-05
6.46695e-05
6.46695e-05
6.46695e-05
6.46695e-05
6.46695e-05
6.46695e-05
6.46695e-05
6.46695e-05
6.46695e-05
6.46695e-05
6.46695e-05
6.46695e-05
6.46695e-05
6.46695e-05
6.46695e-05
6.46695e-05
6.46695e-05
6.46695e-05
6.46695e-05
6.46695e-05
6.46695e-05
6.46695e-05
6.46695e-05
6.46695e-05
6.46695e-05
6.46695e-05
6.46695e-05
6.46695e-05
6.46695e-05
6.46695e-05
6.46695e-05
6.46695e-05
6.46695e-05
6.46695e-05
6.46695e-05
6.46695e-05
6.46695e-05
6.46695e-05
6.46695e-05
6.46695e-05
6.46695e-05
6.46695e-05
6.46695e-05
6.46695e-05
6.46695e-05
6.46695e-05
6.46695e-05
6.46695e-05
6.46695e-05
6.46695e-05
6.46695e-05
6.46695e-05
6.46695e-05
6.46695e-05
6.46695e-05
6.46695e-05
6.46695e-05
6.46695e-05
6.46695e-05
6.46695e-05
6.46695e-05
6.46695e-05
6.46695e-05
6.46695e-05
6.46695e-05
6.46695e-05
6.46695e-05
6.46695e-05
6.46695e-05
6.46695e-05
6.46695e-05
6.46695e-05
6.46695e-05
6.46695e-05
6.46695e-05
6.46695e-05
6.46695e-05
6.46695e-05
6.46695e-05
6.46695e-05
6.46695e-05
6.46695e-05
6.46695e-05
6.46695e-05
6.46695e-05
6.46695e-05
6.46695e-05
6.46695e-05
6.46695e-05
6.46695e-05
6.46695e-05
6.46695e-05
6.46695e-05
6.46695e-05
6.46695e-05
6.46695e-05
5.65858e-05
5.65858e-05
4.85021e-05
4.85021e-05
4.85021e-05
4.85021e-05
4.85021e-05
4.85021e-05
4.85021e-05
4.85021e-05
4.85021e-05
4.85021e-05
4.85021e-05
4.85021e-05
4.85021e-05
4.85021e-05
4.85021e-05
4.85021e-05
4.85021e-05
4.85021e-05
4.85021e-05
4.85021e-05
4.85021e-05
4.85021e-05
4.85021e-05
4.85021e-05
4.85021e-05
4.85021e-05
4.85021e-05
4.85021e-05
4.85021e-05
4.85021e-05
4.85021e-05
4.85021e-05
4.85021e-05
4.85021e-05
4.85021e-05
4.85021e-05
4.85021e-05
4.85021e-05
4.85021e-05
4.85021e-05
4.85021e-05
4.85021e-05
4.85021e-05
4.85021e-05
4.85021e-05
4.85021e-05
4.85021e-05
4.85021e-05
4.85021e-05
4.85021e-05
4.85021e-05
4.85021e-05
4.85021e-05
4.85021e-05
4.85021e-05
4.85021e-05
4.85021e-05
4.85021e-05
4.85021e-05
4.85021e-05
4.85021e-05
4.85021e-05
4.85021e-05
4.85021e-05
4.85021e-05
4.85021e-05
4.85021e-05
4.85021e-05
4.85021e-05
4.85021e-05
4.85021e-05
4.85021e-05
4.85021e-05
4.85021e-05
4.85021e-05
4.85021e-05
4.85021e-05
4.85021e-05
4.85021e-05
4.85021e-05
4.85021e-05
4.85021e-05
4.85021e-05
4.85021e-05
4.85021e-05
4.85021e-05
4.85021e-05
4.85021e-05
4.85021e-05
4.85021e-05
4.85021e-05
4.85021e-05
4.85021e-05
4.85021e-05
4.85021e-05
4.85021e-05
4.85021e-05
4.85021e-05
4.85021e-05
4.85021e-05
4.85021e-05
4.85021e-05
4.85021e-05
4.85021e-05
4.85021e-05
4.85021e-05
4.85021e-05
4.85021e-05
4.85021e-05
4.85021e-05
4.85021e-05
4.85021e-05
4.85021e-05
4.85021e-05
4.85021e-05
4.85021e-05
4.85021e-05
4.85021e-05
4.85021e-05
4.85021e-05
4.85021e-05
4.85021e-05
4.85021e-05
4.85021e-05
4.85021e-05
4.85021e-05
4.85021e-05
4.85021e-05
4.85021e-05
4.85021e-05
4.85021e-05
4.85021e-05
4.85021e-05
4.85021e-05
4.85021e-05
4.85021e-05
4.85021e-05
4.85021e-05
4.85021e-05
4.85021e-05
4.85021e-05
4.85021e-05
4.85021e-05
4.85021e-05
4.85021e-05
4.85021e-05
4.85021e-05
4.85021e-05
4.85021e-05
4.85021e-05
4.85021e-05
4.85021e-05
4.85021e-05
4.85021e-05
4.85021e-05
4.85021e-05
4.85021e-05
4.85021e-05
4.85021e-05
4.85021e-05
4.85021e-05
4.85021e-05
4.85021e-05
4.85021e-05
4.85021e-05
4.85021e-05
4.85021e-05
4.85021e-05
4.85021e-05
4.85021e-05
4.85021e-05
4.85021e-05
4.85021e-05
4.85021e-05
4.85021e-05
4.85021e-05
4.85021e-05
4.85021e-05
4.85021e-05
4.85021e-05
4.85021e-05
4.85021e-05
4.85021e-05
4.85021e-05
4.85021e-05
4.85021e-05
4.85021e-05
4.85021e-05
4.85021e-05
4.85021e-05
4.85021e-05
4.85021e-05
4.85021e-05
4.85021e-05
4.85021e-05
4.85021e-05
4.85021e-05
4.85021e-05
4.85021e-05
4.85021e-05
4.85021e-05
4.85021e-05
4.85021e-05
4.85021e-05
4.85021e-05
4.85021e-05
4.85021e-05
4.85021e-05
4.85021e-05
4.85021e-05
4.85021e-05
4.85021e-05
4.85021e-05
4.85021e-05
4.85021e-05
4.85021e-05
4.85021e-05
4.85021e-05
4.85021e-05
4.85021e-05
4.85021e-05
4.85021e-05
4.85021e-05
4.85021e-05
4.85021e-05
4.85021e-05
4.85021e-05
4.85021e-05
4.85021e-05
4.85021e-05
4.85021e-05
4.85021e-05
4.85021e-05
4.85021e-05
4.85021e-05
4.85021e-05
4.85021e-05
4.85021e-05
4.85021e-05
4.85021e-05
4.85021e-05
4.85021e-05
4.85021e-05
4.85021e-05
4.85021e-05
4.85021e-05
4.85021e-05
4.85021e-05
4.85021e-05
4.85021e-05
4.85021e-05
4.85021e-05
4.85021e-05
4.85021e-05
4.85021e-05
4.85021e-05
4.85021e-05
4.85021e-05
4.85021e-05
4.85021e-05
4.85021e-05
4.85021e-05
4.85021e-05
4.85021e-05
4.85021e-05
4.85021e-05
4.85021e-05
4.85021e-05
4.85021e-05
4.85021e-05
4.85021e-05
4.85021e-05
4.85021e-05
4.85021e-05
4.85021e-05
4.85021e-05
4.85021e-05
4.85021e-05
4.85021e-05
4.85021e-05
4.85021e-05
4.85021e-05
4.85021e-05
4.85021e-05
4.85021e-05
4.85021e-05
4.85021e-05
4.85021e-05
4.85021e-05
4.85021e-05
4.85021e-05
4.85021e-05
4.85021e-05
4.85021e-05
4.85021e-05
4.85021e-05
4.85021e-05
4.85021e-05
4.85021e-05
4.85021e-05
4.85021e-05
4.85021e-05
4.85021e-05
4.85021e-05
4.85021e-05
4.85021e-05
4.85021e-05
4.85021e-05
4.85021e-05
4.85021e-05
4.85021e-05
4.85021e-05
4.85021e-05
4.85021e-05
4.85021e-05
4.85021e-05
4.85021e-05
4.85021e-05
4.85021e-05
4.85021e-05
4.85021e-05
4.85021e-05
4.85021e-05
4.85021e-05
4.85021e-05
4.85021e-05
4.85021e-05
4.85021e-05
4.85021e-05
4.85021e-05
4.85021e-05
4.85021e-05
4.85021e-05
4.85021e-05
4.85021e-05
4.85021e-05
4.85021e-05
4.85021e-05
4.85021e-05
4.85021e-05
4.85021e-05
4.85021e-05
4.85021e-05
4.85021e-05
4.85021e-05
4.85021e-05
4.85021e-05
4.85021e-05
4.85021e-05
4.85021e-05
4.85021e-05
4.85021e-05
4.85021e-05
4.85021e-05
4.85021e-05
4.85021e-05
4.85021e-05
4.85021e-05
4.85021e-05
4.85021e-05
4.85021e-05
4.85021e-05
4.85021e-05
4.85021e-05
4.85021e-05
4.85021e-05
4.85021e-05
4.85021e-05
4.85021e-05
4.85021e-05
4.85021e-05
4.85021e-05
4.85021e-05
4.85021e-05
4.85021e-05
4.85021e-05
4.85021e-05
4.85021e-05
4.85021e-05
4.85021e-05
4.85021e-05
4.85021e-05
4.85021e-05
4.85021e-05
4.85021e-05
4.85021e-05
4.85021e-05
4.85021e-05
4.85021e-05
4.85021e-05
4.85021e-05
4.85021e-05
4.85021e-05
4.85021e-05
4.85021e-05
4.85021e-05
4.85021e-05
4.85021e-05
4.85021e-05
4.85021e-05
4.85021e-05
4.85021e-05
4.85021e-05
4.85021e-05
4.85021e-05
4.85021e-05
4.85021e-05
4.85021e-05
4.85021e-05
4.85021e-05
4.85021e-05
4.85021e-05
4.85021e-05
4.85021e-05
4.85021e-05
4.85021e-05
4.85021e-05
4.85021e-05
4.85021e-05
4.85021e-05
4.85021e-05
4.85021e-05
4.85021e-05
4.85021e-05
4.85021e-05
4.85021e-05
4.85021e-05
4.85021e-05
4.85021e-05
4.85021e-05
4.85021e-05
4.85021e-05
4.85021e-05
4.85021e-05
4.85021e-05
4.85021e-05
4.85021e-05
4.85021e-05
4.85021e-05
4.85021e-05
4.85021e-05
4.85021e-05
4.85021e-05
4.85021e-05
4.85021e-05
4.85021e-05
4.85021e-05
4.85021e-05
4.85021e-05
4.85021e-05
4.85021e-05
4.85021e-05
4.85021e-05
4.85021e-05
4.85021e-05
4.85021e-05
4.85021e-05
4.85021e-05
4.85021e-05
4.85021e-05
4.85021e-05
4.85021e-05
4.85021e-05
4.85021e-05
4.85021e-05
4.85021e-05
4.85021e-05
4.85021e-05
4.85021e-05
4.85021e-05
4.85021e-05
4.85021e-05
4.85021e-05
4.85021e-05
4.85021e-05
4.85021e-05
4.85021e-05
4.85021e-05
4.85021e-05
4.85021e-05
4.85021e-05
4.85021e-05
4.85021e-05
4.85021e-05
4.85021e-05
4.85021e-05
4.85021e-05
4.85021e-05
4.85021e-05
4.85021e-05
4.85021e-05
4.85021e-05
4.85021e-05
4.85021e-05
4.85021e-05
4.85021e-05
4.85021e-05
4.85021e-05
4.85021e-05
4.85021e-05
4.85021e-05
4.85021e-05
4.85021e-05
4.85021e-05
4.85021e-05
4.85021e-05
4.85021e-05
4.85021e-05
4.85021e-05
4.85021e-05
4.85021e-05
4.85021e-05
4.85021e-05
4.85021e-05
4.85021e-05
4.85021e-05
4.85021e-05
4.85021e-05
4.85021e-05
4.85021e-05
4.85021e-05
4.85021e-05
4.85021e-05
4.85021e-05
4.85021e-05
4.85021e-05
4.85021e-05
4.85021e-05
4.85021e-05
4.85021e-05
4.85021e-05
4.85021e-05
4.85021e-05
4.85021e-05
4.85021e-05
4.85021e-05
4.85021e-05
4.85021e-05
4.85021e-05
4.85021e-05
4.85021e-05
4.85021e-05
4.85021e-05
4.85021e-05
4.85021e-05
4.85021e-05
4.85021e-05
4.85021e-05
4.85021e-05
4.85021e-05
4.85021e-05
4.85021e-05
4.85021e-05
4.85021e-05
4.85021e-05
4.85021e-05
4.85021e-05
4.85021e-05
4.85021e-05
4.85021e-05
4.85021e-05
4.85021e-05
4.85021e-05
4.85021e-05
4.85021e-05
4.85021e-05
4.85021e-05
4.85021e-05
4.85021e-05
4.85021e-05
4.85021e-05
4.85021e-05
4.85021e-05
4.85021e-05
4.85021e-05
4.85021e-05
4.85021e-05
4.85021e-05
4.85021e-05
4.85021e-05
4.85021e-05
4.85021e-05
4.85021e-05
4.85021e-05
4.85021e-05
4.85021e-05
4.85021e-05
4.85021e-05
4.85021e-05
4.85021e-05
4.85021e-05
4.85021e-05
4.85021e-05
4.85021e-05
4.85021e-05
4.85021e-05
4.85021e-05
4.85021e-05
4.85021e-05
4.85021e-05
4.85021e-05
4.85021e-05
4.85021e-05
4.85021e-05
4.85021e-05
4.85021e-05
4.85021e-05
4.85021e-05
4.85021e-05
4.85021e-05
4.85021e-05
4.85021e-05
4.85021e-05
4.85021e-05
4.85021e-05
4.85021e-05
4.85021e-05
4.85021e-05
4.85021e-05
4.85021e-05
4.85021e-05
4.85021e-05
4.85021e-05
4.85021e-05
4.85021e-05
4.85021e-05
4.85021e-05
4.85021e-05
4.85021e-05
4.85021e-05
4.85021e-05
4.85021e-05
4.85021e-05
4.85021e-05
4.85021e-05
4.85021e-05
4.85021e-05
4.85021e-05
4.85021e-05
4.85021e-05
4.85021e-05
4.85021e-05
4.85021e-05
4.85021e-05
4.85021e-05
4.85021e-05
4.85021e-05
4.85021e-05
4.85021e-05
4.85021e-05
4.85021e-05
4.85021e-05
4.85021e-05
4.85021e-05
4.85021e-05
4.85021e-05
4.85021e-05
4.85021e-05
4.85021e-05
4.85021e-05
4.85021e-05
4.85021e-05
4.85021e-05
4.85021e-05
4.85021e-05
4.85021e-05
4.85021e-05
4.85021e-05
4.85021e-05
4.85021e-05
4.85021e-05
4.85021e-05
4.85021e-05
4.85021e-05
4.85021e-05
4.85021e-05
4.85021e-05
4.85021e-05
4.85021e-05
4.85021e-05
4.85021e-05
4.85021e-05
4.85021e-05
4.04184e-05
3.23347e-05
3.23347e-05
3.23347e-05
3.23347e-05
3.23347e-05
3.23347e-05
3.23347e-05
3.23347e-05
3.23347e-05
3.23347e-05
3.23347e-05
3.23347e-05
3.23347e-05
3.23347e-05
3.23347e-05
3.23347e-05
3.23347e-05
3.23347e-05
3.23347e-05
3.23347e-05
3.23347e-05
3.23347e-05
3.23347e-05
3.23347e-05
3.23347e-05
3.23347e-05
3.23347e-05
3.23347e-05
3.23347e-05
3.23347e-05
3.23347e-05
3.23347e-05
3.23347e-05
3.23347e-05
3.23347e-05
3.23347e-05
3.23347e-05
3.23347e-05
3.23347e-05
3.23347e-05
3.23347e-05
3.23347e-05
3.23347e-05
3.23347e-05
3.23347e-05
3.23347e-05
3.23347e-05
3.23347e-05
3.23347e-05
3.23347e-05
3.23347e-05
3.23347e-05
3.23347e-05
3.23347e-05
3.23347e-05
3.23347e-05
3.23347e-05
3.23347e-05
3.23347e-05
3.23347e-05
3.23347e-05
3.23347e-05
3.23347e-05
3.23347e-05
3.23347e-05
3.23347e-05
3.23347e-05
3.23347e-05
3.23347e-05
3.23347e-05
3.23347e-05
3.23347e-05
3.23347e-05
3.23347e-05
3.23347e-05
3.23347e-05
3.23347e-05
3.23347e-05
3.23347e-05
3.23347e-05
3.23347e-05
3.23347e-05
3.23347e-05
3.23347e-05
3.23347e-05
3.23347e-05
3.23347e-05
3.23347e-05
3.23347e-05
3.23347e-05
3.23347e-05
3.23347e-05
3.23347e-05
3.23347e-05
3.23347e-05
3.23347e-05
3.23347e-05
3.23347e-05
3.23347e-05
3.23347e-05
3.23347e-05
3.23347e-05
3.23347e-05
3.23347e-05
3.23347e-05
3.23347e-05
3.23347e-05
3.23347e-05
3.23347e-05
3.23347e-05
3.23347e-05
3.23347e-05
3.23347e-05
3.23347e-05
3.23347e-05
3.23347e-05
3.23347e-05
3.23347e-05
3.23347e-05
3.23347e-05
3.23347e-05
3.23347e-05
3.23347e-05
3.23347e-05
3.23347e-05
3.23347e-05
3.23347e-05
3.23347e-05
3.23347e-05
3.23347e-05
3.23347e-05
3.23347e-05
3.23347e-05
3.23347e-05
3.23347e-05
3.23347e-05
3.23347e-05
3.23347e-05
3.23347e-05
3.23347e-05
3.23347e-05
3.23347e-05
3.23347e-05
3.23347e-05
3.23347e-05
3.23347e-05
3.23347e-05
3.23347e-05
3.23347e-05
3.23347e-05
3.23347e-05
3.23347e-05
3.23347e-05
3.23347e-05
3.23347e-05
3.23347e-05
3.23347e-05
3.23347e-05
3.23347e-05
3.23347e-05
3.23347e-05
3.23347e-05
3.23347e-05
3.23347e-05
3.23347e-05
3.23347e-05
3.23347e-05
3.23347e-05
3.23347e-05
3.23347e-05
3.23347e-05
3.23347e-05
3.23347e-05
3.23347e-05
3.23347e-05
3.23347e-05
3.23347e-05
3.23347e-05
3.23347e-05
3.23347e-05
3.23347e-05
3.23347e-05
3.23347e-05
1.61674e-05
1.61674e-05
1.61674e-05
1.61674e-05
1.61674e-05
1.61674e-05
1.61674e-05
1.61674e-05
1.61674e-05
1.61674e-05
1.61674e-05
1.61674e-05
1.61674e-05
1.61674e-05
1.61674e-05
1.61674e-05
1.61674e-05
1.61674e-05
1.61674e-05
1.61674e-05
1.61674e-05
1.61674e-05
1.61674e-05
1.61674e-05
1.61674e-05
1.61674e-05
1.61674e-05
1.61674e-05
1.61674e-05
1.61674e-05
1.61674e-05
1.61674e-05
1.61674e-05
1.61674e-05
1.61674e-05
1.61674e-05
1.61674e-05
1.61674e-05
1.61674e-05
1.61674e-05
1.61674e-05
1.61674e-05
1.61674e-05
1.61674e-05
1.61674e-05
1.61674e-05
1.61674e-05
1.61674e-05
1.61674e-05
1.61674e-05
1.61674e-05
1.61674e-05
1.61674e-05
1.61674e-05
1.61674e-05
1.61674e-05
1.61674e-05
1.61674e-05
1.61674e-05
1.61674e-05
1.61674e-05
1.61674e-05
1.61674e-05
1.61674e-05
1.61674e-05
1.61674e-05
1.61674e-05
1.61674e-05
1.61674e-05
1.61674e-05
1.61674e-05
1.61674e-05
1.61674e-05
1.61674e-05
1.61674e-05
1.61674e-05
1.61674e-05
1.61674e-05
1.61674e-05
1.61674e-05
1.61674e-05
1.61674e-05
1.61674e-05
1.61674e-05
1.61674e-05
1.61674e-05
1.61674e-05
1.61674e-05
1.61674e-05
1.61674e-05
1.61674e-05
1.61674e-05
1.61674e-05
1.61674e-05
1.61674e-05
1.61674e-05
1.61674e-05
1.61674e-05
1.61674e-05
1.61674e-05
1.61674e-05
1.61674e-05
1.61674e-05
1.61674e-05
1.61674e-05
1.61674e-05
1.61674e-05
1.61674e-05
1.61674e-05
1.61674e-05
1.61674e-05
1.61674e-05
1.61674e-05
1.61674e-05
1.61674e-05
1.61674e-05
1.61674e-05
1.61674e-05
1.61674e-05
1.61674e-05
1.61674e-05
1.61674e-05
1.61674e-05
1.61674e-05
1.61674e-05
1.61674e-05
1.61674e-05
1.61674e-05
1.61674e-05
1.61674e-05
1.61674e-05
1.61674e-05
1.61674e-05
1.61674e-05
1.61674e-05
1.61674e-05
1.61674e-05
1.61674e-05
1.61674e-05
1.61674e-05
1.61674e-05
1.61674e-05
1.61674e-05
1.61674e-05
1.61674e-05
1.61674e-05
1.61674e-05
1.61674e-05
1.61674e-05
1.61674e-05
1.61674e-05
1.61674e-05
1.61674e-05
1.61674e-05
1.61674e-05
1.61674e-05
1.61674e-05
1.61674e-05
1.61674e-05
1.61674e-05
1.61674e-05
1.61674e-05
1.61674e-05
1.61674e-05
1.61674e-05
1.61674e-05
1.61674e-05
1.61674e-05
1.61674e-05
1.61674e-05
1.61674e-05
1.61674e-05
1.61674e-05
1.61674e-05
1.61674e-05
1.61674e-05
1.61674e-05
1.61674e-05
1.61674e-05
1.61674e-05
1.61674e-05
1.61674e-05
1.61674e-05
1.61674e-05
1.61674e-05
1.61674e-05
1.61674e-05
1.61674e-05
1.61674e-05
1.61674e-05
1.61674e-05
1.61674e-05
1.61674e-05
1.61674e-05
1.61674e-05
1.61674e-05
1.61674e-05
1.61674e-05
1.61674e-05
1.61674e-05
1.61674e-05
1.61674e-05
1.61674e-05
1.61674e-05
1.61674e-05
1.61674e-05
1.61674e-05
1.61674e-05
1.61674e-05
1.61674e-05
1.61674e-05
1.61674e-05
1.61674e-05
1.61674e-05
1.61674e-05
1.61674e-05
1.61674e-05
1.61674e-05
1.61674e-05
1.61674e-05
1.61674e-05
1.61674e-05
1.61674e-05
1.61674e-05
1.61674e-05
1.61674e-05
1.61674e-05
1.61674e-05
1.61674e-05
1.61674e-05
1.61674e-05
1.61674e-05
1.61674e-05
1.61674e-05
1.61674e-05
1.61674e-05
1.61674e-05
1.61674e-05
1.61674e-05
1.61674e-05
1.61674e-05
1.61674e-05
1.61674e-05
1.61674e-05
1.61674e-05
1.61674e-05
1.61674e-05
1.61674e-05
1.61674e-05
1.61674e-05
1.61674e-05
1.61674e-05
1.61674e-05
1.61674e-05
1.61674e-05
1.61674e-05
1.61674e-05
1.61674e-05
1.61674e-05
1.61674e-05
1.61674e-05
1.61674e-05
1.61674e-05
1.61674e-05
1.61674e-05
1.61674e-05
1.61674e-05
1.61674e-05
1.61674e-05
1.61674e-05
1.61674e-05
1.61674e-05
1.61674e-05
1.61674e-05
1.61674e-05
1.61674e-05
1.61674e-05
1.61674e-05
1.61674e-05
1.61674e-05
1.61674e-05
1.61674e-05
1.61674e-05
1.61674e-05
1.61674e-05
1.61674e-05
1.61674e-05
1.61674e-05
1.61674e-05
1.61674e-05
1.61674e-05
1.61674e-05
1.61674e-05
1.61674e-05
1.61674e-05
1.61674e-05
1.61674e-05
1.61674e-05
1.61674e-05
1.61674e-05
1.61674e-05
1.61674e-05
1.61674e-05
1.61674e-05
1.61674e-05
1.61674e-05
1.61674e-05
1.61674e-05
1.61674e-05
1.61674e-05
1.61674e-05
1.61674e-05
1.61674e-05
1.61674e-05
1.61674e-05
1.61674e-05
1.61674e-05
1.61674e-05
1.61674e-05
1.61674e-05
1.61674e-05
1.61674e-05
1.61674e-05
1.61674e-05
1.61674e-05
1.61674e-05
1.61674e-05
1.61674e-05
1.61674e-05
1.61674e-05
1.61674e-05
1.61674e-05
1.61674e-05
1.61674e-05
1.61674e-05
1.61674e-05
1.61674e-05
1.61674e-05
1.61674e-05
1.61674e-05
1.61674e-05
1.61674e-05
1.61674e-05
1.61674e-05
1.61674e-05
1.61674e-05
1.61674e-05
1.61674e-05
1.61674e-05
1.61674e-05
1.61674e-05
1.61674e-05
1.61674e-05
1.61674e-05
1.61674e-05
1.61674e-05
1.61674e-05
1.61674e-05
1.61674e-05
1.61674e-05
1.61674e-05
1.61674e-05
1.61674e-05
1.61674e-05
1.61674e-05
1.61674e-05
1.61674e-05
1.61674e-05
1.61674e-05
1.61674e-05
1.61674e-05
1.61674e-05
1.61674e-05
1.61674e-05
1.61674e-05
1.61674e-05
1.61674e-05
1.61674e-05
1.61674e-05
1.61674e-05
1.61674e-05
1.61674e-05
1.61674e-05
1.61674e-05
1.61674e-05
1.61674e-05
1.61674e-05
1.61674e-05
1.61674e-05
1.61674e-05
1.61674e-05
1.61674e-05
1.61674e-05
1.61674e-05
1.61674e-05
1.61674e-05
1.61674e-05
1.61674e-05
1.61674e-05
1.61674e-05
1.61674e-05
1.61674e-05
1.61674e-05
1.61674e-05
1.61674e-05
1.61674e-05
1.61674e-05
1.61674e-05
1.61674e-05
1.61674e-05
1.61674e-05
1.61674e-05
1.61674e-05
1.61674e-05
1.61674e-05
1.61674e-05
1.61674e-05
1.61674e-05
1.61674e-05
1.61674e-05
1.61674e-05
1.61674e-05
1.61674e-05
1.61674e-05
1.61674e-05
1.61674e-05
1.61674e-05
1.61674e-05
1.61674e-05
1.61674e-05
1.61674e-05
1.61674e-05
1.61674e-05
1.61674e-05
1.61674e-05
1.61674e-05
1.61674e-05
1.61674e-05
1.61674e-05
1.61674e-05
1.61674e-05
1.61674e-05
1.61674e-05
1.61674e-05
1.61674e-05
1.61674e-05
1.61674e-05
1.61674e-05
1.61674e-05
1.61674e-05
1.61674e-05
1.61674e-05
1.61674e-05
1.61674e-05
1.61674e-05
1.61674e-05
1.61674e-05
1.61674e-05
1.61674e-05
1.61674e-05
1.61674e-05
1.61674e-05
1.61674e-05
1.61674e-05
1.61674e-05
1.61674e-05
1.61674e-05
1.61674e-05
1.61674e-05
1.61674e-05
1.61674e-05
1.61674e-05
1.61674e-05
1.61674e-05
1.61674e-05
1.61674e-05
1.61674e-05
1.61674e-05
1.61674e-05
1.61674e-05
1.61674e-05
1.61674e-05
1.61674e-05
1.61674e-05
1.61674e-05
1.61674e-05
1.61674e-05
1.61674e-05
1.61674e-05
1.61674e-05
1.61674e-05
1.61674e-05
1.61674e-05
1.61674e-05
1.61674e-05
1.61674e-05
1.61674e-05
1.61674e-05
1.61674e-05
1.61674e-05
1.61674e-05
1.61674e-05
1.61674e-05
1.61674e-05
1.61674e-05
1.61674e-05
1.61674e-05
1.61674e-05
1.61674e-05
1.61674e-05
1.61674e-05
1.61674e-05
1.61674e-05
1.61674e-05
1.61674e-05
1.61674e-05
1.61674e-05
1.61674e-05
1.61674e-05
1.61674e-05
1.61674e-05
1.61674e-05
1.61674e-05
1.61674e-05
1.61674e-05
1.61674e-05
1.61674e-05
1.61674e-05
1.61674e-05
1.61674e-05
1.61674e-05
1.61674e-05
1.61674e-05
1.61674e-05
1.61674e-05
1.61674e-05
1.61674e-05
1.61674e-05
1.61674e-05
1.61674e-05
1.61674e-05
1.61674e-05
1.61674e-05
1.61674e-05
1.61674e-05
1.61674e-05
1.61674e-05
1.61674e-05
1.61674e-05
1.61674e-05
1.61674e-05
1.61674e-05
1.61674e-05
1.61674e-05
1.61674e-05
1.61674e-05
1.61674e-05
1.61674e-05
1.61674e-05
1.61674e-05
1.61674e-05
1.61674e-05
1.61674e-05
1.61674e-05
1.61674e-05
1.61674e-05
1.61674e-05
1.61674e-05
1.61674e-05
1.61674e-05
1.61674e-05
1.61674e-05
1.61674e-05
1.61674e-05
1.61674e-05
1.61674e-05
1.61674e-05
1.61674e-05
1.61674e-05
1.61674e-05
1.61674e-05
1.61674e-05
1.61674e-05
1.61674e-05
1.61674e-05
1.61674e-05
1.61674e-05
1.61674e-05
1.61674e-05
1.61674e-05
1.61674e-05
1.61674e-05
1.61674e-05
1.61674e-05
1.61674e-05
1.61674e-05
1.61674e-05
1.61674e-05
1.61674e-05
1.61674e-05
1.61674e-05
1.61674e-05
1.61674e-05
1.61674e-05
1.61674e-05
1.61674e-05
1.61674e-05
1.61674e-05
1.61674e-05
1.61674e-05
1.61674e-05
1.61674e-05
1.61674e-05
1.61674e-05
1.61674e-05
1.61674e-05
1.61674e-05
1.61674e-05
1.61674e-05
1.61674e-05
1.61674e-05
1.61674e-05
1.61674e-05
1.61674e-05
1.61674e-05
1.61674e-05
1.61674e-05
1.61674e-05
1.61674e-05
1.61674e-05
1.61674e-05
1.61674e-05
1.61674e-05
1.61674e-05
1.61674e-05
1.61674e-05
1.61674e-05
1.61674e-05
1.61674e-05
1.61674e-05
1.61674e-05
1.61674e-05
1.61674e-05
1.61674e-05
1.61674e-05
1.61674e-05
1.61674e-05
1.61674e-05
1.61674e-05
1.61674e-05
1.61674e-05
1.61674e-05
1.61674e-05
1.61674e-05
1.61674e-05
1.61674e-05
1.61674e-05
1.61674e-05
1.61674e-05
1.61674e-05
1.61674e-05
1.61674e-05
1.61674e-05
1.61674e-05
1.61674e-05
1.61674e-05
1.61674e-05
1.61674e-05
1.61674e-05
1.61674e-05
1.61674e-05
1.61674e-05
1.61674e-05
1.61674e-05
1.61674e-05
1.61674e-05
1.61674e-05
1.61674e-05
1.61674e-05
1.61674e-05
1.61674e-05
1.61674e-05
1.61674e-05
1.61674e-05
1.61674e-05
1.61674e-05
1.61674e-05
1.61674e-05
1.61674e-05
1.61674e-05
1.61674e-05
1.61674e-05
1.61674e-05
1.61674e-05
1.61674e-05
1.61674e-05
1.61674e-05
1.61674e-05
1.61674e-05
1.61674e-05
1.61674e-05
1.61674e-05
1.61674e-05
1.61674e-05
1.61674e-05
1.61674e-05
1.61674e-05
1.61674e-05
1.61674e-05
1.61674e-05
1.61674e-05
1.61674e-05
1.61674e-05
1.61674e-05
1.61674e-05
1.61674e-05
1.61674e-05
1.61674e-05
1.61674e-05
1.61674e-05
1.61674e-05
1.61674e-05
1.61674e-05
1.61674e-05
1.61674e-05
1.61674e-05
1.61674e-05
1.61674e-05
1.61674e-05
1.61674e-05
1.61674e-05
1.61674e-05
1.61674e-05
1.61674e-05
1.61674e-05
1.61674e-05
1.61674e-05
1.61674e-05
1.61674e-05
1.61674e-05
1.61674e-05
1.61674e-05
1.61674e-05
1.61674e-05
1.61674e-05
1.61674e-05
1.61674e-05
1.61674e-05
1.61674e-05
1.61674e-05
1.61674e-05
1.61674e-05
1.61674e-05
1.61674e-05
1.61674e-05
1.61674e-05
1.61674e-05
1.61674e-05
1.61674e-05
1.61674e-05
1.61674e-05
1.61674e-05
1.61674e-05
1.61674e-05
1.61674e-05
1.61674e-05
1.61674e-05
1.61674e-05
1.61674e-05
1.61674e-05
1.61674e-05
1.61674e-05
1.61674e-05
1.61674e-05
1.61674e-05
1.61674e-05
1.61674e-05
1.61674e-05
1.61674e-05
1.61674e-05
1.61674e-05
1.61674e-05
1.61674e-05
1.61674e-05
1.61674e-05
1.61674e-05
1.61674e-05
1.61674e-05
1.61674e-05
1.61674e-05
1.61674e-05
1.61674e-05
1.61674e-05
1.61674e-05
1.61674e-05
1.61674e-05
1.61674e-05
1.61674e-05
1.61674e-05
1.61674e-05
1.61674e-05
1.61674e-05
1.61674e-05
1.61674e-05
1.61674e-05
1.61674e-05
1.61674e-05
1.61674e-05
1.61674e-05
1.61674e-05
1.61674e-05
1.61674e-05
1.61674e-05
1.61674e-05
1.61674e-05
1.61674e-05
1.61674e-05
1.61674e-05
1.61674e-05
1.61674e-05
1.61674e-05
1.61674e-05
1.61674e-05
1.61674e-05
1.61674e-05
1.61674e-05
1.61674e-05
1.61674e-05
1.61674e-05
1.61674e-05
1.61674e-05
1.61674e-05
1.61674e-05
1.61674e-05
1.61674e-05
1.61674e-05
1.61674e-05
1.61674e-05
1.61674e-05
1.61674e-05
1.61674e-05
1.61674e-05
1.61674e-05
1.61674e-05
1.61674e-05
1.61674e-05
1.61674e-05
1.61674e-05
1.61674e-05
1.61674e-05
1.61674e-05
1.61674e-05
1.61674e-05
1.61674e-05
1.61674e-05
1.61674e-05
1.61674e-05
1.61674e-05
1.61674e-05
1.61674e-05
1.61674e-05
1.61674e-05
1.61674e-05
1.61674e-05
1.61674e-05
1.61674e-05
1.61674e-05
1.61674e-05
1.61674e-05
1.61674e-05
1.61674e-05
1.61674e-05
1.61674e-05
1.61674e-05
1.61674e-05
1.61674e-05
1.61674e-05
1.61674e-05
1.61674e-05
1.61674e-05
1.61674e-05
1.61674e-05
1.61674e-05
1.61674e-05
1.61674e-05
1.61674e-05
1.61674e-05
1.61674e-05
1.61674e-05
1.61674e-05
1.61674e-05
1.61674e-05
1.61674e-05
1.61674e-05
1.61674e-05
1.61674e-05
1.61674e-05
1.61674e-05
1.61674e-05
1.61674e-05
1.61674e-05
1.61674e-05
1.61674e-05
1.61674e-05
1.61674e-05
1.61674e-05
1.61674e-05
1.61674e-05
1.61674e-05
1.61674e-05
1.61674e-05
1.61674e-05
1.61674e-05
1.61674e-05
1.61674e-05
1.61674e-05
1.61674e-05
1.61674e-05
1.61674e-05
1.61674e-05
1.61674e-05
1.61674e-05
1.61674e-05
1.61674e-05
1.61674e-05
1.61674e-05
1.61674e-05
1.61674e-05
1.61674e-05
1.61674e-05
1.61674e-05
1.61674e-05
1.61674e-05
1.61674e-05
1.61674e-05
1.61674e-05
1.61674e-05
1.61674e-05
1.61674e-05
1.61674e-05
1.61674e-05
1.61674e-05
1.61674e-05
1.61674e-05
1.61674e-05
1.61674e-05
1.61674e-05
1.61674e-05
1.61674e-05
1.61674e-05
1.61674e-05
1.61674e-05
1.61674e-05
1.61674e-05
1.61674e-05
1.61674e-05
1.61674e-05
1.61674e-05
1.61674e-05
1.61674e-05
1.61674e-05
1.61674e-05
1.61674e-05
1.61674e-05
1.61674e-05
1.61674e-05
1.61674e-05
1.61674e-05
1.61674e-05
1.61674e-05
1.61674e-05
1.61674e-05
1.61674e-05
1.61674e-05
1.61674e-05
1.61674e-05
1.61674e-05
1.61674e-05
1.61674e-05
1.61674e-05
1.61674e-05
1.61674e-05
1.61674e-05
1.61674e-05
1.61674e-05
1.61674e-05
1.61674e-05
1.61674e-05
1.61674e-05
1.61674e-05
1.61674e-05
1.61674e-05
1.61674e-05
1.61674e-05
1.61674e-05
1.61674e-05
1.61674e-05
1.61674e-05
1.61674e-05
1.61674e-05
1.61674e-05
1.61674e-05
1.61674e-05
1.61674e-05
1.61674e-05
1.61674e-05
1.61674e-05
1.61674e-05
1.61674e-05
1.61674e-05
1.61674e-05
1.61674e-05
1.61674e-05
1.61674e-05
1.61674e-05
1.61674e-05
1.61674e-05
1.61674e-05
1.61674e-05
1.61674e-05
1.61674e-05
1.61674e-05
1.61674e-05
1.61674e-05
1.61674e-05
1.61674e-05
1.61674e-05
1.61674e-05
1.61674e-05
1.61674e-05
1.61674e-05
1.61674e-05
1.61674e-05
1.61674e-05
1.61674e-05
1.61674e-05
1.61674e-05
1.61674e-05
1.61674e-05
1.61674e-05
1.61674e-05
1.61674e-05
1.61674e-05
1.61674e-05
1.61674e-05
1.61674e-05
1.61674e-05
1.61674e-05
1.61674e-05
1.61674e-05
1.61674e-05
1.61674e-05
1.61674e-05
1.61674e-05
1.61674e-05
1.61674e-05
1.61674e-05
1.61674e-05
1.61674e-05
1.61674e-05
1.61674e-05
1.61674e-05
1.61674e-05
1.61674e-05
1.61674e-05
1.61674e-05
1.61674e-05
1.61674e-05
1.61674e-05
1.61674e-05
1.61674e-05
1.61674e-05
1.61674e-05
1.61674e-05
1.61674e-05
1.61674e-05
1.61674e-05
1.61674e-05
1.61674e-05
1.61674e-05
1.61674e-05
1.61674e-05
1.61674e-05
1.61674e-05
1.61674e-05
1.61674e-05
1.61674e-05
1.61674e-05
1.61674e-05
1.61674e-05
1.61674e-05
1.61674e-05
1.61674e-05
1.61674e-05
1.61674e-05
1.61674e-05
1.61674e-05
1.61674e-05
1.61674e-05
1.61674e-05
1.61674e-05
1.61674e-05
1.61674e-05
1.61674e-05
1.61674e-05
1.61674e-05
1.61674e-05
1.61674e-05
1.61674e-05
1.61674e-05
1.61674e-05
1.61674e-05
1.61674e-05
1.61674e-05
1.61674e-05
1.61674e-05
1.61674e-05
1.61674e-05
1.61674e-05
1.61674e-05
1.61674e-05
1.61674e-05
1.61674e-05
1.61674e-05
1.61674e-05
1.61674e-05
1.61674e-05
1.61674e-05
1.61674e-05
1.61674e-05
1.61674e-05
1.61674e-05
1.61674e-05
1.61674e-05
1.61674e-05
1.61674e-05
1.61674e-05
1.61674e-05
1.61674e-05
1.61674e-05
1.61674e-05
1.61674e-05
1.61674e-05
1.61674e-05
1.61674e-05
1.61674e-05
1.61674e-05
1.61674e-05
1.61674e-05
1.61674e-05
1.61674e-05
1.61674e-05
1.61674e-05
1.61674e-05
1.61674e-05
1.61674e-05
1.61674e-05
1.61674e-05
1.61674e-05
1.61674e-05
1.61674e-05
1.61674e-05
1.61674e-05
1.61674e-05
1.61674e-05
1.61674e-05
1.61674e-05
1.61674e-05
1.61674e-05
1.61674e-05
1.61674e-05
1.61674e-05
1.61674e-05
1.61674e-05
1.61674e-05
1.61674e-05
1.61674e-05
1.61674e-05
1.61674e-05
1.61674e-05
1.61674e-05
1.61674e-05
1.61674e-05
1.61674e-05
1.61674e-05
1.61674e-05
1.61674e-05
1.61674e-05
1.61674e-05
1.61674e-05
1.61674e-05
1.61674e-05
1.61674e-05
1.61674e-05
1.61674e-05
1.61674e-05
1.61674e-05
1.61674e-05
1.61674e-05
1.61674e-05
1.61674e-05
1.61674e-05
1.61674e-05
1.61674e-05
1.61674e-05
1.61674e-05
1.61674e-05
1.61674e-05
1.61674e-05
1.61674e-05
1.61674e-05
1.61674e-05
1.61674e-05
1.61674e-05
1.61674e-05
1.61674e-05
1.61674e-05
1.61674e-05
1.61674e-05
1.61674e-05
1.61674e-05
1.61674e-05
1.61674e-05
1.61674e-05
1.61674e-05
1.61674e-05
1.61674e-05
1.61674e-05
1.61674e-05
1.61674e-05
1.61674e-05
1.61674e-05
1.61674e-05
1.61674e-05
1.61674e-05
1.61674e-05
1.61674e-05
1.61674e-05
1.61674e-05
1.61674e-05
1.61674e-05
1.61674e-05
1.61674e-05
1.61674e-05
1.61674e-05
1.61674e-05
1.61674e-05
1.61674e-05
1.61674e-05
1.61674e-05
1.61674e-05
1.61674e-05
1.61674e-05
1.61674e-05
1.61674e-05
1.61674e-05
1.61674e-05
1.61674e-05
1.61674e-05
1.61674e-05
1.61674e-05
1.61674e-05
1.61674e-05
1.61674e-05
1.61674e-05
1.61674e-05
1.61674e-05
1.61674e-05
1.61674e-05
1.61674e-05
1.61674e-05
1.61674e-05
1.61674e-05
1.61674e-05
1.61674e-05
0
