*Vertices 102
0.113416
0.0748922
0.0498384
0.0463362
0.0385237
0.0379849
0.0379849
0.0336746
0.0258621
0.0242457
0.0237069
0.0231681
0.0231681
0.0199353
0.0193966
0.0193966
0.0172414
0.0158944
0.015625
0.0145474
0.0140086
0.0121228
0.0118534
0.0113147
0.0110453
0.0107759
0.0107759
0.0102371
0.00996767
0.00969828
0.00969828
0.00915948
0.00862069
0.00862069
0.00862069
0.00862069
0.0080819
0.0080819
0.0078125
0.0075431
0.0075431
0.00646552
0.00646552
0.00646552
0.00592672
0.00538793
0.00538793
0.00538793
0.00511853
0.00457974
0.00377155
0.00350216
0.00323276
0.00323276
0.00269397
0.00269397
0.00242457
0.00242457
0.00242457
0.00215517
0.00188578
0.00188578
0.00161638
0.00161638
0.00161638
0.00161638
0.00161638
0.00161638
0.00161638
0.00161638
0.00161638
0.00161638
0.00161638
0.00161638
0.00161638
0.00161638
0.00134698
0.000538793
0.000538793
0.000538793
0.000538793
0.000538793
0.000538793
0.000538793
0.000538793
0.000538793
0.000538793
0.000538793
0.000538793
0.000538793
0.000538793
0.000538793
0.000538793
0.000538793
0.000538793
0.000538793
0.000538793
0.000538793
0.000538793
0.000538793
0.000538793
0.000538793
