*Vertices 592
1
1
6
9
5
2
16
9
9
9
9
1
7
11
10
19
26
11
15
3
10
6
4
4
8
20
27
25
6
5
4
3
1
20
6
3
5
5
26
4
4
6
5
13
4
16
2
10
5
11
6
4
2
2
2
15
7
22
4
9
17
22
3
8
2
25
23
1
3
7
3
7
7
5
22
5
12
5
4
4
3
17
13
6
12
12
4
39
8
8
11
10
14
3
7
6
6
6
7
6
6
2
3
14
8
13
6
12
5
1
1
17
4
2
24
6
8
4
14
14
24
3
13
12
23
3
2
4
3
8
3
6
8
2
2
2
2
7
7
3
3
1
1
2
11
8
2
2
2
7
7
7
7
4
11
5
18
14
14
14
14
14
10
5
2
1
1
5
5
5
7
14
7
16
16
12
13
2
2
2
7
4
4
2
2
5
2
3
2
3
3
2
2
4
1
1
3
15
23
13
9
9
6
6
6
6
6
7
9
3
4
3
3
15
8
5
8
5
5
10
9
9
9
9
9
4
7
2
2
2
3
3
11
8
14
14
14
1
3
3
1
11
4
4
4
4
8
11
14
27
5
8
4
4
4
4
4
4
4
1
1
3
3
3
3
4
2
8
3
8
4
9
3
5
3
4
4
4
4
1
1
7
16
8
6
6
9
1
5
2
1
1
2
2
2
11
3
7
4
6
2
5
14
12
7
16
12
7
16
7
2
2
1
1
1
1
4
4
1
2
6
4
5
3
7
6
6
1
1
3
2
5
2
29
28
28
28
28
28
28
28
28
28
28
28
28
28
28
4
2
2
2
1
1
3
4
4
11
7
4
4
3
10
10
9
9
12
9
9
3
3
1
1
4
4
2
2
10
10
3
5
6
6
1
10
6
6
6
6
6
12
10
1
1
1
1
1
2
2
2
3
3
3
3
12
4
4
4
8
6
5
2
1
1
2
2
2
2
2
5
2
2
2
2
8
8
7
4
9
8
4
2
2
2
3
2
2
2
2
2
2
4
4
4
4
3
3
7
1
2
4
4
4
1
5
4
1
4
4
4
1
5
1
4
4
1
2
2
2
1
1
3
3
3
6
6
6
6
6
7
7
16
15
1
1
2
2
2
2
5
20
5
6
1
1
3
1
1
1
3
3
2
1
1
9
8
5
5
5
5
5
5
5
5
1
2
1
11
6
1
1
1
1
9
5
3
2
3
6
3
2
1
4
5
1
2
2
2
1
8
8
11
11
11
1
1
1
4
4
4
9
6
1
3
5
1
1
2
2
5
1
1
1
1
3
3
3
3
2
2
2
2
1
1
3
1
1
1
4
3
1
4
1
3
2
1
3
3
3
3
4
4
