127 30
1801 6
71 38
1648 6
1481 6
3509 4
2927 4
2266 5
3163 3
1178 8
1387 8
512 13
463 14
517 13
458 17
2634 5
1785 7
1250 9
1363 12
722 15
2507 4
1109 14
2067 5
1630 7
3497 3
1597 5
728 12
1244 7
1638 5
742 10
29 48
350 38
1969 4
1810 7
58 41
153 30
4980 3
2387 4
1546 4
101 34
340 19
311 15
825 7
917 9
2425 4
3431 3
3536 4
495 16
1703 8
2086 6
1322 5
1816 7
3571 3
2460 4
2510 4
1172 12
2458 3
1259 10
834 13
285 21
2441 4
3475 3
2414 5
1216 12
3421 3
2285 6
2274 6
1135 9
1203 8
96 33
2088 5
1068 8
1667 5
2114 7
486 11
2134 5
1354 8
569 12
8 50
2359 4
2045 9
1396 9
686 20
1760 5
2033 7
391 25
5188 3
943 9
1887 6
1375 4
180 30
1585 6
1877 6
246 19
690 11
1168 11
61 37
536 16
1767 6
1653 4
3540 4
1688 6
5186 3
1266 5
2394 5
3326 4
3419 4
2654 5
3311 5
1458 5
444 25
508 16
1336 6
39 28
1089 9
558 17
12 57
1554 8
573 17
3518 3
1084 8
3343 4
3413 3
638 16
2350 4
875 10
2479 3
3467 4
1522 10
1 69
506 15
136 32
116 32
1197 8
1580 8
2419 5
661 19
2482 6
1935 4
581 12
308 16
3485 3
678 15
1517 5
1975 5
1973 5
1991 4
927 8
301 25
2302 5
51 33
1758 5
456 16
1822 6
652 8
1033 10
2400 4
2258 4
2034 7
796 13
2349 5
3552 3
366 23
844 7
1541 8
272 15
3527 4
2343 5
775 17
2518 4
2108 4
20 44
2376 4
888 10
1011 8
1983 6
1754 6
3562 3
1627 6
1161 6
468 20
2093 6
1019 8
700 19
1927 6
78 21
3369 3
1380 5
2853 4
3406 4
990 5
413 19
294 27
2316 4
1442 6
349 10
764 11
1614 8
4949 3
1743 5
5162 3
2075 4
3364 3
1981 5
2081 5
1383 6
606 10
137 35
1414 7
3559 3
2522 4
1855 4
666 16
432 20
1074 11
860 10
2308 5
1567 6
1063 12
1776 7
2565 4
2158 4
2576 4
2415 4
708 9
2583 4
2589 5
1601 7
710 9
1656 6
323 23
856 12
2142 3
1834 7
1664 5
112 41
545 19
191 28
2467 3
187 28
588 18
1684 6
756 9
1283 6
262 22
1944 6
212 14
2436 5
1331 9
2590 4
542 9
2383 5
1305 9
961 20
1662 7
2099 6
2476 4
574 23
170 20
3397 3
660 11
1921 6
26 41
2116 7
977 14
526 20
566 18
5093 3
1901 6
3500 4
359 18
1229 8
2299 6
108 26
604 11
2608 5
1001 13
232 12
477 15
1338 6
3458 4
1182 7
2623 4
225 31
1447 6
330 16
207 17
142 30
1510 6
48 28
1857 5
360 24
3170 4
3416 3
2321 3
3377 3
1988 6
1076 12
766 16
449 20
1574 8
3506 4
1579 7
659 16
1141 14
682 12
353 19
375 21
984 9
1155 6
2409 6
3372 4
1485 8
788 8
128 32
501 9
2944 4
1313 6
278 25
1617 8
3521 4
490 18
2650 5
1843 8
155 30
387 32
1913 6
2626 4
1112 10
626 24
1294 8
461 24
1562 6
257 24
1426 8
3451 3
1358 10
782 7
951 10
85 41
809 14
1156 7
1557 7
2281 7
1486 11
425 19
2056 5
4987 3
736 10
539 19
781 7
3339 3
1950 5
1698 7
520 16
532 20
1193 13
2455 6
55 56
1890 7
1681 5
57 44
872 9
2642 5
2354 4
3479 3
3660 3
3435 3
1146 11
395 10
89 38
175 29
584 17
988 11
35 41
3584 4
2295 6
1550 5
1882 6
1421 7
665 8
1476 12
2533 4
1207 9
2641 5
5117 3
5100 3
1584 7
904 7
930 10
1675 6
649 10
648 9
1318 6
642 17
2006 6
1764 4
3348 3
1028 9
1908 6
1589 7
198 29
2550 5
1718 6
1098 5
1059 14
3349 3
913 11
2019 5
361 27
202 33
2468 5
184 33
776 11
1819 7
1459 6
1570 6
1269 7
181 28
412 29
307 27
3472 3
1671 6
1467 6
1463 4
830 12
154 23
2062 4
1101 8
704 13
326 18
1165 6
2543 5
681 11
335 15
1029 10
3531 4
5 62
2105 5
3455 3
1957 5
554 17
2657 5
552 19
1867 6
1623 9
2505 3
74 34
3533 3
2936 3
890 14
440 14
1926 6
1289 6
299 18
2525 5
1282 9
1694 7
841 10
1898 5
1044 8
3513 4
1350 6
1751 6
91 21
3183 4
1240 8
467 18
481 10
474 20
2121 6
867 20
3355 3
3563 4
3442 3
817 16
563 18
3470 3
229 19
673 6
3322 3
3489 3
68 45
2059 5
315 26
2514 4
1827 7
5081 3
2366 4
1947 5
2501 5
1347 7
222 31
1504 5
25 40
2270 6
2418 4
305 8
1253 10
928 12
1644 7
1526 9
4560 3
217 24
2648 5
281 25
158 27
46 31
3412 3
1851 6
1316 10
3327 4
2630 3
1418 7
2373 5
36 64
2263 6
3386 3
5150 3
472 21
748 15
1368 10
3505 3
1655 8
317 22
132 21
1791 8
1254 8
1642 5
892 13
2769 4
2071 6
546 9
1428 8
537 12
1018 9
1125 6
1007 7
2279 5
741 21
1833 7
998 9
1186 13
1789 8
3566 3
2076 7
5241 3
529 14
3556 4
1545 5
1838 8
1773 11
1058 10
2573 5
987 12
1150 6
3392 4
3141 4
2390 5
1335 7
908 6
3780 3
2580 3
4900 3
3409 3
284 16
903 7
5125 3
5011 3
1340 6
247 20
165 16
289 20
2351 4
729 16
2119 7
2 72
808 14
845 10
2553 3
1847 7
1231 7
1249 6
147 26
2446 4
973 14
2569 3
1046 7
1142 12
1291 5
2095 4
2601 3
2599 5
319 30
2571 4
1179 5
1052 13
1922 7
735 17
1493 4
2397 5
974 11
2629 3
1271 9
1668 6
1715 9
344 17
1613 7
2103 6
636 9
1710 8
5064 3
1104 7
1406 5
1133 6
2224 5
2421 4
209 26
1905 6
1118 7
1575 9
117 26
2428 4
600 13
80 37
336 22
2472 5
457 9
1301 7
821 18
383 12
696 18
2532 3
1721 4
1873 6
2497 6
3376 3
1431 10
92 24
1489 9
1212 8
2433 4
2787 4
1805 5
3226 4
1164 7
1727 5
1477 10
505 27
670 14
4967 3
1094 8
419 16
2178 5
995 13
837 8
1225 10
290 25
625 9
149 42
712 9
210 13
406 19
3365 4
2560 5
2289 6
2312 4
19 49
1030 9
365 19
763 9
2593 4
3332 4
5074 3
2920 4
3318 4
2038 6
570 10
1880 5
252 20
3389 3
1159 8
883 8
2048 8
655 14
421 20
1998 5
2332 4
1367 10
271 14
5236 3
1070 8
1024 13
491 23
1863 6
2463 5
13 48
105 23
1514 5
840 8
4906 3
1647 7
597 15
2380 4
111 37
3549 3
408 13
1411 7
1480 6
3581 4
242 23
559 20
1588 3
32 54
443 10
1795 6
580 11
2523 5
5103 3
3519 3
846 17
1257 10
31 38
1689 5
3484 3
1861 4
2307 5
1296 6
3312 5
3415 3
1553 6
2161 5
1303 10
3336 3
1654 4
968 11
3494 3
675 12
3510 4
15 57
431 21
3541 3
382 14
3487 3
2846 4
1506 8
139 24
129 21
926 7
1246 6
859 16
1083 6
739 12
1293 12
876 9
1792 4
662 20
168 25
135 17
3344 4
1518 7
145 16
3447 3
3444 4
178 32
1131 7
3439 3
1876 5
124 31
772 12
1759 6
1429 5
1974 4
2032 7
2536 4
2483 4
1374 7
1528 8
2303 4
2807 4
653 13
1692 6
509 13
1015 7
976 11
367 15
716 15
1886 5
1821 7
940 10
743 8
3589 3
685 16
21 50
2265 6
523 23
2377 4
2129 5
1460 6
723 13
453 20
2500 6
1202 7
351 16
1040 10
595 14
1755 6
488 12
1138 9
1854 4
1012 7
1498 5
835 8
1267 7
1032 14
901 8
113 29
2191 4
152 27
342 27
1419 4
862 11
341 30
1056 13
2883 5
2287 6
2540 5
2284 6
64 43
881 15
2461 3
5124 3
45 22
405 17
507 16
1173 13
1963 4
309 21
1734 5
3565 4
2085 6
1733 5
2113 7
3383 4
1258 10
824 7
120 25
2568 4
1148 11
2386 4
2313 5
392 22
254 25
1321 11
3354 3
4920 3
813 7
2014 5
3570 4
644 20
2477 4
851 12
3360 4
399 16
1820 8
2296 6
2110 4
1811 7
4964 3
436 24
1342 6
1802 5
2457 4
5114 3
94 37
213 25
1450 6
568 16
2273 7
2411 6
3905 3
791 8
5086 3
3330 3
1143 9
1355 5
1961 6
916 10
386 24
2043 7
200 19
1261 12
5155 3
1352 7
329 18
525 17
1621 6
787 10
27 21
2331 4
1561 10
161 37
1902 7
1866 5
1310 8
109 38
3459 3
5232 3
2115 6
2318 4
1239 9
2651 5
769 13
1556 4
1181 8
803 12
2559 3
1766 6
3378 4
60 39
1245 6
1400 6
691 10
1067 9
2615 4
1676 5
1388 9
346 27
911 15
427 12
2072 5
3507 3
82 14
3464 3
650 9
1154 5
3427 4
2624 5
895 11
1763 5
69 44
1157 6
1910 7
224 27
3402 3
3501 4
2100 6
1982 5
1006 8
2393 4
5226 3
3423 3
426 23
996 9
3005 4
1435 7
1840 6
279 24
2408 4
2069 5
956 7
483 21
498 22
629 10
3520 4
2055 4
4915 3
1487 7
372 18
2028 6
1284 6
1661 5
1330 10
3526 3
1606 6
2064 5
1160 6
99 26
3553 3
869 14
1592 6
1933 4
5218 3
790 10
533 12
5164 3
2080 6
3551 3
1122 8
2416 5
1697 6
1053 9
414 20
462 19
1770 6
1209 8
263 27
991 9
3361 4
2985 3
3535 4
2348 5
931 14
615 12
476 18
1198 12
3319 4
1409 7
1626 7
2464 4
1077 7
1716 7
293 10
1272 6
1299 7
1781 8
1663 6
967 11
5109 3
2157 5
1611 10
322 27
469 19
635 15
1088 9
575 20
1835 6
1566 5
979 8
709 8
40 37
310 20
192 25
699 8
1115 11
960 16
818 10
2363 4
3529 3
4262 3
1038 12
1707 9
2293 6
267 23
543 15
1892 4
1777 5
2044 7
354 25
1437 8
2813 4
1064 11
2724 5
2517 4
757 15
2577 4
9 33
2734 4
3359 3
1217 6
1600 6
1740 6
603 11
2527 5
90 37
1850 6
3514 4
565 19
1346 6
1964 6
3396 4
850 10
2424 4
1004 11
3471 4
891 12
2106 4
4057 3
4997 3
1360 8
233 19
1490 9
1693 9
316 12
2947 4
1806 5
1738 4
2288 6
2025 6
1370 5
11 45
2649 5
842 16
511 13
899 7
3443 3
3340 4
2437 5
2531 3
3131 4
199 31
2410 5
1899 4
1929 6
2485 5
1737 7
795 14
1609 5
794 10
4983 3
3411 4
944 10
1780 6
1113 6
3405 3
674 14
2122 6
2280 5
1317 7
280 21
957 14
273 17
2430 4
471 14
1503 7
3498 4
2262 3
1509 5
1936 5
1325 9
1643 3
2512 3
131 32
1565 6
502 16
1286 9
314 24
1796 6
3385 4
1502 7
2638 5
1872 5
355 22
553 13
2058 3
3546 3
1252 12
2877 4
3488 4
555 14
2643 5
1037 10
2513 5
37 36
3328 3
855 13
195 40
2005 5
1706 9
1839 6
1788 6
679 12
680 13
831 15
5013 3
1147 10
1960 4
2355 4
1241 9
647 9
1441 5
1206 8
334 25
2292 6
3582 4
1997 4
1027 10
1680 5
423 22
1953 5
1139 13
1319 12
1826 7
2454 4
2077 5
1222 10
3473 3
2036 5
1747 6
820 10
174 35
1571 8
422 18
905 8
3308 3
1552 7
1194 9
41 38
52 61
302 20
866 11
2452 7
3532 3
5118 3
3358 3
770 7
593 21
3380 3
188 26
402 20
641 14
1097 9
3366 4
1641 6
838 15
616 11
640 19
870 6
5019 3
1121 9
1384 9
896 7
1468 5
5205 3
3530 4
2068 6
1726 5
1464 6
2165 5
1494 8
3440 4
777 11
3426 3
1906 5
464 10
1672 5
1685 5
2325 4
1891 4
3452 4
6 54
3941 3
562 13
1304 6
2327 5
183 28
2269 6
1102 12
3569 4
1478 7
2544 5
2541 3
439 21
362 21
1379 7
1593 7
2607 4
705 15
3345 3
1720 6
407 13
2496 6
18 46
376 19
912 14
1432 7
785 12
599 18
1167 7
1393 6
587 16
609 11
1235 8
298 21
95 21
923 10
3373 3
243 31
5248 3
2051 6
148 21
753 14
1343 8
2489 5
2404 5
2655 5
726 11
2509 4
2611 5
106 26
964 10
157 32
2009 5
65 44
1909 7
935 7
203 37
1213 11
1093 10
81 28
1023 14
1199 8
2473 3
624 9
2084 5
1300 6
86 42
2598 5
1158 6
2170 5
371 21
656 19
204 35
2335 4
1041 8
3468 3
435 28
814 13
2492 4
1482 6
885 9
884 7
1412 9
1709 8
5133 3
4927 3
339 28
3539 4
228 22
749 18
268 21
829 9
345 13
596 22
3323 4
1297 10
2090 6
1521 9
1862 6
5029 3
613 15
3495 4
1082 10
1066 5
121 32
952 9
487 10
1071 10
494 16
3333 3
1956 6
238 21
873 17
253 26
448 20
2278 5
2427 4
63 24
1637 7
179 35
1532 8
1105 7
713 13
3705 3
1334 9
2499 6
2096 6
3557 3
1784 6
938 16
1679 7
1830 8
4238 3
1620 8
1262 10
1290 7
1527 7
1132 6
2370 4
929 12
5022 3
1925 6
2554 4
3847 3
2574 3
547 8
631 12
1544 4
1538 6
1583 6
1616 8
396 12
258 22
1422 6
482 9
2620 5
949 15
3432 3
499 14
1047 7
1055 9
2447 4
1276 8
141 24
909 11
1124 7
2618 4
75 35
1230 13
2588 4
1917 7
1163 6
450 15
1702 8
4951 3
3118 4
1405 7
1713 7
1060 11
2420 5
2104 4
900 7
318 9
1729 6
2526 3
972 13
473 18
2572 5
1774 6
3 87
248 20
146 17
1351 7
2396 4
356 21
802 16
3420 3
2063 4
528 16
164 34
807 15
2040 4
1049 9
2898 4
882 5
1488 7
1050 12
560 14
898 7
798 16
1031 14
1273 6
3401 3
2516 4
451 15
3362 3
2616 4
454 13
2538 4
1364 8
1408 6
2448 5
634 12
2721 4
578 17
2551 3
695 13
978 9
3324 3
378 20
325 17
889 13
3331 3
4926 3
5148 3
1233 6
5198 3
540 16
1615 8
1162 6
211 26
684 11
1732 4
2073 6
861 11
337 23
3315 5
3172 4
76 30
1924 5
982 8
571 9
1214 11
1190 7
2592 4
389 19
1660 6
3525 4
1345 5
1171 11
2290 6
966 6
1123 8
5146 3
992 11
236 40
758 15
1954 6
2843 4
706 16
218 18
14 63
2345 4
3124 4
2587 4
1608 5
3391 3
2328 4
2567 3
2474 4
234 21
594 21
1438 9
1903 7
3554 3
3667 3
1778 6
1859 5
2339 4
160 25
2776 4
98 49
1048 6
1278 7
2434 4
1381 6
1000 12
43 53
1061 9
5039 3
2582 3
3792 3
3502 3
3735 3
1728 5
193 29
288 18
1555 6
119 35
586 9
2870 3
5227 3
410 18
999 10
1180 5
3374 4
2169 3
1185 8
430 18
447 19
1446 4
1741 4
2118 7
415 15
1130 8
1315 7
189 29
2597 5
1292 5
1356 4
2330 5
480 8
1153 6
107 27
438 18
1871 6
87 34
1022 16
1832 7
2795 4
953 8
221 30
1424 7
1560 8
417 21
1762 6
784 7
260 21
2061 3
1844 5
1530 8
5246 3
2504 3
1144 11
762 11
734 19
1723 5
2047 7
144 18
1440 10
2524 3
381 20
1471 6
1814 5
906 11
1349 9
177 21
373 11
3379 4
3346 3
773 12
1247 6
22 47
205 17
1752 6
1309 5
1576 9
3448 3
2681 3
1622 8
1260 7
874 12
975 9
493 18
1708 6
1911 7
1436 10
1591 6
2528 4
1677 5
1320 8
1026 9
1390 9
1893 3
1646 5
1469 6
3544 3
1499 5
400 20
746 14
534 21
919 14
1268 6
744 10
633 21
1372 8
151 34
1977 6
1669 5
3445 4
1825 6
1952 4
1285 6
287 26
3309 4
475 9
932 10
2595 5
1549 8
1959 6
515 21
1525 7
1242 6
2545 4
1208 7
138 24
1107 10
1874 5
3499 3
1803 6
3542 4
724 20
1201 9
519 11
3534 4
1195 12
5069 3
17 47
2451 6
5082 3
1327 9
3337 3
1274 7
110 28
333 11
2356 3
2658 5
646 11
446 20
2181 4
1220 11
1582 6
1599 6
3663 3
2306 4
1149 6
2652 5
2337 4
2603 4
2283 6
5014 3
2407 5
1087 7
1288 9
4955 3
810 7
1238 10
33 42
1587 5
1559 8
2866 3
7 43
1793 4
1701 8
227 18
1860 6
2443 4
2013 5
264 27
255 32
806 13
1885 6
3422 3
182 28
1817 5
2905 4
556 12
717 9
2817 4
815 9
3486 3
671 9
1511 12
5176 3
167 30
3353 3
2423 5
692 8
1605 6
663 12
3564 3
1907 7
2431 4
4961 3
854 17
969 11
1174 9
510 8
393 17
2276 5
1501 7
3262 4
658 9
274 19
3550 3
549 14
877 8
3465 4
1508 8
1771 6
1128 7
946 12
3515 3
1724 4
1520 7
250 29
303 28
2644 5
1361 12
614 16
1765 6
130 37
53 35
1373 7
2925 4
1465 6
1302 9
1397 10
4966 3
941 15
3341 3
583 16
3436 3
1879 6
3313 4
1824 4
1869 5
2342 5
591 13
3516 3
2304 4
832 11
3481 3
2341 4
3583 4
828 7
276 25
5123 3
102 43
1920 7
1831 7
2465 4
3523 4
2639 5
3483 3
1218 7
1404 6
2398 4
1543 4
259 19
424 13
1625 6
163 35
1106 6
1402 6
1836 6
2402 4
1531 8
5160 3
1841 6
347 24
3558 4
1333 11
2586 3
434 11
865 13
1184 8
442 14
2156 4
1577 6
1572 4
689 19
886 14
3462 4
1116 13
2835 3
1329 9
5231 3
3728 3
1725 6
3568 3
2379 4
727 11
939 7
320 14
5222 3
3528 4
4095 3
2619 5
811 6
1670 6
2010 6
249 23
465 14
1612 9
3342 3
819 15
1177 9
1189 9
1127 6
894 10
1748 6
3425 3
858 7
1298 11
140 22
1900 9
5131 3
3460 3
385 16
954 10
1479 5
1359 8
5095 3
801 8
2578 5
985 9
971 5
754 11
479 22
847 13
1166 6
1563 9
1003 11
1378 8
1054 13
1800 7
2101 4
619 16
1717 8
2557 4
698 14
1634 8
621 15
4996 3
524 17
1848 7
3418 4
598 16
2486 5
3395 4
2322 3
780 14
2438 5
2317 4
3334 3
3547 3
3490 4
1433 5
240 30
1666 5
230 29
115 42
377 26
2374 5
602 11
2050 6
922 11
2319 4
1311 6
2741 3
1072 11
2470 5
1787 7
1394 10
612 23
936 10
1391 8
1277 6
3456 3
5234 3
1086 9
5110 3
2794 4
701 16
214 32
564 22
2562 4
2708 4
1650 7
2074 7
2539 4
2547 3
731 9
657 17
1865 5
2139 5
1783 8
768 15
1928 6
1092 10
503 18
2255 6
1756 6
1636 6
2491 5
1483 11
5090 3
338 19
1996 5
576 14
761 6
1775 7
738 9
1415 7
484 16
1078 14
1243 7
1036 10
3408 4
2334 5
2530 3
3492 3
1265 5
2065 6
544 15
623 8
1512 8
2956 4
1196 8
1114 7
2389 5
2564 4
2382 5
328 24
239 31
122 44
2635 5
269 27
878 16
628 16
1223 6
363 14
2277 5
2353 4
3538 3
733 10
2159 4
3745 3
630 11
997 11
5001 3
3394 3
608 12
1234 6
1649 7
1314 8
1798 5
1474 7
2535 3
125 26
522 21
1632 8
44 40
1423 7
2412 4
1687 7
3352 4
667 16
1188 10
2008 5
1280 6
714 7
1564 8
313 16
2017 5
2663 6
2661 5
5008 3
1324 12
397 17
1096 8
3433 3
2934 4
1657 7
1191 10
3477 3
459 18
823 8
4267 3
1495 5
1753 5
771 9
401 21
2688 4
186 33
1797 6
1119 12
1914 8
3039 4
2756 4
1705 9
1919 7
915 7
1586 6
3441 3
2606 4
404 19
516 25
1813 8
2060 6
3561 3
702 16
2297 6
5042 3
2346 5
561 16
2112 6
5202 3
2555 4
357 26
1307 6
1812 5
3236 4
1769 6
455 12
2475 3
1875 6
5087 3
1673 5
963 9
297 15
2612 5
4959 3
2031 5
2272 6
1889 6
2692 4
2646 5
1596 6
10 47
980 8
550 10
2083 5
2697 4
2097 6
1651 5
1081 12
1736 6
1569 8
958 7
592 20
2542 4
1978 5
2123 6
2364 4
1640 5
173 20
530 17
66 38
2709 3
470 12
1524 8
793 12
2360 5
1205 8
1287 7
1696 6
2403 4
654 13
2261 4
283 23
156 37
3414 3
59 28
3388 3
2091 6
3329 4
1971 5
2358 4
1226 6
2498 4
1256 7
1744 6
1853 4
864 13
219 26
2300 5
2480 5
1170 14
799 17
925 11
1896 6
390 17
1515 5
2368 4
3357 3
1686 6
1042 5
1955 4
38 57
196 25
945 13
1169 8
206 35
118 32
1674 6
959 12
1065 9
331 21
358 24
1659 5
737 10
767 14
2070 5
5099 3
84 46
805 11
1020 9
437 23
194 28
1768 6
3503 3
220 30
1312 8
2395 4
4473 3
1021 12
1263 8
934 10
1989 5
3537 4
948 10
2160 5
5228 3
572 9
1398 9
226 17
527 12
1430 7
1145 7
1870 5
1448 6
2549 4
2466 4
62 40
833 8
1573 9
548 12
2020 6
3524 3
3450 3
1110 8
1999 4
3466 3
2622 5
1772 6
418 12
2324 5
783 6
933 8
348 28
1152 6
789 13
49 59
2046 9
2052 5
993 17
627 26
1090 9
1308 7
2117 6
715 18
1934 5
2503 5
1916 7
1722 4
23 37
364 10
388 13
4458 3
1425 10
950 16
2957 4
1678 5
1445 4
1845 8
1025 11
3429 4
3580 4
2478 4
1842 8
1466 5
485 14
2340 5
2143 4
778 16
3316 5
3555 4
720 15
1270 9
2449 3
460 19
1645 7
1389 10
324 20
3508 4
244 21
637 10
2066 6
752 8
1232 10
379 21
1607 6
1386 7
1536 6
1639 5
3404 4
1035 17
2617 4
452 15
295 22
579 15
1894 4
535 25
1618 8
77 21
683 15
2260 4
541 12
1215 10
1712 9
2344 4
765 11
2552 5
2521 3
897 7
1628 6
312 19
2435 4
1002 15
237 25
2584 4
370 19
2371 5
2519 5
3398 3
567 16
2610 5
416 19
4925 3
380 16
100 39
914 6
1279 6
300 25
965 7
1439 5
2974 4
2079 5
286 18
1395 8
2405 5
1075 13
2426 4
800 12
1365 12
2432 4
1407 6
496 18
605 11
1779 6
1568 5
2581 5
607 14
1807 6
1699 6
42 43
759 13
1228 7
2508 5
1073 10
235 19
2291 5
1931 5
2591 5
694 19
3399 4
816 10
1103 12
3788 3
265 27
296 19
1062 11
171 29
1700 6
2609 4
445 13
2131 3
1339 6
2687 5
2338 5
582 20
1884 5
2120 6
1858 7
557 7
718 14
1581 10
1604 7
1507 7
441 30
868 11
3325 3
672 9
1140 9
3417 3
4922 3
983 11
275 21
2035 7
197 19
2208 6
3314 4
1731 6
3496 3
853 11
751 14
1500 4
1746 4
3356 3
1980 5
2136 4
2275 6
3517 4
1295 9
1111 10
677 18
907 16
1868 6
3480 3
1210 8
590 15
664 17
1878 4
1790 7
2388 5
2264 6
1690 7
617 15
79 41
1420 7
5244 3
3437 3
352 24
2502 5
126 21
1594 7
1034 10
251 23
2803 4
369 20
4986 3
1533 8
1548 4
651 8
176 33
947 10
256 10
1823 7
2537 3
2267 6
5071 3
920 11
428 24
887 14
3545 3
72 49
500 8
1221 9
1496 6
1757 6
1200 7
918 9
1682 6
2781 4
1413 7
2107 4
1108 10
1275 8
1598 6
3453 3
1014 5
2282 6
1856 6
843 10
2529 4
1491 9
1362 8
1804 4
2315 4
632 17
1371 6
2357 4
394 19
2257 6
514 18
610 21
2444 3
2659 5
725 14
513 14
4954 3
50 68
2645 5
1519 7
2633 3
797 12
2459 5
1136 15
3543 4
1175 8
1236 10
1683 6
2413 4
1326 12
645 17
2566 3
1382 9
1176 9
1815 7
1039 15
2637 5
1005 10
28 34
2089 6
589 16
1337 7
2087 5
215 26
687 19
3320 4
2098 6
150 30
2298 6
2336 4
245 24
2511 3
2604 5
4974 3
2546 4
826 8
2494 4
1344 7
332 15
2329 4
3338 5
1099 12
1965 6
745 12
34 64
2653 5
2656 5
2548 5
2082 6
620 25
1410 7
2613 5
2693 4
1434 5
2625 5
3457 3
1547 5
2471 4
937 8
1045 8
5143 3
1619 8
16 46
730 18
921 9
1069 7
5233 3
1224 9
368 20
5002 3
2556 5
994 14
611 16
1786 8
1849 7
849 12
2320 4
492 16
208 30
2440 3
2271 6
1523 6
93 31
292 18
2445 5
291 27
374 22
2429 5
114 47
1306 9
429 22
1939 6
1328 10
1091 14
73 34
409 26
67 32
3335 4
1962 4
241 22
812 10
489 13
2561 4
585 15
327 25
1392 8
1970 6
2391 5
1080 9
1281 8
732 13
1864 6
3491 4
1603 7
1881 5
622 12
970 14
2381 4
2375 4
1416 5
24 56
2759 4
2256 6
2049 7
1658 6
3321 3
104 21
2057 3
1558 8
3370 4
5239 3
3493 3
1635 8
1237 11
1513 4
2175 5
1264 6
159 21
747 8
2490 5
2563 5
1633 8
47 65
1427 11
1484 7
1017 6
270 11
2042 4
1057 8
538 13
1602 8
521 9
2007 5
1332 9
1923 6
162 33
433 22
880 13
3461 3
1399 6
1912 7
786 10
986 11
740 12
1117 14
1008 8
103 39
3434 3
201 22
871 10
1401 8
719 21
3393 3
1529 7
902 8
827 12
266 16
1742 6
1353 6
2585 4
1624 8
4042 3
3363 4
1219 8
1695 7
2534 4
97 34
2378 4
1704 9
668 23
688 14
750 18
1749 6
1126 6
774 15
3463 3
910 14
693 22
1341 8
3424 4
1534 6
2570 4
893 17
1915 7
2309 5
83 39
804 9
3375 3
1385 7
2558 5
5168 3
1818 7
962 12
2094 5
755 8
1085 8
1714 7
1837 6
143 30
3942 4
1403 4
1051 11
2268 6
1497 6
497 20
518 24
2914 4
1211 7
411 16
169 21
2399 4
1542 6
1711 9
2102 4
478 22
2579 5
398 7
384 18
836 7
2016 5
955 7
1735 5
942 10
1376 8
1888 5
3512 3
2030 6
2286 6
2369 4
2647 4
1595 7
190 33
1750 4
1808 5
1739 6
601 15
822 11
231 26
1610 5
779 12
551 20
343 20
504 23
981 11
697 14
3177 4
3387 4
857 7
707 14
1010 6
1966 5
1665 5
3310 4
261 13
1782 8
2439 4
2506 3
3403 3
321 18
792 19
1248 9
1079 9
2422 4
3407 3
5076 3
3368 3
1590 5
1652 4
2401 5
1516 6
2462 5
2053 3
924 12
2301 6
760 7
863 9
2481 3
531 12
4975 3
2469 4
3317 4
1745 4
172 24
4904 3
2594 5
2111 4
1366 8
223 15
721 14
2124 6
3482 3
1255 7
1043 6
2660 5
669 12
282 39
420 17
1852 3
3548 4
639 15
3449 4
989 6
1505 5
1348 8
2372 5
577 12
1137 8
3511 3
1227 9
1417 6
3504 4
216 19
3381 3
852 13
3351 3
643 13
1120 11
1475 10
1794 3
1187 10
3522 3
2636 5
2092 6
676 19
1251 8
277 11
2456 5
1192 9
879 14
2640 5
1095 11
1183 7
1883 4
1846 9
2215 5
133 24
123 19
304 18
2515 3
2600 4
2417 5
5017 3
1631 6
1828 7
2605 4
2294 6
56 32
1369 10
1151 6
54 38
3347 4
306 22
1204 9
70 39
839 7
2520 4
166 42
88 38
1578 8
1009 8
30 53
403 26
466 27
134 44
2151 4
618 19
848 14
1829 7
1904 7
1761 5
1629 6
1918 7
1323 7
2662 5
1492 9
3164 4
703 15
3454 3
3560 4
1134 7
1100 9
5201 3
1377 7
2488 5
185 32
2487 5
1719 6
2716 4
4 64
1985 6
1691 8
3567 4
