127 0
1801 0
71 2
1648 0
1481 0
3509 0
2927 0
2266 0
3163 0
1178 0
1387 0
512 0
463 1
517 0
458 0
2634 0
1785 0
1250 1
1363 0
722 0
2507 0
1109 0
2067 0
1630 0
3497 0
1597 0
728 0
1244 0
1638 0
742 0
29 1
350 1
1969 0
1810 0
58 1
153 0
4980 0
2387 0
1546 0
101 2
340 2
311 0
825 0
917 0
2425 0
3431 0
3536 0
495 0
1703 0
2086 0
1322 0
1816 0
3571 0
2460 0
2510 0
1172 1
2458 0
1259 0
834 1
285 0
2441 0
3475 0
2414 0
1216 0
3421 0
2285 0
2274 0
1135 0
1203 0
96 1
2088 0
1068 0
1667 0
2114 0
486 0
2134 0
1354 0
569 0
8 1
2359 0
2045 1
1396 0
686 1
1760 0
2033 0
391 1
5188 0
943 0
1887 0
1375 0
180 2
1585 0
1877 0
246 0
690 1
1168 1
61 1
536 0
1767 0
1653 0
3540 0
1688 0
5186 0
1266 0
2394 0
3326 0
3419 0
2654 0
3311 0
1458 0
444 2
508 0
1336 0
39 0
1089 0
558 1
12 3
1554 0
573 0
3518 0
1084 0
3343 0
3413 0
638 0
2350 0
875 0
2479 0
3467 0
1522 0
1 4
506 1
136 1
116 1
1197 0
1580 0
2419 0
661 1
2482 0
1935 0
581 0
308 0
3485 0
678 0
1517 0
1975 0
1973 0
1991 0
927 0
301 1
2302 0
51 1
1758 0
456 0
1822 0
652 0
1033 0
2400 0
2258 0
2034 0
796 0
2349 0
3552 0
366 1
844 0
1541 0
272 0
3527 0
2343 0
775 0
2518 0
2108 0
20 2
2376 0
888 0
1011 0
1983 0
1754 0
3562 0
1627 0
1161 0
468 1
2093 0
1019 0
700 0
1927 0
78 1
3369 0
1380 0
2853 0
3406 0
990 0
413 1
294 1
2316 0
1442 0
349 0
764 0
1614 0
4949 0
1743 0
5162 0
2075 0
3364 0
1981 0
2081 0
1383 0
606 0
137 1
1414 0
3559 0
2522 0
1855 0
666 0
432 1
1074 0
860 0
2308 0
1567 0
1063 0
1776 0
2565 0
2158 0
2576 0
2415 0
708 0
2583 0
2589 0
1601 0
710 0
1656 0
323 1
856 1
2142 0
1834 0
1664 0
112 2
545 1
191 1
2467 0
187 1
588 1
1684 0
756 0
1283 0
262 1
1944 0
212 0
2436 0
1331 1
2590 0
542 0
2383 0
1305 0
961 1
1662 0
2099 0
2476 0
574 2
170 0
3397 0
660 0
1921 0
26 1
2116 0
977 1
526 1
566 1
5093 0
1901 0
3500 0
359 1
1229 0
2299 0
108 2
604 0
2608 0
1001 0
232 0
477 0
1338 0
3458 0
1182 0
2623 0
225 1
1447 0
330 0
207 0
142 2
1510 0
48 0
1857 0
360 1
3170 0
3416 0
2321 0
3377 0
1988 0
1076 1
766 0
449 1
1574 0
3506 0
1579 0
659 1
1141 1
682 0
353 1
375 0
984 0
1155 0
2409 0
3372 0
1485 0
788 0
128 2
501 0
2944 0
1313 0
278 1
1617 0
3521 0
490 0
2650 0
1843 0
155 1
387 1
1913 0
2626 0
1112 0
626 1
1294 0
461 1
1562 0
257 0
1426 1
3451 0
1358 0
782 0
951 0
85 3
809 0
1156 0
1557 0
2281 0
1486 1
425 1
2056 0
4987 0
736 0
539 0
781 0
3339 0
1950 0
1698 0
520 1
532 1
1193 1
2455 0
55 1
1890 0
1681 0
57 1
872 0
2642 0
2354 0
3479 0
3660 0
3435 0
1146 0
395 0
89 1
175 2
584 1
988 0
35 3
3584 0
2295 0
1550 0
1882 0
1421 0
665 0
1476 1
2533 0
1207 0
2641 0
5117 0
5100 0
1584 0
904 0
930 1
1675 0
649 0
648 0
1318 0
642 1
2006 0
1764 0
3348 0
1028 0
1908 0
1589 0
198 1
2550 0
1718 0
1098 0
1059 0
3349 0
913 0
2019 0
361 1
202 2
2468 0
184 2
776 1
1819 0
1459 0
1570 0
1269 0
181 1
412 1
307 1
3472 0
1671 0
1467 0
1463 0
830 0
154 1
2062 0
1101 0
704 0
326 0
1165 0
2543 0
681 0
335 0
1029 0
3531 0
5 4
2105 0
3455 0
1957 0
554 0
2657 0
552 1
1867 0
1623 0
2505 0
74 0
3533 0
2936 0
890 0
440 1
1926 0
1289 0
299 1
2525 0
1282 0
1694 0
841 0
1898 0
1044 0
3513 0
1350 0
1751 0
91 1
3183 0
1240 0
467 1
481 0
474 0
2121 0
867 1
3355 0
3563 0
3442 0
817 1
563 0
3470 0
229 0
673 0
3322 0
3489 0
68 2
2059 0
315 1
2514 0
1827 0
5081 0
2366 0
1947 0
2501 0
1347 0
222 1
1504 0
25 1
2270 0
2418 0
305 0
1253 0
928 1
1644 0
1526 0
4560 0
217 1
2648 0
281 1
158 2
46 2
3412 0
1851 0
1316 0
3327 0
2630 0
1418 0
2373 0
36 3
2263 0
3386 0
5150 0
472 0
748 1
1368 1
3505 0
1655 1
317 1
132 1
1791 0
1254 0
1642 0
892 0
2769 0
2071 0
546 0
1428 0
537 0
1018 0
1125 0
1007 0
2279 0
741 1
1833 0
998 0
1186 1
1789 1
3566 0
2076 0
5241 0
529 0
3556 0
1545 0
1838 0
1773 0
1058 0
2573 0
987 1
1150 0
3392 0
3141 0
2390 0
1335 0
908 0
3780 0
2580 0
4900 0
3409 0
284 0
903 0
5125 0
5011 0
1340 0
247 0
165 0
289 1
2351 0
729 0
2119 0
2 4
808 1
845 0
2553 0
1847 0
1231 0
1249 0
147 2
2446 0
973 0
2569 0
1046 0
1142 1
1291 0
2095 0
2601 0
2599 0
319 1
2571 0
1179 0
1052 1
1922 0
735 1
1493 0
2397 0
974 0
2629 0
1271 0
1668 0
1715 0
344 0
1613 0
2103 0
636 0
1710 0
5064 0
1104 0
1406 0
1133 0
2224 0
2421 0
209 1
1905 0
1118 0
1575 0
117 1
2428 0
600 0
80 2
336 0
2472 0
457 0
1301 0
821 0
383 0
696 1
2532 0
1721 0
1873 0
2497 0
3376 0
1431 1
92 0
1489 0
1212 0
2433 0
2787 0
1805 0
3226 0
1164 0
1727 0
1477 1
505 1
670 0
4967 0
1094 0
419 1
2178 0
995 0
837 0
1225 0
290 0
625 0
149 2
712 0
210 0
406 1
3365 0
2560 0
2289 0
2312 0
19 3
1030 0
365 1
763 0
2593 0
3332 0
5074 0
2920 0
3318 0
2038 0
570 0
1880 0
252 0
3389 0
1159 0
883 0
2048 0
655 0
421 1
1998 0
2332 0
1367 0
271 0
5236 0
1070 0
1024 0
491 1
1863 0
2463 0
13 3
105 1
1514 0
840 0
4906 0
1647 0
597 1
2380 0
111 1
3549 0
408 0
1411 0
1480 0
3581 0
242 1
559 1
1588 0
32 3
443 1
1795 0
580 0
2523 0
5103 0
3519 0
846 1
1257 1
31 1
1689 0
3484 0
1861 0
2307 0
1296 0
3312 0
3415 0
1553 0
2161 0
1303 0
3336 0
1654 0
968 0
3494 0
675 0
3510 0
15 3
431 0
3541 0
382 1
3487 0
2846 0
1506 0
139 1
129 1
926 0
1246 0
859 0
1083 0
739 0
1293 0
876 0
1792 0
662 1
168 0
135 0
3344 0
1518 0
145 0
3447 0
3444 0
178 1
1131 0
3439 0
1876 0
124 2
772 0
1759 0
1429 0
1974 0
2032 0
2536 0
2483 0
1374 0
1528 0
2303 0
2807 0
653 1
1692 0
509 0
1015 0
976 0
367 0
716 0
1886 0
1821 0
940 0
743 0
3589 0
685 0
21 1
2265 0
523 1
2377 0
2129 0
1460 0
723 0
453 2
2500 0
1202 0
351 0
1040 0
595 0
1755 0
488 0
1138 0
1854 0
1012 0
1498 0
835 0
1267 0
1032 0
901 0
113 2
2191 0
152 0
342 1
1419 0
862 0
341 2
1056 0
2883 0
2287 0
2540 0
2284 0
64 4
881 0
2461 0
5124 0
45 0
405 1
507 0
1173 1
1963 0
309 1
1734 0
3565 0
2085 0
1733 0
2113 0
3383 0
1258 0
824 0
120 2
2568 0
1148 0
2386 0
2313 0
392 1
254 1
1321 1
3354 0
4920 0
813 0
2014 0
3570 0
644 1
2477 0
851 0
3360 0
399 0
1820 0
2296 0
2110 0
1811 0
4964 0
436 1
1342 0
1802 0
2457 0
5114 0
94 1
213 1
1450 0
568 0
2273 0
2411 0
3905 0
791 0
5086 0
3330 0
1143 0
1355 0
1961 0
916 0
386 1
2043 0
200 1
1261 0
5155 0
1352 0
329 1
525 0
1621 0
787 0
27 0
2331 0
1561 0
161 1
1902 0
1866 0
1310 0
109 2
3459 0
5232 0
2115 0
2318 0
1239 0
2651 0
769 0
1556 0
1181 0
803 0
2559 0
1766 0
3378 0
60 3
1245 0
1400 0
691 0
1067 0
2615 0
1676 0
1388 0
346 1
911 0
427 0
2072 0
3507 0
82 0
3464 0
650 0
1154 0
3427 0
2624 0
895 0
1763 0
69 2
1157 0
1910 0
224 1
3402 0
3501 0
2100 0
1982 0
1006 0
2393 0
5226 0
3423 0
426 0
996 0
3005 0
1435 0
1840 0
279 2
2408 0
2069 0
956 0
483 1
498 1
629 0
3520 0
2055 0
4915 0
1487 0
372 0
2028 0
1284 0
1661 0
1330 0
3526 0
1606 0
2064 0
1160 0
99 1
3553 0
869 0
1592 0
1933 0
5218 0
790 0
533 0
5164 0
2080 0
3551 0
1122 0
2416 0
1697 0
1053 0
414 1
462 0
1770 0
1209 0
263 1
991 0
3361 0
2985 0
3535 0
2348 0
931 0
615 0
476 0
1198 1
3319 0
1409 0
1626 0
2464 0
1077 0
1716 0
293 0
1272 0
1299 0
1781 0
1663 0
967 0
5109 0
2157 0
1611 0
322 1
469 1
635 1
1088 0
575 0
1835 0
1566 0
979 0
709 0
40 2
310 2
192 0
699 0
1115 0
960 0
818 0
2363 0
3529 0
4262 0
1038 1
1707 0
2293 0
267 1
543 1
1892 0
1777 0
2044 0
354 1
1437 0
2813 0
1064 0
2724 0
2517 0
757 1
2577 0
9 1
2734 0
3359 0
1217 0
1600 0
1740 0
603 0
2527 0
90 1
1850 0
3514 0
565 0
1346 0
1964 0
3396 0
850 0
2424 0
1004 0
3471 0
891 0
2106 0
4057 0
4997 0
1360 0
233 1
1490 0
1693 1
316 0
2947 0
1806 0
1738 0
2288 0
2025 0
1370 0
11 3
2649 0
842 0
511 0
899 0
3443 0
3340 0
2437 0
2531 0
3131 0
199 2
2410 0
1899 0
1929 0
2485 0
1737 0
795 0
1609 0
794 1
4983 0
3411 0
944 0
1780 0
1113 0
3405 0
674 1
2122 0
2280 0
1317 0
280 1
957 1
273 1
2430 0
471 0
1503 0
3498 0
2262 0
1509 0
1936 0
1325 0
1643 0
2512 0
131 1
1565 0
502 0
1286 0
314 1
1796 0
3385 0
1502 0
2638 0
1872 0
355 1
553 0
2058 0
3546 0
1252 0
2877 0
3488 0
555 1
2643 0
1037 0
2513 0
37 1
3328 0
855 0
195 2
2005 0
1706 1
1839 0
1788 0
679 0
680 1
831 0
5013 0
1147 0
1960 0
2355 0
1241 0
647 0
1441 0
1206 0
334 2
2292 0
3582 0
1997 0
1027 0
1680 0
423 1
1953 0
1139 0
1319 1
1826 0
2454 0
2077 0
1222 0
3473 0
2036 0
1747 0
820 0
174 1
1571 0
422 1
905 0
3308 0
1552 0
1194 0
41 2
52 3
302 0
866 0
2452 0
3532 0
5118 0
3358 0
770 0
593 0
3380 0
188 1
402 1
641 0
1097 0
3366 0
1641 0
838 0
616 0
640 1
870 0
5019 0
1121 0
1384 0
896 0
1468 0
5205 0
3530 0
2068 0
1726 0
1464 0
2165 0
1494 0
3440 0
777 0
3426 0
1906 0
464 0
1672 0
1685 0
2325 0
1891 0
3452 0
6 2
3941 0
562 0
1304 0
2327 0
183 1
2269 0
1102 0
3569 0
1478 0
2544 0
2541 0
439 0
362 1
1379 0
1593 0
2607 0
705 0
3345 0
1720 0
407 0
2496 0
18 0
376 1
912 0
1432 0
785 0
599 1
1167 0
1393 0
587 0
609 0
1235 0
298 1
95 0
923 0
3373 0
243 1
5248 0
2051 0
148 1
753 1
1343 0
2489 0
2404 0
2655 0
726 0
2509 0
2611 0
106 0
964 0
157 1
2009 0
65 1
1909 0
935 0
203 1
1213 0
1093 0
81 1
1023 0
1199 0
2473 0
624 0
2084 0
1300 0
86 1
2598 0
1158 0
2170 0
371 0
656 0
204 1
2335 0
1041 0
3468 0
435 1
814 0
2492 0
1482 0
885 0
884 0
1412 0
1709 0
5133 0
4927 0
339 0
3539 0
228 0
749 1
268 1
829 0
345 0
596 1
3323 0
1297 0
2090 0
1521 0
1862 0
5029 0
613 1
3495 0
1082 0
1066 0
121 1
952 0
487 0
1071 0
494 0
3333 0
1956 0
238 1
873 1
253 1
448 0
2278 0
2427 0
63 0
1637 0
179 1
1532 0
1105 0
713 1
3705 0
1334 0
2499 0
2096 0
3557 0
1784 0
938 1
1679 0
1830 0
4238 0
1620 0
1262 0
1290 0
1527 0
1132 0
2370 0
929 0
5022 0
1925 0
2554 0
3847 0
2574 0
547 0
631 0
1544 0
1538 0
1583 0
1616 0
396 0
258 0
1422 0
482 0
2620 0
949 0
3432 0
499 0
1047 0
1055 0
2447 0
1276 0
141 2
909 0
1124 0
2618 0
75 2
1230 1
2588 0
1917 0
1163 0
450 0
1702 0
4951 0
3118 0
1405 0
1713 0
1060 0
2420 0
2104 0
900 0
318 0
1729 0
2526 0
972 1
473 0
2572 0
1774 0
3 3
248 0
146 0
1351 0
2396 0
356 1
802 0
3420 0
2063 0
528 0
164 1
807 0
2040 0
1049 0
2898 0
882 0
1488 0
1050 0
560 0
898 0
798 0
1031 0
1273 0
3401 0
2516 0
451 0
3362 0
2616 0
454 0
2538 0
1364 0
1408 0
2448 0
634 0
2721 0
578 0
2551 0
695 0
978 0
3324 0
378 1
325 0
889 0
3331 0
4926 0
5148 0
1233 0
5198 0
540 0
1615 0
1162 0
211 1
684 0
1732 0
2073 0
861 0
337 2
3315 0
3172 0
76 1
1924 0
982 0
571 0
1214 0
1190 0
2592 0
389 1
1660 0
3525 0
1345 0
1171 0
2290 0
966 0
1123 0
5146 0
992 1
236 1
758 0
1954 0
2843 0
706 1
218 1
14 2
2345 0
3124 0
2587 0
1608 0
3391 0
2328 0
2567 0
2474 0
234 1
594 1
1438 0
1903 0
3554 0
3667 0
1778 0
1859 0
2339 0
160 1
2776 0
98 1
1048 0
1278 0
2434 0
1381 0
1000 1
43 2
1061 0
5039 0
2582 0
3792 0
3502 0
3735 0
1728 0
193 2
288 1
1555 0
119 2
586 0
2870 0
5227 0
410 0
999 0
1180 0
3374 0
2169 0
1185 0
430 1
447 0
1446 0
1741 0
2118 0
415 1
1130 0
1315 0
189 1
2597 0
1292 0
1356 0
2330 0
480 0
1153 0
107 1
438 0
1871 0
87 1
1022 1
1832 0
2795 0
953 0
221 1
1424 0
1560 0
417 1
1762 0
784 0
260 0
2061 0
1844 0
1530 0
5246 0
2504 0
1144 0
762 0
734 1
1723 0
2047 0
144 0
1440 0
2524 0
381 1
1471 0
1814 0
906 0
1349 0
177 0
373 0
3379 0
3346 0
773 1
1247 0
22 1
205 0
1752 0
1309 0
1576 0
3448 0
2681 0
1622 0
1260 0
874 0
975 0
493 1
1708 0
1911 0
1436 0
1591 0
2528 0
1677 0
1320 0
1026 0
1390 0
1893 0
1646 0
1469 0
3544 0
1499 0
400 1
746 1
534 0
919 0
1268 0
744 0
633 1
1372 0
151 2
1977 0
1669 0
3445 0
1825 0
1952 0
1285 0
287 1
3309 0
475 0
932 0
2595 0
1549 0
1959 0
515 1
1525 0
1242 0
2545 0
1208 0
138 1
1107 0
1874 0
3499 0
1803 0
3542 0
724 0
1201 0
519 0
3534 0
1195 1
5069 0
17 2
2451 0
5082 0
1327 0
3337 0
1274 0
110 1
333 0
2356 0
2658 0
646 0
446 0
2181 0
1220 0
1582 0
1599 0
3663 0
2306 0
1149 0
2652 0
2337 0
2603 0
2283 0
5014 0
2407 0
1087 0
1288 0
4955 0
810 0
1238 0
33 1
1587 0
1559 1
2866 0
7 1
1793 0
1701 0
227 0
1860 0
2443 0
2013 0
264 2
255 2
806 0
1885 0
3422 0
182 2
1817 0
2905 0
556 0
717 0
2817 0
815 0
3486 0
671 0
1511 1
5176 0
167 1
3353 0
2423 0
692 0
1605 0
663 0
3564 0
1907 0
2431 0
4961 0
854 1
969 0
1174 0
510 0
393 0
2276 0
1501 0
3262 0
658 0
274 0
3550 0
549 0
877 0
3465 0
1508 0
1771 0
1128 0
946 0
3515 0
1724 0
1520 0
250 1
303 1
2644 0
1361 0
614 1
1765 0
130 1
53 2
1373 0
2925 0
1465 0
1302 0
1397 1
4966 0
941 1
3341 0
583 0
3436 0
1879 0
3313 0
1824 0
1869 0
2342 0
591 0
3516 0
2304 0
832 0
3481 0
2341 0
3583 0
828 0
276 1
5123 0
102 2
1920 0
1831 0
2465 0
3523 0
2639 0
3483 0
1218 0
1404 0
2398 0
1543 0
259 0
424 0
1625 0
163 2
1106 0
1402 0
1836 0
2402 0
1531 0
5160 0
1841 0
347 1
3558 0
1333 0
2586 0
434 0
865 0
1184 0
442 0
2156 0
1577 0
1572 0
689 0
886 0
3462 0
1116 0
2835 0
1329 0
5231 0
3728 0
1725 0
3568 0
2379 0
727 0
939 0
320 0
5222 0
3528 0
4095 0
2619 0
811 0
1670 0
2010 0
249 1
465 1
1612 0
3342 0
819 1
1177 0
1189 0
1127 0
894 0
1748 0
3425 0
858 0
1298 0
140 1
1900 1
5131 0
3460 0
385 1
954 0
1479 0
1359 0
5095 0
801 0
2578 0
985 0
971 0
754 0
479 0
847 0
1166 0
1563 0
1003 1
1378 0
1054 0
1800 0
2101 0
619 0
1717 0
2557 0
698 0
1634 0
621 0
4996 0
524 1
1848 0
3418 0
598 1
2486 0
3395 0
2322 0
780 1
2438 0
2317 0
3334 0
3547 0
3490 0
1433 0
240 1
1666 0
230 2
115 2
377 1
2374 0
602 0
2050 0
922 0
2319 0
1311 0
2741 0
1072 1
2470 0
1787 0
1394 0
612 1
936 0
1391 0
1277 0
3456 0
5234 0
1086 0
5110 0
2794 0
701 0
214 1
564 1
2562 0
2708 0
1650 0
2074 0
2539 0
2547 0
731 0
657 1
1865 0
2139 0
1783 0
768 0
1928 0
1092 0
503 1
2255 0
1756 0
1636 0
2491 0
1483 0
5090 0
338 0
1996 0
576 0
761 0
1775 0
738 0
1415 0
484 0
1078 1
1243 0
1036 0
3408 0
2334 0
2530 0
3492 0
1265 0
2065 0
544 0
623 0
1512 0
2956 0
1196 0
1114 0
2389 0
2564 0
2382 0
328 1
239 1
122 2
2635 0
269 1
878 1
628 0
1223 0
363 0
2277 0
2353 0
3538 0
733 0
2159 0
3745 0
630 0
997 0
5001 0
3394 0
608 0
1234 0
1649 0
1314 0
1798 0
1474 0
2535 0
125 1
522 0
1632 0
44 1
1423 0
2412 0
1687 0
3352 0
667 0
1188 1
2008 0
1280 0
714 0
1564 0
313 1
2017 0
2663 0
2661 0
5008 0
1324 0
397 1
1096 0
3433 0
2934 0
1657 0
1191 0
3477 0
459 0
823 0
4267 0
1495 0
1753 0
771 0
401 1
2688 0
186 2
1797 0
1119 0
1914 0
3039 0
2756 0
1705 1
1919 0
915 0
1586 0
3441 0
2606 0
404 1
516 1
1813 0
2060 0
3561 0
702 0
2297 0
5042 0
2346 0
561 0
2112 0
5202 0
2555 0
357 2
1307 0
1812 0
3236 0
1769 0
455 0
2475 0
1875 0
5087 0
1673 0
963 0
297 0
2612 0
4959 0
2031 0
2272 0
1889 0
2692 0
2646 0
1596 0
10 3
980 0
550 0
2083 0
2697 0
2097 0
1651 0
1081 0
1736 0
1569 0
958 0
592 0
2542 0
1978 0
2123 0
2364 0
1640 0
173 1
530 1
66 1
2709 0
470 0
1524 0
793 0
2360 0
1205 0
1287 0
1696 0
2403 0
654 1
2261 0
283 2
156 1
3414 0
59 2
3388 0
2091 0
3329 0
1971 0
2358 0
1226 0
2498 0
1256 0
1744 0
1853 0
864 0
219 1
2300 0
2480 0
1170 1
799 0
925 0
1896 0
390 0
1515 0
2368 0
3357 0
1686 0
1042 0
1955 0
38 1
196 2
945 0
1169 0
206 2
118 1
1674 0
959 0
1065 0
331 1
358 0
1659 0
737 0
767 0
2070 0
5099 0
84 3
805 0
1020 0
437 1
194 0
1768 0
3503 0
220 1
1312 0
2395 0
4473 0
1021 0
1263 0
934 0
1989 0
3537 0
948 0
2160 0
5228 0
572 0
1398 1
226 0
527 0
1430 0
1145 0
1870 0
1448 0
2549 0
2466 0
62 2
833 0
1573 0
548 0
2020 0
3524 0
3450 0
1110 0
1999 0
3466 0
2622 0
1772 0
418 0
2324 0
783 0
933 0
348 1
1152 0
789 1
49 1
2046 1
2052 0
993 1
627 1
1090 0
1308 0
2117 0
715 1
1934 0
2503 0
1916 0
1722 0
23 1
364 0
388 0
4458 0
1425 0
950 1
2957 0
1678 0
1445 0
1845 0
1025 0
3429 0
3580 0
2478 0
1842 0
1466 0
485 0
2340 0
2143 0
778 0
3316 0
3555 0
720 0
1270 0
2449 0
460 1
1645 0
1389 0
324 0
3508 0
244 0
637 0
2066 0
752 0
1232 0
379 1
1607 0
1386 0
1536 0
1639 0
3404 0
1035 1
2617 0
452 0
295 0
579 0
1894 0
535 1
1618 0
77 1
683 0
2260 0
541 0
1215 0
1712 0
2344 0
765 0
2552 0
2521 0
897 0
1628 0
312 1
2435 0
1002 1
237 2
2584 0
370 1
2371 0
2519 0
3398 0
567 0
2610 0
416 1
4925 0
380 1
100 2
914 0
1279 0
300 1
965 0
1439 0
2974 0
2079 0
286 0
1395 0
2405 0
1075 0
2426 0
800 0
1365 0
2432 0
1407 0
496 0
605 0
1779 0
1568 0
2581 0
607 0
1807 0
1699 0
42 2
759 0
1228 0
2508 0
1073 0
235 0
2291 0
1931 0
2591 0
694 1
3399 0
816 0
1103 1
3788 0
265 1
296 1
1062 0
171 2
1700 0
2609 0
445 0
2131 0
1339 0
2687 0
2338 0
582 1
1884 0
2120 0
1858 0
557 0
718 0
1581 0
1604 0
1507 0
441 1
868 0
3325 0
672 0
1140 0
3417 0
4922 0
983 0
275 1
2035 0
197 1
2208 0
3314 0
1731 0
3496 0
853 1
751 0
1500 0
1746 0
3356 0
1980 0
2136 0
2275 0
3517 0
1295 0
1111 0
677 0
907 0
1868 0
3480 0
1210 0
590 1
664 1
1878 0
1790 0
2388 0
2264 0
1690 0
617 0
79 3
1420 0
5244 0
3437 0
352 1
2502 0
126 0
1594 0
1034 0
251 1
2803 0
369 1
4986 0
1533 0
1548 0
651 0
176 2
947 0
256 0
1823 0
2537 0
2267 0
5071 0
920 1
428 1
887 1
3545 0
72 1
500 0
1221 0
1496 0
1757 0
1200 0
918 0
1682 0
2781 0
1413 0
2107 0
1108 0
1275 0
1598 0
3453 0
1014 0
2282 0
1856 0
843 0
2529 0
1491 1
1362 0
1804 0
2315 0
632 0
1371 0
2357 0
394 1
2257 0
514 0
610 0
2444 0
2659 0
725 0
513 0
4954 0
50 3
2645 0
1519 0
2633 0
797 1
2459 0
1136 1
3543 0
1175 0
1236 0
1683 0
2413 0
1326 0
645 0
2566 0
1382 0
1176 0
1815 0
1039 0
2637 0
1005 1
28 1
2089 0
589 1
1337 0
2087 0
215 0
687 1
3320 0
2098 0
150 2
2298 0
2336 0
245 1
2511 0
2604 0
4974 0
2546 0
826 0
2494 0
1344 0
332 1
2329 0
3338 0
1099 0
1965 0
745 0
34 3
2653 0
2656 0
2548 0
2082 0
620 1
1410 0
2613 0
2693 0
1434 0
2625 0
3457 0
1547 0
2471 0
937 0
1045 0
5143 0
1619 0
16 1
730 1
921 0
1069 0
5233 0
1224 0
368 1
5002 0
2556 0
994 0
611 1
1786 0
1849 0
849 1
2320 0
492 0
208 1
2440 0
2271 0
1523 0
93 1
292 1
2445 0
291 1
374 0
2429 0
114 3
1306 0
429 1
1939 0
1328 0
1091 0
73 1
409 2
67 1
3335 0
1962 0
241 1
812 0
489 0
2561 0
585 0
327 1
1392 0
1970 0
2391 0
1080 0
1281 0
732 1
1864 0
3491 0
1603 0
1881 0
622 0
970 0
2381 0
2375 0
1416 0
24 1
2759 0
2256 0
2049 0
1658 0
3321 0
104 0
2057 0
1558 0
3370 0
5239 0
3493 0
1635 0
1237 0
1513 0
2175 0
1264 0
159 0
747 0
2490 0
2563 0
1633 0
47 1
1427 1
1484 0
1017 0
270 0
2042 0
1057 0
538 1
1602 0
521 0
2007 0
1332 0
1923 0
162 1
433 0
880 1
3461 0
1399 0
1912 0
786 0
986 1
740 0
1117 1
1008 0
103 1
3434 0
201 1
871 0
1401 0
719 1
3393 0
1529 0
902 0
827 0
266 0
1742 0
1353 0
2585 0
1624 0
4042 0
3363 0
1219 0
1695 0
2534 0
97 1
2378 0
1704 0
668 1
688 0
750 1
1749 0
1126 0
774 1
3463 0
910 1
693 1
1341 0
3424 0
1534 0
2570 0
893 1
1915 0
2309 0
83 1
804 0
3375 0
1385 0
2558 0
5168 0
1818 0
962 0
2094 0
755 0
1085 0
1714 0
1837 0
143 2
3942 0
1403 0
1051 0
2268 0
1497 0
497 0
518 1
2914 0
1211 0
411 0
169 1
2399 0
1542 0
1711 0
2102 0
478 1
2579 0
398 0
384 0
836 0
2016 0
955 0
1735 0
942 0
1376 0
1888 0
3512 0
2030 0
2286 0
2369 0
2647 0
1595 0
190 3
1750 0
1808 0
1739 0
601 0
822 1
231 1
1610 0
779 0
551 0
343 1
504 1
981 1
697 1
3177 0
3387 0
857 0
707 1
1010 0
1966 0
1665 0
3310 0
261 0
1782 0
2439 0
2506 0
3403 0
321 0
792 1
1248 0
1079 0
2422 0
3407 0
5076 0
3368 0
1590 0
1652 0
2401 0
1516 0
2462 0
2053 0
924 1
2301 0
760 0
863 0
2481 0
531 0
4975 0
2469 0
3317 0
1745 0
172 0
4904 0
2594 0
2111 0
1366 0
223 0
721 1
2124 0
3482 0
1255 0
1043 0
2660 0
669 0
282 1
420 0
1852 0
3548 0
639 0
3449 0
989 0
1505 0
1348 0
2372 0
577 0
1137 0
3511 0
1227 1
1417 0
3504 0
216 1
3381 0
852 0
3351 0
643 0
1120 0
1475 0
1794 0
1187 0
3522 0
2636 0
2092 0
676 1
1251 0
277 0
2456 0
1192 0
879 0
2640 0
1095 1
1183 0
1883 0
1846 0
2215 0
133 1
123 1
304 0
2515 0
2600 0
2417 0
5017 0
1631 0
1828 0
2605 0
2294 0
56 2
1369 1
1151 0
54 1
3347 0
306 0
1204 0
70 2
839 0
2520 0
166 2
88 1
1578 1
1009 0
30 1
403 1
466 1
134 1
2151 0
618 0
848 0
1829 0
1904 0
1761 0
1629 0
1918 0
1323 0
2662 0
1492 0
3164 0
703 1
3454 0
3560 0
1134 0
1100 0
5201 0
1377 0
2488 0
185 0
2487 0
1719 0
2716 0
4 3
1985 0
1691 0
3567 0
