*Vertices 211
0.099191
0.0847696
0.0376363
0.0335913
0.0277875
0.0267323
0.0260288
0.0256771
0.0228632
0.0225114
0.0212803
0.020401
0.018994
0.0168836
0.0158284
0.0151249
0.0145973
0.0144214
0.0140696
0.0123109
0.0123109
0.0121351
0.00984875
0.00949701
0.00949701
0.00914527
0.00879353
0.00861766
0.00861766
0.00844179
0.00826592
0.0077383
0.0077383
0.00738656
0.00738656
0.00703482
0.00685895
0.00615547
0.00615547
0.0059796
0.0059796
0.0059796
0.0059796
0.0059796
0.00562786
0.00562786
0.00562786
0.00545199
0.00527612
0.00527612
0.00510025
0.00492438
0.00492438
0.00492438
0.00457263
0.00457263
0.00457263
0.00422089
0.00422089
0.00404502
0.00386915
0.00386915
0.00369328
0.00351741
0.00351741
0.00351741
0.00351741
0.00351741
0.00351741
0.00334154
0.00316567
0.00316567
0.00316567
0.00316567
0.00316567
0.00316567
0.00316567
0.0029898
0.00281393
0.00281393
0.00281393
0.00263806
0.00246219
0.00246219
0.00211045
0.00211045
0.00211045
0.00211045
0.00211045
0.00211045
0.00211045
0.00211045
0.00211045
0.00211045
0.00211045
0.00211045
0.00211045
0.00140696
0.00140696
0.00123109
0.00123109
0.00123109
0.00123109
0.00105522
0.00105522
0.00105522
0.00105522
0.00105522
0.00105522
0.00105522
0.00105522
0.00105522
0.00105522
0.00105522
0.00105522
0.00105522
0.00105522
0.00105522
0.00105522
0.00105522
0.00105522
0.00105522
0.00105522
0.00105522
0.000879353
0.000703482
0.000703482
0.000703482
0.000703482
0.000703482
0.000703482
0.000703482
0.000703482
0.000703482
0.000351741
0.000351741
0.000351741
0.000351741
0.000351741
0.000351741
0.000351741
0.000351741
0.000351741
0.000351741
0.000351741
0.000351741
0.000351741
0.000351741
0.000351741
0.000351741
0.000351741
0.000351741
0.000351741
0.000351741
0.000351741
0.000351741
0.000351741
0.000351741
0.000351741
0.000351741
0.000351741
0.000351741
0.000351741
0.000351741
0.000351741
0.000351741
0.000351741
0.000351741
0.000351741
0.000351741
0.000351741
0.000351741
0.000351741
0.000351741
0.000351741
0.000351741
0.000351741
0.000351741
0.000351741
0.000351741
0.000351741
0.000351741
0.000351741
0
0
0
0
0
0
0
0
0
0
0
0
0
0
0
0
0
0
0
0
0
0
0
0
0
0
0
0
