*Vertices 1081
1
5
20
15
8
8
4
1
1
1
3
5
3
5
2
2
16
1
8
10
9
6
6
13
64
6
4
29
6
3
9
3
5
9
5
5
5
5
11
7
3
7
4
5
5
6
1
6
2
10
31
27
42
1
5
27
4
12
15
4
13
8
13
8
8
8
11
6
2
20
2
1
21
4
8
2
2
2
2
2
7
9
3
14
9
7
7
4
4
9
37
6
18
25
1
1
3
9
9
6
1
3
3
8
8
6
15
5
1
3
2
3
41
18
18
18
18
60
84
29
29
4
7
36
3
19
1
4
40
27
2
2
2
4
1
6
3
25
4
4
4
7
4
7
2
2
1
10
4
4
7
23
7
2
18
7
3
3
7
8
7
2
4
2
20
5
17
4
19
10
4
5
2
3
1
5
2
8
2
14
10
4
3
1
10
16
1
1
2
3
10
2
16
7
5
3
3
8
1
22
41
80
22
79
37
1
2
3
2
45
12
3
3
3
3
6
12
6
4
4
9
15
3
3
9
6
9
4
5
4
14
20
28
14
7
2
9
1
6
6
6
4
2
4
2
7
8
3
3
3
6
7
7
3
1
6
15
30
9
11
26
5
1
3
3
4
1
4
4
2
1
1
2
25
2
3
5
6
1
11
8
15
2
2
2
7
3
6
8
7
9
2
3
4
5
3
4
4
4
4
4
2
2
2
3
3
3
3
5
1
2
6
3
2
2
6
2
6
6
4
7
2
6
16
12
6
6
1
2
18
14
7
11
9
11
2
16
16
16
16
16
10
16
16
10
10
10
16
10
4
4
4
4
4
32
9
11
6
7
3
3
11
7
7
3
3
13
3
9
5
4
4
4
4
2
2
4
8
9
2
3
1
6
2
2
1
2
2
2
10
18
10
4
4
2
2
5
5
5
1
2
2
2
6
6
2
4
1
6
6
6
3
3
3
1
6
3
6
3
1
2
2
2
8
2
2
4
2
6
6
9
6
5
8
8
5
5
1
1
3
2
2
2
8
1
15
5
9
7
6
6
2
10
6
3
3
5
3
1
8
1
1
3
2
2
7
1
0
4
2
2
1
1
2
2
2
2
4
4
3
7
5
6
2
2
8
6
5
1
1
7
1
18
6
7
6
1
1
1
2
2
1
2
12
2
9
3
3
10
3
2
9
1
1
0
3
3
1
1
1
5
3
5
3
4
4
4
1
1
1
2
5
5
3
3
3
3
1
1
2
1
1
1
1
1
1
5
5
5
5
5
11
14
6
5
5
5
5
5
5
0
8
4
7
3
3
1
1
5
5
5
5
2
2
4
1
1
1
1
1
1
3
3
2
0
2
2
3
2
1
1
5
5
5
5
9
5
2
5
0
1
1
4
1
1
2
4
4
7
1
1
3
7
2
3
3
0
1
1
3
3
3
1
18
2
5
3
4
11
5
1
4
3
3
1
17
4
4
0
4
3
5
3
3
2
2
2
2
0
1
4
8
8
6
10
4
2
2
2
5
4
4
4
6
0
3
4
4
2
6
6
6
6
6
6
1
4
4
2
1
1
4
1
1
9
9
9
11
9
9
9
2
2
2
1
2
2
2
1
2
1
1
1
10
7
2
0
2
2
4
0
2
2
2
4
4
4
4
2
2
2
0
3
6
3
1
3
9
9
3
9
6
6
6
6
0
0
1
3
1
11
11
12
11
11
11
11
3
2
3
3
1
1
2
2
2
5
10
5
2
3
4
4
4
3
3
3
19
2
2
2
2
3
3
3
3
1
2
2
2
4
4
2
1
7
3
3
7
7
7
13
2
3
3
2
1
1
1
4
4
4
1
1
8
1
4
4
4
4
3
6
3
1
1
1
1
4
9
0
1
1
2
6
6
3
1
1
5
1
1
11
2
2
2
1
3
3
3
2
3
3
4
4
1
3
3
1
2
2
2
2
6
6
6
2
0
2
2
2
1
5
4
1
1
1
0
1
1
2
3
3
3
2
1
1
0
0
0
0
2
2
2
0
1
1
2
4
2
4
4
4
4
1
0
3
3
6
7
6
4
4
4
4
4
4
2
2
2
3
3
5
1
4
4
4
4
2
2
3
3
3
3
2
2
6
10
6
10
1
3
2
1
1
1
1
1
1
1
1
3
3
3
3
1
2
10
10
8
4
6
6
6
2
2
2
2
2
2
4
7
3
3
3
1
1
5
5
3
3
2
2
2
3
3
3
1
1
2
2
2
3
2
2
4
4
2
6
6
1
1
1
3
3
6
1
1
1
3
3
1
1
1
0
2
2
2
1
1
2
2
2
2
1
1
2
2
2
0
3
3
2
2
3
7
3
1
1
1
1
2
2
4
2
4
1
1
5
5
5
5
1
3
3
3
3
3
3
3
2
4
4
2
2
1
2
2
2
2
2
2
2
1
1
1
0
0
0
1
4
3
3
3
3
4
4
4
4
4
4
4
4
