127 37
71 40
1648 6
1481 5
3509 3
2927 4
1178 6
1387 6
512 17
1932 4
463 15
517 18
458 18
1250 7
1363 7
722 15
1109 9
1630 8
1597 6
728 18
1244 7
1638 6
742 14
29 37
350 25
1969 4
1810 5
2203 4
58 33
153 22
2387 4
1546 8
101 20
340 15
311 20
825 8
917 8
3431 3
2425 5
3536 4
4977 3
495 12
1703 6
5084 3
5073 3
3302 5
1322 6
2086 4
2460 5
1172 11
2458 4
1259 7
834 14
285 20
2441 4
3475 3
5171 3
2414 5
1216 7
3421 4
2194 4
2274 4
2285 6
1135 8
1203 8
96 37
1068 5
2088 7
1667 5
486 8
1354 6
569 22
8 24
2359 4
686 8
391 16
5251 3
943 7
1887 7
1375 7
180 22
1585 6
1877 7
4993 3
246 15
2227 5
690 14
1168 10
61 35
536 10
4661 4
1653 7
2237 4
3540 3
1688 5
5186 3
2394 4
1266 4
3419 3
3326 4
3311 5
1458 9
444 22
508 10
1336 7
39 48
558 9
1089 9
12 34
1554 7
2168 5
573 15
3518 3
1084 9
3343 4
3413 3
3446 4
638 14
2350 6
875 14
1522 6
3467 4
1 66
116 13
506 13
136 29
1197 9
1580 6
2937 4
2146 5
2419 4
661 8
1935 6
581 9
308 23
3485 3
678 15
1517 7
1973 6
927 11
301 22
2302 6
51 21
1758 7
456 16
1822 6
652 11
1033 9
2034 4
2258 4
2400 5
1539 8
796 6
2349 3
366 9
844 12
1541 6
4552 3
272 25
3527 3
2343 5
775 14
5034 3
3044 4
20 62
2376 5
888 7
1011 13
1754 5
1627 6
1161 4
468 8
700 12
1019 12
1927 6
78 25
3369 4
1380 8
3406 4
990 7
413 16
294 23
1442 6
1614 5
2218 5
2316 6
764 16
349 22
1743 7
3364 4
606 11
1383 10
137 19
1414 6
2522 4
666 15
432 13
1074 6
860 10
2308 6
1063 6
1567 6
1776 7
2158 7
2362 3
708 12
1601 4
4764 4
710 11
1656 5
5041 3
323 23
856 13
1834 6
5105 3
2142 7
1664 8
112 36
545 10
191 15
2467 6
187 28
588 12
1684 5
756 11
2326 4
262 20
1283 9
1944 6
212 22
3384 4
2436 4
1331 8
2383 5
542 14
3114 4
1305 8
961 7
1662 8
574 17
170 21
660 10
3397 4
1921 6
26 39
977 12
2250 4
526 15
566 25
1901 4
3500 4
359 8
1229 8
2299 6
108 22
604 11
1001 6
232 21
477 16
1338 10
3458 3
1182 8
225 19
1447 7
142 28
330 14
207 27
1510 6
48 55
1857 4
360 9
3416 4
3377 4
1076 7
766 11
449 9
1574 6
3506 3
1579 5
659 6
1141 8
682 7
353 11
375 15
984 6
2409 4
1155 8
3372 5
1485 4
788 12
128 18
501 17
278 24
1617 5
3521 3
490 13
155 24
387 11
1913 5
1112 9
626 17
1294 5
461 17
1562 6
257 15
1426 11
3451 3
1358 8
782 12
951 11
85 32
809 11
2200 4
1156 8
1557 7
2281 6
1486 5
425 6
736 15
539 20
3428 3
781 10
3339 3
5012 3
1950 6
1698 4
520 19
5044 3
532 21
1193 9
2455 4
3963 3
55 32
1890 6
1681 6
57 32
872 7
2642 4
2354 6
3479 3
3435 4
1146 10
395 15
89 24
175 22
584 17
988 6
3307 5
35 46
2295 6
2453 4
1550 5
1882 8
1454 5
1421 7
665 18
1476 7
1207 5
1584 6
904 12
930 11
1675 6
649 14
1318 5
642 10
648 13
2245 4
3348 3
4973 4
1908 6
1028 11
198 10
1589 7
1098 8
1718 7
1059 10
3349 4
913 6
361 8
202 24
2468 5
184 22
776 12
1819 5
2183 5
1459 9
1570 4
1269 9
412 10
181 26
307 21
3472 3
1671 6
830 9
1467 7
1463 9
154 14
2062 6
1101 9
704 13
326 16
1165 9
1462 10
681 11
335 23
1029 7
3531 3
5 54
2105 5
3292 5
3455 3
4681 3
1957 6
554 15
552 11
1867 4
1623 4
74 41
3533 4
440 10
890 10
1926 6
299 18
1289 10
1282 9
5144 3
1694 5
841 11
1044 8
3513 3
1350 8
1751 6
91 24
2137 5
1240 8
467 10
474 16
481 16
867 9
3355 3
1976 6
3442 3
817 12
563 13
3470 3
229 21
673 12
3322 4
3489 3
68 37
315 29
1827 5
5081 3
1947 6
2366 5
1347 6
222 36
1504 5
3350 3
25 35
2270 5
2418 4
305 21
1253 7
928 11
1644 7
1526 5
217 22
1730 6
158 19
281 25
46 26
3412 4
1851 4
3327 3
2373 3
1418 5
36 41
2263 4
3386 4
5150 3
748 8
1368 6
472 16
3505 3
1655 5
1943 6
317 25
711 15
132 26
1254 7
1642 4
892 12
2180 4
1428 7
546 23
537 15
1018 12
4992 3
1125 10
1007 10
1443 6
741 10
1833 5
3298 5
998 6
1186 5
2240 3
529 14
1545 9
1058 13
1773 5
3166 4
1150 9
3392 4
1535 8
5258 3
2390 5
908 7
1335 9
3409 4
284 13
903 7
247 23
1340 10
289 14
165 26
729 9
2351 6
4509 3
2 51
808 8
845 9
1231 9
1249 5
147 24
2446 5
973 11
1046 7
1142 8
1291 7
319 22
1179 4
1052 8
1922 6
735 9
1493 7
2397 3
974 6
4298 3
1271 6
1715 6
344 17
1613 5
636 11
1710 4
5064 3
1406 7
1104 12
1133 7
2421 4
209 22
1905 4
1118 8
1575 6
117 24
2207 4
600 23
80 29
336 12
2472 6
457 13
821 6
383 7
5247 3
696 17
1721 7
1873 6
3376 4
2179 5
2172 4
1431 8
92 49
1489 6
1212 5
2253 5
1805 5
2433 5
1164 7
1477 7
1727 8
5229 3
505 15
670 11
1094 6
419 18
995 6
2178 4
1225 8
837 13
2909 4
290 18
625 6
149 28
712 13
210 27
406 19
2289 5
3365 4
3283 5
2312 6
19 38
365 15
1030 8
763 10
3332 4
4632 3
3430 3
1895 4
3318 3
2038 6
570 11
1880 6
252 21
3389 4
1159 6
883 12
655 14
421 16
2332 5
1367 5
271 23
1070 9
1024 8
491 12
1863 5
2463 5
13 46
105 40
1514 5
840 13
1647 5
4693 3
597 14
2380 4
111 27
3549 3
1411 6
408 16
1480 6
242 17
559 25
1588 6
32 48
443 16
2234 4
580 24
3519 3
1257 6
846 10
31 45
1689 3
3484 3
1861 5
2307 6
3312 3
1296 9
1553 7
3415 4
2161 6
2133 3
1654 5
5104 3
968 13
3494 3
675 10
3510 4
15 54
431 16
382 15
2236 4
3487 3
1506 7
2846 4
139 30
129 21
926 10
1246 7
859 12
739 8
1083 14
1293 6
876 11
662 15
168 28
135 22
3344 3
4789 3
1518 6
145 25
3447 3
3444 3
178 23
1131 6
3439 4
124 30
772 12
1876 7
1759 4
1429 10
1974 7
1374 9
1528 7
653 7
2303 6
1692 6
2259 4
509 10
2212 5
1015 7
976 12
367 16
716 7
1886 7
1972 5
940 13
743 6
685 9
21 52
4862 3
523 13
2377 3
2129 4
453 9
1460 8
723 12
1202 7
351 19
3303 5
1040 10
595 16
1755 6
1138 8
488 13
1012 9
1498 6
835 12
2182 4
1267 4
1032 8
901 9
113 33
2191 4
152 29
342 13
1419 8
862 15
341 12
1056 9
2189 4
2287 6
3108 4
2284 6
64 27
1473 5
881 8
2461 5
5124 3
45 25
507 11
405 11
1173 4
1963 8
309 21
1734 6
1733 6
5028 3
3383 4
1258 7
824 7
120 18
1148 13
2386 4
392 21
254 16
2313 6
1321 6
2242 5
2442 4
2254 5
3354 3
813 11
644 14
851 8
2477 5
3360 3
5140 3
2296 6
436 18
1342 7
2457 3
213 12
94 27
1450 5
3011 4
568 15
2273 3
2411 4
3476 3
791 8
1129 7
1143 9
1355 5
2231 4
386 14
1961 7
916 10
1457 9
200 28
1261 6
1352 8
329 19
525 23
1621 5
27 23
787 13
2331 5
1561 5
161 26
1902 6
1310 6
109 27
2318 6
1239 6
769 11
1181 6
1556 7
803 8
1766 5
3378 4
60 32
1245 7
1400 5
691 13
1067 12
5173 3
1676 5
1388 6
346 16
911 15
427 15
5121 3
3507 3
82 32
3464 3
2202 5
650 16
1154 9
3427 3
895 9
1763 6
5237 3
69 34
1157 6
1910 5
1470 7
224 23
3402 3
3501 3
2100 5
1006 7
2393 3
5226 3
3423 3
426 10
996 6
1435 7
279 16
2408 5
956 7
629 10
483 29
498 12
3520 4
1487 5
372 19
1540 7
1284 11
1661 9
1330 9
1606 6
3526 4
1160 7
99 30
869 8
1592 6
1933 4
5035 3
790 9
533 15
1122 7
2416 4
1697 6
1053 6
462 26
414 19
1770 6
1209 7
263 26
991 9
3361 3
2985 4
3535 4
2348 3
931 9
2246 5
615 12
476 17
1198 8
3319 3
1626 7
1409 6
2219 5
1077 6
2464 6
1716 6
293 25
1272 6
1299 6
1663 7
967 10
1611 4
5109 3
2157 7
322 19
469 13
635 15
575 15
1088 9
1835 6
1566 6
979 7
709 16
310 20
40 41
192 16
699 9
1115 11
960 5
5195 3
818 17
1038 9
2293 6
1707 5
543 12
267 18
1892 6
1777 5
354 17
1437 6
1064 10
757 12
9 26
3359 3
1217 6
1600 4
3240 4
1740 7
603 12
90 22
3514 3
565 20
1346 7
1964 6
3396 4
850 12
2424 4
1004 6
3471 3
891 5
1360 5
233 12
1013 11
1490 5
2198 5
1693 4
316 22
1806 6
1738 8
2288 6
1370 5
11 35
2649 4
511 12
842 14
2367 4
899 8
3443 3
3340 3
2437 3
199 20
2410 4
1899 5
1929 5
1737 8
1948 5
795 9
1609 6
794 6
3411 4
944 12
1113 8
3405 4
674 11
2280 6
1317 8
957 7
280 16
273 25
2430 5
471 20
1503 5
2262 4
1509 6
1936 5
1325 5
1643 5
131 26
1565 6
502 12
314 15
1286 8
1796 5
3385 3
1502 5
1872 7
355 16
553 13
1252 6
3488 3
555 17
1037 9
37 34
3328 3
855 13
195 28
1706 6
1839 5
1788 6
2186 4
679 12
680 12
831 7
1147 10
1960 6
2355 6
1241 6
647 17
1441 7
1206 6
334 24
2292 7
1027 8
1680 4
423 17
1953 4
1139 8
1319 6
1826 4
2454 5
1222 9
3473 4
1747 7
820 7
174 29
1799 5
1571 6
422 22
905 8
1552 6
3308 5
1194 11
41 26
52 18
1451 5
302 15
866 8
1453 6
2452 3
2223 4
3532 3
770 7
3358 3
593 16
3380 4
188 26
402 18
1940 6
1097 5
641 9
3366 4
1641 7
838 17
616 10
640 22
870 7
1121 8
5019 3
1384 10
896 10
1468 8
3530 3
2068 4
1726 7
1464 10
1494 5
2347 5
3440 4
777 15
2018 4
3426 3
1906 4
464 16
1672 6
1685 5
1891 7
3452 4
6 56
562 9
1304 6
2269 4
2327 4
183 22
1102 12
1478 7
362 12
439 15
1379 10
1593 6
705 15
3345 3
1720 6
2206 5
407 20
2177 5
18 30
376 18
912 17
1432 8
785 13
1930 6
599 18
1393 5
1167 9
609 18
587 12
1235 8
298 28
95 38
3291 5
3373 3
243 31
148 27
753 15
1343 10
2404 3
726 7
2171 4
106 30
964 9
157 25
65 26
1909 5
935 11
203 23
1213 8
1093 7
1023 6
81 37
1199 7
1300 7
624 9
86 32
2473 6
1158 8
2170 5
656 14
371 9
204 14
2335 3
1041 12
3468 3
435 17
814 10
1482 6
885 16
1412 5
884 9
1709 5
339 19
3539 4
228 16
749 9
268 22
829 10
345 24
596 13
3323 3
1297 7
1521 5
613 9
2352 6
3495 3
5181 3
1082 10
121 17
1066 8
952 9
1071 8
494 16
487 11
3333 5
1956 5
2235 4
238 24
873 8
253 24
448 16
2278 4
2427 5
63 42
1637 8
3297 5
179 22
1532 8
1105 10
713 18
1334 10
2096 6
1784 5
938 14
1679 6
1830 5
1620 5
1262 7
1290 9
1527 5
2162 5
1132 6
2370 5
929 12
5259 3
1925 6
631 10
547 15
1583 6
1616 6
1544 10
1538 7
396 23
258 16
1422 8
482 18
949 6
5158 3
3432 3
499 13
5262 3
1047 8
1055 10
2447 4
1276 6
141 16
909 11
1124 11
1230 6
75 15
2993 4
1917 6
1163 6
450 10
1702 5
1405 6
1713 3
1060 10
2420 5
2126 4
900 8
318 22
1729 6
972 12
473 21
3 44
248 20
146 23
1351 8
2396 5
802 11
356 18
3420 4
528 11
164 20
807 7
1049 5
882 10
1488 5
1050 8
560 10
798 12
898 11
1031 9
1273 5
3401 3
451 12
3362 3
454 22
1364 6
1408 6
2448 4
634 18
578 13
695 14
978 12
3324 3
2144 5
378 16
325 21
889 6
3331 3
5148 3
1233 8
3390 4
540 15
1615 4
1162 6
684 22
211 22
1732 6
861 13
337 14
3315 4
2406 4
76 34
1924 4
982 7
571 9
1214 7
1190 4
389 10
1660 4
3525 3
1171 11
1345 7
2290 6
1123 6
966 9
2216 4
2314 6
5146 3
236 18
758 15
1954 5
706 17
218 23
14 35
2345 4
1608 5
3391 4
2328 6
2973 4
2474 5
234 26
594 8
1438 6
1903 6
2188 4
5213 3
1778 5
1859 5
2339 4
160 30
98 26
1278 9
2434 4
1381 7
1000 8
43 37
1061 12
5039 3
2054 4
3502 4
1728 8
288 15
193 22
119 30
1555 7
586 17
410 23
3374 4
1180 5
1185 4
430 18
2169 5
447 13
1446 6
1741 7
1315 6
1130 7
415 14
189 17
1292 8
2330 3
1356 7
480 16
1153 8
107 29
1871 8
438 13
87 27
2385 5
1022 6
1832 4
953 7
221 26
3147 4
1424 9
1560 6
417 13
784 16
1762 7
260 19
2061 5
1844 4
1530 5
762 8
1144 9
734 16
1723 7
144 36
1440 10
381 21
1471 6
906 12
1349 7
2205 5
177 28
2213 4
373 19
3379 4
3346 3
773 15
22 30
205 16
1309 6
1752 5
1576 6
3448 3
3296 5
1622 6
1260 5
874 8
975 13
493 18
1708 5
2220 4
1436 6
1911 6
1591 6
1677 6
2199 4
2174 4
1320 7
1026 10
1390 7
1993 4
1893 7
1469 6
1499 5
1646 7
400 24
534 16
919 12
746 10
1268 7
744 7
633 12
1372 8
151 21
1977 6
3445 3
1285 7
1952 5
287 8
475 19
3309 5
932 7
1549 7
1959 6
515 10
1525 6
1242 7
138 24
1208 8
1107 10
1874 7
1803 4
3499 3
3542 4
724 11
1201 6
519 9
3534 3
1195 9
3300 5
17 50
2451 5
3337 3
1274 7
2192 5
110 29
333 18
2356 5
2210 5
3700 3
646 13
446 14
2181 4
2229 4
1220 8
1582 6
1599 6
2306 7
1149 10
5276 3
2337 4
2283 6
2243 4
2407 4
1087 11
1288 7
810 8
1238 8
1587 5
33 11
1559 6
2866 4
1793 4
7 45
227 20
1701 5
1860 5
2443 4
1937 6
264 29
255 17
806 16
2230 4
1885 7
3422 3
182 23
556 13
717 8
815 11
3486 3
671 6
1511 6
2249 4
167 34
3353 3
2423 3
692 15
1605 6
663 7
1907 4
2431 3
854 11
1945 4
969 11
5184 3
1174 11
1946 5
510 12
393 12
2276 4
1501 6
658 6
3262 4
274 14
549 14
877 8
3465 3
1508 7
1771 5
1128 6
946 14
3515 3
1724 8
1520 5
250 21
303 12
1361 5
614 8
3155 3
130 29
53 41
1373 5
1465 11
2925 4
2239 5
941 10
3341 3
583 12
2392 3
1879 7
3436 4
3313 4
1824 5
1869 7
2342 4
591 15
3516 3
832 14
2304 6
3481 3
2341 4
828 9
276 21
102 28
4990 3
1920 6
2465 6
3523 3
3483 3
1218 6
4614 3
1404 7
2398 4
5036 3
1543 6
259 15
424 13
1625 6
163 21
1402 4
1106 9
1836 3
4985 3
1531 9
2402 4
2986 4
1841 6
347 16
1333 9
3294 5
434 19
1184 5
865 11
442 16
2156 7
1577 7
1572 6
689 9
886 8
3462 4
1116 10
5047 3
1725 6
727 7
2379 4
320 25
939 12
3528 3
811 5
1670 5
249 24
465 22
1612 6
3342 4
819 10
1189 6
1177 7
1127 7
1537 8
894 17
858 13
3425 4
140 22
2222 4
1900 7
3460 3
385 19
954 7
1359 6
1479 6
801 15
985 6
971 13
754 14
847 8
479 14
1166 9
3061 4
1563 6
2166 5
1378 10
1003 9
1054 6
619 10
2101 5
1717 6
698 8
1634 8
621 14
524 17
2176 5
2310 5
3418 3
598 18
3395 4
780 17
2322 5
2438 4
3334 3
2317 6
3490 3
1433 9
240 21
1666 7
2209 4
230 20
115 36
377 15
2374 4
922 8
602 11
1311 8
2319 7
1072 5
2470 6
1394 6
612 11
1391 8
936 8
3456 4
2251 5
1277 7
1086 11
701 12
214 10
564 16
1650 5
2074 4
731 9
657 21
768 10
1928 6
1092 6
503 14
2255 4
1756 7
1636 7
1483 6
4976 4
338 14
761 7
576 21
1775 5
738 11
1415 5
484 11
1243 7
1036 12
1078 9
3408 4
2334 4
3492 4
1265 7
623 7
544 9
1512 5
4527 3
1196 12
1114 10
2389 3
2382 4
328 12
239 13
122 17
878 10
269 22
628 12
1223 9
2277 4
363 24
2353 6
733 14
2159 6
997 9
630 9
3394 3
1449 5
608 11
1234 5
1649 7
2226 4
1798 4
5102 3
1474 9
125 16
522 18
1632 8
44 32
1423 9
1687 5
3352 3
2152 4
2412 5
667 9
1188 7
1564 6
714 8
1280 11
313 24
3023 4
5008 3
397 11
1096 6
3305 5
3433 4
1657 5
4432 4
2185 5
1191 6
2717 4
3477 3
459 12
823 13
1495 6
1753 5
771 10
401 22
186 30
1119 8
1914 6
1705 5
1938 5
1919 6
915 6
1586 6
1456 7
3441 4
404 13
516 16
1551 6
702 10
2297 6
2346 3
561 9
2195 4
5202 3
2221 5
357 15
1307 8
3236 4
1941 5
455 15
1875 7
1673 5
297 15
963 7
1889 7
2272 5
980 6
1596 6
10 39
550 13
2097 3
1081 11
1651 6
1569 6
958 8
1736 10
592 9
3299 5
1978 5
173 31
530 14
66 40
2709 4
3067 4
470 11
1524 5
5142 3
793 8
1287 11
1205 6
654 9
2403 4
3469 3
283 22
156 38
3414 4
59 27
4572 3
3388 4
2358 5
1226 10
1949 4
1256 7
1744 7
2247 5
1853 6
864 6
219 34
1016 9
2300 6
799 11
1170 10
925 8
3382 4
390 19
1515 5
3357 4
1686 5
1042 7
2368 5
38 36
1955 5
196 14
945 11
1169 12
118 23
206 22
1674 5
959 8
358 16
331 16
1065 11
1659 4
737 7
767 11
2228 5
1020 5
805 15
84 27
2173 5
437 13
194 31
3503 3
1768 6
220 28
1312 6
2395 5
1021 7
2365 5
1263 6
934 8
3537 4
948 10
2160 6
572 15
5228 3
2450 5
1398 6
226 25
527 12
1430 10
1145 7
1870 6
1448 6
62 31
2466 6
833 13
1573 6
1472 4
548 10
3524 3
3450 4
1110 8
3466 3
418 9
2324 5
933 7
783 12
2217 4
1357 8
2333 3
348 16
1152 6
789 13
49 41
1090 7
627 11
993 9
1308 6
1934 4
715 9
2201 4
1916 5
1722 7
23 50
364 9
388 10
1425 11
3069 4
950 8
1445 6
1678 5
5053 3
1845 5
1025 6
3429 4
1466 7
485 9
2340 3
778 14
3316 3
720 11
1270 4
460 12
2449 4
1645 8
1389 4
3508 3
324 13
244 17
637 15
5031 3
752 13
1232 8
379 26
1607 5
1386 6
1639 9
1536 8
3404 4
1035 13
3367 5
452 13
579 13
295 16
1894 6
535 8
1618 4
3301 5
77 34
683 15
541 15
1215 6
2995 4
1712 6
2344 5
765 10
312 18
897 6
1628 6
3219 4
2435 3
237 10
1002 8
370 16
2371 4
567 15
416 21
914 8
380 15
100 21
965 12
1279 8
300 14
1439 8
1395 8
286 22
2405 5
1075 6
800 16
2426 5
1365 5
1407 7
2432 4
496 21
605 15
2987 4
1568 6
2581 4
607 12
1699 6
42 25
759 12
1228 9
235 23
1073 6
2291 5
1931 5
2187 5
694 11
3399 4
816 8
1103 9
2244 4
296 30
265 15
1062 5
3159 4
171 31
1700 5
445 18
1339 8
2338 4
1884 7
1858 4
557 20
718 7
1581 4
2147 4
1604 6
1507 6
441 8
868 9
672 11
1140 10
3417 3
983 6
275 10
197 16
2208 4
3314 3
1731 6
3496 4
853 13
751 13
1500 5
1746 7
3356 3
2167 7
2275 4
3410 3
3517 4
1295 8
3028 4
677 13
1111 7
907 8
2238 4
1868 4
3480 4
1210 4
590 12
664 16
1878 7
2388 3
2264 4
1690 5
5126 3
79 47
617 8
1420 10
3295 5
3437 3
352 13
2918 3
126 22
251 16
1034 11
1594 6
369 18
1533 8
1548 7
651 11
176 21
947 15
256 21
2267 5
920 10
428 15
2305 6
887 8
5273 3
72 18
3371 4
500 9
1496 5
1221 12
1200 9
1757 7
918 11
1682 6
1413 5
1275 7
1108 12
1598 5
3453 3
2282 6
1014 7
843 9
1856 4
1491 6
1362 5
2315 6
632 8
1371 7
2357 5
394 15
2257 4
514 15
610 17
2444 5
725 15
513 8
50 19
1519 6
797 13
2459 6
2197 5
3543 4
1136 5
1175 9
1236 8
1683 5
645 7
2413 4
1382 10
1452 6
1176 7
1039 8
1815 6
2384 5
1005 6
28 35
2089 5
589 13
1337 7
3474 3
215 23
687 10
3320 3
2184 4
150 21
2298 6
2336 4
245 16
4974 4
2190 5
826 6
1344 7
332 17
2329 5
1099 5
1965 4
34 17
5083 3
745 8
2980 4
1410 7
620 13
1434 9
4449 3
3400 4
3457 3
2471 6
1547 8
937 8
1619 6
16 35
730 7
921 8
1069 6
2311 6
1224 11
368 19
994 6
611 20
1849 5
849 11
2320 5
492 10
208 19
2440 4
2271 5
1523 6
93 35
292 21
2445 3
291 21
2429 3
374 18
114 25
3272 4
2790 4
429 19
1306 7
1939 6
5054 3
1328 6
73 48
409 25
1091 7
3335 3
67 26
1962 6
812 10
1958 5
241 16
489 16
3133 4
585 13
327 22
1970 6
1392 6
2391 5
1080 10
1281 10
732 11
1864 5
4765 3
3491 3
1603 6
2233 4
1881 8
622 16
970 9
2381 5
24 56
2375 4
2256 4
1658 7
2049 5
3321 4
104 26
1558 5
3370 4
3493 4
1237 8
1635 8
2175 5
1513 6
1264 7
747 8
159 20
1633 7
47 52
1427 10
1942 6
1484 6
1017 7
270 14
1057 9
538 11
1602 5
521 14
1332 9
162 32
1923 5
880 6
433 15
3461 3
1912 6
2164 5
986 6
786 8
3293 5
740 9
1117 9
1008 10
103 41
201 22
3434 4
871 6
1401 5
719 15
3393 3
1529 4
902 10
827 8
266 19
1742 7
1353 8
1624 6
5178 3
3363 5
1219 5
1695 6
97 18
2378 5
1704 4
668 15
750 11
688 10
774 15
1126 9
3463 3
910 10
693 17
1341 9
3424 4
1534 8
893 13
2309 6
1915 5
83 29
804 11
3375 4
1385 8
5168 3
1818 6
962 7
755 8
1085 7
1714 6
1837 4
143 31
1403 7
2323 3
1051 4
1497 7
518 17
497 17
1211 7
2732 4
411 17
169 11
1542 7
2399 5
1711 6
2102 4
478 22
398 27
384 19
836 10
955 6
942 8
1735 5
1376 10
1888 8
2286 6
2369 5
1595 6
190 23
1750 4
1739 7
822 8
601 9
231 21
1610 6
779 9
551 16
504 13
343 11
981 6
697 12
3387 4
857 6
707 19
1010 10
1966 4
1665 8
3310 5
261 23
1782 5
2439 4
2252 4
3403 3
321 17
792 7
1248 7
1079 12
2422 5
3407 4
1590 5
3368 4
1652 5
2401 4
1516 5
924 6
2462 6
5010 3
2301 6
760 8
863 8
531 17
4975 4
2469 6
3317 4
1745 7
172 24
1366 8
223 27
1897 4
721 14
1255 6
3482 3
1043 6
669 18
282 21
420 15
3449 3
639 18
989 6
1505 7
1348 4
2372 3
2248 5
1137 6
577 12
3511 3
1227 10
1417 5
3504 4
216 25
3381 4
852 8
3351 3
643 7
3478 4
1951 4
1120 6
1475 7
1794 5
1187 8
2193 5
3522 4
676 12
1251 6
277 17
2456 4
1192 10
879 8
3306 3
1095 8
1183 8
1444 5
1883 7
1846 5
2215 5
133 36
123 32
304 16
2417 5
1631 7
5017 3
1828 5
2294 7
56 33
1369 6
54 17
1151 7
3347 3
306 21
1204 7
70 37
839 8
166 32
1578 6
88 25
2225 4
1009 14
30 54
403 17
466 7
134 16
3038 3
3438 3
618 13
848 9
3290 5
1829 4
5043 3
1629 7
2196 5
1918 6
1455 5
4678 3
1492 5
703 11
3454 3
1134 6
3304 5
1100 6
1377 7
1461 7
185 27
1719 7
4 59
1691 6
