127 3
71 2
1648 0
1481 0
3509 0
2927 0
1178 0
1387 0
512 0
1932 0
463 0
517 0
458 1
1250 0
1363 0
722 1
1109 0
1630 0
1597 0
728 1
1244 0
1638 0
742 0
29 2
350 1
1969 0
1810 0
2203 0
58 1
153 1
2387 0
1546 0
101 1
340 0
311 1
825 0
917 0
3431 0
2425 0
3536 0
4977 0
495 1
1703 0
5084 0
5073 0
3302 0
1322 0
2086 0
2460 0
1172 1
2458 0
1259 0
834 1
285 0
2441 0
3475 0
5171 0
2414 0
1216 0
3421 0
2194 0
2274 0
2285 0
1135 0
1203 0
96 1
1068 0
2088 0
1667 0
486 0
1354 0
569 0
8 0
2359 0
686 0
391 0
5251 0
943 0
1887 0
1375 0
180 2
1585 0
1877 0
4993 0
246 1
2227 0
690 0
1168 0
61 1
536 0
4661 0
1653 0
2237 0
3540 0
1688 0
5186 0
2394 0
1266 0
3419 0
3326 0
3311 0
1458 0
444 1
508 0
1336 0
39 4
558 0
1089 0
12 2
1554 0
2168 0
573 0
3518 0
1084 0
3343 0
3413 0
3446 0
638 0
2350 0
875 1
1522 0
3467 0
1 3
116 0
506 0
136 2
1197 0
1580 0
2937 0
2146 0
2419 0
661 0
1935 0
581 0
308 1
3485 0
678 1
1517 0
1973 0
927 0
301 1
2302 0
51 1
1758 0
456 0
1822 0
652 0
1033 0
2034 0
2258 0
2400 0
1539 0
796 0
2349 0
366 0
844 0
1541 0
4552 0
272 1
3527 0
2343 0
775 0
5034 0
3044 0
20 3
2376 0
888 0
1011 1
1754 0
1627 0
1161 0
468 0
700 0
1019 0
1927 0
78 0
3369 0
1380 0
3406 0
990 0
413 0
294 1
1442 0
1614 0
2218 0
2316 0
764 0
349 1
1743 0
3364 0
606 0
1383 0
137 2
1414 0
2522 0
666 0
432 0
1074 0
860 0
2308 0
1063 0
1567 0
1776 0
2158 0
2362 0
708 0
1601 0
4764 0
710 1
1656 0
5041 0
323 1
856 0
1834 0
5105 0
2142 0
1664 0
112 1
545 0
191 0
2467 0
187 1
588 0
1684 0
756 0
2326 0
262 0
1283 1
1944 0
212 0
3384 0
2436 0
1331 0
2383 0
542 0
3114 0
1305 0
961 0
1662 0
574 1
170 1
660 0
3397 0
1921 0
26 1
977 1
2250 0
526 0
566 1
1901 0
3500 0
359 0
1229 0
2299 0
108 1
604 0
1001 0
232 1
477 0
1338 0
3458 0
1182 0
225 0
1447 0
142 1
330 1
207 1
1510 0
48 2
1857 0
360 0
3416 0
3377 0
1076 0
766 0
449 0
1574 0
3506 0
1579 0
659 0
1141 0
682 0
353 0
375 0
984 0
2409 0
1155 0
3372 0
1485 0
788 0
128 0
501 0
278 1
1617 0
3521 0
490 0
155 1
387 0
1913 0
1112 0
626 0
1294 0
461 0
1562 0
257 0
1426 0
3451 0
1358 0
782 0
951 0
85 2
809 0
2200 0
1156 0
1557 0
2281 0
1486 0
425 0
736 1
539 1
3428 0
781 0
3339 0
5012 0
1950 0
1698 0
520 1
5044 0
532 1
1193 0
2455 0
3963 0
55 1
1890 0
1681 0
57 1
872 0
2642 0
2354 0
3479 0
3435 0
1146 1
395 1
89 1
175 0
584 0
988 0
3307 0
35 1
2295 0
2453 0
1550 0
1882 0
1454 0
1421 0
665 1
1476 0
1207 0
1584 0
904 0
930 0
1675 0
649 0
1318 0
642 0
648 1
2245 0
3348 0
4973 0
1908 0
1028 0
198 0
1589 0
1098 0
1718 0
1059 0
3349 0
913 0
361 0
202 1
2468 0
184 1
776 0
1819 0
2183 0
1459 0
1570 0
1269 0
412 0
181 1
307 1
3472 0
1671 0
830 0
1467 0
1463 0
154 0
2062 0
1101 0
704 0
326 0
1165 0
1462 1
681 0
335 0
1029 0
3531 0
5 2
2105 0
3292 0
3455 0
4681 0
1957 0
554 0
552 0
1867 0
1623 0
74 1
3533 0
440 0
890 0
1926 0
299 1
1289 0
1282 0
5144 0
1694 0
841 0
1044 0
3513 0
1350 0
1751 0
91 1
2137 0
1240 0
467 0
474 1
481 0
867 0
3355 0
1976 0
3442 0
817 0
563 1
3470 0
229 0
673 0
3322 0
3489 0
68 1
315 1
1827 0
5081 0
1947 0
2366 0
1347 0
222 1
1504 0
3350 0
25 2
2270 0
2418 0
305 1
1253 0
928 0
1644 0
1526 0
217 2
1730 0
158 0
281 2
46 2
3412 0
1851 0
3327 0
2373 0
1418 0
36 0
2263 0
3386 0
5150 0
748 0
1368 0
472 0
3505 0
1655 0
1943 0
317 1
711 0
132 1
1254 0
1642 0
892 0
2180 0
1428 0
546 1
537 0
1018 0
4992 0
1125 1
1007 0
1443 0
741 0
1833 0
3298 0
998 0
1186 0
2240 0
529 0
1545 0
1058 0
1773 0
3166 0
1150 0
3392 0
1535 0
5258 0
2390 0
908 0
1335 1
3409 0
284 1
903 0
247 1
1340 1
289 0
165 0
729 0
2351 0
4509 0
2 1
808 0
845 0
1231 0
1249 0
147 2
2446 0
973 1
1046 0
1142 0
1291 0
319 1
1179 0
1052 0
1922 0
735 0
1493 0
2397 0
974 0
4298 0
1271 0
1715 0
344 1
1613 0
636 0
1710 0
5064 0
1406 0
1104 1
1133 0
2421 0
209 0
1905 0
1118 0
1575 0
117 1
2207 0
600 1
80 1
336 0
2472 0
457 0
821 0
383 0
5247 0
696 1
1721 0
1873 0
3376 0
2179 0
2172 0
1431 0
92 1
1489 0
1212 0
2253 0
1805 0
2433 0
1164 0
1477 0
1727 0
5229 0
505 0
670 0
1094 0
419 1
995 0
2178 0
1225 0
837 1
2909 0
290 0
625 0
149 1
712 0
210 1
406 0
2289 0
3365 0
3283 0
2312 0
19 2
365 0
1030 0
763 0
3332 0
4632 0
3430 0
1895 0
3318 0
2038 0
570 0
1880 0
252 1
3389 0
1159 0
883 1
655 1
421 0
2332 0
1367 0
271 1
1070 0
1024 0
491 0
1863 0
2463 0
13 2
105 2
1514 0
840 0
1647 0
4693 0
597 1
2380 0
111 2
3549 0
1411 0
408 0
1480 0
242 0
559 1
1588 0
32 2
443 0
2234 0
580 1
3519 0
1257 0
846 0
31 2
1689 0
3484 0
1861 0
2307 0
3312 0
1296 0
1553 0
3415 0
2161 0
2133 0
1654 0
5104 0
968 1
3494 0
675 0
3510 0
15 2
431 0
382 0
2236 0
3487 0
1506 0
2846 0
139 1
129 1
926 0
1246 0
859 0
739 0
1083 1
1293 0
876 0
662 0
168 1
135 0
3344 0
4789 0
1518 0
145 1
3447 0
3444 0
178 1
1131 0
3439 0
124 1
772 1
1876 0
1759 0
1429 0
1974 0
1374 0
1528 0
653 0
2303 0
1692 0
2259 0
509 0
2212 0
1015 0
976 1
367 0
716 0
1886 0
1972 0
940 1
743 0
685 0
21 3
4862 0
523 1
2377 0
2129 0
453 0
1460 1
723 0
1202 0
351 1
3303 0
1040 1
595 0
1755 0
1138 0
488 1
1012 0
1498 0
835 0
2182 0
1267 0
1032 0
901 0
113 3
2191 0
152 0
342 0
1419 0
862 0
341 0
1056 0
2189 0
2287 0
3108 0
2284 0
64 1
1473 0
881 0
2461 0
5124 0
45 1
507 0
405 0
1173 0
1963 0
309 0
1734 0
1733 0
5028 0
3383 0
1258 0
824 0
120 1
1148 0
2386 0
392 1
254 1
2313 0
1321 0
2242 0
2442 0
2254 0
3354 0
813 0
644 0
851 0
2477 0
3360 0
5140 0
2296 0
436 0
1342 0
2457 0
213 0
94 1
1450 0
3011 0
568 0
2273 0
2411 0
3476 0
791 0
1129 0
1143 0
1355 0
2231 0
386 1
1961 0
916 0
1457 0
200 0
1261 0
1352 0
329 0
525 1
1621 0
27 2
787 1
2331 0
1561 0
161 1
1902 0
1310 0
109 1
2318 0
1239 0
769 1
1181 0
1556 0
803 0
1766 0
3378 0
60 0
1245 0
1400 0
691 0
1067 0
5173 0
1676 0
1388 0
346 1
911 1
427 0
5121 0
3507 0
82 0
3464 0
2202 0
650 1
1154 0
3427 0
895 0
1763 0
5237 0
69 2
1157 0
1910 0
1470 0
224 1
3402 0
3501 0
2100 0
1006 0
2393 0
5226 0
3423 0
426 0
996 0
1435 0
279 0
2408 0
956 0
629 0
483 1
498 0
3520 0
1487 0
372 1
1540 0
1284 0
1661 0
1330 0
1606 0
3526 0
1160 0
99 2
869 0
1592 0
1933 0
5035 0
790 0
533 0
1122 0
2416 0
1697 0
1053 0
462 1
414 1
1770 0
1209 0
263 1
991 0
3361 0
2985 0
3535 0
2348 0
931 0
2246 0
615 1
476 0
1198 0
3319 0
1626 0
1409 0
2219 0
1077 0
2464 0
1716 0
293 1
1272 0
1299 0
1663 0
967 0
1611 0
5109 0
2157 0
322 0
469 0
635 0
575 0
1088 0
1835 0
1566 0
979 0
709 1
310 1
40 3
192 0
699 0
1115 1
960 0
5195 0
818 1
1038 0
2293 0
1707 0
543 0
267 0
1892 0
1777 0
354 0
1437 0
1064 0
757 0
9 1
3359 0
1217 0
1600 0
3240 0
1740 0
603 0
90 1
3514 0
565 0
1346 0
1964 0
3396 0
850 1
2424 0
1004 0
3471 0
891 0
1360 0
233 0
1013 0
1490 0
2198 0
1693 0
316 1
1806 0
1738 0
2288 0
1370 0
11 1
2649 0
511 1
842 1
2367 0
899 0
3443 0
3340 0
2437 0
199 1
2410 0
1899 0
1929 0
1737 0
1948 0
795 0
1609 0
794 0
3411 0
944 0
1113 0
3405 0
674 0
2280 0
1317 0
957 0
280 0
273 0
2430 0
471 1
1503 0
2262 0
1509 0
1936 0
1325 0
1643 0
131 1
1565 0
502 0
314 1
1286 0
1796 0
3385 0
1502 0
1872 0
355 0
553 0
1252 0
3488 0
555 1
1037 0
37 2
3328 0
855 0
195 1
1706 0
1839 0
1788 0
2186 0
679 0
680 0
831 0
1147 1
1960 0
2355 0
1241 0
647 1
1441 0
1206 0
334 2
2292 0
1027 0
1680 0
423 0
1953 0
1139 0
1319 0
1826 0
2454 0
1222 0
3473 0
1747 0
820 0
174 1
1799 0
1571 0
422 0
905 0
1552 0
3308 0
1194 0
41 1
52 0
1451 0
302 0
866 0
1453 0
2452 0
2223 0
3532 0
770 0
3358 0
593 1
3380 0
188 1
402 0
1940 0
1097 0
641 0
3366 0
1641 0
838 1
616 0
640 1
870 0
1121 0
5019 0
1384 0
896 0
1468 0
3530 0
2068 0
1726 0
1464 0
1494 0
2347 0
3440 0
777 1
2018 0
3426 0
1906 0
464 0
1672 0
1685 0
1891 0
3452 0
6 2
562 0
1304 0
2269 0
2327 0
183 1
1102 0
1478 0
362 0
439 0
1379 0
1593 0
705 0
3345 0
1720 0
2206 0
407 0
2177 0
18 2
376 0
912 1
1432 0
785 1
1930 0
599 1
1393 0
1167 0
609 1
587 0
1235 0
298 2
95 2
3291 0
3373 0
243 2
148 1
753 1
1343 0
2404 0
726 0
2171 0
106 1
964 0
157 1
65 0
1909 0
935 1
203 0
1213 0
1093 0
1023 0
81 1
1199 0
1300 0
624 0
86 3
2473 0
1158 0
2170 0
656 0
371 0
204 0
2335 0
1041 0
3468 0
435 0
814 0
1482 0
885 0
1412 0
884 0
1709 0
339 1
3539 0
228 1
749 0
268 0
829 1
345 1
596 0
3323 0
1297 0
1521 0
613 0
2352 0
3495 0
5181 0
1082 0
121 0
1066 0
952 0
1071 0
494 1
487 0
3333 0
1956 0
2235 0
238 1
873 0
253 0
448 0
2278 0
2427 0
63 2
1637 0
3297 0
179 1
1532 0
1105 0
713 1
1334 0
2096 0
1784 0
938 1
1679 0
1830 0
1620 0
1262 0
1290 0
1527 0
2162 0
1132 0
2370 0
929 0
5259 0
1925 0
631 0
547 0
1583 0
1616 0
1544 0
1538 0
396 1
258 0
1422 0
482 0
949 0
5158 0
3432 0
499 0
5262 0
1047 0
1055 0
2447 0
1276 0
141 0
909 0
1124 0
1230 0
75 0
2993 0
1917 0
1163 0
450 0
1702 0
1405 0
1713 0
1060 0
2420 0
2126 0
900 0
318 1
1729 0
972 1
473 1
3 2
248 0
146 1
1351 0
2396 0
802 0
356 0
3420 0
528 0
164 0
807 0
1049 0
882 0
1488 0
1050 0
560 0
798 0
898 0
1031 0
1273 0
3401 0
451 0
3362 0
454 1
1364 0
1408 0
2448 0
634 1
578 0
695 0
978 1
3324 0
2144 0
378 0
325 0
889 0
3331 0
5148 0
1233 0
3390 0
540 0
1615 0
1162 0
684 1
211 1
1732 0
861 0
337 0
3315 0
2406 0
76 2
1924 0
982 0
571 0
1214 0
1190 0
389 0
1660 0
3525 0
1171 0
1345 0
2290 0
1123 0
966 0
2216 0
2314 0
5146 0
236 1
758 1
1954 0
706 1
218 2
14 2
2345 0
1608 0
3391 0
2328 0
2973 0
2474 0
234 1
594 0
1438 0
1903 0
2188 0
5213 0
1778 0
1859 0
2339 0
160 1
98 0
1278 0
2434 0
1381 0
1000 0
43 2
1061 0
5039 0
2054 0
3502 0
1728 0
288 1
193 1
119 2
1555 0
586 0
410 1
3374 0
1180 0
1185 0
430 0
2169 0
447 0
1446 0
1741 0
1315 0
1130 0
415 1
189 0
1292 0
2330 0
1356 0
480 1
1153 0
107 1
1871 0
438 0
87 1
2385 0
1022 0
1832 0
953 0
221 1
3147 0
1424 0
1560 0
417 0
784 0
1762 0
260 1
2061 0
1844 0
1530 0
762 0
1144 0
734 1
1723 0
144 1
1440 1
381 1
1471 0
906 0
1349 0
2205 0
177 1
2213 0
373 0
3379 0
3346 0
773 0
22 2
205 1
1309 0
1752 0
1576 0
3448 0
3296 0
1622 0
1260 0
874 0
975 1
493 1
1708 0
2220 0
1436 0
1911 0
1591 0
1677 0
2199 0
2174 0
1320 0
1026 1
1390 0
1993 0
1893 0
1469 0
1499 0
1646 0
400 1
534 1
919 0
746 0
1268 0
744 0
633 0
1372 0
151 1
1977 0
3445 0
1285 0
1952 0
287 0
475 0
3309 0
932 0
1549 0
1959 0
515 0
1525 0
1242 0
138 1
1208 0
1107 0
1874 0
1803 0
3499 0
3542 0
724 0
1201 0
519 0
3534 0
1195 1
3300 0
17 2
2451 0
3337 0
1274 0
2192 0
110 1
333 1
2356 0
2210 0
3700 0
646 1
446 1
2181 0
2229 0
1220 0
1582 0
1599 0
2306 0
1149 0
5276 0
2337 0
2283 0
2243 0
2407 0
1087 0
1288 0
810 0
1238 0
1587 0
33 0
1559 0
2866 0
1793 0
7 2
227 0
1701 0
1860 0
2443 0
1937 0
264 2
255 1
806 0
2230 0
1885 0
3422 0
182 1
556 1
717 0
815 0
3486 0
671 0
1511 0
2249 0
167 2
3353 0
2423 0
692 1
1605 0
663 0
1907 0
2431 0
854 1
1945 0
969 0
5184 0
1174 0
1946 0
510 0
393 0
2276 0
1501 0
658 0
3262 0
274 1
549 0
877 1
3465 0
1508 0
1771 0
1128 0
946 0
3515 0
1724 0
1520 0
250 1
303 0
1361 0
614 0
3155 0
130 1
53 1
1373 0
1465 0
2925 0
2239 0
941 0
3341 0
583 0
2392 0
1879 0
3436 0
3313 0
1824 0
1869 0
2342 0
591 1
3516 0
832 1
2304 0
3481 0
2341 0
828 0
276 0
102 1
4990 0
1920 0
2465 0
3523 0
3483 0
1218 0
4614 0
1404 0
2398 0
5036 0
1543 0
259 0
424 0
1625 0
163 1
1402 0
1106 0
1836 0
4985 0
1531 1
2402 0
2986 0
1841 0
347 0
1333 0
3294 0
434 0
1184 0
865 0
442 0
2156 0
1577 0
1572 0
689 0
886 0
3462 0
1116 0
5047 0
1725 0
727 0
2379 0
320 1
939 0
3528 0
811 0
1670 0
249 1
465 1
1612 0
3342 0
819 0
1189 0
1177 0
1127 0
1537 0
894 1
858 1
3425 0
140 0
2222 0
1900 0
3460 0
385 1
954 0
1359 0
1479 0
801 0
985 0
971 1
754 0
847 0
479 0
1166 0
3061 0
1563 0
2166 0
1378 0
1003 0
1054 0
619 0
2101 0
1717 0
698 0
1634 0
621 0
524 1
2176 0
2310 0
3418 0
598 1
3395 0
780 1
2322 0
2438 0
3334 0
2317 0
3490 0
1433 0
240 1
1666 0
2209 0
230 1
115 1
377 0
2374 0
922 0
602 0
1311 0
2319 0
1072 0
2470 0
1394 0
612 0
1391 0
936 0
3456 0
2251 0
1277 0
1086 0
701 0
214 0
564 1
1650 0
2074 0
731 0
657 1
768 0
1928 0
1092 0
503 0
2255 0
1756 0
1636 0
1483 0
4976 0
338 0
761 0
576 0
1775 0
738 0
1415 0
484 0
1243 0
1036 1
1078 0
3408 0
2334 0
3492 0
1265 0
623 0
544 0
1512 0
4527 0
1196 0
1114 0
2389 0
2382 0
328 1
239 0
122 0
878 0
269 1
628 0
1223 0
2277 0
363 1
2353 0
733 1
2159 0
997 0
630 0
3394 0
1449 0
608 0
1234 0
1649 0
2226 0
1798 0
5102 0
1474 0
125 0
522 1
1632 0
44 0
1423 0
1687 0
3352 0
2152 0
2412 0
667 0
1188 0
1564 0
714 0
1280 0
313 1
3023 0
5008 0
397 0
1096 0
3305 0
3433 0
1657 0
4432 0
2185 0
1191 0
2717 0
3477 0
459 0
823 0
1495 0
1753 0
771 0
401 1
186 1
1119 0
1914 0
1705 0
1938 0
1919 0
915 0
1586 0
1456 0
3441 0
404 0
516 0
1551 0
702 0
2297 0
2346 0
561 0
2195 0
5202 0
2221 0
357 0
1307 0
3236 0
1941 0
455 0
1875 0
1673 0
297 0
963 0
1889 0
2272 0
980 0
1596 0
10 1
550 0
2097 0
1081 0
1651 0
1569 0
958 0
1736 0
592 0
3299 0
1978 0
173 1
530 0
66 2
2709 0
3067 0
470 0
1524 0
5142 0
793 0
1287 0
1205 0
654 0
2403 0
3469 0
283 1
156 1
3414 0
59 1
4572 0
3388 0
2358 0
1226 0
1949 0
1256 0
1744 0
2247 0
1853 0
864 0
219 2
1016 0
2300 0
799 0
1170 0
925 0
3382 0
390 1
1515 0
3357 0
1686 0
1042 0
2368 0
38 0
1955 0
196 0
945 0
1169 1
118 1
206 1
1674 0
959 0
358 0
331 0
1065 1
1659 0
737 0
767 0
2228 0
1020 0
805 1
84 1
2173 0
437 0
194 0
3503 0
1768 0
220 0
1312 0
2395 0
1021 0
2365 0
1263 0
934 0
3537 0
948 0
2160 0
572 0
5228 0
2450 0
1398 0
226 1
527 0
1430 0
1145 0
1870 0
1448 0
62 2
2466 0
833 1
1573 0
1472 0
548 0
3524 0
3450 0
1110 0
3466 0
418 0
2324 0
933 0
783 0
2217 0
1357 0
2333 0
348 0
1152 0
789 0
49 3
1090 0
627 0
993 0
1308 0
1934 0
715 0
2201 0
1916 0
1722 0
23 2
364 0
388 0
1425 0
3069 0
950 0
1445 0
1678 0
5053 0
1845 0
1025 0
3429 0
1466 0
485 0
2340 0
778 0
3316 0
720 0
1270 0
460 0
2449 0
1645 0
1389 0
3508 0
324 0
244 1
637 0
5031 0
752 0
1232 0
379 1
1607 0
1386 0
1639 0
1536 0
3404 0
1035 0
3367 0
452 1
579 0
295 1
1894 0
535 0
1618 0
3301 0
77 2
683 0
541 0
1215 0
2995 0
1712 0
2344 0
765 0
312 0
897 0
1628 0
3219 0
2435 0
237 0
1002 0
370 0
2371 0
567 0
416 1
914 0
380 0
100 0
965 1
1279 0
300 0
1439 0
1395 0
286 1
2405 0
1075 0
800 0
2426 0
1365 0
1407 0
2432 0
496 1
605 1
2987 0
1568 0
2581 0
607 1
1699 0
42 1
759 0
1228 1
235 1
1073 0
2291 0
1931 0
2187 0
694 0
3399 0
816 0
1103 0
2244 0
296 1
265 0
1062 0
3159 0
171 1
1700 0
445 1
1339 0
2338 0
1884 0
1858 0
557 1
718 0
1581 0
2147 0
1604 0
1507 0
441 0
868 0
672 0
1140 0
3417 0
983 0
275 0
197 0
2208 0
3314 0
1731 0
3496 0
853 1
751 1
1500 0
1746 0
3356 0
2167 0
2275 0
3410 0
3517 0
1295 0
3028 0
677 1
1111 0
907 0
2238 0
1868 0
3480 0
1210 0
590 0
664 1
1878 0
2388 0
2264 0
1690 0
5126 0
79 1
617 0
1420 0
3295 0
3437 0
352 0
2918 0
126 1
251 0
1034 1
1594 0
369 0
1533 0
1548 0
651 0
176 1
947 1
256 0
2267 0
920 0
428 0
2305 0
887 0
5273 0
72 0
3371 0
500 0
1496 0
1221 0
1200 0
1757 0
918 1
1682 0
1413 0
1275 0
1108 0
1598 0
3453 0
2282 0
1014 0
843 0
1856 0
1491 0
1362 0
2315 0
632 0
1371 0
2357 0
394 0
2257 0
514 1
610 1
2444 0
725 0
513 0
50 0
1519 0
797 0
2459 0
2197 0
3543 0
1136 0
1175 1
1236 0
1683 0
645 0
2413 0
1382 0
1452 0
1176 0
1039 0
1815 0
2384 0
1005 0
28 1
2089 0
589 0
1337 0
3474 0
215 0
687 0
3320 0
2184 0
150 0
2298 0
2336 0
245 0
4974 0
2190 0
826 0
1344 0
332 0
2329 0
1099 0
1965 0
34 0
5083 0
745 0
2980 0
1410 0
620 0
1434 0
4449 0
3400 0
3457 0
2471 0
1547 0
937 0
1619 0
16 2
730 0
921 0
1069 0
2311 0
1224 1
368 0
994 0
611 0
1849 0
849 0
2320 0
492 0
208 1
2440 0
2271 0
1523 0
93 1
292 1
2445 0
291 1
2429 0
374 1
114 1
3272 0
2790 0
429 1
1306 0
1939 0
5054 0
1328 0
73 3
409 0
1091 0
3335 0
67 0
1962 0
812 0
1958 0
241 0
489 0
3133 0
585 0
327 1
1970 0
1392 0
2391 0
1080 1
1281 0
732 0
1864 0
4765 0
3491 0
1603 0
2233 0
1881 0
622 0
970 0
2381 0
24 2
2375 0
2256 0
1658 0
2049 0
3321 0
104 2
1558 0
3370 0
3493 0
1237 0
1635 0
2175 0
1513 0
1264 0
747 0
159 2
1633 0
47 2
1427 1
1942 0
1484 0
1017 0
270 0
1057 0
538 0
1602 0
521 0
1332 0
162 2
1923 0
880 0
433 0
3461 0
1912 0
2164 0
986 0
786 0
3293 0
740 0
1117 0
1008 0
103 2
201 0
3434 0
871 0
1401 0
719 1
3393 0
1529 0
902 0
827 0
266 1
1742 0
1353 0
1624 0
5178 0
3363 0
1219 0
1695 0
97 1
2378 0
1704 0
668 0
750 0
688 0
774 0
1126 0
3463 0
910 0
693 1
1341 0
3424 0
1534 0
893 1
2309 0
1915 0
83 1
804 1
3375 0
1385 0
5168 0
1818 0
962 0
755 0
1085 0
1714 0
1837 0
143 1
1403 0
2323 0
1051 0
1497 0
518 0
497 0
1211 0
2732 0
411 2
169 0
1542 0
2399 0
1711 0
2102 0
478 1
398 2
384 1
836 0
955 0
942 0
1735 0
1376 0
1888 0
2286 0
2369 0
1595 0
190 0
1750 0
1739 0
822 0
601 0
231 1
1610 0
779 0
551 0
504 0
343 0
981 0
697 0
3387 0
857 0
707 1
1010 0
1966 0
1665 0
3310 0
261 1
1782 0
2439 0
2252 0
3403 0
321 0
792 0
1248 0
1079 0
2422 0
3407 0
1590 0
3368 0
1652 0
2401 0
1516 0
924 0
2462 0
5010 0
2301 0
760 0
863 0
531 0
4975 0
2469 0
3317 0
1745 0
172 0
1366 0
223 1
1897 0
721 0
1255 0
3482 0
1043 0
669 0
282 0
420 0
3449 0
639 1
989 0
1505 0
1348 0
2372 0
2248 0
1137 0
577 0
3511 0
1227 0
1417 0
3504 0
216 1
3381 0
852 0
3351 0
643 0
3478 0
1951 0
1120 0
1475 0
1794 0
1187 0
2193 0
3522 0
676 1
1251 0
277 0
2456 0
1192 0
879 0
3306 0
1095 0
1183 0
1444 0
1883 0
1846 0
2215 0
133 2
123 1
304 0
2417 0
1631 0
5017 0
1828 0
2294 0
56 2
1369 0
54 0
1151 0
3347 0
306 0
1204 0
70 1
839 0
166 1
1578 0
88 2
2225 0
1009 1
30 3
403 1
466 0
134 0
3038 0
3438 0
618 0
848 0
3290 0
1829 0
5043 0
1629 0
2196 0
1918 0
1455 0
4678 0
1492 0
703 0
3454 0
1134 0
3304 0
1100 0
1377 0
1461 0
185 1
1719 0
4 3
1691 0
