164 3.67416975051191 0.403628117913832 16 4.1 3.23882694814033 R6
84 3.62712709391524 0.0688775510204081 27 5.14285714285714 6.02602067454701 R5
94 3.09557651265806 0.297777777777778 25 6.93333333333333 5.83628496753048 R5
10 2.88891073800311 0.25765306122449 24 6.13333333333333 6.18456860976486 R5
358 2.85327544845308 0.260204081632653 24 8.31578947368421 5.49691426911449 R5
60 2.79185157484184 0.365650969529086 15 4.46153846153846 3.77472127581086 R6
177 2.78382404357164 0.185 18 5.81818181818182 4.37592965329409 R5
68 2.721688953403 0.0867768595041321 21 7.6 4.92341345003647 R5
121 2.50521843418594 0.165289256198347 10 4.2 2.31516738055805 R5
134 2.43644274555859 0.228515625 28 11.2857142857143 6.86011840202455 R2
295 2.24536559755125 0.34 8 3.6 1.95959179422654 R2
28 2.08803079753747 0.611111111111111 7 2.88888888888889 1.96889390518548 R2
174 1.96917738522158 0.48 7 3.14285714285714 1.95875845725744 R2
293 1.87662972651367 0.567901234567901 5 2.75 1.19895788082818 R2
220 1.82574185835055 0.37037037037037 7 3 2.19089023002066 R2
56 1.82574185835055 0.5 4 2 1.09544511501033 R2
21 1.79480850778512 0.593333333333334 18 7.18181818181818 6.02748525609119 R2
9 1.76175396817237 0.322314049586777 18 8.31578947368421 5.49691426911449 R2
58 1.75885395967431 0.634920634920635 12 6.25 3.26917420765551 R3
282 1.73719807243076 0.567901234567901 5 2.4 1.49666295470958 R2
200 1.73205080756888 0.59375 4 2.5 0.866025403784439 R2
176 1.64120969732955 0.24 13 5.81818181818182 4.37592965329409 R2
19 1.62890183899826 0.4896 17 7.18181818181818 6.02748525609119 R2
131 1.51715849913726 0.3203125 13 5.71428571428571 4.80221037542046 R2
237 1.51289342668137 0.18 9 4.1 3.23882694814033 R2
6 1.50755672288882 0.512396694214876 7 3.66666666666667 2.21108319357027 R2
69 1.50302225784942 0.1171875 15 7.6 4.92341345003647 R2
113 1.4698162079918 0.124444444444444 14 5.14285714285714 6.02602067454701 R2
270 1.41421356237309 0.693877551020408 3 2 0.707106781186548 R3
89 1.41268682808113 0.255102040816327 12 5.81818181818182 4.37592965329409 R2
221 1.36930639376292 0.244897959183674 6 3 2.19089023002066 R2
37 1.2719830861357 0.2265625 14 6.13333333333333 6.18456860976486 R2
46 1.2483204263833 0.479338842975207 15 9.75 4.20565096031518 R2
32 1.24721912892465 0.830449826989619 6 4 1.60356745147455 R4
346 1.22474487139159 0.743801652892562 5 3.2 1.46969384566991 R3
25 1.22474487139159 0.375 3 2 0.816496580927726 R2
12 1.1767237347571 0.42 7 4.26666666666667 2.32283351869124 R2
81 1.13792222554204 0.515 12 5.14285714285714 6.02602067454701 R2
39 1.11029032094896 0.3203125 13 6.13333333333333 6.18456860976486 R2
77 1.07863874326001 0.21875 7 4.8 2.03960780543712 R2
27 1.07223203116789 0.775510204081633 5 2.88888888888889 1.96889390518548 R3
234 1.0690449676497 0.627218934911242 5 3.66666666666667 1.24721912892465 R3
235 0.955641089584294 0.602076124567474 10 5.81818181818182 4.37592965329409 R2
73 0.940887411868726 0.18 9 6.72727272727273 2.41551459192481 R2
74 0.940887411868726 0.18 9 6.72727272727273 2.41551459192481 R2
314 0.84119102419206 0.485207100591716 9 6.25 3.26917420765551 R2
104 0.832050294337844 0.378698224852071 10 7 3.60555127546399 R2
154 0.832050294337844 0.277777777777778 10 7 3.60555127546399 R2
229 0.806028243092275 0.355029585798817 10 5.14285714285714 6.02602067454701 R2
142 0.798620858474502 0.244897959183674 6 3.75 2.81735691739616 R2
232 0.727118220335876 0.18 9 5.81818181818182 4.37592965329409 R2
97 0.707106781186548 0.375 3 2.66666666666667 0.471404520791032 R2
215 0.707106781186547 0.32 4 3.33333333333333 0.942809041582064 R2
133 0.687201800029346 0.265927977839335 16 11.2857142857143 6.86011840202455 R2
395 0.672489795399859 0.42 7 4.46153846153846 3.77472127581086 R2
523 0.603022689155527 0.277777777777778 5 3.66666666666667 2.21108319357027 R2
522 0.603022689155527 0.277777777777778 5 3.66666666666667 2.21108319357027 R2
392 0.5643326479831 0.743801652892562 4 2.88888888888889 1.96889390518548 R3
135 0.541431721235242 0.290123456790123 15 11.2857142857143 6.86011840202455 R2
316 0.535303379031311 0.32 8 6.25 3.26917420765551 R2
90 0.498595351087458 0.657777777777778 8 5.81818181818182 4.37592965329409 R3
233 0.498595351087458 0.429752066115702 8 5.81818181818182 4.37592965329409 R2
276 0.475971293846984 0.65625 8 5.71428571428571 4.80221037542046 R3
266 0.345547370232544 0.448979591836735 5 4.2 2.31516738055805 R2
122 0.345547370232544 0.53125 5 4.2 2.31516738055805 R2
267 0.345547370232544 0.277777777777778 5 4.2 2.31516738055805 R2
11 0.30182649501525 0.396694214876033 8 6.13333333333333 6.18456860976486 R2
418 0.277878384492497 0.641975308641975 5 4.1 3.23882694814033 R3
156 0.277350098112615 0.473372781065089 8 7 3.60555127546399 R2
315 0.229415733870562 0.528925619834711 7 6.25 3.26917420765551 R2
114 0.204124145231932 0.489795918367347 4 3.6 1.95959179422654 R2
296 0.204124145231932 0.5 4 3.6 1.95959179422654 R2
529 0.182764664953982 0.540816326530612 8 6.93333333333333 5.83628496753048 R2
530 0.182764664953982 0.197530864197531 8 6.93333333333333 5.83628496753048 R2
479 0.140133729828509 0.21875 7 6.13333333333333 6.18456860976486 R2
78 0.0980580675690924 0.408163265306122 5 4.8 2.03960780543712 R2
551 0 0.444444444444444 2 2 1.09544511501033 R2
101 -0.030164848870338 0.21875 7 7.18181818181818 6.02748525609119 R2
414 -0.0764719112901873 0.680555555555556 6 6.25 3.26917420765551 R3
269 -0.0863868425581357 0.32 4 4.2 2.31516738055805 R2
268 -0.0863868425581357 0.32 4 4.2 2.31516738055805 R2
535 -0.114802315586059 0.716049382716049 4 4.26666666666667 2.32283351869124 R3
501 -0.186973256657797 0.736111111111111 5 5.81818181818182 4.37592965329409 R3
487 -0.187418672735276 0.716553287981859 10 11.2857142857143 6.86011840202455 R3
132 -0.189653704257006 0.32 4 5.14285714285714 6.02602067454701 R2
297 -0.306186217847897 0.56 3 3.6 1.95959179422654 R2
478 -0.344944565731714 0.32 4 6.13333333333333 6.18456860976486 R2
38 -0.344944565731714 0.5 4 6.13333333333333 6.18456860976486 R2
324 -0.415496125906215 0.32 4 5.81818181818182 4.37592965329409 R2
588 -0.415496125906215 0.32 4 5.81818181818182 4.37592965329409 R2
103 -0.451466118386481 0.777777777777778 2 2.88888888888889 1.96889390518548 R3
475 -0.518321055348815 0.375 3 4.2 2.31516738055805 R2
115 -0.521547686706767 0.444444444444444 2 5.14285714285714 6.02602067454701 R2
70 -0.528088901406552 0.277777777777778 5 7.6 4.92341345003647 R2
542 -0.545310999033778 0.375 3 4.26666666666667 2.32283351869124 R2
202 -0.577350269189626 0.444444444444444 2 2.5 0.866025403784439 R2
201 -0.577350269189626 0.444444444444444 2 2.5 0.866025403784439 R2
289 -0.625543242171224 0.444444444444444 2 2.75 1.19895788082818 R2
342 -0.644018995154633 0.375 3 5.81818181818182 4.37592965329409 R2
13 -0.67700320038633 0.612244897959184 3 4.57142857142857 2.32115382989599 R2
313 -0.688247201611685 0.32 4 6.25 3.26917420765551 R2
57 -0.75104094428999 0.56 3 4.72727272727273 2.29983829830428 R2
435 -0.773453352501348 0.64 2 5.71428571428571 4.80221037542046 R3
489 -0.785129485815949 0.489795918367347 4 8.31578947368421 5.49691426911449 R2
545 -0.816496580927726 0.625 2 3.6 1.95959179422654 R3
606 -0.816496580927727 0.625 2 3.2 1.46969384566991 R3
312 -0.912870929175277 0.5 1 3 2.19089023002066 R2
528 -0.912870929175277 0.5 1 3 2.19089023002066 R2
626 -0.935414346693486 0.5 1 2.4 1.49666295470958 R2
581 -0.95713665769638 0.5 1 4.1 3.23882694814033 R2
401 -0.976092160357725 0.5 1 3.75 2.81735691739616 R2
515 -1.30002249193318 0.444444444444444 2 6.25 3.26917420765551 R2
516 -1.30002249193318 0.444444444444444 2 6.25 3.26917420765551 R2
509 -1.32680694400755 0.666666666666667 1 3.6 1.95959179422654 R3
162 -1.35357930308811 0.444444444444444 2 11.2857142857143 6.86011840202455 R2
500 -1.41421356237309 0.72 1 2 0.707106781186548 R3
105 -1.56892908110547 0.64 2 4.66666666666667 1.69967317119759 R3
613 -2.13808993529939 0.5 1 3.66666666666667 1.24721912892465 R2
