164 3.67416975051191 0.403628117913832 16 4.1 3.23882694814033 R6
84 3.62712709391524 0.0688775510204081 27 5.14285714285714 6.02602067454701 R5
94 3.09557651265806 0.297777777777778 25 6.93333333333333 5.83628496753048 R5
20 2.95615518929313 0 25 7.18181818181818 6.02748525609119 R5
182 2.89875846854797 0 11 4.26666666666667 2.32283351869124 R5
10 2.88891073800311 0.25765306122449 24 6.13333333333333 6.18456860976486 R5
358 2.85327544845308 0.260204081632653 24 8.31578947368421 5.49691426911449 R5
60 2.79185157484184 0.365650969529086 15 4.46153846153846 3.77472127581086 R6
177 2.78382404357164 0.185 18 5.81818181818182 4.37592965329409 R5
187 2.72813808854457 0 18 6.76923076923077 4.11664251084912 R5
68 2.721688953403 0.0867768595041321 21 7.6 4.92341345003647 R5
121 2.50521843418594 0.165289256198347 10 4.2 2.31516738055805 R5
134 2.43644274555859 0.228515625 28 11.2857142857143 6.86011840202455 R2
295 2.24536559755125 0.34 8 3.6 1.95959179422654 R2
141 2.21839127354028 0 10 3.75 2.81735691739616 R1
49 2.16067310977223 0 20 7 6.01664358259653 R1
197 2.15165741455968 0 9 4 2.32379000772445 R1
28 2.08803079753747 0.611111111111111 7 2.88888888888889 1.96889390518548 R2
174 1.96917738522158 0.48 7 3.14285714285714 1.95875845725744 R2
14 1.90791811017966 0 9 4.57142857142857 2.32115382989599 R1
293 1.87662972651367 0.567901234567901 5 2.75 1.19895788082818 R2
150 1.85783812534892 0 9 4.72727272727273 2.29983829830428 R1
220 1.82574185835055 0.37037037037037 7 3 2.19089023002066 R2
56 1.82574185835055 0.5 4 2 1.09544511501033 R2
21 1.79480850778512 0.593333333333334 18 7.18181818181818 6.02748525609119 R2
75 1.76886833431321 0 11 6.72727272727273 2.41551459192481 R1
9 1.76175396817237 0.322314049586777 18 8.31578947368421 5.49691426911449 R2
58 1.75885395967431 0.634920634920635 12 6.25 3.26917420765551 R3
282 1.73719807243076 0.567901234567901 5 2.4 1.49666295470958 R2
200 1.73205080756888 0.59375 4 2.5 0.866025403784439 R2
257 1.6681153124566 0 6 3.33333333333333 1.59861050777091 R1
176 1.64120969732955 0.24 13 5.81818181818182 4.37592965329409 R2
19 1.62890183899826 0.4896 17 7.18181818181818 6.02748525609119 R2
109 1.52664506722759 0 7 4.57142857142857 1.59078981795143 R1
110 1.52664506722759 0 7 4.57142857142857 1.59078981795143 R1
131 1.51715849913726 0.3203125 13 5.71428571428571 4.80221037542046 R2
237 1.51289342668137 0.18 9 4.1 3.23882694814033 R2
6 1.50755672288882 0.512396694214876 7 3.66666666666667 2.21108319357027 R2
69 1.50302225784942 0.1171875 15 7.6 4.92341345003647 R2
188 1.4958506144577 0 16 7 6.01664358259653 R1
113 1.4698162079918 0.124444444444444 14 5.14285714285714 6.02602067454701 R2
389 1.43207802078906 0 16 8.66666666666667 5.1207638319124 R1
99 1.42302494707577 0 8 4.72727272727273 2.29983829830428 R1
119 1.4142135623731 0 2 1.33333333333333 0.471404520791032 R1
548 1.41421356237309 0 3 2 0.707106781186548 R1
270 1.41421356237309 0.693877551020408 3 2 0.707106781186548 R3
89 1.41268682808113 0.255102040816327 12 5.81818181818182 4.37592965329409 R2
4 1.37281294596729 0 7 4.66666666666667 1.69967317119759 R1
221 1.36930639376292 0.244897959183674 6 3 2.19089023002066 R2
280 1.34164078649987 0 5 3.5 1.11803398874989 R1
360 1.33333333333333 0 4 2.4 1.2 R1
277 1.30892105807921 0 12 5.71428571428571 4.80221037542046 R1
196 1.29099444873581 0 7 4 2.32379000772445 R1
37 1.2719830861357 0.2265625 14 6.13333333333333 6.18456860976486 R2
203 1.27063965767829 0 12 6.76923076923077 4.11664251084912 R1
46 1.2483204263833 0.479338842975207 15 9.75 4.20565096031518 R2
44 1.2483204263833 0 15 9.75 4.20565096031518 R1
32 1.24721912892465 0.830449826989619 6 4 1.60356745147455 R4
35 1.24721912892465 0 6 4 1.60356745147455 R1
346 1.22474487139159 0.743801652892562 5 3.2 1.46969384566991 R3
25 1.22474487139159 0.375 3 2 0.816496580927726 R2
299 1.22474487139159 0 4 2.8 0.979795897113271 R1
574 1.21267812518166 0 6 4.33333333333333 1.37436854187255 R1
575 1.21267812518166 0 6 4.33333333333333 1.37436854187255 R1
61 1.20233024026035 0 9 4.46153846153846 3.77472127581086 R1
12 1.1767237347571 0.42 7 4.26666666666667 2.32283351869124 R2
81 1.13792222554204 0.515 12 5.14285714285714 6.02602067454701 R2
39 1.11029032094896 0.3203125 13 6.13333333333333 6.18456860976486 R2
76 1.07863874326001 0 7 4.8 2.03960780543712 R1
77 1.07863874326001 0.21875 7 4.8 2.03960780543712 R2
27 1.07223203116789 0.775510204081633 5 2.88888888888889 1.96889390518548 R3
234 1.0690449676497 0.627218934911242 5 3.66666666666667 1.24721912892465 R3
292 1.04257207028537 0 4 2.75 1.19895788082818 R1
390 1.04151128784659 0 14 8.66666666666667 5.1207638319124 R1
532 1.03209369308428 0 5 3.6 1.35646599662505 R1
307 1.02899151085505 0 4 2.8 1.16619037896906 R1
306 1.02899151085505 0 4 2.8 1.16619037896906 R1
431 1 0 4 3 1 R1
430 1 0 4 3 1 R1
250 1 0 4 3.5 0.5 R1
248 1 0 4 3.5 0.5 R1
149 0.988211768802619 0 7 4.72727272727273 2.29983829830428 R1
383 0.965275163850818 0 13 7.18181818181818 6.02748525609119 R1
235 0.955641089584294 0.602076124567474 10 5.81818181818182 4.37592965329409 R2
73 0.940887411868726 0.18 9 6.72727272727273 2.41551459192481 R2
74 0.940887411868726 0.18 9 6.72727272727273 2.41551459192481 R2
190 0.940887411868726 0 9 6.72727272727273 2.41551459192481 R1
63 0.912870929175277 0 5 3 2.19089023002066 R1
71 0.893688910072626 0 12 7.6 4.92341345003647 R1
72 0.893688910072626 0 12 7.6 4.92341345003647 R1
93 0.868132158531412 0 12 6.93333333333333 5.83628496753048 R1
153 0.846224190170553 0 21 16.5714285714286 5.23333116686119 R1
152 0.846224190170553 0 21 16.5714285714286 5.23333116686119 R1
314 0.84119102419206 0.485207100591716 9 6.25 3.26917420765551 R2
104 0.832050294337844 0.378698224852071 10 7 3.60555127546399 R2
154 0.832050294337844 0.277777777777778 10 7 3.60555127546399 R2
155 0.832050294337844 0 10 7 3.60555127546399 R1
380 0.816496580927726 0 6 5 1.22474487139159 R1
381 0.816496580927726 0 6 5 1.22474487139159 R1
565 0.813733471206734 0 11 8.66666666666667 2.86744175568088 R1
567 0.813733471206734 0 11 8.66666666666667 2.86744175568088 R1
566 0.813733471206734 0 11 8.66666666666667 2.86744175568088 R1
229 0.806028243092275 0.355029585798817 10 5.14285714285714 6.02602067454701 R2
142 0.798620858474502 0.244897959183674 6 3.75 2.81735691739616 R2
185 0.784806847389533 0 10 6.76923076923077 4.11664251084912 R1
3 0.784464540552737 0 6 4.66666666666667 1.69967317119759 R1
92 0.772769787761093 0 13 9.75 4.20565096031518 R1
449 0.746215051309379 0 6 4.26666666666667 2.32283351869124 R1
232 0.727118220335876 0.18 9 5.81818181818182 4.37592965329409 R2
301 0.71443450831176 0 5 3.6 1.95959179422654 R1
97 0.707106781186548 0.375 3 2.66666666666667 0.471404520791032 R2
95 0.707106781186548 0 3 2.66666666666667 0.471404520791032 R1
214 0.707106781186547 0 4 3.33333333333333 0.942809041582064 R1
215 0.707106781186547 0.32 4 3.33333333333333 0.942809041582064 R2
210 0.690577794147029 0 11 7.6 4.92341345003647 R1
133 0.687201800029346 0.265927977839335 16 11.2857142857143 6.86011840202455 R2
395 0.672489795399859 0.42 7 4.46153846153846 3.77472127581086 R2
355 0.670232487891664 0 12 8.31578947368421 5.49691426911449 R1
18 0.615457454896664 0 6 4.57142857142857 2.32115382989599 R1
523 0.603022689155527 0.277777777777778 5 3.66666666666667 2.21108319357027 R2
522 0.603022689155527 0.277777777777778 5 3.66666666666667 2.21108319357027 R2
55 0.577350269189626 0 7 6 1.73205080756888 R1
52 0.577350269189626 0 7 6 1.73205080756888 R1
54 0.577350269189626 0 7 6 1.73205080756888 R1
392 0.5643326479831 0.743801652892562 4 2.88888888888889 1.96889390518548 R3
345 0.544331053951818 0 4 3.2 1.46969384566991 R1
344 0.544331053951818 0 4 3.2 1.46969384566991 R1
135 0.541431721235242 0.290123456790123 15 11.2857142857143 6.86011840202455 R2
316 0.535303379031311 0.32 8 6.25 3.26917420765551 R2
41 0.525448411742697 0 10 6.93333333333333 5.83628496753048 R1
441 0.525448411742697 0 10 6.93333333333333 5.83628496753048 R1
359 0.5 0 3 2.4 1.2 R1
505 0.5 0 3 2.4 1.2 R1
90 0.498595351087458 0.657777777777778 8 5.81818181818182 4.37592965329409 R3
233 0.498595351087458 0.429752066115702 8 5.81818181818182 4.37592965329409 R2
86 0.498595351087458 0 8 5.81818181818182 4.37592965329409 R1
7 0.488312241178212 0 11 8.31578947368421 5.49691426911449 R1
208 0.487466678221432 0 10 7.6 4.92341345003647 R1
276 0.475971293846984 0.65625 8 5.71428571428571 4.80221037542046 R3
222 0.464058426867722 0 19 16.5714285714286 5.23333116686119 R1
224 0.464058426867722 0 19 16.5714285714286 5.23333116686119 R1
223 0.464058426867722 0 19 16.5714285714286 5.23333116686119 R1
219 0.456435464587638 0 4 3 2.19089023002066 R1
398 0.447213595499958 0 4 3.5 1.11803398874989 R1
511 0.437594974493684 0 4 3.14285714285714 1.95875845725744 R1
173 0.437594974493684 0 4 3.14285714285714 1.95875845725744 R1
347 0.41702882811415 0 4 3.33333333333333 1.59861050777091 R1
348 0.41702882811415 0 4 3.33333333333333 1.59861050777091 R1
281 0.400891862868636 0 3 2.4 1.49666295470958 R1
139 0.395661642441138 0 14 11.2857142857143 6.86011840202455 R1
140 0.395661642441138 0 14 11.2857142857143 6.86011840202455 R1
136 0.395661642441138 0 14 11.2857142857143 6.86011840202455 R1
138 0.395661642441138 0 14 11.2857142857143 6.86011840202455 R1
137 0.395661642441138 0 14 11.2857142857143 6.86011840202455 R1
266 0.345547370232544 0.448979591836735 5 4.2 2.31516738055805 R2
122 0.345547370232544 0.53125 5 4.2 2.31516738055805 R2
267 0.345547370232544 0.277777777777778 5 4.2 2.31516738055805 R2
189 0.332411247657267 0 9 7 6.01664358259653 R1
259 0.31570636786166 0 5 4.26666666666667 2.32283351869124 R1
8 0.306391994464761 0 10 8.31578947368421 5.49691426911449 R1
352 0.306391994464761 0 10 8.31578947368421 5.49691426911449 R1
11 0.30182649501525 0.396694214876033 8 6.13333333333333 6.18456860976486 R2
424 0.301648488703381 0 9 7.18181818181818 6.02748525609119 R1
386 0.301648488703381 0 9 7.18181818181818 6.02748525609119 R1
205 0.298974037100774 0 8 6.76923076923077 4.11664251084912 R1
520 0.294883912309794 0 4 3.6 1.35646599662505 R1
521 0.294883912309794 0 4 3.6 1.35646599662505 R1
531 0.294883912309794 0 4 3.6 1.35646599662505 R1
211 0.284355562295836 0 9 7.6 4.92341345003647 R1
213 0.284355562295836 0 9 7.6 4.92341345003647 R1
212 0.284355562295836 0 9 7.6 4.92341345003647 R1
209 0.284355562295836 0 9 7.6 4.92341345003647 R1
418 0.277878384492497 0.641975308641975 5 4.1 3.23882694814033 R3
236 0.277878384492497 0 5 4.1 3.23882694814033 R1
156 0.277350098112615 0.473372781065089 8 7 3.60555127546399 R2
260 0.267261241912425 0 4 3.66666666666667 1.24721912892465 R1
261 0.267261241912425 0 4 3.66666666666667 1.24721912892465 R1
262 0.267261241912425 0 4 3.66666666666667 1.24721912892465 R1
263 0.267261241912425 0 4 3.66666666666667 1.24721912892465 R1
425 0.260377821961648 0 10 8.66666666666667 5.1207638319124 R1
315 0.229415733870562 0.528925619834711 7 6.25 3.26917420765551 R2
291 0.208514414057075 0 3 2.75 1.19895788082818 R1
290 0.208514414057075 0 3 2.75 1.19895788082818 R1
114 0.204124145231932 0.489795918367347 4 3.6 1.95959179422654 R2
302 0.204124145231932 0 4 3.6 1.95959179422654 R1
296 0.204124145231932 0.5 4 3.6 1.95959179422654 R2
303 0.204124145231932 0 4 3.6 1.95959179422654 R1
409 0.204124145231931 0 3 2.8 0.979795897113271 R1
410 0.204124145231931 0 3 2.8 0.979795897113271 R1
411 0.204124145231931 0 3 2.8 0.979795897113271 R1
31 0.196116135138184 0 5 4.66666666666667 1.69967317119759 R1
30 0.196116135138184 0 5 4.66666666666667 1.69967317119759 R1
15 0.184637236468999 0 5 4.57142857142857 2.32115382989599 R1
529 0.182764664953982 0.540816326530612 8 6.93333333333333 5.83628496753048 R2
530 0.182764664953982 0.197530864197531 8 6.93333333333333 5.83628496753048 R2
318 0.171498585142509 0 3 2.8 1.16619037896906 R1
59 0.142649350539364 0 5 4.46153846153846 3.77472127581086 R1
502 0.142240278192754 0 6 5.14285714285714 6.02602067454701 R1
479 0.140133729828509 0.21875 7 6.13333333333333 6.18456860976486 R2
102 0.135741819916521 0 8 7.18181818181818 6.02748525609119 R1
351 0.124471747751309 0 9 8.31578947368421 5.49691426911449 R1
357 0.124471747751309 0 9 8.31578947368421 5.49691426911449 R1
353 0.124471747751309 0 9 8.31578947368421 5.49691426911449 R1
354 0.124471747751309 0 9 8.31578947368421 5.49691426911449 R1
356 0.124471747751309 0 9 8.31578947368421 5.49691426911449 R1
148 0.118585412256314 0 5 4.72727272727273 2.29983829830428 R1
147 0.118585412256314 0 5 4.72727272727273 2.29983829830428 R1
146 0.118585412256314 0 5 4.72727272727273 2.29983829830428 R1
78 0.0980580675690924 0.408163265306122 5 4.8 2.03960780543712 R2
464 0.0887356509416114 0 4 3.75 2.81735691739616 R1
377 0.0594438298277764 0 10 9.75 4.20565096031518 R1
376 0.0594438298277764 0 10 9.75 4.20565096031518 R1
29 0.0564332647983099 0 3 2.88888888888889 1.96889390518548 R1
88 0.0415496125906214 0 6 5.81818181818182 4.37592965329409 R1
160 0.0114227915596238 0 7 6.93333333333333 5.83628496753048 R1
463 0 0 4 4 2.32379000772445 R1
199 0 0 4 4 2.32379000772445 R1
320 0 0 2 2 0.816496580927726 R1
598 0 0 2 2 0.707106781186548 R1
379 0 0 5 5 1.22474487139159 R1
36 0 0 4 4 1.60356745147455 R1
599 0 0 2 2 0.707106781186548 R1
272 0 0 2 2 0.707106781186548 R1
551 0 0.444444444444444 2 2 1.09544511501033 R2
33 0 0 4 4 1.60356745147455 R1
462 0 0 4 4 2.32379000772445 R1
550 0 0 2 2 1.09544511501033 R1
271 0 0 2 2 0.707106781186548 R1
461 0 0 4 4 2.32379000772445 R1
34 0 0 4 4 1.60356745147455 R1
101 -0.030164848870338 0.21875 7 7.18181818181818 6.02748525609119 R2
423 -0.030164848870338 0 7 7.18181818181818 6.02748525609119 R1
325 -0.0308753760547221 0 4 4.1 3.23882694814033 R1
273 -0.0308753760547221 0 4 4.1 3.23882694814033 R1
415 -0.0308753760547221 0 4 4.1 3.23882694814033 R1
417 -0.0308753760547221 0 4 4.1 3.23882694814033 R1
416 -0.0308753760547221 0 4 4.1 3.23882694814033 R1
239 -0.0308753760547221 0 4 4.1 3.23882694814033 R1
238 -0.0308753760547221 0 4 4.1 3.23882694814033 R1
251 -0.0308753760547221 0 4 4.1 3.23882694814033 R1
510 -0.072932495748947 0 3 3.14285714285714 1.95875845725744 R1
414 -0.0764719112901873 0.680555555555556 6 6.25 3.26917420765551 R3
269 -0.0863868425581357 0.32 4 4.2 2.31516738055805 R2
268 -0.0863868425581357 0.32 4 4.2 2.31516738055805 R2
184 -0.114802315586059 0 4 4.26666666666667 2.32283351869124 R1
181 -0.114802315586059 0 4 4.26666666666667 2.32283351869124 R1
180 -0.114802315586059 0 4 4.26666666666667 2.32283351869124 R1
535 -0.114802315586059 0.716049382716049 4 4.26666666666667 2.32283351869124 R3
183 -0.114802315586059 0 4 4.26666666666667 2.32283351869124 R1
610 -0.114802315586059 0 4 4.26666666666667 2.32283351869124 R1
394 -0.122270871890884 0 4 4.46153846153846 3.77472127581086 R1
393 -0.122270871890884 0 4 4.46153846153846 3.77472127581086 R1
473 -0.159919081834734 0 6 6.93333333333333 5.83628496753048 R1
47 -0.166205623828633 0 6 7 6.01664358259653 R1
48 -0.166205623828633 0 6 7 6.01664358259653 R1
165 -0.183251800544973 0 5 6.13333333333333 6.18456860976486 R1
186 -0.186858773187984 0 6 6.76923076923077 4.11664251084912 R1
501 -0.186973256657797 0.736111111111111 5 5.81818181818182 4.37592965329409 R3
487 -0.187418672735276 0.716553287981859 10 11.2857142857143 6.86011840202455 R3
619 -0.189653704257006 0 4 5.14285714285714 6.02602067454701 R1
132 -0.189653704257006 0.32 4 5.14285714285714 6.02602067454701 R2
618 -0.189653704257006 0 4 5.14285714285714 6.02602067454701 R1
385 -0.196071517657197 0 6 7.18181818181818 6.02748525609119 R1
388 -0.196071517657197 0 6 7.18181818181818 6.02748525609119 R1
384 -0.196071517657197 0 6 7.18181818181818 6.02748525609119 R1
387 -0.196071517657197 0 6 7.18181818181818 6.02748525609119 R1
258 -0.208514414057075 0 3 3.33333333333333 1.59861050777091 R1
564 -0.232495277487638 0 8 8.66666666666667 2.86744175568088 R1
563 -0.232495277487638 0 8 8.66666666666667 2.86744175568088 R1
572 -0.242535625036333 0 4 4.33333333333333 1.37436854187255 R1
571 -0.242535625036333 0 4 4.33333333333333 1.37436854187255 R1
573 -0.242535625036333 0 4 4.33333333333333 1.37436854187255 R1
16 -0.246182981958665 0 4 4.57142857142857 2.32115382989599 R1
17 -0.246182981958665 0 4 4.57142857142857 2.32115382989599 R1
465 -0.266206952824834 0 3 3.75 2.81735691739616 R1
466 -0.266206952824834 0 3 3.75 2.81735691739616 R1
367 -0.267261241912425 0 2 2.4 1.49666295470958 R1
194 -0.301083971797992 0 6 6.72727272727273 2.41551459192481 R1
195 -0.301083971797992 0 6 6.72727272727273 2.41551459192481 R1
193 -0.301083971797992 0 6 6.72727272727273 2.41551459192481 R1
191 -0.301083971797992 0 6 6.72727272727273 2.41551459192481 R1
192 -0.301083971797992 0 6 6.72727272727273 2.41551459192481 R1
524 -0.301511344577764 0 3 3.66666666666667 2.21108319357027 R1
297 -0.306186217847897 0.56 3 3.6 1.95959179422654 R2
252 -0.339629136601941 0 3 4.1 3.23882694814033 R1
478 -0.344944565731714 0.32 4 6.13333333333333 6.18456860976486 R2
38 -0.344944565731714 0.5 4 6.13333333333333 6.18456860976486 R2
178 -0.355600695481886 0 3 5.14285714285714 6.02602067454701 R1
254 -0.355600695481886 0 3 5.14285714285714 6.02602067454701 R1
253 -0.355600695481886 0 3 5.14285714285714 6.02602067454701 R1
179 -0.355600695481886 0 3 5.14285714285714 6.02602067454701 R1
255 -0.355600695481886 0 3 5.14285714285714 6.02602067454701 R1
471 -0.35921060405355 0 4 4.57142857142857 1.59078981795143 R1
470 -0.35921060405355 0 4 4.57142857142857 1.59078981795143 R1
469 -0.35921060405355 0 4 4.57142857142857 1.59078981795143 R1
300 -0.387191094321131 0 3 4.46153846153846 3.77472127581086 R1
537 -0.387191094321131 0 3 4.46153846153846 3.77472127581086 R1
324 -0.415496125906215 0.32 4 5.81818181818182 4.37592965329409 R2
87 -0.415496125906215 0 4 5.81818181818182 4.37592965329409 R1
588 -0.415496125906215 0.32 4 5.81818181818182 4.37592965329409 R2
552 -0.421288992389046 0 6 8.31578947368421 5.49691426911449 R1
206 -0.429775178332364 0 5 6.76923076923077 4.11664251084912 R1
204 -0.429775178332364 0 5 6.76923076923077 4.11664251084912 R1
207 -0.429775178332364 0 5 6.76923076923077 4.11664251084912 R1
226 -0.430331482911935 0 3 4 2.32379000772445 R1
198 -0.430331482911935 0 3 4 2.32379000772445 R1
279 -0.447213595499958 0 3 3.5 1.11803398874989 R1
443 -0.451466118386481 0 2 2.88888888888889 1.96889390518548 R1
103 -0.451466118386481 0.777777777777778 2 2.88888888888889 1.96889390518548 R3
62 -0.456435464587638 0 2 3 2.19089023002066 R1
64 -0.456435464587638 0 2 3 2.19089023002066 R1
364 -0.4986168714859 0 4 7 6.01664358259653 R1
363 -0.4986168714859 0 4 7 6.01664358259653 R1
161 -0.502602828623449 0 4 6.93333333333333 5.83628496753048 R1
591 -0.506637330918456 0 3 6.13333333333333 6.18456860976486 R1
607 -0.518321055348815 0 3 4.2 2.31516738055805 R1
475 -0.518321055348815 0.375 3 4.2 2.31516738055805 R2
42 -0.520755643923295 0 6 8.66666666666667 5.1207638319124 R1
391 -0.521547686706767 0 2 5.14285714285714 6.02602067454701 R1
115 -0.521547686706767 0.444444444444444 2 5.14285714285714 6.02602067454701 R2
83 -0.521547686706767 0 2 5.14285714285714 6.02602067454701 R1
82 -0.521547686706767 0 2 5.14285714285714 6.02602067454701 R1
349 -0.527884855230916 0 4 7.18181818181818 6.02748525609119 R1
477 -0.527884855230916 0 4 7.18181818181818 6.02748525609119 R1
294 -0.528088901406552 0 5 7.6 4.92341345003647 R1
167 -0.528088901406552 0 5 7.6 4.92341345003647 R1
70 -0.528088901406552 0.277777777777778 5 7.6 4.92341345003647 R2
553 -0.545310999033778 0 3 4.26666666666667 2.32283351869124 R1
542 -0.545310999033778 0.375 3 4.26666666666667 2.32283351869124 R2
202 -0.577350269189626 0.444444444444444 2 2.5 0.866025403784439 R2
201 -0.577350269189626 0.444444444444444 2 2.5 0.866025403784439 R2
436 -0.577350269189626 0 2 2.5 0.866025403784439 R1
589 -0.583459965991578 0 2 3.14285714285714 1.95875845725744 R1
536 -0.603209239102497 0 5 8.31578947368421 5.49691426911449 R1
143 -0.62114955659128 0 2 3.75 2.81735691739616 R1
51 -0.623609564462324 0 3 4 1.60356745147455 R1
486 -0.624728909117587 0 7 11.2857142857143 6.86011840202455 R1
116 -0.625543242171224 0 2 2.75 1.19895788082818 R1
289 -0.625543242171224 0.444444444444444 2 2.75 1.19895788082818 R2
499 -0.625543242171224 0 2 2.75 1.19895788082818 R1
350 -0.644018995154633 0 3 5.81818181818182 4.37592965329409 R1
602 -0.644018995154633 0 3 5.81818181818182 4.37592965329409 R1
342 -0.644018995154633 0.375 3 5.81818181818182 4.37592965329409 R2
227 -0.644018995154633 0 3 5.81818181818182 4.37592965329409 R1
434 -0.648382897149161 0 2 4.1 3.23882694814033 R1
326 -0.648382897149161 0 2 4.1 3.23882694814033 R1
433 -0.648382897149161 0 2 4.1 3.23882694814033 R1
275 -0.648382897149161 0 2 4.1 3.23882694814033 R1
274 -0.648382897149161 0 2 4.1 3.23882694814033 R1
485 -0.652111316751378 0 2 4.46153846153846 3.77472127581086 R1
171 -0.652111316751378 0 2 4.46153846153846 3.77472127581086 R1
172 -0.652111316751378 0 2 4.46153846153846 3.77472127581086 R1
45 -0.65388212810554 0 7 9.75 4.20565096031518 R1
577 -0.664822495314533 0 3 7 6.01664358259653 R1
612 -0.668330096105197 0 2 6.13333333333333 6.18456860976486 R1
1 -0.668330096105197 0 2 6.13333333333333 6.18456860976486 R1
526 -0.668330096105197 0 2 6.13333333333333 6.18456860976486 R1
166 -0.668330096105197 0 2 6.13333333333333 6.18456860976486 R1
230 -0.672691583476743 0 4 6.76923076923077 4.11664251084912 R1
309 -0.672691583476743 0 4 6.76923076923077 4.11664251084912 R1
231 -0.672691583476743 0 4 6.76923076923077 4.11664251084912 R1
310 -0.672691583476743 0 4 6.76923076923077 4.11664251084912 R1
369 -0.673944702017807 0 3 6.93333333333333 5.83628496753048 R1
547 -0.673944702017807 0 3 6.93333333333333 5.83628496753048 R1
13 -0.67700320038633 0.612244897959184 3 4.57142857142857 2.32115382989599 R2
305 -0.685994340570036 0 2 2.8 1.16619037896906 R1
467 -0.687494677931647 0 1 5.14285714285714 6.02602067454701 R1
587 -0.687494677931647 0 1 5.14285714285714 6.02602067454701 R1
519 -0.687494677931647 0 1 5.14285714285714 6.02602067454701 R1
85 -0.687494677931647 0 1 5.14285714285714 6.02602067454701 R1
313 -0.688247201611685 0.32 4 6.25 3.26917420765551 R2
175 -0.693791524017776 0 3 7.18181818181818 6.02748525609119 R1
118 -0.707106781186548 0 1 1.33333333333333 0.471404520791032 R1
419 -0.707106781186548 0 1 1.33333333333333 0.471404520791032 R1
65 -0.731200017332149 0 4 7.6 4.92341345003647 R1
556 -0.731200017332149 0 4 7.6 4.92341345003647 R1
66 -0.731200017332149 0 4 7.6 4.92341345003647 R1
57 -0.75104094428999 0.56 3 4.72727272727273 2.29983829830428 R2
98 -0.75104094428999 0 3 4.72727272727273 2.29983829830428 R1
100 -0.75104094428999 0 3 4.72727272727273 2.29983829830428 R1
557 -0.770498987911691 0 6 11.2857142857143 6.86011840202455 R1
611 -0.773453352501348 0 2 5.71428571428571 4.80221037542046 R1
435 -0.773453352501348 0.64 2 5.71428571428571 4.80221037542046 R3
304 -0.773453352501348 0 2 5.71428571428571 4.80221037542046 R1
489 -0.785129485815949 0.489795918367347 4 8.31578947368421 5.49691426911449 R2
488 -0.785129485815949 0 4 8.31578947368421 5.49691426911449 R1
490 -0.785129485815949 0 4 8.31578947368421 5.49691426911449 R1
545 -0.816496580927726 0.625 2 3.6 1.95959179422654 R3
606 -0.816496580927727 0.625 2 3.2 1.46969384566991 R3
2 -0.830022861291938 0 1 6.13333333333333 6.18456860976486 R1
590 -0.830022861291938 0 1 6.13333333333333 6.18456860976486 R1
256 -0.834057656228299 0 2 3.33333333333333 1.59861050777091 R1
437 -0.845286575412165 0 2 6.93333333333333 5.83628496753048 R1
368 -0.845286575412165 0 2 6.93333333333333 5.83628496753048 R1
438 -0.845286575412165 0 2 6.93333333333333 5.83628496753048 R1
40 -0.845286575412165 0 2 6.93333333333333 5.83628496753048 R1
422 -0.859698192804635 0 2 7.18181818181818 6.02748525609119 R1
544 -0.859698192804635 0 2 7.18181818181818 6.02748525609119 R1
514 -0.859698192804635 0 2 7.18181818181818 6.02748525609119 R1
513 -0.859698192804635 0 2 7.18181818181818 6.02748525609119 R1
541 -0.872541864403051 0 2 5.81818181818182 4.37592965329409 R1
323 -0.872541864403051 0 2 5.81818181818182 4.37592965329409 R1
459 -0.882522608121826 0 3 4.8 2.03960780543712 R1
43 -0.911322376865767 0 4 8.66666666666667 5.1207638319124 R1
512 -0.912870929175277 0 1 2 1.09544511501033 R1
608 -0.912870929175277 0 1 2 1.09544511501033 R1
527 -0.912870929175277 0 1 3 2.19089023002066 R1
312 -0.912870929175277 0.5 1 3 2.19089023002066 R2
525 -0.912870929175277 0 1 3 2.19089023002066 R1
528 -0.912870929175277 0.5 1 3 2.19089023002066 R2
378 -0.915607988621122 0 3 6.76923076923077 4.11664251084912 R1
382 -0.917031539181626 0 1 4.46153846153846 3.77472127581086 R1
476 -0.917031539181626 0 1 4.46153846153846 3.77472127581086 R1
67 -0.934311133257746 0 3 7.6 4.92341345003647 R1
546 -0.935414346693486 0 1 2.4 1.49666295470958 R1
626 -0.935414346693486 0.5 1 2.4 1.49666295470958 R2
120 -0.950255268139495 0 2 4.2 2.31516738055805 R1
581 -0.95713665769638 0.5 1 4.1 3.23882694814033 R2
372 -0.95713665769638 0 1 4.1 3.23882694814033 R1
474 -0.959365501571271 0 1 2.88888888888889 1.96889390518548 R1
405 -0.959365501571271 0 1 2.88888888888889 1.96889390518548 R1
491 -0.959365501571271 0 1 2.88888888888889 1.96889390518548 R1
554 -0.975819682481497 0 2 4.26666666666667 2.32283351869124 R1
448 -0.975819682481497 0 2 4.26666666666667 2.32283351869124 R1
568 -0.976092160357725 0 1 3.75 2.81735691739616 R1
401 -0.976092160357725 0.5 1 3.75 2.81735691739616 R2
343 -0.980580675690921 0 3 4.66666666666667 1.69967317119759 R1
558 -0.981690793559404 0 1 5.71428571428571 4.80221037542046 R1
112 -0.987829161147262 0 3 4.57142857142857 1.59078981795143 R1
111 -0.987829161147262 0 3 4.57142857142857 1.59078981795143 R1
396 -0.9972337429718 0 1 7 6.01664358259653 R1
543 -0.9972337429718 0 1 7 6.01664358259653 R1
249 -1 0 3 3.5 0.5 R1
432 -1 0 2 3 1 R1
247 -1 0 3 3.5 0.5 R1
450 -1 0 2 3 1 R1
442 -1.02560486159149 0 1 7.18181818181818 6.02748525609119 R1
278 -1.02560486159149 0 1 7.18181818181818 6.02748525609119 R1
627 -1.09398743623421 0 1 3.14285714285714 1.95875845725744 R1
595 -1.09398743623421 0 1 3.14285714285714 1.95875845725744 R1
472 -1.10106473365147 0 1 5.81818181818182 4.37592965329409 R1
228 -1.10106473365147 0 1 5.81818181818182 4.37592965329409 R1
596 -1.10106473365147 0 1 5.81818181818182 4.37592965329409 R1
426 -1.12943276672775 0 5 9.75 4.20565096031518 R1
585 -1.13742224918334 0 2 7.6 4.92341345003647 R1
586 -1.13742224918334 0 2 7.6 4.92341345003647 R1
399 -1.14896997924285 0 2 8.31578947368421 5.49691426911449 R1
400 -1.14896997924285 0 2 8.31578947368421 5.49691426911449 R1
580 -1.16666666666667 0 1 2.4 1.2 R1
615 -1.16666666666667 0 1 2.4 1.2 R1
458 -1.18585412256314 0 2 4.72727272727273 2.29983829830428 R1
457 -1.18585412256314 0 2 4.72727272727273 2.29983829830428 R1
5 -1.20604537831105 0 1 3.66666666666667 2.21108319357027 R1
609 -1.20604537831105 0 1 3.66666666666667 2.21108319357027 R1
26 -1.22474487139159 0 1 2 0.816496580927726 R1
311 -1.25568750799501 0 10 16.5714285714286 5.23333116686119 R1
555 -1.29099444873581 0 1 4 2.32379000772445 R1
225 -1.29099444873581 0 1 4 2.32379000772445 R1
515 -1.30002249193318 0.444444444444444 2 6.25 3.26917420765551 R2
516 -1.30002249193318 0.444444444444444 2 6.25 3.26917420765551 R2
468 -1.30188910980824 0 2 8.66666666666667 5.1207638319124 R1
509 -1.32680694400755 0.666666666666667 1 3.6 1.95959179422654 R3
506 -1.32680694400755 0 1 3.6 1.95959179422654 R1
562 -1.3308902259563 0 1 8.31578947368421 5.49691426911449 R1
582 -1.34053336510894 0 1 7.6 4.92341345003647 R1
397 -1.34164078649987 0 2 3.5 1.11803398874989 R1
163 -1.35357930308811 0 2 11.2857142857143 6.86011840202455 R1
162 -1.35357930308811 0.444444444444444 2 11.2857142857143 6.86011840202455 R2
427 -1.35357930308811 0 2 11.2857142857143 6.86011840202455 R1
460 -1.37281294596729 0 2 4.8 2.03960780543712 R1
404 -1.38218948093017 0 1 4.2 2.31516738055805 R1
620 -1.38675049056307 0 2 7 3.60555127546399 R1
621 -1.38675049056307 0 2 7 3.60555127546399 R1
576 -1.40632836592922 0 1 4.26666666666667 2.32283351869124 R1
283 -1.41421356237309 0 2 3.33333333333333 0.942809041582064 R1
96 -1.41421356237309 0 2 2.66666666666667 0.471404520791032 R1
500 -1.41421356237309 0.72 1 2 0.707106781186548 R3
549 -1.41421356237309 0 1 2 0.707106781186548 R1
308 -1.45960089839952 0 1 3.33333333333333 1.59861050777091 R1
117 -1.45960089839952 0 1 2.75 1.19895788082818 R1
605 -1.4969103983675 0 1 3.2 1.46969384566991 R1
317 -1.53864363724166 0 1 4.57142857142857 2.32115382989599 R1
616 -1.54305535546471 0 3 6.72727272727273 2.41551459192481 R1
617 -1.54305535546471 0 3 6.72727272727273 2.41551459192481 R1
319 -1.54348726628258 0 1 2.8 1.16619037896906 R1
105 -1.56892908110547 0.64 2 4.66666666666667 1.69967317119759 R3
91 -1.60498340534996 0 3 9.75 4.20565096031518 R1
456 -1.63299316185545 0 3 5 1.22474487139159 R1
597 -1.69774937525433 0 2 4.33333333333333 1.37436854187255 R1
53 -1.73205080756888 0 3 6 1.73205080756888 R1
151 -1.82893615294926 0 7 16.5714285714286 5.23333116686119 R1
298 -1.83711730708738 0 1 2.8 0.979795897113271 R1
50 -1.87082869338697 0 1 4 1.60356745147455 R1
579 -1.91674543001366 0 1 3.6 1.35646599662505 R1
614 -1.97620985864493 0 3 8.66666666666667 2.86744175568088 R1
613 -2.13808993529939 0.5 1 3.66666666666667 1.24721912892465 R2
