*Vertices 3223
0.0104048
0.00942742
0.00870223
0.00830285
0.00770379
0.00751461
0.00725186
0.00723084
0.00673687
0.00657922
0.00654769
0.00599067
0.00536007
0.00536007
0.0051814
0.00504477
0.00466641
0.00455081
0.00445622
0.00441418
0.00437214
0.0043301
0.00425653
0.00421449
0.00414092
0.00409888
0.00395174
0.0038046
0.00374154
0.00373103
0.0036995
0.00365746
0.00356287
0.00354185
0.00354185
0.00353134
0.00344726
0.00341573
0.00341573
0.00340522
0.00336318
0.00335267
0.00332114
0.00332114
0.00331063
0.00326859
0.00322655
0.00321604
0.00321604
0.00318451
0.00315298
0.00311094
0.00310043
0.00307941
0.00305839
0.00302686
0.00301635
0.00301635
0.00299533
0.00297431
0.00297431
0.00293227
0.00293227
0.00293227
0.00293227
0.00292176
0.00292176
0.00284819
0.00283768
0.00283768
0.00279564
0.00279564
0.00278513
0.00272208
0.00265902
0.00265902
0.00261698
0.00248035
0.00248035
0.00245933
0.00244882
0.00243831
0.0024278
0.0024278
0.00239627
0.00236474
0.00236474
0.00235423
0.0023227
0.00229117
0.00228066
0.00227015
0.00224913
0.00223862
0.00220709
0.00218607
0.00217556
0.00216505
0.00215454
0.00214403
0.0021125
0.00210199
0.00207046
0.00205995
0.00205995
0.00205995
0.00203893
0.00203893
0.00203893
0.00203893
0.00202842
0.00202842
0.00198638
0.00197587
0.00195485
0.00193383
0.00193383
0.00193383
0.00189179
0.00189179
0.00188128
0.00188128
0.00187077
0.00186026
0.00182873
0.00180771
0.00178669
0.00178669
0.00177618
0.00177618
0.00177618
0.00176567
0.00175516
0.00174465
0.00174465
0.00171312
0.00170261
0.00170261
0.0016921
0.0016921
0.00168159
0.00167108
0.00167108
0.00166057
0.00166057
0.00163955
0.00163955
0.00162904
0.00162904
0.00161853
0.00161853
0.001587
0.00157649
0.00157649
0.00157649
0.00156598
0.00155547
0.00154496
0.00153445
0.00153445
0.00153445
0.00152394
0.00152394
0.00151343
0.00151343
0.00151343
0.00150292
0.00149241
0.00149241
0.00149241
0.0014819
0.0014819
0.0014819
0.00147139
0.00147139
0.00147139
0.00146088
0.00146088
0.00146088
0.00146088
0.00146088
0.00143986
0.00142935
0.00142935
0.00141884
0.00141884
0.00141884
0.00140833
0.00140833
0.00140833
0.00139782
0.00138731
0.00138731
0.00138731
0.00138731
0.00138731
0.00136629
0.00134527
0.00134527
0.00134527
0.00132425
0.00132425
0.00132425
0.00130323
0.00130323
0.00130323
0.00128221
0.00128221
0.00128221
0.0012717
0.00126119
0.00126119
0.00125068
0.00125068
0.00124017
0.00124017
0.00124017
0.00120864
0.00119813
0.00118762
0.0011666
0.00115609
0.00115609
0.00115609
0.00115609
0.00114558
0.00113507
0.00113507
0.00112456
0.00112456
0.00112456
0.00112456
0.00111405
0.00111405
0.00111405
0.00111405
0.00111405
0.00109303
0.00109303
0.00105099
0.00105099
0.00105099
0.00105099
0.00104048
0.00102997
0.00101946
0.00101946
0.00101946
0.00101946
0.00100895
0.00100895
0.00100895
0.00100895
0.000987935
0.000987935
0.000987935
0.000987935
0.000987935
0.000966915
0.000966915
0.000966915
0.000966915
0.000956405
0.000956405
0.000945895
0.000945895
0.000945895
0.000924875
0.000924875
0.000914365
0.000914365
0.000914365
0.000914365
0.000903855
0.000903855
0.000903855
0.000882835
0.000882835
0.000882835
0.000882835
0.000882835
0.000882835
0.000882835
0.000882835
0.000882835
0.000882835
0.000882835
0.000872325
0.000851305
0.000840795
0.000840795
0.000840795
0.000840795
0.000840795
0.000830285
0.000830285
0.000830285
0.000830285
0.000819776
0.000819776
0.000819776
0.000819776
0.000809266
0.000798756
0.000798756
0.000798756
0.000798756
0.000777736
0.000777736
0.000777736
0.000777736
0.000777736
0.000777736
0.000777736
0.000777736
0.000777736
0.000777736
0.000777736
0.000756716
0.000756716
0.000756716
0.000756716
0.000756716
0.000756716
0.000756716
0.000746206
0.000746206
0.000735696
0.000735696
0.000735696
0.000735696
0.000735696
0.000735696
0.000735696
0.000735696
0.000725186
0.000725186
0.000725186
0.000725186
0.000714676
0.000714676
0.000714676
0.000714676
0.000714676
0.000714676
0.000693656
0.000693656
0.000693656
0.000693656
0.000672636
0.000672636
0.000672636
0.000672636
0.000651616
0.000651616
0.000651616
0.000651616
0.000651616
0.000651616
0.000651616
0.000651616
0.000651616
0.000651616
0.000641106
0.000630597
0.000630597
0.000630597
0.000630597
0.000630597
0.000630597
0.000620087
0.000620087
0.000609577
0.000609577
0.000609577
0.000609577
0.000609577
0.000599067
0.000588557
0.000588557
0.000588557
0.000588557
0.000588557
0.000578047
0.000578047
0.000567537
0.000567537
0.000567537
0.000567537
0.000567537
0.000567537
0.000567537
0.000567537
0.000567537
0.000567537
0.000567537
0.000557027
0.000557027
0.000557027
0.000557027
0.000546517
0.000546517
0.000546517
0.000546517
0.000546517
0.000546517
0.000546517
0.000546517
0.000546517
0.000546517
0.000546517
0.000546517
0.000546517
0.000546517
0.000546517
0.000546517
0.000546517
0.000546517
0.000546517
0.000546517
0.000536007
0.000536007
0.000536007
0.000536007
0.000536007
0.000525497
0.000525497
0.000525497
0.000525497
0.000525497
0.000525497
0.000525497
0.000525497
0.000525497
0.000525497
0.000525497
0.000525497
0.000525497
0.000525497
0.000525497
0.000525497
0.000514987
0.000514987
0.000504477
0.000504477
0.000504477
0.000504477
0.000504477
0.000504477
0.000504477
0.000504477
0.000504477
0.000504477
0.000504477
0.000493967
0.000493967
0.000493967
0.000493967
0.000493967
0.000493967
0.000493967
0.000483457
0.000483457
0.000483457
0.000483457
0.000483457
0.000483457
0.000483457
0.000483457
0.000483457
0.000483457
0.000483457
0.000472947
0.000472947
0.000462437
0.000462437
0.000462437
0.000462437
0.000462437
0.000462437
0.000462437
0.000462437
0.000462437
0.000462437
0.000462437
0.000451928
0.000451928
0.000441418
0.000441418
0.000441418
0.000441418
0.000441418
0.000441418
0.000441418
0.000441418
0.000441418
0.000441418
0.000441418
0.000441418
0.000441418
0.000441418
0.000441418
0.000441418
0.000441418
0.000441418
0.000441418
0.000441418
0.000441418
0.000441418
0.000430908
0.000430908
0.000420398
0.000420398
0.000420398
0.000420398
0.000420398
0.000420398
0.000420398
0.000420398
0.000420398
0.000420398
0.000420398
0.000420398
0.000420398
0.000420398
0.000420398
0.000420398
0.000420398
0.000420398
0.000420398
0.000420398
0.000420398
0.000420398
0.000420398
0.000399378
0.000399378
0.000399378
0.000399378
0.000399378
0.000399378
0.000399378
0.000399378
0.000399378
0.000399378
0.000399378
0.000399378
0.000399378
0.000399378
0.000399378
0.000388868
0.000388868
0.000388868
0.000388868
0.000378358
0.000378358
0.000378358
0.000378358
0.000378358
0.000378358
0.000378358
0.000378358
0.000378358
0.000378358
0.000378358
0.000378358
0.000378358
0.000378358
0.000378358
0.000378358
0.000378358
0.000378358
0.000378358
0.000378358
0.000357338
0.000357338
0.000357338
0.000357338
0.000357338
0.000357338
0.000357338
0.000357338
0.000357338
0.000357338
0.000357338
0.000357338
0.000346828
0.000346828
0.000346828
0.000336318
0.000336318
0.000336318
0.000336318
0.000336318
0.000336318
0.000336318
0.000336318
0.000336318
0.000336318
0.000336318
0.000336318
0.000336318
0.000336318
0.000336318
0.000336318
0.000336318
0.000336318
0.000336318
0.000336318
0.000336318
0.000336318
0.000336318
0.000336318
0.000336318
0.000336318
0.000336318
0.000336318
0.000336318
0.000336318
0.000336318
0.000336318
0.000336318
0.000325808
0.000325808
0.000315298
0.000315298
0.000315298
0.000315298
0.000315298
0.000315298
0.000315298
0.000315298
0.000315298
0.000315298
0.000315298
0.000315298
0.000315298
0.000315298
0.000315298
0.000315298
0.000315298
0.000315298
0.000315298
0.000315298
0.000315298
0.000315298
0.000315298
0.000315298
0.000315298
0.000315298
0.000304788
0.000304788
0.000304788
0.000294278
0.000294278
0.000294278
0.000294278
0.000294278
0.000294278
0.000294278
0.000294278
0.000294278
0.000283768
0.000283768
0.000273259
0.000273259
0.000273259
0.000273259
0.000273259
0.000273259
0.000273259
0.000273259
0.000273259
0.000273259
0.000273259
0.000273259
0.000273259
0.000273259
0.000273259
0.000273259
0.000273259
0.000273259
0.000273259
0.000273259
0.000273259
0.000273259
0.000273259
0.000273259
0.000273259
0.000273259
0.000273259
0.000273259
0.000273259
0.000273259
0.000273259
0.000273259
0.000262749
0.000262749
0.000252239
0.000252239
0.000252239
0.000252239
0.000252239
0.000252239
0.000252239
0.000252239
0.000252239
0.000252239
0.000252239
0.000252239
0.000252239
0.000252239
0.000252239
0.000252239
0.000252239
0.000252239
0.000252239
0.000252239
0.000252239
0.000252239
0.000252239
0.000252239
0.000252239
0.000252239
0.000252239
0.000252239
0.000252239
0.000252239
0.000252239
0.000252239
0.000252239
0.000252239
0.000252239
0.000252239
0.000252239
0.000252239
0.000252239
0.000252239
0.000252239
0.000252239
0.000252239
0.000252239
0.000252239
0.000252239
0.000252239
0.000252239
0.000252239
0.000252239
0.000252239
0.000252239
0.000252239
0.000252239
0.000252239
0.000252239
0.000252239
0.000252239
0.000252239
0.000252239
0.000252239
0.000252239
0.000252239
0.000241729
0.000241729
0.000231219
0.000231219
0.000231219
0.000231219
0.000231219
0.000231219
0.000231219
0.000231219
0.000231219
0.000231219
0.000231219
0.000231219
0.000220709
0.000210199
0.000210199
0.000210199
0.000210199
0.000210199
0.000210199
0.000210199
0.000210199
0.000210199
0.000210199
0.000210199
0.000210199
0.000210199
0.000210199
0.000210199
0.000210199
0.000210199
0.000210199
0.000210199
0.000210199
0.000210199
0.000210199
0.000210199
0.000210199
0.000210199
0.000210199
0.000210199
0.000210199
0.000210199
0.000210199
0.000210199
0.000210199
0.000210199
0.000210199
0.000210199
0.000210199
0.000210199
0.000210199
0.000210199
0.000210199
0.000210199
0.000210199
0.000210199
0.000210199
0.000210199
0.000210199
0.000210199
0.000210199
0.000210199
0.000210199
0.000210199
0.000210199
0.000210199
0.000210199
0.000210199
0.000210199
0.000199689
0.000199689
0.000199689
0.000199689
0.000199689
0.000189179
0.000189179
0.000189179
0.000189179
0.000189179
0.000189179
0.000189179
0.000189179
0.000189179
0.000189179
0.000189179
0.000189179
0.000189179
0.000189179
0.000189179
0.000189179
0.000189179
0.000189179
0.000189179
0.000189179
0.000189179
0.000189179
0.000189179
0.000189179
0.000189179
0.000189179
0.000189179
0.000189179
0.000189179
0.000189179
0.000189179
0.000189179
0.000189179
0.000189179
0.000189179
0.000189179
0.000189179
0.000189179
0.000189179
0.000189179
0.000189179
0.000189179
0.000189179
0.000189179
0.000189179
0.000189179
0.000189179
0.000189179
0.000189179
0.000189179
0.000189179
0.000189179
0.000189179
0.000189179
0.000189179
0.000189179
0.000189179
0.000189179
0.000189179
0.000189179
0.000189179
0.000189179
0.000189179
0.000189179
0.000189179
0.000178669
0.000178669
0.000178669
0.000168159
0.000168159
0.000168159
0.000168159
0.000168159
0.000168159
0.000168159
0.000168159
0.000168159
0.000168159
0.000168159
0.000168159
0.000168159
0.000168159
0.000168159
0.000168159
0.000168159
0.000168159
0.000168159
0.000168159
0.000168159
0.000168159
0.000168159
0.000168159
0.000168159
0.000168159
0.000168159
0.000168159
0.000168159
0.000168159
0.000168159
0.000168159
0.000168159
0.000147139
0.000147139
0.000147139
0.000147139
0.000147139
0.000147139
0.000147139
0.000147139
0.000147139
0.000147139
0.000147139
0.000147139
0.000147139
0.000147139
0.000147139
0.000147139
0.000147139
0.000147139
0.000147139
0.000147139
0.000147139
0.000147139
0.000147139
0.000147139
0.000147139
0.000147139
0.000147139
0.000147139
0.000147139
0.000147139
0.000147139
0.000147139
0.000147139
0.000147139
0.000147139
0.000147139
0.000147139
0.000147139
0.000147139
0.000147139
0.000147139
0.000147139
0.000147139
0.000147139
0.000147139
0.000147139
0.000147139
0.000147139
0.000147139
0.000147139
0.000147139
0.000147139
0.000147139
0.000147139
0.000147139
0.000147139
0.000147139
0.000147139
0.000147139
0.000147139
0.000147139
0.000147139
0.000147139
0.000147139
0.000136629
0.000136629
0.000126119
0.000126119
0.000126119
0.000126119
0.000126119
0.000126119
0.000126119
0.000126119
0.000126119
0.000126119
0.000126119
0.000126119
0.000126119
0.000126119
0.000126119
0.000126119
0.000126119
0.000126119
0.000126119
0.000126119
0.000126119
0.000126119
0.000126119
0.000126119
0.000126119
0.000126119
0.000126119
0.000126119
0.000126119
0.000126119
0.000126119
0.000126119
0.000126119
0.000126119
0.000126119
0.000126119
0.000126119
0.000126119
0.000126119
0.000126119
0.000126119
0.000126119
0.000126119
0.000126119
0.000126119
0.000126119
0.000126119
0.000126119
0.000126119
0.000126119
0.000126119
0.000126119
0.000126119
0.000126119
0.000126119
0.000126119
0.000126119
0.000126119
0.000126119
0.000126119
0.000126119
0.000126119
0.000126119
0.000126119
0.000126119
0.000126119
0.000126119
0.000126119
0.000126119
0.000126119
0.000126119
0.000126119
0.000126119
0.000126119
0.000126119
0.000126119
0.000126119
0.000126119
0.000126119
0.000126119
0.000126119
0.000126119
0.000126119
0.000126119
0.000126119
0.000126119
0.000126119
0.000126119
0.000126119
0.000126119
0.000126119
0.000126119
0.000126119
0.000126119
0.000126119
0.000126119
0.000126119
0.000126119
0.000126119
0.000126119
0.000126119
0.000126119
0.000126119
0.000126119
0.000126119
0.000126119
0.000126119
0.000126119
0.000126119
0.000126119
0.000126119
0.000126119
0.000126119
0.000126119
0.000126119
0.000126119
0.000126119
0.000126119
0.000126119
0.000126119
0.000126119
0.000126119
0.000126119
0.000126119
0.000126119
0.000126119
0.000126119
0.000126119
0.000126119
0.000126119
0.000126119
0.000126119
0.000126119
0.000126119
0.000126119
0.000126119
0.000126119
0.000126119
0.000126119
0.000126119
0.000126119
0.000126119
0.000126119
0.000126119
0.000126119
0.000126119
0.000126119
0.000126119
0.000126119
0.000126119
0.000126119
0.000126119
0.000126119
0.000126119
0.000126119
0.000126119
0.000126119
0.000126119
0.000126119
0.000126119
0.000126119
0.000126119
0.000126119
0.000126119
0.000126119
0.000126119
0.000126119
0.000126119
0.000126119
0.000126119
0.000126119
0.000126119
0.000126119
0.000126119
0.000126119
0.000126119
0.000126119
0.000126119
0.000126119
0.000126119
0.000126119
0.000126119
0.000126119
0.000126119
0.000126119
0.000126119
0.000126119
0.000126119
0.000126119
0.000126119
0.000126119
0.000126119
0.000126119
0.000126119
0.000126119
0.000126119
0.000126119
0.000126119
0.000126119
0.000126119
0.000126119
0.000126119
0.000126119
0.000126119
0.000126119
0.000126119
0.000126119
0.000126119
0.000126119
0.000126119
0.000126119
0.000126119
0.000126119
0.000126119
0.000126119
0.000126119
0.000126119
0.000126119
0.000126119
0.000126119
0.000126119
0.000126119
0.000126119
0.000126119
0.000126119
0.000126119
0.000126119
0.000126119
0.000126119
0.000126119
0.000126119
0.000126119
0.000126119
0.000126119
0.000126119
0.000126119
0.000126119
0.000126119
0.000126119
0.000126119
0.000126119
0.000126119
0.000126119
0.000126119
0.000126119
0.000126119
0.000126119
0.000126119
0.000126119
0.000126119
0.000126119
0.000126119
0.000126119
0.000126119
0.000126119
0.000126119
0.000126119
0.000126119
0.000126119
0.000126119
0.000126119
0.000126119
0.000126119
0.000126119
0.000126119
0.000126119
0.000126119
0.000126119
0.000126119
0.000126119
0.000126119
0.000126119
0.000126119
0.000126119
0.000126119
0.000126119
0.000126119
0.000126119
0.000126119
0.000126119
0.000126119
0.000126119
0.000126119
0.000126119
0.000126119
0.000126119
0.000115609
0.000115609
0.000105099
0.000105099
0.000105099
0.000105099
0.000105099
0.000105099
0.000105099
0.000105099
0.000105099
0.000105099
0.000105099
0.000105099
0.000105099
0.000105099
0.000105099
0.000105099
0.000105099
0.000105099
0.000105099
0.000105099
0.000105099
0.000105099
0.000105099
0.000105099
0.000105099
9.45895e-05
9.45895e-05
9.45895e-05
8.40795e-05
8.40795e-05
8.40795e-05
8.40795e-05
8.40795e-05
8.40795e-05
8.40795e-05
8.40795e-05
8.40795e-05
8.40795e-05
8.40795e-05
8.40795e-05
8.40795e-05
8.40795e-05
8.40795e-05
8.40795e-05
8.40795e-05
8.40795e-05
8.40795e-05
8.40795e-05
8.40795e-05
8.40795e-05
8.40795e-05
8.40795e-05
8.40795e-05
8.40795e-05
8.40795e-05
8.40795e-05
8.40795e-05
8.40795e-05
8.40795e-05
8.40795e-05
8.40795e-05
8.40795e-05
8.40795e-05
8.40795e-05
8.40795e-05
8.40795e-05
8.40795e-05
8.40795e-05
8.40795e-05
8.40795e-05
8.40795e-05
8.40795e-05
8.40795e-05
8.40795e-05
8.40795e-05
8.40795e-05
8.40795e-05
8.40795e-05
8.40795e-05
8.40795e-05
8.40795e-05
8.40795e-05
8.40795e-05
8.40795e-05
8.40795e-05
8.40795e-05
8.40795e-05
8.40795e-05
8.40795e-05
8.40795e-05
8.40795e-05
8.40795e-05
8.40795e-05
8.40795e-05
8.40795e-05
8.40795e-05
8.40795e-05
8.40795e-05
8.40795e-05
8.40795e-05
8.40795e-05
8.40795e-05
8.40795e-05
8.40795e-05
8.40795e-05
8.40795e-05
8.40795e-05
8.40795e-05
8.40795e-05
8.40795e-05
8.40795e-05
8.40795e-05
8.40795e-05
8.40795e-05
8.40795e-05
8.40795e-05
8.40795e-05
8.40795e-05
8.40795e-05
8.40795e-05
8.40795e-05
8.40795e-05
8.40795e-05
8.40795e-05
8.40795e-05
8.40795e-05
8.40795e-05
8.40795e-05
8.40795e-05
8.40795e-05
8.40795e-05
8.40795e-05
8.40795e-05
7.35696e-05
7.35696e-05
6.30597e-05
6.30597e-05
6.30597e-05
6.30597e-05
6.30597e-05
6.30597e-05
6.30597e-05
6.30597e-05
6.30597e-05
6.30597e-05
6.30597e-05
6.30597e-05
6.30597e-05
6.30597e-05
6.30597e-05
6.30597e-05
6.30597e-05
6.30597e-05
6.30597e-05
6.30597e-05
6.30597e-05
6.30597e-05
6.30597e-05
6.30597e-05
6.30597e-05
6.30597e-05
6.30597e-05
6.30597e-05
6.30597e-05
6.30597e-05
6.30597e-05
6.30597e-05
6.30597e-05
6.30597e-05
6.30597e-05
6.30597e-05
6.30597e-05
6.30597e-05
6.30597e-05
6.30597e-05
6.30597e-05
6.30597e-05
6.30597e-05
6.30597e-05
6.30597e-05
6.30597e-05
6.30597e-05
6.30597e-05
6.30597e-05
6.30597e-05
6.30597e-05
6.30597e-05
6.30597e-05
6.30597e-05
6.30597e-05
6.30597e-05
6.30597e-05
6.30597e-05
6.30597e-05
6.30597e-05
6.30597e-05
6.30597e-05
6.30597e-05
6.30597e-05
6.30597e-05
6.30597e-05
6.30597e-05
6.30597e-05
6.30597e-05
6.30597e-05
6.30597e-05
6.30597e-05
6.30597e-05
6.30597e-05
6.30597e-05
6.30597e-05
6.30597e-05
6.30597e-05
6.30597e-05
6.30597e-05
6.30597e-05
6.30597e-05
6.30597e-05
6.30597e-05
6.30597e-05
6.30597e-05
6.30597e-05
6.30597e-05
6.30597e-05
6.30597e-05
6.30597e-05
6.30597e-05
6.30597e-05
6.30597e-05
6.30597e-05
6.30597e-05
6.30597e-05
6.30597e-05
6.30597e-05
6.30597e-05
6.30597e-05
6.30597e-05
6.30597e-05
6.30597e-05
6.30597e-05
6.30597e-05
6.30597e-05
6.30597e-05
6.30597e-05
6.30597e-05
6.30597e-05
6.30597e-05
6.30597e-05
6.30597e-05
6.30597e-05
6.30597e-05
6.30597e-05
6.30597e-05
6.30597e-05
6.30597e-05
6.30597e-05
6.30597e-05
6.30597e-05
6.30597e-05
6.30597e-05
6.30597e-05
6.30597e-05
6.30597e-05
6.30597e-05
6.30597e-05
6.30597e-05
6.30597e-05
6.30597e-05
6.30597e-05
6.30597e-05
6.30597e-05
6.30597e-05
6.30597e-05
6.30597e-05
6.30597e-05
6.30597e-05
6.30597e-05
6.30597e-05
6.30597e-05
6.30597e-05
6.30597e-05
6.30597e-05
6.30597e-05
6.30597e-05
6.30597e-05
6.30597e-05
6.30597e-05
6.30597e-05
6.30597e-05
6.30597e-05
6.30597e-05
6.30597e-05
6.30597e-05
6.30597e-05
6.30597e-05
6.30597e-05
6.30597e-05
6.30597e-05
6.30597e-05
6.30597e-05
6.30597e-05
6.30597e-05
6.30597e-05
6.30597e-05
6.30597e-05
6.30597e-05
6.30597e-05
6.30597e-05
6.30597e-05
6.30597e-05
6.30597e-05
6.30597e-05
6.30597e-05
6.30597e-05
6.30597e-05
6.30597e-05
6.30597e-05
6.30597e-05
6.30597e-05
6.30597e-05
6.30597e-05
6.30597e-05
6.30597e-05
6.30597e-05
6.30597e-05
6.30597e-05
6.30597e-05
6.30597e-05
6.30597e-05
6.30597e-05
6.30597e-05
6.30597e-05
6.30597e-05
6.30597e-05
6.30597e-05
6.30597e-05
6.30597e-05
6.30597e-05
6.30597e-05
6.30597e-05
6.30597e-05
6.30597e-05
6.30597e-05
6.30597e-05
6.30597e-05
6.30597e-05
6.30597e-05
6.30597e-05
6.30597e-05
6.30597e-05
6.30597e-05
6.30597e-05
6.30597e-05
6.30597e-05
6.30597e-05
6.30597e-05
6.30597e-05
6.30597e-05
6.30597e-05
6.30597e-05
6.30597e-05
6.30597e-05
6.30597e-05
6.30597e-05
6.30597e-05
6.30597e-05
6.30597e-05
6.30597e-05
6.30597e-05
6.30597e-05
6.30597e-05
6.30597e-05
6.30597e-05
6.30597e-05
6.30597e-05
6.30597e-05
6.30597e-05
6.30597e-05
6.30597e-05
6.30597e-05
6.30597e-05
6.30597e-05
6.30597e-05
6.30597e-05
6.30597e-05
6.30597e-05
6.30597e-05
6.30597e-05
6.30597e-05
6.30597e-05
6.30597e-05
6.30597e-05
6.30597e-05
6.30597e-05
6.30597e-05
6.30597e-05
6.30597e-05
6.30597e-05
6.30597e-05
6.30597e-05
6.30597e-05
6.30597e-05
6.30597e-05
6.30597e-05
6.30597e-05
6.30597e-05
6.30597e-05
6.30597e-05
6.30597e-05
6.30597e-05
6.30597e-05
6.30597e-05
6.30597e-05
6.30597e-05
6.30597e-05
6.30597e-05
6.30597e-05
6.30597e-05
6.30597e-05
6.30597e-05
6.30597e-05
6.30597e-05
6.30597e-05
6.30597e-05
6.30597e-05
6.30597e-05
6.30597e-05
6.30597e-05
6.30597e-05
6.30597e-05
6.30597e-05
6.30597e-05
6.30597e-05
6.30597e-05
6.30597e-05
6.30597e-05
6.30597e-05
6.30597e-05
6.30597e-05
6.30597e-05
6.30597e-05
6.30597e-05
6.30597e-05
6.30597e-05
6.30597e-05
6.30597e-05
6.30597e-05
6.30597e-05
6.30597e-05
6.30597e-05
6.30597e-05
6.30597e-05
6.30597e-05
6.30597e-05
6.30597e-05
6.30597e-05
6.30597e-05
6.30597e-05
6.30597e-05
6.30597e-05
6.30597e-05
6.30597e-05
6.30597e-05
6.30597e-05
6.30597e-05
6.30597e-05
6.30597e-05
6.30597e-05
6.30597e-05
6.30597e-05
6.30597e-05
6.30597e-05
6.30597e-05
6.30597e-05
6.30597e-05
6.30597e-05
6.30597e-05
6.30597e-05
6.30597e-05
6.30597e-05
6.30597e-05
6.30597e-05
6.30597e-05
6.30597e-05
6.30597e-05
6.30597e-05
6.30597e-05
6.30597e-05
6.30597e-05
6.30597e-05
6.30597e-05
6.30597e-05
6.30597e-05
6.30597e-05
6.30597e-05
6.30597e-05
6.30597e-05
6.30597e-05
6.30597e-05
6.30597e-05
6.30597e-05
6.30597e-05
6.30597e-05
6.30597e-05
6.30597e-05
6.30597e-05
6.30597e-05
6.30597e-05
6.30597e-05
6.30597e-05
6.30597e-05
6.30597e-05
6.30597e-05
6.30597e-05
6.30597e-05
6.30597e-05
6.30597e-05
6.30597e-05
6.30597e-05
6.30597e-05
6.30597e-05
6.30597e-05
6.30597e-05
6.30597e-05
6.30597e-05
6.30597e-05
6.30597e-05
6.30597e-05
6.30597e-05
6.30597e-05
6.30597e-05
6.30597e-05
6.30597e-05
6.30597e-05
6.30597e-05
6.30597e-05
6.30597e-05
6.30597e-05
6.30597e-05
6.30597e-05
6.30597e-05
6.30597e-05
6.30597e-05
6.30597e-05
6.30597e-05
6.30597e-05
6.30597e-05
6.30597e-05
6.30597e-05
6.30597e-05
6.30597e-05
6.30597e-05
6.30597e-05
6.30597e-05
6.30597e-05
6.30597e-05
6.30597e-05
6.30597e-05
6.30597e-05
6.30597e-05
6.30597e-05
6.30597e-05
6.30597e-05
6.30597e-05
6.30597e-05
6.30597e-05
6.30597e-05
6.30597e-05
6.30597e-05
6.30597e-05
6.30597e-05
6.30597e-05
6.30597e-05
6.30597e-05
6.30597e-05
6.30597e-05
6.30597e-05
6.30597e-05
6.30597e-05
6.30597e-05
6.30597e-05
6.30597e-05
6.30597e-05
6.30597e-05
6.30597e-05
6.30597e-05
6.30597e-05
6.30597e-05
6.30597e-05
6.30597e-05
6.30597e-05
6.30597e-05
6.30597e-05
6.30597e-05
6.30597e-05
6.30597e-05
6.30597e-05
6.30597e-05
6.30597e-05
6.30597e-05
6.30597e-05
6.30597e-05
6.30597e-05
6.30597e-05
6.30597e-05
6.30597e-05
6.30597e-05
6.30597e-05
6.30597e-05
6.30597e-05
6.30597e-05
6.30597e-05
6.30597e-05
6.30597e-05
6.30597e-05
6.30597e-05
6.30597e-05
6.30597e-05
6.30597e-05
6.30597e-05
6.30597e-05
6.30597e-05
6.30597e-05
6.30597e-05
6.30597e-05
6.30597e-05
6.30597e-05
6.30597e-05
6.30597e-05
6.30597e-05
6.30597e-05
6.30597e-05
6.30597e-05
6.30597e-05
6.30597e-05
6.30597e-05
6.30597e-05
6.30597e-05
6.30597e-05
6.30597e-05
6.30597e-05
6.30597e-05
6.30597e-05
6.30597e-05
6.30597e-05
6.30597e-05
6.30597e-05
6.30597e-05
6.30597e-05
6.30597e-05
6.30597e-05
6.30597e-05
6.30597e-05
6.30597e-05
6.30597e-05
6.30597e-05
6.30597e-05
6.30597e-05
6.30597e-05
6.30597e-05
6.30597e-05
6.30597e-05
6.30597e-05
6.30597e-05
6.30597e-05
6.30597e-05
6.30597e-05
6.30597e-05
6.30597e-05
6.30597e-05
6.30597e-05
6.30597e-05
5.25497e-05
4.20398e-05
4.20398e-05
4.20398e-05
4.20398e-05
4.20398e-05
4.20398e-05
4.20398e-05
4.20398e-05
4.20398e-05
4.20398e-05
4.20398e-05
4.20398e-05
4.20398e-05
4.20398e-05
4.20398e-05
4.20398e-05
4.20398e-05
4.20398e-05
4.20398e-05
4.20398e-05
4.20398e-05
4.20398e-05
4.20398e-05
4.20398e-05
4.20398e-05
4.20398e-05
4.20398e-05
4.20398e-05
4.20398e-05
4.20398e-05
4.20398e-05
4.20398e-05
4.20398e-05
4.20398e-05
4.20398e-05
4.20398e-05
4.20398e-05
4.20398e-05
4.20398e-05
4.20398e-05
4.20398e-05
4.20398e-05
4.20398e-05
4.20398e-05
4.20398e-05
4.20398e-05
4.20398e-05
4.20398e-05
4.20398e-05
4.20398e-05
4.20398e-05
4.20398e-05
4.20398e-05
4.20398e-05
4.20398e-05
4.20398e-05
4.20398e-05
4.20398e-05
4.20398e-05
4.20398e-05
4.20398e-05
4.20398e-05
4.20398e-05
4.20398e-05
4.20398e-05
4.20398e-05
4.20398e-05
4.20398e-05
4.20398e-05
4.20398e-05
4.20398e-05
4.20398e-05
4.20398e-05
4.20398e-05
4.20398e-05
4.20398e-05
4.20398e-05
4.20398e-05
4.20398e-05
4.20398e-05
4.20398e-05
4.20398e-05
4.20398e-05
4.20398e-05
4.20398e-05
4.20398e-05
4.20398e-05
4.20398e-05
4.20398e-05
4.20398e-05
4.20398e-05
4.20398e-05
4.20398e-05
4.20398e-05
4.20398e-05
4.20398e-05
4.20398e-05
4.20398e-05
4.20398e-05
4.20398e-05
4.20398e-05
4.20398e-05
4.20398e-05
4.20398e-05
4.20398e-05
4.20398e-05
4.20398e-05
4.20398e-05
4.20398e-05
4.20398e-05
4.20398e-05
4.20398e-05
4.20398e-05
4.20398e-05
4.20398e-05
4.20398e-05
4.20398e-05
4.20398e-05
4.20398e-05
4.20398e-05
4.20398e-05
4.20398e-05
4.20398e-05
4.20398e-05
4.20398e-05
4.20398e-05
4.20398e-05
4.20398e-05
4.20398e-05
4.20398e-05
4.20398e-05
4.20398e-05
4.20398e-05
4.20398e-05
4.20398e-05
4.20398e-05
4.20398e-05
4.20398e-05
4.20398e-05
4.20398e-05
4.20398e-05
4.20398e-05
4.20398e-05
4.20398e-05
4.20398e-05
4.20398e-05
4.20398e-05
4.20398e-05
4.20398e-05
4.20398e-05
4.20398e-05
4.20398e-05
4.20398e-05
4.20398e-05
4.20398e-05
4.20398e-05
4.20398e-05
4.20398e-05
4.20398e-05
4.20398e-05
4.20398e-05
4.20398e-05
4.20398e-05
4.20398e-05
4.20398e-05
4.20398e-05
4.20398e-05
4.20398e-05
4.20398e-05
4.20398e-05
4.20398e-05
4.20398e-05
4.20398e-05
4.20398e-05
4.20398e-05
4.20398e-05
2.10199e-05
2.10199e-05
2.10199e-05
2.10199e-05
2.10199e-05
2.10199e-05
2.10199e-05
2.10199e-05
2.10199e-05
2.10199e-05
2.10199e-05
2.10199e-05
2.10199e-05
2.10199e-05
2.10199e-05
2.10199e-05
2.10199e-05
2.10199e-05
2.10199e-05
2.10199e-05
2.10199e-05
2.10199e-05
2.10199e-05
2.10199e-05
2.10199e-05
2.10199e-05
2.10199e-05
2.10199e-05
2.10199e-05
2.10199e-05
2.10199e-05
2.10199e-05
2.10199e-05
2.10199e-05
2.10199e-05
2.10199e-05
2.10199e-05
2.10199e-05
2.10199e-05
2.10199e-05
2.10199e-05
2.10199e-05
2.10199e-05
2.10199e-05
2.10199e-05
2.10199e-05
2.10199e-05
2.10199e-05
2.10199e-05
2.10199e-05
2.10199e-05
2.10199e-05
2.10199e-05
2.10199e-05
2.10199e-05
2.10199e-05
2.10199e-05
2.10199e-05
2.10199e-05
2.10199e-05
2.10199e-05
2.10199e-05
2.10199e-05
2.10199e-05
2.10199e-05
2.10199e-05
2.10199e-05
2.10199e-05
2.10199e-05
2.10199e-05
2.10199e-05
2.10199e-05
2.10199e-05
2.10199e-05
2.10199e-05
2.10199e-05
2.10199e-05
2.10199e-05
2.10199e-05
2.10199e-05
2.10199e-05
2.10199e-05
2.10199e-05
2.10199e-05
2.10199e-05
2.10199e-05
2.10199e-05
2.10199e-05
2.10199e-05
2.10199e-05
2.10199e-05
2.10199e-05
2.10199e-05
2.10199e-05
2.10199e-05
2.10199e-05
2.10199e-05
2.10199e-05
2.10199e-05
2.10199e-05
2.10199e-05
2.10199e-05
2.10199e-05
2.10199e-05
2.10199e-05
2.10199e-05
2.10199e-05
2.10199e-05
2.10199e-05
2.10199e-05
2.10199e-05
2.10199e-05
2.10199e-05
2.10199e-05
2.10199e-05
2.10199e-05
2.10199e-05
2.10199e-05
2.10199e-05
2.10199e-05
2.10199e-05
2.10199e-05
2.10199e-05
2.10199e-05
2.10199e-05
2.10199e-05
2.10199e-05
2.10199e-05
2.10199e-05
2.10199e-05
2.10199e-05
2.10199e-05
2.10199e-05
2.10199e-05
2.10199e-05
2.10199e-05
2.10199e-05
2.10199e-05
2.10199e-05
2.10199e-05
2.10199e-05
2.10199e-05
2.10199e-05
2.10199e-05
2.10199e-05
2.10199e-05
2.10199e-05
2.10199e-05
2.10199e-05
2.10199e-05
2.10199e-05
2.10199e-05
2.10199e-05
2.10199e-05
2.10199e-05
2.10199e-05
2.10199e-05
2.10199e-05
2.10199e-05
2.10199e-05
2.10199e-05
2.10199e-05
2.10199e-05
2.10199e-05
2.10199e-05
2.10199e-05
2.10199e-05
2.10199e-05
2.10199e-05
2.10199e-05
2.10199e-05
2.10199e-05
2.10199e-05
2.10199e-05
2.10199e-05
2.10199e-05
2.10199e-05
2.10199e-05
2.10199e-05
2.10199e-05
2.10199e-05
2.10199e-05
2.10199e-05
2.10199e-05
2.10199e-05
2.10199e-05
2.10199e-05
2.10199e-05
2.10199e-05
2.10199e-05
2.10199e-05
2.10199e-05
2.10199e-05
2.10199e-05
2.10199e-05
2.10199e-05
2.10199e-05
2.10199e-05
2.10199e-05
2.10199e-05
2.10199e-05
2.10199e-05
2.10199e-05
2.10199e-05
2.10199e-05
2.10199e-05
2.10199e-05
2.10199e-05
2.10199e-05
2.10199e-05
2.10199e-05
2.10199e-05
2.10199e-05
2.10199e-05
2.10199e-05
2.10199e-05
2.10199e-05
2.10199e-05
2.10199e-05
2.10199e-05
2.10199e-05
2.10199e-05
2.10199e-05
2.10199e-05
2.10199e-05
2.10199e-05
2.10199e-05
2.10199e-05
2.10199e-05
2.10199e-05
2.10199e-05
2.10199e-05
2.10199e-05
2.10199e-05
2.10199e-05
2.10199e-05
2.10199e-05
2.10199e-05
2.10199e-05
2.10199e-05
2.10199e-05
2.10199e-05
2.10199e-05
2.10199e-05
2.10199e-05
2.10199e-05
2.10199e-05
2.10199e-05
2.10199e-05
2.10199e-05
2.10199e-05
2.10199e-05
2.10199e-05
2.10199e-05
2.10199e-05
2.10199e-05
2.10199e-05
2.10199e-05
2.10199e-05
2.10199e-05
2.10199e-05
2.10199e-05
2.10199e-05
2.10199e-05
2.10199e-05
2.10199e-05
2.10199e-05
2.10199e-05
2.10199e-05
2.10199e-05
2.10199e-05
2.10199e-05
2.10199e-05
2.10199e-05
2.10199e-05
2.10199e-05
2.10199e-05
2.10199e-05
2.10199e-05
2.10199e-05
2.10199e-05
2.10199e-05
2.10199e-05
2.10199e-05
2.10199e-05
2.10199e-05
2.10199e-05
2.10199e-05
2.10199e-05
2.10199e-05
2.10199e-05
2.10199e-05
2.10199e-05
2.10199e-05
2.10199e-05
2.10199e-05
2.10199e-05
2.10199e-05
2.10199e-05
2.10199e-05
2.10199e-05
2.10199e-05
2.10199e-05
2.10199e-05
2.10199e-05
2.10199e-05
2.10199e-05
2.10199e-05
2.10199e-05
2.10199e-05
2.10199e-05
2.10199e-05
2.10199e-05
2.10199e-05
2.10199e-05
2.10199e-05
2.10199e-05
2.10199e-05
2.10199e-05
2.10199e-05
2.10199e-05
2.10199e-05
2.10199e-05
2.10199e-05
2.10199e-05
2.10199e-05
2.10199e-05
2.10199e-05
2.10199e-05
2.10199e-05
2.10199e-05
2.10199e-05
2.10199e-05
2.10199e-05
2.10199e-05
2.10199e-05
2.10199e-05
2.10199e-05
2.10199e-05
2.10199e-05
2.10199e-05
2.10199e-05
2.10199e-05
2.10199e-05
2.10199e-05
2.10199e-05
2.10199e-05
2.10199e-05
2.10199e-05
2.10199e-05
2.10199e-05
2.10199e-05
2.10199e-05
2.10199e-05
2.10199e-05
2.10199e-05
2.10199e-05
2.10199e-05
2.10199e-05
2.10199e-05
2.10199e-05
2.10199e-05
2.10199e-05
2.10199e-05
2.10199e-05
2.10199e-05
2.10199e-05
2.10199e-05
2.10199e-05
2.10199e-05
2.10199e-05
2.10199e-05
2.10199e-05
2.10199e-05
2.10199e-05
2.10199e-05
2.10199e-05
2.10199e-05
2.10199e-05
2.10199e-05
2.10199e-05
2.10199e-05
2.10199e-05
2.10199e-05
2.10199e-05
2.10199e-05
2.10199e-05
2.10199e-05
2.10199e-05
2.10199e-05
2.10199e-05
2.10199e-05
2.10199e-05
2.10199e-05
2.10199e-05
2.10199e-05
2.10199e-05
2.10199e-05
2.10199e-05
2.10199e-05
2.10199e-05
2.10199e-05
2.10199e-05
2.10199e-05
2.10199e-05
2.10199e-05
2.10199e-05
2.10199e-05
2.10199e-05
2.10199e-05
2.10199e-05
2.10199e-05
2.10199e-05
2.10199e-05
2.10199e-05
2.10199e-05
2.10199e-05
2.10199e-05
2.10199e-05
2.10199e-05
2.10199e-05
2.10199e-05
2.10199e-05
2.10199e-05
2.10199e-05
2.10199e-05
2.10199e-05
2.10199e-05
2.10199e-05
2.10199e-05
2.10199e-05
2.10199e-05
2.10199e-05
2.10199e-05
2.10199e-05
2.10199e-05
2.10199e-05
2.10199e-05
2.10199e-05
2.10199e-05
2.10199e-05
2.10199e-05
2.10199e-05
2.10199e-05
2.10199e-05
2.10199e-05
2.10199e-05
2.10199e-05
2.10199e-05
2.10199e-05
2.10199e-05
2.10199e-05
2.10199e-05
2.10199e-05
2.10199e-05
2.10199e-05
2.10199e-05
2.10199e-05
2.10199e-05
2.10199e-05
2.10199e-05
2.10199e-05
2.10199e-05
2.10199e-05
2.10199e-05
2.10199e-05
2.10199e-05
2.10199e-05
2.10199e-05
2.10199e-05
2.10199e-05
2.10199e-05
2.10199e-05
2.10199e-05
2.10199e-05
2.10199e-05
2.10199e-05
2.10199e-05
2.10199e-05
2.10199e-05
2.10199e-05
2.10199e-05
2.10199e-05
2.10199e-05
2.10199e-05
2.10199e-05
2.10199e-05
2.10199e-05
2.10199e-05
2.10199e-05
2.10199e-05
2.10199e-05
2.10199e-05
2.10199e-05
2.10199e-05
2.10199e-05
2.10199e-05
2.10199e-05
2.10199e-05
2.10199e-05
2.10199e-05
2.10199e-05
2.10199e-05
2.10199e-05
2.10199e-05
2.10199e-05
2.10199e-05
2.10199e-05
2.10199e-05
2.10199e-05
2.10199e-05
2.10199e-05
2.10199e-05
2.10199e-05
2.10199e-05
2.10199e-05
2.10199e-05
2.10199e-05
2.10199e-05
2.10199e-05
2.10199e-05
2.10199e-05
2.10199e-05
2.10199e-05
2.10199e-05
2.10199e-05
2.10199e-05
2.10199e-05
2.10199e-05
2.10199e-05
2.10199e-05
2.10199e-05
2.10199e-05
2.10199e-05
2.10199e-05
2.10199e-05
2.10199e-05
2.10199e-05
2.10199e-05
2.10199e-05
2.10199e-05
2.10199e-05
2.10199e-05
2.10199e-05
2.10199e-05
2.10199e-05
2.10199e-05
2.10199e-05
2.10199e-05
2.10199e-05
2.10199e-05
2.10199e-05
2.10199e-05
2.10199e-05
2.10199e-05
2.10199e-05
2.10199e-05
2.10199e-05
2.10199e-05
2.10199e-05
2.10199e-05
2.10199e-05
2.10199e-05
2.10199e-05
2.10199e-05
2.10199e-05
2.10199e-05
2.10199e-05
2.10199e-05
2.10199e-05
2.10199e-05
2.10199e-05
2.10199e-05
2.10199e-05
2.10199e-05
2.10199e-05
2.10199e-05
2.10199e-05
2.10199e-05
2.10199e-05
2.10199e-05
2.10199e-05
2.10199e-05
2.10199e-05
2.10199e-05
2.10199e-05
2.10199e-05
2.10199e-05
2.10199e-05
2.10199e-05
2.10199e-05
2.10199e-05
2.10199e-05
2.10199e-05
2.10199e-05
2.10199e-05
2.10199e-05
2.10199e-05
2.10199e-05
2.10199e-05
2.10199e-05
2.10199e-05
2.10199e-05
2.10199e-05
2.10199e-05
2.10199e-05
2.10199e-05
2.10199e-05
2.10199e-05
2.10199e-05
2.10199e-05
2.10199e-05
2.10199e-05
2.10199e-05
2.10199e-05
2.10199e-05
2.10199e-05
2.10199e-05
2.10199e-05
2.10199e-05
2.10199e-05
2.10199e-05
2.10199e-05
2.10199e-05
2.10199e-05
2.10199e-05
2.10199e-05
2.10199e-05
2.10199e-05
2.10199e-05
2.10199e-05
2.10199e-05
2.10199e-05
2.10199e-05
2.10199e-05
2.10199e-05
2.10199e-05
2.10199e-05
2.10199e-05
2.10199e-05
2.10199e-05
2.10199e-05
2.10199e-05
2.10199e-05
2.10199e-05
2.10199e-05
2.10199e-05
2.10199e-05
2.10199e-05
2.10199e-05
2.10199e-05
2.10199e-05
2.10199e-05
2.10199e-05
2.10199e-05
2.10199e-05
2.10199e-05
2.10199e-05
2.10199e-05
2.10199e-05
2.10199e-05
2.10199e-05
2.10199e-05
2.10199e-05
2.10199e-05
2.10199e-05
2.10199e-05
2.10199e-05
2.10199e-05
2.10199e-05
2.10199e-05
2.10199e-05
2.10199e-05
2.10199e-05
2.10199e-05
2.10199e-05
2.10199e-05
2.10199e-05
2.10199e-05
2.10199e-05
2.10199e-05
2.10199e-05
2.10199e-05
2.10199e-05
2.10199e-05
2.10199e-05
2.10199e-05
2.10199e-05
2.10199e-05
2.10199e-05
2.10199e-05
2.10199e-05
2.10199e-05
2.10199e-05
2.10199e-05
2.10199e-05
2.10199e-05
2.10199e-05
2.10199e-05
2.10199e-05
2.10199e-05
2.10199e-05
2.10199e-05
2.10199e-05
2.10199e-05
2.10199e-05
2.10199e-05
2.10199e-05
2.10199e-05
2.10199e-05
2.10199e-05
2.10199e-05
2.10199e-05
2.10199e-05
2.10199e-05
2.10199e-05
2.10199e-05
2.10199e-05
2.10199e-05
2.10199e-05
2.10199e-05
2.10199e-05
2.10199e-05
2.10199e-05
2.10199e-05
2.10199e-05
2.10199e-05
2.10199e-05
2.10199e-05
2.10199e-05
2.10199e-05
2.10199e-05
2.10199e-05
2.10199e-05
2.10199e-05
2.10199e-05
2.10199e-05
2.10199e-05
2.10199e-05
2.10199e-05
2.10199e-05
2.10199e-05
2.10199e-05
2.10199e-05
2.10199e-05
2.10199e-05
2.10199e-05
2.10199e-05
2.10199e-05
2.10199e-05
2.10199e-05
2.10199e-05
2.10199e-05
2.10199e-05
2.10199e-05
2.10199e-05
2.10199e-05
2.10199e-05
2.10199e-05
2.10199e-05
2.10199e-05
2.10199e-05
2.10199e-05
2.10199e-05
2.10199e-05
2.10199e-05
2.10199e-05
2.10199e-05
2.10199e-05
2.10199e-05
2.10199e-05
2.10199e-05
2.10199e-05
2.10199e-05
2.10199e-05
2.10199e-05
2.10199e-05
2.10199e-05
2.10199e-05
2.10199e-05
2.10199e-05
2.10199e-05
2.10199e-05
2.10199e-05
2.10199e-05
2.10199e-05
2.10199e-05
2.10199e-05
2.10199e-05
2.10199e-05
2.10199e-05
2.10199e-05
2.10199e-05
2.10199e-05
2.10199e-05
2.10199e-05
2.10199e-05
2.10199e-05
2.10199e-05
2.10199e-05
2.10199e-05
2.10199e-05
2.10199e-05
2.10199e-05
2.10199e-05
2.10199e-05
2.10199e-05
2.10199e-05
2.10199e-05
2.10199e-05
2.10199e-05
2.10199e-05
2.10199e-05
2.10199e-05
2.10199e-05
2.10199e-05
2.10199e-05
2.10199e-05
2.10199e-05
2.10199e-05
2.10199e-05
2.10199e-05
2.10199e-05
2.10199e-05
2.10199e-05
2.10199e-05
2.10199e-05
2.10199e-05
2.10199e-05
2.10199e-05
2.10199e-05
2.10199e-05
2.10199e-05
2.10199e-05
2.10199e-05
2.10199e-05
2.10199e-05
2.10199e-05
2.10199e-05
2.10199e-05
2.10199e-05
2.10199e-05
2.10199e-05
2.10199e-05
2.10199e-05
2.10199e-05
2.10199e-05
2.10199e-05
2.10199e-05
2.10199e-05
2.10199e-05
2.10199e-05
2.10199e-05
2.10199e-05
2.10199e-05
2.10199e-05
2.10199e-05
2.10199e-05
2.10199e-05
2.10199e-05
2.10199e-05
2.10199e-05
2.10199e-05
2.10199e-05
2.10199e-05
2.10199e-05
2.10199e-05
2.10199e-05
2.10199e-05
2.10199e-05
2.10199e-05
2.10199e-05
2.10199e-05
2.10199e-05
2.10199e-05
2.10199e-05
2.10199e-05
2.10199e-05
2.10199e-05
2.10199e-05
2.10199e-05
2.10199e-05
2.10199e-05
2.10199e-05
2.10199e-05
2.10199e-05
2.10199e-05
2.10199e-05
2.10199e-05
2.10199e-05
2.10199e-05
2.10199e-05
2.10199e-05
2.10199e-05
2.10199e-05
2.10199e-05
2.10199e-05
2.10199e-05
2.10199e-05
2.10199e-05
2.10199e-05
2.10199e-05
2.10199e-05
2.10199e-05
2.10199e-05
2.10199e-05
2.10199e-05
2.10199e-05
2.10199e-05
2.10199e-05
2.10199e-05
2.10199e-05
2.10199e-05
2.10199e-05
2.10199e-05
2.10199e-05
2.10199e-05
2.10199e-05
2.10199e-05
2.10199e-05
2.10199e-05
2.10199e-05
2.10199e-05
2.10199e-05
2.10199e-05
2.10199e-05
2.10199e-05
2.10199e-05
2.10199e-05
2.10199e-05
2.10199e-05
2.10199e-05
2.10199e-05
2.10199e-05
2.10199e-05
2.10199e-05
2.10199e-05
2.10199e-05
2.10199e-05
2.10199e-05
2.10199e-05
2.10199e-05
2.10199e-05
2.10199e-05
2.10199e-05
2.10199e-05
2.10199e-05
2.10199e-05
2.10199e-05
2.10199e-05
2.10199e-05
2.10199e-05
2.10199e-05
2.10199e-05
2.10199e-05
2.10199e-05
2.10199e-05
2.10199e-05
2.10199e-05
2.10199e-05
2.10199e-05
2.10199e-05
2.10199e-05
2.10199e-05
2.10199e-05
2.10199e-05
2.10199e-05
2.10199e-05
2.10199e-05
2.10199e-05
2.10199e-05
2.10199e-05
2.10199e-05
2.10199e-05
2.10199e-05
2.10199e-05
2.10199e-05
2.10199e-05
2.10199e-05
2.10199e-05
2.10199e-05
2.10199e-05
2.10199e-05
2.10199e-05
2.10199e-05
2.10199e-05
2.10199e-05
2.10199e-05
2.10199e-05
2.10199e-05
2.10199e-05
2.10199e-05
2.10199e-05
2.10199e-05
2.10199e-05
2.10199e-05
2.10199e-05
2.10199e-05
2.10199e-05
2.10199e-05
2.10199e-05
2.10199e-05
2.10199e-05
2.10199e-05
2.10199e-05
2.10199e-05
2.10199e-05
2.10199e-05
2.10199e-05
2.10199e-05
2.10199e-05
2.10199e-05
2.10199e-05
2.10199e-05
2.10199e-05
2.10199e-05
2.10199e-05
2.10199e-05
2.10199e-05
2.10199e-05
2.10199e-05
2.10199e-05
2.10199e-05
2.10199e-05
2.10199e-05
2.10199e-05
2.10199e-05
2.10199e-05
2.10199e-05
2.10199e-05
2.10199e-05
2.10199e-05
2.10199e-05
2.10199e-05
2.10199e-05
2.10199e-05
2.10199e-05
2.10199e-05
2.10199e-05
2.10199e-05
2.10199e-05
2.10199e-05
2.10199e-05
2.10199e-05
2.10199e-05
2.10199e-05
2.10199e-05
2.10199e-05
2.10199e-05
2.10199e-05
2.10199e-05
2.10199e-05
2.10199e-05
2.10199e-05
2.10199e-05
2.10199e-05
2.10199e-05
2.10199e-05
2.10199e-05
2.10199e-05
2.10199e-05
2.10199e-05
2.10199e-05
2.10199e-05
2.10199e-05
2.10199e-05
2.10199e-05
2.10199e-05
2.10199e-05
2.10199e-05
2.10199e-05
2.10199e-05
2.10199e-05
2.10199e-05
2.10199e-05
2.10199e-05
2.10199e-05
2.10199e-05
2.10199e-05
2.10199e-05
2.10199e-05
2.10199e-05
0
