1049 0
127 1
1801 0
71 1
882 0
1050 0
560 0
1178 0
898 0
798 0
512 0
1273 0
463 1
517 0
458 0
451 1
454 0
1785 0
1364 0
1408 0
1250 0
1363 0
722 0
634 0
578 0
695 1
978 0
728 0
1244 0
742 1
378 0
29 2
325 1
889 0
350 0
1233 0
1810 0
540 0
1162 0
58 2
684 0
211 1
153 1
1732 0
861 0
337 0
101 0
340 0
76 0
311 0
982 0
571 0
1214 0
1190 0
825 0
389 0
917 0
495 0
1345 0
1171 0
966 0
1322 0
1816 0
992 0
758 0
236 2
706 0
218 1
1172 0
14 1
834 0
285 1
594 0
1216 0
1135 0
1203 0
2767 0
96 1
1068 0
1778 0
1859 0
486 1
1354 0
160 1
569 1
8 1
98 2
1048 0
1278 0
1381 0
43 1
1396 0
686 0
1760 0
391 1
1728 0
943 0
288 0
193 0
2676 0
119 0
1375 0
586 0
180 1
410 0
246 0
2705 0
999 0
690 0
1168 0
61 1
1180 0
430 0
447 1
536 0
1767 0
1315 0
415 0
1266 0
189 0
1292 0
1356 0
480 1
107 0
438 1
87 1
444 0
1832 0
508 0
953 0
1336 0
221 0
39 1
1560 0
1089 0
558 0
417 0
12 0
1762 0
1554 0
784 0
260 0
573 0
1844 0
1084 0
762 0
638 0
734 0
1723 0
875 0
1 3
506 0
136 0
116 1
1197 0
144 0
661 0
381 0
1814 0
581 0
308 1
906 0
1349 0
177 0
678 0
373 0
773 0
1247 0
205 0
22 1
1991 0
927 0
1309 0
301 1
51 1
1758 0
1260 0
1822 0
456 0
2745 0
874 0
652 1
975 0
493 0
1033 0
1320 0
796 0
366 1
844 0
272 0
1993 0
1499 0
775 0
919 0
534 0
400 0
1268 0
744 0
20 3
633 0
1011 0
1372 0
151 1
1754 0
1825 0
468 0
1161 0
1285 0
700 0
287 0
475 0
78 1
1380 0
413 0
294 0
764 0
2595 0
932 0
349 0
1743 0
515 0
1242 0
1208 0
138 1
606 0
1803 0
137 1
1855 0
1201 0
724 0
432 0
666 0
519 0
1074 0
860 0
1195 0
1063 0
17 1
1776 0
1327 0
1274 0
708 0
110 0
333 0
710 0
323 0
856 0
1834 0
112 1
545 0
191 1
187 1
588 0
646 0
756 0
446 0
262 0
212 1
1331 0
542 0
2652 0
1305 0
961 0
2603 0
810 0
574 0
1238 0
170 0
33 1
660 0
1793 0
7 2
227 1
26 2
1860 0
977 0
566 0
526 0
806 0
255 1
264 1
359 0
182 0
1229 0
1817 0
108 1
604 0
2707 0
556 0
717 0
232 0
477 0
815 0
671 0
1182 0
225 0
142 0
207 0
330 2
1510 0
167 0
48 0
1857 0
360 1
692 0
663 0
854 0
1945 0
969 0
1076 0
1174 0
510 0
766 0
393 0
449 1
658 0
274 0
549 0
659 0
877 0
1771 0
1128 0
682 0
353 0
375 1
984 0
946 0
788 0
128 0
250 0
303 0
1361 0
614 0
1765 0
501 1
1313 0
278 0
490 0
1843 0
155 1
130 2
387 0
1373 0
53 1
1302 0
626 0
1112 0
941 0
1294 0
461 0
583 0
257 0
1358 0
782 0
951 0
85 1
1824 0
809 0
1156 0
425 0
591 0
832 0
736 0
539 0
828 0
276 0
102 1
1831 0
520 0
1193 0
55 2
57 1
259 0
424 0
872 0
1625 0
163 1
1402 0
1836 0
395 0
89 1
175 1
584 0
988 0
35 1
1841 0
1421 0
347 0
665 0
1333 0
434 0
865 0
1184 0
904 0
930 0
442 1
649 0
689 0
886 0
642 0
648 0
1318 0
1329 0
1908 0
1725 0
198 0
1718 0
1059 0
727 0
939 0
320 0
913 0
811 0
1670 0
465 0
249 0
202 1
361 0
184 2
819 0
1189 0
1177 0
776 0
894 0
1748 0
1819 0
858 0
1298 0
1459 0
140 2
2673 0
1269 0
181 1
412 0
954 0
385 0
1359 0
307 1
801 0
985 0
830 0
971 0
154 0
754 0
847 0
479 0
1166 0
704 0
326 0
1003 0
1378 0
1165 0
1054 0
681 0
1800 0
619 0
335 1
1029 0
698 0
5 2
621 0
524 0
1848 0
554 0
552 0
598 0
780 0
1433 0
74 1
240 2
890 0
440 0
230 0
299 0
115 0
1289 0
377 1
1282 0
602 0
922 0
841 0
1311 0
1044 0
1072 0
1787 0
1350 0
612 0
1751 0
936 0
1277 0
91 1
701 0
467 0
481 0
474 0
867 0
214 0
564 0
817 0
563 0
657 0
229 1
1783 0
768 0
503 0
673 1
1756 0
68 2
315 1
1827 0
338 0
1347 0
576 0
761 0
222 0
25 2
484 0
305 0
1243 0
1078 0
1253 0
928 0
1265 0
623 0
544 1
1196 0
217 1
328 0
239 1
122 0
628 0
1730 0
1223 0
158 0
878 0
281 1
269 1
363 0
46 0
1316 0
1851 0
733 0
36 2
630 0
472 1
1449 0
317 0
608 0
132 0
711 0
1254 0
1234 0
1649 0
892 0
1314 0
1428 0
546 0
537 0
1798 0
522 1
125 1
1018 0
44 2
1007 0
667 0
1833 0
1188 0
998 0
1186 0
714 0
1280 0
1789 0
313 0
529 0
1838 0
1773 0
1058 0
1324 0
397 0
1096 0
1335 0
908 0
1191 0
459 0
284 1
823 0
247 0
903 0
1340 0
165 0
289 0
729 0
1753 0
771 0
2 3
808 0
401 0
845 0
186 0
1847 0
1231 0
1797 0
1249 0
147 1
973 0
1046 0
1938 0
1291 0
915 0
319 1
1586 0
1052 0
735 0
404 1
516 0
1493 0
1813 0
974 0
1271 0
702 0
344 0
1715 0
636 0
561 0
209 1
1118 0
357 0
1307 0
117 1
1812 0
1769 0
455 0
80 1
600 0
336 0
457 0
1301 0
821 0
696 0
383 1
963 0
297 0
1721 0
92 1
1212 0
1805 0
10 1
980 0
550 0
1727 0
1164 0
505 1
670 0
2739 0
1094 0
958 0
419 0
1225 0
837 0
290 0
625 0
592 0
149 0
712 0
210 0
406 0
173 1
530 0
66 3
19 2
365 0
1030 0
763 0
470 0
793 0
1205 0
570 0
654 0
252 0
883 0
1159 0
283 1
156 1
655 0
421 0
59 1
271 1
1226 0
1256 0
1070 0
1744 0
1853 0
491 0
864 0
1016 0
219 0
13 2
799 0
1170 0
105 0
925 0
840 0
597 0
390 0
111 1
1042 0
408 0
38 0
1480 0
196 1
945 0
242 1
559 0
1169 0
32 0
206 1
118 0
443 0
959 0
1065 0
331 0
358 0
1795 0
580 0
767 0
805 0
84 1
437 0
194 0
1768 0
220 0
1312 0
846 0
1257 0
31 1
1263 0
934 0
1296 0
948 0
1303 0
572 0
968 0
675 0
226 1
15 2
527 1
431 0
382 0
62 1
833 0
139 1
129 0
548 0
926 0
1246 0
859 0
739 0
1293 0
876 0
1792 0
1772 0
662 0
418 0
933 0
168 0
1357 0
135 1
348 1
145 0
789 0
49 3
178 0
2728 0
124 2
772 0
627 0
993 0
1308 0
1429 0
715 0
1374 0
1722 0
23 2
364 0
388 0
653 1
950 0
2680 0
1845 0
509 1
1025 0
976 0
367 1
716 0
1821 0
940 0
1842 0
485 0
685 0
778 0
21 1
523 1
720 0
1270 0
460 0
453 0
324 1
723 0
244 0
1202 0
637 0
351 0
1040 0
595 0
1755 0
488 1
1854 0
752 0
1232 0
835 0
379 0
1267 0
1032 0
113 1
152 1
452 0
342 1
862 0
579 0
295 0
341 1
535 0
1056 0
77 1
683 0
541 0
1215 0
64 2
1712 0
881 0
765 0
897 0
45 1
405 0
507 0
1002 0
237 0
370 0
1173 0
309 0
1734 0
1733 0
567 0
416 0
914 0
100 1
380 0
965 0
300 0
1258 0
1279 0
824 0
2079 0
286 0
120 0
1075 0
800 0
392 0
254 0
1321 0
1365 0
496 0
605 0
1779 0
607 0
1807 0
813 0
42 3
2014 0
644 0
759 0
851 0
1820 0
399 1
1228 0
235 0
1073 0
1811 0
694 0
436 0
1342 0
1802 0
213 1
94 0
816 0
1103 0
1450 0
568 0
265 0
296 0
791 0
171 1
1355 0
2609 0
386 1
916 0
445 0
200 0
1339 0
1352 0
329 0
525 0
27 1
161 1
582 0
1866 0
1310 0
109 1
1858 0
557 0
718 0
1581 0
2651 0
1239 0
441 0
868 0
672 0
769 0
1181 0
275 0
983 0
803 0
1809 0
197 0
853 0
751 0
1766 0
60 1
1746 0
1245 0
1067 0
691 0
346 0
911 0
1295 0
427 0
677 0
1111 0
907 0
82 0
650 0
1210 0
590 0
895 0
1763 0
69 1
1157 0
664 0
1790 0
224 1
617 0
79 0
2711 0
352 0
1006 0
126 1
251 0
1034 0
426 0
369 1
1435 0
279 0
651 0
1840 0
176 1
956 0
498 0
483 0
629 0
947 0
256 1
1823 0
372 0
920 0
428 0
1284 0
1330 0
887 0
1160 0
99 2
72 1
869 0
500 0
1221 0
1757 0
790 0
1200 0
533 0
918 0
1275 0
1053 0
414 1
462 0
1770 0
843 0
1856 0
1362 0
1209 0
1804 0
263 0
632 0
394 1
1371 0
610 0
514 0
725 0
931 0
513 0
615 0
50 0
476 0
1519 0
1198 0
797 0
1716 0
1175 0
293 1
1272 0
1781 0
1299 0
967 0
1236 0
1326 0
645 0
322 0
469 0
635 0
1088 0
575 0
1176 0
1835 0
1815 0
1039 0
979 0
709 0
1005 0
28 1
310 0
40 0
192 0
589 0
1337 0
215 0
699 0
687 0
1115 0
960 0
818 0
150 0
1038 0
245 1
543 0
267 0
1777 0
826 0
354 0
1437 0
1344 0
1064 0
757 0
332 1
9 3
1217 0
34 2
603 0
2750 0
90 0
1850 0
620 0
1346 0
850 0
891 0
937 0
1045 0
16 2
730 0
921 0
1360 0
1069 0
233 0
1013 0
1224 0
1490 0
368 0
316 1
1806 0
994 0
1738 0
1786 0
611 0
1849 0
849 0
11 3
492 0
208 1
842 0
511 0
93 1
899 0
292 1
2689 0
291 0
374 1
199 1
114 1
1306 0
429 0
1979 0
1328 0
409 0
73 1
67 1
795 0
812 0
241 1
489 0
794 0
585 0
327 0
1392 0
944 0
1780 0
1281 0
732 0
674 0
1864 0
1317 0
280 0
957 0
273 0
471 0
622 0
970 0
2381 0
24 0
2759 0
104 1
1325 0
131 0
502 0
314 1
1796 0
1237 0
1264 0
355 1
553 0
159 0
1252 0
555 0
1037 0
47 2
1427 0
37 0
855 0
270 0
195 0
538 0
1788 0
1839 0
679 0
680 0
831 0
521 0
1332 0
162 1
1241 0
880 0
433 0
647 0
334 1
1206 0
786 0
103 1
201 0
871 0
423 0
719 0
1319 0
1826 0
1529 0
902 0
1222 0
827 0
266 0
1747 0
1742 0
1353 0
174 1
820 0
1799 0
1219 0
905 0
1194 0
97 0
41 2
668 0
52 2
688 0
1749 0
302 0
774 0
866 0
910 0
1341 0
693 0
593 1
770 0
188 0
402 0
641 0
893 0
838 0
2664 0
616 0
640 0
804 0
870 0
83 1
1384 0
896 0
1385 0
1464 0
1494 0
1818 0
962 0
755 0
1837 0
777 0
1714 0
143 0
1906 0
464 0
6 0
1051 0
562 0
1304 0
518 0
1102 0
497 0
183 1
1211 0
439 0
362 0
1379 0
169 1
411 1
1711 0
705 0
478 0
384 1
398 0
836 0
1735 0
942 0
1720 0
955 0
1376 0
407 0
18 1
912 0
376 0
1432 0
599 0
1167 0
609 0
587 0
1235 0
190 0
95 0
298 0
1808 0
1750 0
923 0
822 0
601 0
1739 0
231 0
243 1
779 0
551 1
148 0
504 0
753 0
343 0
697 0
1343 0
981 0
2655 0
726 1
857 0
707 0
106 1
157 0
964 0
65 1
935 0
203 1
261 0
1782 0
1213 0
2698 0
81 1
321 0
1199 0
624 0
1300 0
86 1
792 0
1158 0
371 1
656 0
204 1
1248 0
1041 0
435 0
814 0
2053 0
924 0
885 0
884 0
339 0
228 0
760 0
863 0
749 0
531 0
268 0
829 0
345 0
172 1
1745 0
596 0
1297 0
223 0
721 0
613 0
1043 0
669 0
282 0
420 0
1066 0
121 2
1852 0
952 0
2691 0
487 0
1071 0
494 0
1348 0
238 1
873 0
577 0
253 0
448 0
1227 0
216 0
852 0
643 0
63 1
2766 0
179 0
1105 0
1794 0
1187 0
713 0
2636 0
676 0
1334 0
1251 0
277 0
1192 0
1784 0
879 0
938 0
1830 0
1095 0
1262 0
1290 0
929 0
1846 0
133 0
123 1
1925 0
304 0
631 1
547 1
258 0
396 0
1828 0
482 0
949 0
499 0
56 2
54 0
306 0
1204 0
70 0
1047 0
839 0
1055 0
1276 0
166 0
88 2
30 1
141 1
909 0
403 0
466 0
1230 0
75 1
134 1
618 0
848 0
1829 0
1163 0
450 0
1761 0
2755 0
1323 0
1405 0
1713 0
1060 0
703 0
900 0
318 1
1729 0
473 0
1377 0
1774 0
3 2
185 0
248 0
146 0
1351 0
1719 0
356 0
802 0
4 0
528 1
164 0
807 0
