1049 5
127 24
1801 4
71 33
882 5
1050 4
560 10
1178 5
898 6
798 8
512 9
1273 5
463 12
517 8
458 9
451 12
454 6
1785 4
1364 4
1408 4
1250 4
1363 5
722 8
634 10
578 8
695 9
978 6
728 6
1244 4
742 8
378 14
29 28
325 19
889 6
350 16
1233 4
1810 3
540 6
1162 6
58 24
684 7
211 14
153 22
1732 4
861 9
337 8
101 14
340 10
76 23
311 11
982 7
571 5
1214 4
1190 4
825 6
389 15
917 5
495 12
1345 5
1171 6
966 5
1322 4
1816 3
992 6
758 6
236 23
706 7
218 21
1172 6
14 34
834 6
285 17
594 10
1216 4
1135 4
1203 5
2767 3
96 24
1068 5
1778 3
1859 3
486 11
1354 5
160 17
569 10
8 40
98 21
1048 5
1278 4
1381 5
43 33
1396 4
686 7
1760 3
391 18
1728 3
943 6
288 10
193 20
2676 3
119 21
1375 5
586 13
180 19
410 7
246 13
2705 3
999 4
690 7
1168 5
61 34
1180 5
430 12
447 12
536 6
1767 3
1315 5
415 13
1266 3
189 13
1292 6
1356 5
480 14
107 14
438 19
87 25
444 8
1832 4
508 8
953 5
1336 5
221 16
39 32
1560 4
1089 6
558 12
417 9
12 18
1762 3
1554 4
784 8
260 11
573 8
1844 3
1084 3
762 6
638 7
734 5
1723 3
875 5
1 57
506 8
136 13
116 20
1197 5
144 19
661 6
381 13
1814 3
581 7
308 14
906 8
1349 4
177 11
678 6
373 9
773 6
1247 5
205 9
22 31
1991 3
927 6
1309 5
301 17
51 23
1758 3
1260 6
1822 4
456 13
2745 3
874 6
652 11
975 7
493 7
1033 4
1320 4
796 9
366 16
844 5
272 5
1993 3
1499 4
775 8
919 4
534 7
400 14
1268 4
744 7
20 41
633 10
1011 5
1372 5
151 25
1754 3
1825 4
468 7
1161 5
1285 5
700 6
287 11
475 11
78 33
1380 5
413 11
294 15
764 5
2595 3
932 8
349 12
1743 3
515 10
1242 4
1208 4
138 22
606 9
1803 3
137 24
1855 3
1201 4
724 7
432 11
666 8
519 7
1074 3
860 8
1195 4
1063 7
17 44
1776 3
1327 4
1274 6
708 7
110 19
333 12
710 4
323 7
856 8
1834 3
112 20
545 12
191 23
187 18
588 7
646 7
756 8
446 11
262 20
212 13
1331 3
542 8
2652 3
1305 4
961 5
2603 3
810 7
574 11
1238 4
170 17
33 35
660 8
1793 4
7 58
227 24
26 31
1860 4
977 7
566 7
526 9
806 5
255 18
264 15
359 13
182 13
1229 4
1817 3
108 27
604 6
2707 3
556 8
717 9
232 13
477 7
815 4
671 6
1182 4
225 10
142 15
207 13
330 21
1510 4
167 19
48 26
1857 3
360 15
692 9
663 5
854 5
1945 3
969 5
1076 5
1174 6
510 9
766 6
393 9
449 14
658 8
274 7
549 6
659 9
877 4
1771 3
1128 5
682 4
353 9
375 12
984 6
946 7
788 6
128 14
250 9
303 9
1361 5
614 10
1765 4
501 15
1313 4
278 9
490 10
1843 3
155 14
130 25
387 5
1373 5
53 35
1302 3
626 6
1112 5
941 7
1294 4
461 12
583 7
257 8
1358 5
782 5
951 6
85 20
1824 3
809 7
1156 6
425 14
591 8
832 6
736 4
539 7
828 5
276 15
102 20
1831 3
520 10
1193 4
55 39
57 35
259 15
424 15
872 6
1625 4
163 15
1402 4
1836 3
395 10
89 27
175 16
584 7
988 5
35 37
1841 3
1421 4
347 14
665 5
1333 5
434 9
865 8
1184 5
904 6
930 7
442 13
649 8
689 5
886 6
642 6
648 6
1318 4
1329 4
1908 3
1725 5
198 12
1718 4
1059 4
727 8
939 8
320 14
913 7
811 8
1670 4
465 7
249 9
202 21
361 10
184 20
819 7
1189 4
1177 5
776 7
894 5
1748 3
1819 3
858 5
1298 5
1459 4
140 28
2673 3
1269 5
181 20
412 10
954 5
385 13
1359 4
307 14
801 7
985 3
830 6
971 4
154 16
754 6
847 6
479 12
1166 7
704 7
326 13
1003 4
1378 4
1165 6
1054 6
681 7
1800 3
619 9
335 19
1029 7
698 7
5 37
621 7
524 10
1848 3
554 5
552 6
598 5
780 4
1433 4
74 25
240 16
890 5
440 11
230 14
299 11
115 21
1289 5
377 14
1282 5
602 5
922 6
841 6
1311 4
1044 6
1072 6
1787 3
1350 5
612 9
1751 4
936 6
1277 4
91 22
701 7
467 10
481 5
474 12
867 7
214 14
564 6
817 5
563 7
657 5
229 18
1783 3
768 6
503 8
673 10
1756 3
68 31
315 16
1827 3
338 14
1347 5
576 11
761 8
222 14
25 38
484 9
305 9
1243 5
1078 5
1253 3
928 7
1265 6
623 6
544 9
1196 4
217 27
328 9
239 27
122 16
628 6
1730 3
1223 4
158 10
878 6
281 19
269 16
363 16
46 17
1316 4
1851 4
733 6
36 44
630 10
472 12
1449 3
317 8
608 7
132 19
711 6
1254 5
1234 4
1649 4
892 6
1314 5
1428 4
546 6
537 6
1798 3
522 11
125 28
1018 6
44 32
1007 4
667 12
1833 3
1188 4
998 4
1186 4
714 7
1280 5
1789 3
313 12
529 11
1838 4
1773 3
1058 6
1324 4
397 8
1096 4
1335 3
908 7
1191 4
459 12
284 20
823 7
247 8
903 4
1340 3
165 15
289 12
729 9
1753 3
771 6
2 63
808 7
401 12
845 6
186 10
1847 4
1231 4
1797 3
1249 4
147 20
973 7
1046 6
1938 3
1291 5
915 7
319 20
1586 4
1052 5
735 4
404 13
516 7
1493 4
1813 4
974 6
1271 4
702 6
344 11
1715 5
636 10
561 4
209 17
1118 4
357 15
1307 4
117 19
1812 4
1769 3
455 17
80 21
600 7
336 15
457 7
1301 5
821 5
696 4
383 18
963 5
297 9
1721 4
92 30
1212 5
1805 3
10 38
980 7
550 11
1727 3
1164 4
505 12
670 7
2739 3
1094 3
958 5
419 9
1225 5
837 7
290 11
625 6
592 11
149 12
712 7
210 10
406 10
173 25
530 6
66 34
19 35
365 7
1030 8
763 6
470 7
793 8
1205 4
570 9
654 9
252 17
883 6
1159 5
283 12
156 18
655 8
421 8
59 24
271 20
1226 4
1256 3
1070 6
1744 4
1853 3
491 9
864 7
1016 4
219 15
13 34
799 8
1170 5
105 15
925 8
840 5
597 5
390 9
111 29
1042 3
408 7
38 20
1480 5
196 23
945 7
242 22
559 7
1169 6
32 20
206 17
118 19
443 7
959 5
1065 7
331 8
358 8
1795 3
580 4
767 8
805 5
84 25
437 11
194 20
1768 3
220 14
1312 3
846 7
1257 5
31 24
1263 4
934 8
1296 5
948 4
1303 4
572 4
968 7
675 10
226 15
15 36
527 10
431 10
382 7
62 29
833 6
139 18
129 15
548 9
926 7
1246 4
859 7
739 5
1293 6
876 5
1792 4
1772 3
662 7
418 8
933 7
168 13
1357 5
135 27
348 11
145 17
789 7
49 37
178 18
2728 3
124 24
772 8
627 6
993 5
1308 4
1429 4
715 6
1374 5
1722 3
23 31
364 12
388 11
653 10
950 4
2680 3
1845 3
509 10
1025 6
976 6
367 13
716 8
1821 3
940 8
1842 4
485 12
685 5
778 10
21 36
523 10
720 9
1270 6
460 12
453 5
324 16
723 5
244 14
1202 4
637 8
351 17
1040 5
595 7
1755 3
488 13
1854 3
752 7
1232 4
835 5
379 17
1267 5
1032 6
113 15
152 20
452 8
342 13
862 6
579 7
295 13
341 13
535 6
1056 5
77 32
683 5
541 9
1215 4
64 28
1712 4
881 6
765 6
897 6
45 33
405 12
507 8
1002 5
237 8
370 14
1173 6
309 13
1734 3
1733 3
567 8
416 7
914 5
100 21
380 15
965 4
300 14
1258 4
1279 5
824 5
2079 4
286 14
120 15
1075 4
800 6
392 15
254 10
1321 5
1365 4
496 11
605 6
1779 3
607 9
1807 3
813 9
42 45
2014 3
644 6
759 7
851 6
1820 3
399 12
1228 4
235 12
1073 5
1811 3
694 8
436 9
1342 4
1802 3
213 23
94 23
816 5
1103 6
1450 4
568 8
265 13
296 10
791 8
171 19
1355 3
2609 3
386 12
916 5
445 15
200 13
1339 4
1352 5
329 14
525 11
27 29
161 14
582 5
1866 3
1310 4
109 28
1858 4
557 12
718 9
1581 4
2651 3
1239 5
441 8
868 6
672 10
769 6
1181 3
275 10
983 7
803 8
1809 4
197 12
853 7
751 6
1766 3
60 39
1746 4
1245 5
1067 5
691 7
346 9
911 6
1295 6
427 11
677 5
1111 3
907 8
82 25
650 5
1210 4
590 8
895 4
1763 3
69 26
1157 4
664 7
1790 4
224 19
617 11
79 17
2711 3
352 11
1006 6
126 27
251 14
1034 6
426 11
369 13
1435 4
279 8
651 8
1840 4
176 19
956 7
498 10
483 12
629 10
947 7
256 15
1823 4
372 14
920 5
428 13
1284 5
1330 5
887 4
1160 7
99 29
72 25
869 6
500 6
1221 4
1757 3
790 8
1200 5
533 7
918 5
1275 5
1053 6
414 14
462 13
1770 3
843 5
1856 4
1362 4
1209 5
1804 4
263 15
632 10
394 16
1371 5
610 9
514 7
725 8
931 7
513 8
615 8
50 22
476 11
1519 3
1198 5
797 9
1716 3
1175 6
293 16
1272 4
1781 3
1299 5
967 5
1236 5
1326 4
645 8
322 8
469 8
635 11
1088 4
575 12
1176 6
1835 4
1815 3
1039 5
979 8
709 7
1005 5
28 39
310 10
40 17
192 17
589 6
1337 4
215 12
699 7
687 6
1115 3
960 5
818 6
150 20
1038 6
245 13
543 8
267 9
1777 3
826 7
354 9
1437 4
1344 5
1064 7
757 8
332 21
9 51
1217 4
34 32
603 7
2750 3
90 20
1850 3
620 8
1346 4
850 7
891 6
937 9
1045 4
16 42
730 9
921 6
1360 5
1069 6
233 15
1013 6
1224 4
1490 3
368 18
316 17
1806 3
994 5
1738 4
1786 3
611 8
1849 3
849 7
11 48
492 6
208 20
842 5
511 13
93 27
899 6
292 14
2689 3
291 12
374 14
199 22
114 19
1306 3
429 12
1979 3
1328 4
409 9
73 27
67 32
795 9
812 8
241 18
489 13
794 9
585 9
327 10
1392 4
944 7
1780 3
1281 4
732 6
674 8
1864 4
1317 3
280 13
957 4
273 13
471 7
622 6
970 5
2381 4
24 16
2759 3
104 23
1325 5
131 17
502 11
314 19
1796 3
1237 5
1264 4
355 17
553 5
159 14
1252 5
555 14
1037 6
47 25
1427 4
37 38
855 9
270 17
195 11
538 7
1788 3
1839 3
679 6
680 6
831 5
521 6
1332 4
162 21
1241 4
880 4
433 10
647 8
334 17
1206 5
786 4
103 17
201 14
871 8
423 7
719 7
1319 4
1826 3
1529 4
902 5
1222 4
827 7
266 8
1747 3
1742 3
1353 5
174 18
820 5
1799 3
1219 4
905 8
1194 4
97 17
41 31
668 7
52 30
688 8
1749 3
302 12
774 6
866 5
910 7
1341 4
693 9
593 13
770 6
188 11
402 10
641 8
893 6
838 5
2664 3
616 9
640 7
804 4
870 7
83 25
1384 3
896 6
1385 3
1464 4
1494 3
1818 4
962 5
755 8
1837 3
777 7
1714 4
143 13
1906 3
464 6
6 31
1051 5
562 7
1304 5
518 7
1102 3
497 7
183 25
1211 4
439 15
362 11
1379 5
169 17
411 14
1711 4
705 5
478 8
384 12
398 9
836 5
1735 4
942 8
1720 3
955 3
1376 5
407 7
18 23
912 8
376 11
1432 3
599 5
1167 5
609 9
587 4
1235 5
190 10
95 28
298 9
1808 3
1750 3
923 5
822 5
601 6
1739 4
231 9
243 16
779 10
551 11
148 10
504 9
753 7
343 8
697 6
1343 4
981 7
2655 3
726 9
857 3
707 6
106 17
157 16
964 6
65 30
935 6
203 21
261 14
1782 3
1213 4
2698 3
81 21
321 16
1199 4
624 5
1300 3
86 27
792 6
1158 5
371 12
656 7
204 24
1248 5
1041 6
435 9
814 8
2053 3
924 4
885 6
884 5
339 12
228 15
760 7
863 8
749 6
531 9
268 14
829 6
345 13
172 17
1745 4
596 6
1297 6
223 11
721 8
613 12
1043 3
669 4
282 11
420 10
1066 7
121 28
1852 3
952 6
2691 3
487 10
1071 7
494 10
1348 5
238 18
873 6
577 7
253 11
448 8
1227 6
216 13
852 6
643 9
63 23
2766 3
179 17
1105 3
1794 3
1187 4
713 6
2636 3
676 8
1334 3
1251 6
277 15
1192 4
1784 4
879 6
938 8
1830 4
1095 3
1262 3
1290 5
929 7
1846 3
133 25
123 19
1925 3
304 10
631 9
547 12
258 15
396 10
1828 3
482 12
949 6
499 11
56 26
54 23
306 15
1204 4
70 18
1047 6
839 6
1055 6
1276 4
166 19
88 26
30 32
141 25
909 7
403 14
466 9
1230 4
75 27
134 20
618 5
848 10
1829 4
1163 6
450 13
1761 3
2755 3
1323 3
1405 4
1713 5
1060 4
703 6
900 6
318 16
1729 3
473 15
1377 5
1774 3
3 31
185 12
248 15
146 21
1351 4
1719 3
356 10
802 6
4 22
528 11
164 10
807 6
