115 3.53953026950722 0 24 6.11111111111111 5.05402907357518 R5
214 3.10699930421768 0 15 5.28571428571428 3.12658123260562 R5
66 3.06678037100338 0.704 13 3.63636363636364 3.05324647704485 R6
39 3.04702883066977 0.686390532544379 14 5.06666666666667 2.93181779030614 R6
27 2.75014196463351 0.203017832647462 24 8.26666666666667 5.72091678744665 R5
17 2.58558227168996 0.210059171597633 23 8.44444444444444 5.62950779595262 R5
88 2.54610773319088 0.39973701512163 30 11.5714285714286 7.23793859479623 R6
125 2.48597351327034 0.374291115311909 18 6.72727272727273 4.53453233212361 R2
93 2.32992949004287 0.13265306122449 13 5.4 3.26190128606002 R2
77 2.29174624257053 0.291666666666667 10 3.75 2.72717802865893 R2
82 2.27615820078715 0 17 7.26315789473684 4.27775279499286 R1
199 2.24409622640292 0.0831758034026464 22 8.13333333333333 6.17917650032933 R2
250 2.24409622640292 0.320987654320988 22 8.13333333333333 6.17917650032933 R2
163 2.20139815711603 0 10 4 2.72554057547699 R1
209 2.15165741455968 0 9 4 2.32379000772445 R1
67 2.13874832910352 0.378071833648393 18 9.57142857142857 3.94088977832392 R2
21 2.10840654316489 0 10 4.25 2.72717802865893 R1
64 2.08514414057075 0.40625 6 2.66666666666667 1.59861050777091 R2
233 2.0761369963435 0.314049586776859 9 4 2.40831891575846 R2
551 2 0.197530864197531 8 4 2 R2
91 1.96156988411231 0 11 6.54545454545454 2.27090836305397 R1
272 1.9414506867883 0.37037037037037 7 3.5 1.80277563773199 R2
121 1.92042850144096 0.298611111111111 20 8.13333333333333 6.17917650032933 R2
172 1.85783812534892 0.561224489795919 9 4.72727272727273 2.29983829830428 R2
4 1.78885438199983 0.197530864197531 8 4 2.23606797749979 R2
108 1.73205080756888 0.694444444444444 4 2.5 0.866025403784439 R3
75 1.69249444457993 0.789256198347107 9 4.36363636363636 2.7393671224217 R3
61 1.6289594138375 0.207612456747405 15 7.14285714285714 4.82341229032404 R2
95 1.58113883008418 0 7 6.28571428571429 0.451753951452629 R1
99 1.58113883008418 0 7 6.28571428571429 0.451753951452629 R1
145 1.56892908110547 0.661157024793389 6 3.33333333333333 1.69967317119759 R3
391 1.56892908110547 0 12 6.66666666666667 3.39934634239519 R1
139 1.52664506722759 0 7 4.57142857142857 1.59078981795143 R1
138 1.52664506722759 0 7 4.57142857142857 1.59078981795143 R1
26 1.52656185324995 0.265 17 8.26666666666667 5.72091678744665 R2
462 1.50755672288882 0 5 2.5 1.6583123951777 R1
13 1.50755672288882 0.408163265306122 5 2.5 1.6583123951777 R2
50 1.5 0.56198347107438 7 4 2 R2
300 1.44115338424578 0 6 3.75 1.5612494995996 R1
491 1.43492691399802 0.265 17 8.13333333333333 6.17917650032933 R2
58 1.42894169820514 0.442148760330578 16 8.88888888888889 4.97648792812416 R2
130 1.42302494707577 0 8 4.72727272727273 2.29983829830428 R1
32 1.4142135623731 0.444444444444444 2 1.33333333333333 0.471404520791032 R2
36 1.4142135623731 0.444444444444444 2 1.33333333333333 0.471404520791032 R2
530 1.41421356237309 0 3 2 0.707106781186548 R1
16 1.37749892382939 0.365650969529086 15 9.57142857142857 3.94088977832392 R2
83 1.3410878047881 0 13 7.26315789473684 4.27775279499286 R1
405 1.32744662319994 0.513888888888889 8 4.36363636363636 2.7393671224217 R2
208 1.29099444873581 0 7 4 2.32379000772445 R1
234 1.2456821978061 0.21875 7 4 2.40831891575846 R2
56 1.22799677189504 0 15 8.88888888888889 4.97648792812416 R1
309 1.22620463933689 0.1171875 15 10.4444444444444 3.71516744384456 R2
306 1.22620463933689 0.1171875 15 10.4444444444444 3.71516744384456 R2
358 1.22474487139159 0.743801652892562 5 3.2 1.46969384566991 R3
318 1.22474487139159 0.375 3 2 0.816496580927726 R2
200 1.21431519940614 0 13 7.14285714285714 4.82341229032404 R1
28 1.1769675357118 0.6176 15 8.26666666666667 5.72091678744665 R2
46 1.16449888572296 0.1171875 15 8.44444444444444 5.62950779595262 R2
86 1.10732020578834 0 12 7.26315789473684 4.27775279499286 R1
85 1.10732020578834 0 12 7.26315789473684 4.27775279499286 R1
92 1.10365081107294 0.18 9 5.4 3.26190128606002 R2
202 1.08086503818434 0 9 6.54545454545454 2.27090836305397 R1
19 1.0690449676497 0.808888888888889 5 3.66666666666667 1.24721912892465 R4
155 1.00523107318144 0.314049586776859 9 5.6 3.38230690505755 R2
29 1 0.277777777777778 5 3.5 1.5 R2
552 1 0 6 4 2 R1
171 0.988211768802619 0 7 4.72727272727273 2.29983829830428 R1
104 0.986863462477086 0 14 8.44444444444444 5.62950779595262 R1
7 0.986863462477086 0.2265625 14 8.44444444444444 5.62950779595262 R2
392 0.98058067569092 0 10 6.66666666666667 3.39934634239519 R1
146 0.98058067569092 0.53125 5 3.33333333333333 1.69967317119759 R2
112 0.967325042598247 0.491349480968858 11 6.11111111111111 5.05402907357518 R2
325 0.962398801819959 0 7 4.36363636363636 2.7393671224217 R1
303 0.957037767287326 0 14 10.4444444444444 3.71516744384456 R1
119 0.949425326555082 0 14 8.13333333333333 6.17917650032933 R1
483 0.949425326555082 0.124444444444444 14 8.13333333333333 6.17917650032933 R2
175 0.906854138339701 0 16 12.2857142857143 4.09579176766614 R1
174 0.906854138339701 0 16 12.2857142857143 4.09579176766614 R1
3 0.894427190999916 0 6 4 2.23606797749979 R1
62 0.888177116229378 0.309917355371901 18 11.5714285714286 7.23793859479623 R2
217 0.868132158531412 0 8 5.28571428571428 3.12658123260562 R1
215 0.868132158531412 0 8 5.28571428571428 3.12658123260562 R1
359 0.832050294337844 0.448979591836735 5 3.5 1.80277563773199 R2
227 0.8304547985374 0.244897959183674 6 4 2.40831891575846 R2
123 0.826106919274847 0 13 8.88888888888889 4.97648792812416 R1
382 0.816496580927726 0 6 5 1.22474487139159 R1
383 0.816496580927726 0 6 5 1.22474487139159 R1
544 0.813733471206734 0 11 8.66666666666667 2.86744175568088 R1
542 0.813733471206734 0 11 8.66666666666667 2.86744175568088 R1
543 0.813733471206734 0 11 8.66666666666667 2.86744175568088 R1
177 0.80922803923121 0 13 8.44444444444444 5.62950779595262 R1
321 0.800640769025436 0.277777777777778 5 3.75 1.5612494995996 R2
323 0.800640769025436 0 5 3.75 1.5612494995996 R1
198 0.787591464074102 0.24 13 8.13333333333333 6.17917650032933 R2
120 0.787591464074102 0.13265306122449 13 8.13333333333333 6.17917650032933 R2
34 0.787591464074102 0.54 13 8.13333333333333 6.17917650032933 R2
124 0.721734245788163 0.277777777777778 10 6.72727272727273 4.53453233212361 R2
48 0.721734245788163 0 10 6.72727272727273 4.53453233212361 R1
284 0.709574875186899 0 8 5.6 3.38230690505755 R1
283 0.709574875186899 0.5 8 5.6 3.38230690505755 R2
190 0.707106781186548 0 3 2.66666666666667 0.471404520791032 R1
191 0.707106781186548 0 3 2.66666666666667 0.471404520791032 R1
126 0.707106781186548 0 3 2.66666666666667 0.471404520791032 R1
128 0.707106781186548 0.375 3 2.66666666666667 0.471404520791032 R2
25 0.641688947919748 0.375 6 4.25 2.72717802865893 R2
90 0.640512615220348 0 8 6.54545454545454 2.27090836305397 R1
89 0.640512615220348 0 8 6.54545454545454 2.27090836305397 R1
220 0.639785007788821 0 10 7.26315789473684 4.27775279499286 R1
367 0.616249518555252 0 12 9.57142857142857 3.94088977832392 R1
327 0.597350980439975 0 6 4.36363636363636 2.7393671224217 R1
73 0.577350269189626 0 7 6 1.73205080756888 R1
370 0.577350269189626 0 3 2.5 0.866025403784439 R1
496 0.577350269189626 0 3 2.5 0.866025403784439 R1
371 0.577350269189626 0 3 2.5 0.866025403784439 R1
72 0.577350269189626 0 7 6 1.73205080756888 R1
70 0.577350269189626 0 7 6 1.73205080756888 R1
357 0.544331053951818 0 4 3.2 1.46969384566991 R1
356 0.544331053951818 0 4 3.2 1.46969384566991 R1
49 0.5 0 5 4 2 R1
153 0.499999999999998 0 7 6.4 1.20000000000001 R1
152 0.499999999999998 0 7 6.4 1.20000000000001 R1
151 0.499999999999998 0 7 6.4 1.20000000000001 R1
150 0.499999999999998 0 7 6.4 1.20000000000001 R1
157 0.473694461989002 0.290123456790123 15 11.5714285714286 7.23793859479623 R2
76 0.458349248514106 0 5 3.75 2.72717802865893 R1
78 0.458349248514106 0 5 3.75 2.72717802865893 R1
44 0.453957192739459 0.260355029585799 11 8.44444444444444 5.62950779595262 R2
37 0.447213595499958 0 5 4 2.23606797749979 R1
38 0.447213595499958 0 5 4 2.23606797749979 R1
307 0.418704023188205 0 12 10.4444444444444 3.71516744384456 R1
304 0.418704023188205 0 12 10.4444444444444 3.71516744384456 R1
236 0.418548063849093 0 14 12.2857142857143 4.09579176766614 R1
237 0.418548063849093 0 14 12.2857142857143 4.09579176766614 R1
235 0.418548063849093 0 14 12.2857142857143 4.09579176766614 R1
221 0.406017408789059 0 9 7.26315789473684 4.27775279499286 R1
222 0.406017408789059 0 9 7.26315789473684 4.27775279499286 R1
224 0.406017408789059 0 9 7.26315789473684 4.27775279499286 R1
223 0.406017408789059 0 9 7.26315789473684 4.27775279499286 R1
225 0.406017408789059 0 9 7.26315789473684 4.27775279499286 R1
201 0.38502677054341 0 9 7.14285714285714 4.82341229032404 R1
270 0.373739221003868 0 8 6.11111111111111 5.05402907357518 R1
268 0.373739221003868 0 8 6.11111111111111 5.05402907357518 R1
242 0.373739221003868 0.396694214876033 8 6.11111111111111 5.05402907357518 R2
164 0.366899692852671 0 5 4 2.72554057547699 R1
14 0.362499716797207 0 11 9.57142857142857 3.94088977832392 R1
159 0.33553357724221 0 14 11.5714285714286 7.23793859479623 R1
160 0.33553357724221 0 14 11.5714285714286 7.23793859479623 R1
162 0.33553357724221 0 14 11.5714285714286 7.23793859479623 R1
158 0.33553357724221 0 14 11.5714285714286 7.23793859479623 R1
161 0.33553357724221 0 14 11.5714285714286 7.23793859479623 R1
31 0.333333333333333 0 4 3.5 1.5 R1
30 0.333333333333333 0.32 4 3.5 1.5 R2
479 0.318346295741618 0 6 5.06666666666667 2.93181779030614 R1
480 0.318346295741618 0.244897959183674 6 5.06666666666667 2.93181779030614 R2
42 0.318346295741618 0 6 5.06666666666667 2.93181779030614 R1
478 0.318346295741618 0 6 5.06666666666667 2.93181779030614 R1
475 0.318346295741618 0 6 5.06666666666667 2.93181779030614 R1
477 0.318346295741618 0 6 5.06666666666667 2.93181779030614 R1
476 0.318346295741618 0 6 5.06666666666667 2.93181779030614 R1
385 0.302981741866403 0 10 8.26666666666667 5.72091678744665 R1
590 0.301511344577764 0 3 2.5 1.6583123951777 R1
589 0.301511344577764 0 3 2.5 1.6583123951777 R1
430 0.280674428917619 0 8 6.72727272727273 4.53453233212361 R1
360 0.277350098112615 0 4 3.5 1.80277563773199 R1
271 0.277350098112615 0 4 3.5 1.80277563773199 R1
106 0.276321769493584 0.390532544378698 10 8.44444444444444 5.62950779595262 R2
176 0.276321769493584 0.277777777777778 10 8.44444444444444 5.62950779595262 R2
22 0.275009549108463 0.277777777777778 5 4.25 2.72717802865893 R2
524 0.267261241912424 0.716049382716049 4 3.66666666666667 1.24721912892465 R3
582 0.267261241912424 0 4 3.66666666666667 1.24721912892465 R1
427 0.267261241912424 0.489795918367347 4 3.66666666666667 1.24721912892465 R2
274 0.267261241912424 0.32 4 3.66666666666667 1.24721912892465 R2
326 0.23230315905999 0.277777777777778 5 4.36363636363636 2.7393671224217 R2
378 0.223272140344553 0 10 8.88888888888889 4.97648792812416 R1
379 0.223272140344553 0 10 8.88888888888889 4.97648792812416 R1
63 0.208514414057075 0 3 2.66666666666667 1.59861050777091 R1
285 0.18394180184549 0 6 5.4 3.26190128606002 R1
287 0.18394180184549 0.493827160493827 6 5.4 3.26190128606002 R2
448 0.175877280472408 0 7 6.11111111111111 5.05402907357518 R1
282 0.160128153805087 0.489795918367347 4 3.75 1.5612494995996 R2
322 0.160128153805087 0 4 3.75 1.5612494995996 R1
296 0.140256014150182 0.314049586776859 9 8.13333333333333 6.17917650032933 R2
505 0.140256014150182 0 9 8.13333333333333 6.17917650032933 R1
266 0.119098266835083 0 4 3.63636363636364 3.05324647704485 R1
251 0.119098266835083 0.32 4 3.63636363636364 3.05324647704485 R2
168 0.118585412256314 0 5 4.72727272727273 2.29983829830428 R1
169 0.118585412256314 0 5 4.72727272727273 2.29983829830428 R1
170 0.118585412256314 0 5 4.72727272727273 2.29983829830428 R1
15 0.108749915039162 0 10 9.57142857142857 3.94088977832392 R1
364 0.108749915039162 0 10 9.57142857142857 3.94088977832392 R1
363 0.108749915039162 0 10 9.57142857142857 3.94088977832392 R1
181 0.0601445204823469 0 7 6.72727272727273 4.53453233212361 R1
443 1.91105568219967e-16 0 4 4 2.32379000772445 R1
442 1.91105568219967e-16 0 4 4 2.32379000772445 R1
211 1.91105568219967e-16 0 4 4 2.32379000772445 R1
444 1.91105568219967e-16 0 4 4 2.32379000772445 R1
226 1.84398007649333e-16 0 4 4 2.40831891575846 R1
512 0 0 5 5 5.96046447753906e-08 R1
194 0 0 4 4 2 R1
511 0 0 5 5 5.96046447753906e-08 R1
548 0 0 4 4 2 R1
509 0 0 5 5 5.96046447753906e-08 R1
381 0 0 5 5 1.22474487139159 R1
445 0 0 4 4 2.72554057547699 R1
441 0 0 2 2 0.816496580927726 R1
275 0 0.444444444444444 2 2 0.707106781186548 R2
531 0 0 2 2 0.707106781186548 R1
550 0 0 4 4 2 R1
514 0 0 5 5 5.96046447753906e-08 R1
513 0 0 5 5 5.96046447753906e-08 R1
510 0 0 5 5 5.96046447753906e-08 R1
549 0 0 4 4 2 R1
506 -0.0215778483307975 0 8 8.13333333333333 6.17917650032933 R1
117 -0.0215778483307975 0 8 8.13333333333333 6.17917650032933 R1
248 -0.0215778483307975 0.429752066115702 8 8.13333333333333 6.17917650032933 R2
116 -0.0219846600590512 0 6 6.11111111111111 5.05402907357518 R1
493 -0.0219846600590512 0 6 6.11111111111111 5.05402907357518 R1
133 -0.0466125756717545 0 8 8.26666666666667 5.72091678744665 R1
18 -0.0789490769981669 0.396694214876033 8 8.44444444444444 5.62950779595262 R2
218 -0.0913823324769903 0 5 5.28571428571428 3.12658123260562 R1
216 -0.0913823324769903 0 5 5.28571428571428 3.12658123260562 R1
219 -0.0913823324769903 0 5 5.28571428571428 3.12658123260562 R1
24 -0.0916698497028211 0 4 4.25 2.72717802865893 R1
23 -0.0916698497028211 0 4 4.25 2.72717802865893 R1
286 -0.122627867896993 0.277777777777778 5 5.4 3.26190128606002 R2
298 -0.122627867896993 0.448979591836735 5 5.4 3.26190128606002 R2
425 -0.132744662319994 0.65625 4 4.36363636363636 2.7393671224217 R3
368 -0.144999886718883 0 9 9.57142857142857 3.94088977832392 R1
366 -0.144999886718883 0 9 9.57142857142857 3.94088977832392 R1
369 -0.144999886718883 0 9 9.57142857142857 3.94088977832392 R1
365 -0.144999886718883 0 9 9.57142857142857 3.94088977832392 R1
247 -0.183411710811778 0.21875 7 8.13333333333333 6.17917650032933 R2
580 -0.196116135138184 0 3 3.33333333333333 1.69967317119759 R1
460 -0.196116135138184 0.375 3 3.33333333333333 1.69967317119759 R2
410 -0.196116135138184 0 6 6.66666666666667 3.39934634239519 R1
51 -0.196116135138184 0 6 6.66666666666667 3.39934634239519 R1
107 -0.208421966961395 0.666666666666667 3 3.63636363636364 3.05324647704485 R3
254 -0.208421966961395 0.375 3 3.63636363636364 3.05324647704485 R2
253 -0.208421966961395 0.375 3 3.63636363636364 3.05324647704485 R2
507 -0.219846600590511 0 5 6.11111111111111 5.05402907357518 R1
60 -0.219846600590511 0.493827160493827 5 6.11111111111111 5.05402907357518 R2
540 -0.232495277487638 0 8 8.66666666666667 2.86744175568088 R1
541 -0.232495277487638 0 8 8.66666666666667 2.86744175568088 R1
206 -0.24019223070763 0 6 6.54545454545454 2.27090836305397 R1
205 -0.24019223070763 0 6 6.54545454545454 2.27090836305397 R1
203 -0.24019223070763 0 6 6.54545454545454 2.27090836305397 R1
204 -0.24019223070763 0 6 6.54545454545454 2.27090836305397 R1
207 -0.24019223070763 0 6 6.54545454545454 2.27090836305397 R1
526 -0.275009549108463 0 3 3.75 2.72717802865893 R1
273 -0.277350098112615 0 3 3.5 1.80277563773199 R1
482 -0.355270846491751 0.6484375 9 11.5714285714286 7.23793859479623 R3
451 -0.359210604053551 0 4 4.57142857142857 1.59078981795143 R1
453 -0.359210604053551 0 4 4.57142857142857 1.59078981795143 R1
452 -0.359210604053551 0 4 4.57142857142857 1.59078981795143 R1
43 -0.36382433799042 0.32 4 5.06666666666667 2.93181779030614 R2
41 -0.36382433799042 0 4 5.06666666666667 2.93181779030614 R1
40 -0.36382433799042 0 4 5.06666666666667 2.93181779030614 R1
447 -0.366899692852671 0 3 4 2.72554057547699 R1
446 -0.366899692852671 0 3 4 2.72554057547699 R1
57 -0.37956263858574 0 7 8.88888888888889 4.97648792812416 R1
518 -0.380915296388197 0.578512396694215 5 6.72727272727273 4.53453233212361 R2
519 -0.380915296388197 0.277777777777778 5 6.72727272727273 4.53453233212361 R2
389 -0.396206893209912 0 6 8.26666666666667 5.72091678744665 R1
388 -0.396206893209912 0 6 8.26666666666667 5.72091678744665 R1
386 -0.396206893209912 0 6 8.26666666666667 5.72091678744665 R1
387 -0.396206893209912 0 6 8.26666666666667 5.72091678744665 R1
390 -0.396206893209912 0 6 8.26666666666667 5.72091678744665 R1
244 -0.411220496146458 0 4 5.28571428571428 3.12658123260562 R1
246 -0.411220496146458 0 4 5.28571428571428 3.12658123260562 R1
243 -0.411220496146458 0 4 5.28571428571428 3.12658123260562 R1
245 -0.411220496146458 0 4 5.28571428571428 3.12658123260562 R1
317 -0.4152273992687 0.375 3 4 2.40831891575846 R2
231 -0.4152273992687 0 3 4 2.40831891575846 R1
232 -0.4152273992687 0 3 4 2.40831891575846 R1
527 -0.417028828114149 0 2 2.66666666666667 1.59861050777091 R1
65 -0.417028828114149 0 2 2.66666666666667 1.59861050777091 R1
528 -0.417028828114149 0.444444444444444 2 2.66666666666667 1.59861050777091 R2
592 -0.41770854112197 0 4 6.11111111111111 5.05402907357518 R1
156 -0.41770854112197 0.32 4 6.11111111111111 5.05402907357518 R2
591 -0.41770854112197 0 4 6.11111111111111 5.05402907357518 R1
239 -0.430331482911935 0 3 4 2.32379000772445 R1
210 -0.430331482911935 0 3 4 2.32379000772445 R1
426 -0.434219923489918 0.40625 6 8.44444444444444 5.62950779595262 R2
105 -0.434219923489918 0.375 6 8.44444444444444 5.62950779595262 R2
103 -0.447213595499958 0 3 4 2.23606797749979 R1
20 -0.458349248514106 0 3 4.25 2.72717802865893 R1
302 -0.480384461415261 0.56 3 3.75 1.5612494995996 R2
431 -0.497792483699979 0.375 3 4.36363636363636 2.7393671224217 R2
324 -0.497792483699979 0 3 4.36363636363636 2.7393671224217 R1
501 -0.5 0 3 4 2 R1
332 -0.507079435773737 0 5 8.13333333333333 6.17917650032933 R1
418 -0.535942200757872 0 2 3.63636363636364 3.05324647704485 R1
502 -0.535942200757872 0 2 3.63636363636364 3.05324647704485 R1
333 -0.535942200757872 0 2 3.63636363636364 3.05324647704485 R1
419 -0.535942200757872 0 2 3.63636363636364 3.05324647704485 R1
267 -0.535942200757872 0 2 3.63636363636364 3.05324647704485 R1
132 -0.571004051978991 0.277777777777778 5 8.26666666666667 5.72091678744665 R2
213 -0.577350269189626 0.444444444444444 2 2.5 0.866025403784439 R2
212 -0.577350269189626 0.444444444444444 2 2.5 0.866025403784439 R2
421 -0.577350269189626 0 2 2.5 0.866025403784439 R1
456 -0.601445204823469 0 4 6.72727272727273 4.53453233212361 R1
182 -0.601445204823469 0 4 6.72727272727273 4.53453233212361 R1
5 -0.611855346735793 0 5 8.44444444444444 5.62950779595262 R1
186 -0.611855346735793 0 5 8.44444444444444 5.62950779595262 R1
113 -0.61557048165343 0.375 3 6.11111111111111 5.05402907357518 R2
269 -0.61557048165343 0 3 6.11111111111111 5.05402907357518 R1
481 -0.631592615985335 0 7 11.5714285714286 7.23793859479623 R1
101 -0.63245553203367 0 6 6.28571428571429 0.451753951452629 R1
96 -0.63245553203367 0 6 6.28571428571429 0.451753951452629 R1
98 -0.63245553203367 0 6 6.28571428571429 0.451753951452629 R1
97 -0.63245553203367 0 6 6.28571428571429 0.451753951452629 R1
100 -0.63245553203367 0 6 6.28571428571429 0.451753951452629 R1
320 -0.641688947919748 0 2 3.75 2.72717802865893 R1
193 -0.641688947919748 0 2 3.75 2.72717802865893 R1
192 -0.641688947919748 0 2 3.75 2.72717802865893 R1
374 -0.651583765535001 0 4 7.14285714285714 4.82341229032404 R1
375 -0.651583765535001 0 4 7.14285714285714 4.82341229032404 R1
118 -0.668913298254717 0 4 8.13333333333333 6.17917650032933 R1
560 -0.668913298254717 0.32 4 8.13333333333333 6.17917650032933 R2
458 -0.668913298254717 0 4 8.13333333333333 6.17917650032933 R1
492 -0.668913298254717 0.32 4 8.13333333333333 6.17917650032933 R2
349 -0.668913298254717 0 4 8.13333333333333 6.17917650032933 R1
289 -0.668913298254717 0.32 4 8.13333333333333 6.17917650032933 R2
490 -0.668913298254717 0.32 4 8.13333333333333 6.17917650032933 R2
69 -0.704909654856439 0 3 5.06666666666667 2.93181779030614 R1
35 -0.707106781186548 0.777777777777778 1 1.33333333333333 0.471404520791032 R3
397 -0.707106781186548 0 1 1.33333333333333 0.471404520791032 R1
33 -0.707106781186548 0 1 1.33333333333333 0.471404520791032 R1
466 -0.707106781186548 0 1 1.33333333333333 0.471404520791032 R1
474 -0.731058659815925 0 3 5.28571428571428 3.12658123260562 R1
380 -0.731058659815925 0 3 5.28571428571428 3.12658123260562 R1
472 -0.731058659815925 0 3 5.28571428571428 3.12658123260562 R1
473 -0.731058659815925 0 3 5.28571428571428 3.12658123260562 R1
165 -0.733799385705343 0 2 4 2.72554057547699 R1
183 -0.735767207381959 0.375 3 5.4 3.26190128606002 R2
297 -0.735767207381959 0 3 5.4 3.26190128606002 R1
465 -0.74580121074807 0 4 8.26666666666667 5.72091678744665 R1
361 -0.74580121074807 0 4 8.26666666666667 5.72091678744665 R1
464 -0.74580121074807 0 4 8.26666666666667 5.72091678744665 R1
129 -0.75104094428999 0 3 4.72727272727273 2.29983829830428 R1
131 -0.75104094428999 0 3 4.72727272727273 2.29983829830428 R1
74 -0.75104094428999 0.56 3 4.72727272727273 2.29983829830428 R2
299 -0.762820586209748 0 4 7.26315789473684 4.27775279499286 R1
79 -0.762820586209748 0 4 7.26315789473684 4.27775279499286 R1
80 -0.762820586209748 0 4 7.26315789473684 4.27775279499286 R1
533 -0.762820586209748 0 4 7.26315789473684 4.27775279499286 R1
411 -0.781452491205936 0 5 8.88888888888889 4.97648792812416 R1
52 -0.784464540552736 0 4 6.66666666666667 3.39934634239519 R1
144 -0.784464540552736 0 2 3.33333333333333 1.69967317119759 R1
45 -0.789490769981669 0 4 8.44444444444444 5.62950779595262 R1
114 -0.813432422184889 0 2 6.11111111111111 5.05402907357518 R1
579 -0.816496580927727 0.625 2 3.2 1.46969384566991 R3
350 -0.830454798537399 0 2 4 2.40831891575846 R1
290 -0.830454798537399 0 2 4 2.40831891575846 R1
240 -0.830747160735698 0 3 8.13333333333333 6.17917650032933 R1
362 -0.830747160735698 0 3 8.13333333333333 6.17917650032933 R1
575 -0.830747160735698 0 3 8.13333333333333 6.17917650032933 R1
423 -0.832050294337844 0 2 3.5 1.80277563773199 R1
422 -0.832050294337844 0 2 3.5 1.80277563773199 R1
554 -0.858905872750684 0 3 7.14285714285714 4.82341229032404 R1
102 -0.894427190999916 0 2 4 2.23606797749979 R1
355 -0.894427190999916 0.444444444444444 2 4 2.23606797749979 R2
12 -0.904534033733291 0 1 2.5 1.6583123951777 R1
581 -0.904534033733291 0 1 2.5 1.6583123951777 R1
499 -0.904534033733291 0 1 2.5 1.6583123951777 R1
461 -0.904534033733291 0 1 2.5 1.6583123951777 R1
529 -0.906249291993017 0 6 9.57142857142857 3.94088977832392 R1
534 -0.907914385478919 0 5 11.5714285714286 7.23793859479623 R1
197 -0.920598369517148 0 3 8.26666666666667 5.72091678744665 R1
305 -0.927130337059596 0 7 10.4444444444444 3.71516744384456 R1
308 -0.927130337059596 0 7 10.4444444444444 3.71516744384456 R1
310 -0.927130337059596 0 7 10.4444444444444 3.71516744384456 R1
140 -0.987829161147264 0 3 4.57142857142857 1.59078981795143 R1
141 -0.987829161147264 0 3 4.57142857142857 1.59078981795143 R1
331 -0.992581023216678 0 2 8.13333333333333 6.17917650032933 R1
84 -0.996588185209509 0.611111111111111 3 7.26315789473684 4.27775279499286 R2
188 -0.996588185209509 0 3 7.26315789473684 4.27775279499286 R1
81 -0.996588185209509 0 3 7.26315789473684 4.27775279499286 R1
565 -1 0.444444444444444 2 4 2 R2
569 -1 0 2 4 2 R1
459 -1 0.625 2 4 2 R3
384 -1.00836834673103 0 1 3.75 2.72717802865893 R1
393 -1.01129436271635 0 1 6.11111111111111 5.05402907357518 R1
449 -1.01129436271635 0 1 6.11111111111111 5.05402907357518 R1
489 -1.04233687712444 0 2 5.4 3.26190128606002 R1
94 -1.04233687712444 0.444444444444444 2 5.4 3.26190128606002 R2
47 -1.04250502169401 0 2 6.72727272727273 4.53453233212361 R1
503 -1.04257207028537 0 1 2.66666666666667 1.59861050777091 R1
351 -1.04599497172246 0 2 5.06666666666667 2.93181779030614 R1
352 -1.04599497172246 0 2 5.06666666666667 2.93181779030614 R1
87 -1.04607527022571 0 4 11.5714285714286 7.23793859479623 R1
420 -1.06436231278035 0.64 2 5.6 3.38230690505755 R3
59 -1.06622797996637 0.5 2 7.14285714285714 4.82341229032404 R2
545 -1.10069907855801 0 1 4 2.72554057547699 R1
301 -1.12089707663561 0 2 3.75 1.5612494995996 R1
6 -1.14476161647342 0 2 8.44444444444444 5.62950779595262 R1
187 -1.14476161647342 0 2 8.44444444444444 5.62950779595262 R1
516 -1.14476161647342 0 2 8.44444444444444 5.62950779595262 R1
134 -1.14476161647342 0 2 8.44444444444444 5.62950779595262 R1
454 -1.15441488569766 0 1 8.13333333333333 6.17917650032933 R1
241 -1.15441488569766 0 1 8.13333333333333 6.17917650032933 R1
288 -1.15441488569766 0 1 8.13333333333333 6.17917650032933 R1
525 -1.15999909375106 0 5 9.57142857142857 3.94088977832392 R1
122 -1.18334234382613 0 3 8.88888888888889 4.97648792812416 R1
440 -1.18585412256314 0 2 4.72727272727273 2.29983829830428 R1
439 -1.18585412256314 0 2 4.72727272727273 2.29983829830428 R1
328 -1.19170804613667 0 1 4.25 2.72717802865893 R1
562 -1.19170804613667 0 1 4.25 2.72717802865893 R1
319 -1.22474487139159 0 1 2 0.816496580927726 R1
463 -1.22788812645995 0 1 4.36363636363636 2.7393671224217 R1
424 -1.22788812645995 0.5 1 4.36363636363636 2.7393671224217 R2
457 -1.22788812645995 0 1 4.36363636363636 2.7393671224217 R1
559 -1.23035578420927 0 2 7.26315789473684 4.27775279499286 R1
558 -1.23035578420927 0 2 7.26315789473684 4.27775279499286 R1
517 -1.2456821978061 0 1 4 2.40831891575846 R1
515 -1.26303493012929 0 1 6.72727272727273 4.53453233212361 R1
173 -1.29052319686803 0 7 12.2857142857143 4.09579176766614 R1
532 -1.29099444873581 0 1 4 2.32379000772445 R1
238 -1.29099444873581 0 1 4 2.32379000772445 R1
184 -1.32239703971929 0 2 11.5714285714286 7.23793859479623 R1
185 -1.32239703971929 0 2 11.5714285714286 7.23793859479623 R1
329 -1.34164078649987 0 1 4 2.23606797749979 R1
535 -1.36001851077489 0 1 5.6 3.38230690505755 R1
396 -1.37281294596729 0 1 3.33333333333333 1.69967317119759 R1
450 -1.37281294596729 0 2 6.66666666666667 3.39934634239519 R1
583 -1.38675049056307 0 1 3.5 1.80277563773199 R1
68 -1.38708028858848 0 1 5.06666666666667 2.93181779030614 R1
127 -1.41421356237309 0 2 2.66666666666667 0.471404520791032 R1
189 -1.41421356237309 0 2 2.66666666666667 0.471404520791032 R1
553 -1.41421356237309 0 1 2 0.707106781186548 R1
508 -1.46546408115872 0 5 10.4444444444444 3.71516744384456 R1
578 -1.4969103983675 0 1 3.2 1.46969384566991 R1
561 -1.5 0 1 4 2 R1
587 -1.5612494995996 0 3 6.54545454545454 2.27090836305397 R1
588 -1.5612494995996 0 3 6.54545454545454 2.27090836305397 R1
504 -1.58523219644633 0 1 8.88888888888889 4.97648792812416 R1
435 -1.63299316185545 0 3 5 1.22474487139159 R1
412 -1.66666666666667 0.5 1 3.5 1.5 R2
71 -1.73205080756888 0 3 6 1.73205080756888 R1
586 -1.73205080756888 0 1 2.5 0.866025403784439 R1
500 -1.76140969185596 0.666666666666667 1 3.75 1.5612494995996 R3
455 -1.77882927135864 0 5 12.2857142857143 4.09579176766614 R1
584 -1.97620985864493 0 3 8.66666666666667 2.86744175568088 R1
154 -1.99999999999999 0 4 6.4 1.20000000000001 R1
585 -2.13808993529939 0.5 1 3.66666666666667 1.24721912892465 R2
539 -2.17499830078324 0 1 9.57142857142857 3.94088977832392 R1
