66 3.06678037100338 0.704 13 3.63636363636364 3.05324647704485 R6
39 3.04702883066977 0.686390532544379 14 5.06666666666667 2.93181779030614 R6
27 2.75014196463351 0.203017832647462 24 8.26666666666667 5.72091678744665 R5
17 2.58558227168996 0.210059171597633 23 8.44444444444444 5.62950779595262 R5
88 2.54610773319088 0.39973701512163 30 11.5714285714286 7.23793859479623 R6
125 2.48597351327034 0.374291115311909 18 6.72727272727273 4.53453233212361 R2
93 2.32992949004287 0.13265306122449 13 5.4 3.26190128606002 R2
77 2.29174624257053 0.291666666666667 10 3.75 2.72717802865893 R2
199 2.24409622640292 0.0831758034026464 22 8.13333333333333 6.17917650032933 R2
250 2.24409622640292 0.320987654320988 22 8.13333333333333 6.17917650032933 R2
67 2.13874832910352 0.378071833648393 18 9.57142857142857 3.94088977832392 R2
64 2.08514414057075 0.40625 6 2.66666666666667 1.59861050777091 R2
233 2.0761369963435 0.314049586776859 9 4 2.40831891575846 R2
551 2 0.197530864197531 8 4 2 R2
272 1.9414506867883 0.37037037037037 7 3.5 1.80277563773199 R2
121 1.92042850144096 0.298611111111111 20 8.13333333333333 6.17917650032933 R2
172 1.85783812534892 0.561224489795919 9 4.72727272727273 2.29983829830428 R2
4 1.78885438199983 0.197530864197531 8 4 2.23606797749979 R2
108 1.73205080756888 0.694444444444444 4 2.5 0.866025403784439 R3
75 1.69249444457993 0.789256198347107 9 4.36363636363636 2.7393671224217 R3
61 1.6289594138375 0.207612456747405 15 7.14285714285714 4.82341229032404 R2
145 1.56892908110547 0.661157024793389 6 3.33333333333333 1.69967317119759 R3
26 1.52656185324995 0.265 17 8.26666666666667 5.72091678744665 R2
13 1.50755672288882 0.408163265306122 5 2.5 1.6583123951777 R2
50 1.5 0.56198347107438 7 4 2 R2
491 1.43492691399802 0.265 17 8.13333333333333 6.17917650032933 R2
58 1.42894169820514 0.442148760330578 16 8.88888888888889 4.97648792812416 R2
32 1.4142135623731 0.444444444444444 2 1.33333333333333 0.471404520791032 R2
36 1.4142135623731 0.444444444444444 2 1.33333333333333 0.471404520791032 R2
16 1.37749892382939 0.365650969529086 15 9.57142857142857 3.94088977832392 R2
405 1.32744662319994 0.513888888888889 8 4.36363636363636 2.7393671224217 R2
234 1.2456821978061 0.21875 7 4 2.40831891575846 R2
309 1.22620463933689 0.1171875 15 10.4444444444444 3.71516744384456 R2
306 1.22620463933689 0.1171875 15 10.4444444444444 3.71516744384456 R2
358 1.22474487139159 0.743801652892562 5 3.2 1.46969384566991 R3
318 1.22474487139159 0.375 3 2 0.816496580927726 R2
28 1.1769675357118 0.6176 15 8.26666666666667 5.72091678744665 R2
46 1.16449888572296 0.1171875 15 8.44444444444444 5.62950779595262 R2
92 1.10365081107294 0.18 9 5.4 3.26190128606002 R2
19 1.0690449676497 0.808888888888889 5 3.66666666666667 1.24721912892465 R4
155 1.00523107318144 0.314049586776859 9 5.6 3.38230690505755 R2
29 1 0.277777777777778 5 3.5 1.5 R2
7 0.986863462477086 0.2265625 14 8.44444444444444 5.62950779595262 R2
146 0.98058067569092 0.53125 5 3.33333333333333 1.69967317119759 R2
112 0.967325042598247 0.491349480968858 11 6.11111111111111 5.05402907357518 R2
483 0.949425326555082 0.124444444444444 14 8.13333333333333 6.17917650032933 R2
62 0.888177116229378 0.309917355371901 18 11.5714285714286 7.23793859479623 R2
359 0.832050294337844 0.448979591836735 5 3.5 1.80277563773199 R2
227 0.8304547985374 0.244897959183674 6 4 2.40831891575846 R2
321 0.800640769025436 0.277777777777778 5 3.75 1.5612494995996 R2
198 0.787591464074102 0.24 13 8.13333333333333 6.17917650032933 R2
120 0.787591464074102 0.13265306122449 13 8.13333333333333 6.17917650032933 R2
34 0.787591464074102 0.54 13 8.13333333333333 6.17917650032933 R2
124 0.721734245788163 0.277777777777778 10 6.72727272727273 4.53453233212361 R2
283 0.709574875186899 0.5 8 5.6 3.38230690505755 R2
128 0.707106781186548 0.375 3 2.66666666666667 0.471404520791032 R2
25 0.641688947919748 0.375 6 4.25 2.72717802865893 R2
157 0.473694461989002 0.290123456790123 15 11.5714285714286 7.23793859479623 R2
44 0.453957192739459 0.260355029585799 11 8.44444444444444 5.62950779595262 R2
242 0.373739221003868 0.396694214876033 8 6.11111111111111 5.05402907357518 R2
30 0.333333333333333 0.32 4 3.5 1.5 R2
480 0.318346295741618 0.244897959183674 6 5.06666666666667 2.93181779030614 R2
106 0.276321769493584 0.390532544378698 10 8.44444444444444 5.62950779595262 R2
176 0.276321769493584 0.277777777777778 10 8.44444444444444 5.62950779595262 R2
22 0.275009549108463 0.277777777777778 5 4.25 2.72717802865893 R2
524 0.267261241912424 0.716049382716049 4 3.66666666666667 1.24721912892465 R3
427 0.267261241912424 0.489795918367347 4 3.66666666666667 1.24721912892465 R2
274 0.267261241912424 0.32 4 3.66666666666667 1.24721912892465 R2
326 0.23230315905999 0.277777777777778 5 4.36363636363636 2.7393671224217 R2
287 0.18394180184549 0.493827160493827 6 5.4 3.26190128606002 R2
282 0.160128153805087 0.489795918367347 4 3.75 1.5612494995996 R2
296 0.140256014150182 0.314049586776859 9 8.13333333333333 6.17917650032933 R2
251 0.119098266835083 0.32 4 3.63636363636364 3.05324647704485 R2
275 0 0.444444444444444 2 2 0.707106781186548 R2
248 -0.0215778483307975 0.429752066115702 8 8.13333333333333 6.17917650032933 R2
18 -0.0789490769981669 0.396694214876033 8 8.44444444444444 5.62950779595262 R2
286 -0.122627867896993 0.277777777777778 5 5.4 3.26190128606002 R2
298 -0.122627867896993 0.448979591836735 5 5.4 3.26190128606002 R2
425 -0.132744662319994 0.65625 4 4.36363636363636 2.7393671224217 R3
247 -0.183411710811778 0.21875 7 8.13333333333333 6.17917650032933 R2
460 -0.196116135138184 0.375 3 3.33333333333333 1.69967317119759 R2
107 -0.208421966961395 0.666666666666667 3 3.63636363636364 3.05324647704485 R3
254 -0.208421966961395 0.375 3 3.63636363636364 3.05324647704485 R2
253 -0.208421966961395 0.375 3 3.63636363636364 3.05324647704485 R2
60 -0.219846600590511 0.493827160493827 5 6.11111111111111 5.05402907357518 R2
482 -0.355270846491751 0.6484375 9 11.5714285714286 7.23793859479623 R3
43 -0.36382433799042 0.32 4 5.06666666666667 2.93181779030614 R2
518 -0.380915296388197 0.578512396694215 5 6.72727272727273 4.53453233212361 R2
519 -0.380915296388197 0.277777777777778 5 6.72727272727273 4.53453233212361 R2
317 -0.4152273992687 0.375 3 4 2.40831891575846 R2
528 -0.417028828114149 0.444444444444444 2 2.66666666666667 1.59861050777091 R2
156 -0.41770854112197 0.32 4 6.11111111111111 5.05402907357518 R2
426 -0.434219923489918 0.40625 6 8.44444444444444 5.62950779595262 R2
105 -0.434219923489918 0.375 6 8.44444444444444 5.62950779595262 R2
302 -0.480384461415261 0.56 3 3.75 1.5612494995996 R2
431 -0.497792483699979 0.375 3 4.36363636363636 2.7393671224217 R2
132 -0.571004051978991 0.277777777777778 5 8.26666666666667 5.72091678744665 R2
213 -0.577350269189626 0.444444444444444 2 2.5 0.866025403784439 R2
212 -0.577350269189626 0.444444444444444 2 2.5 0.866025403784439 R2
113 -0.61557048165343 0.375 3 6.11111111111111 5.05402907357518 R2
560 -0.668913298254717 0.32 4 8.13333333333333 6.17917650032933 R2
492 -0.668913298254717 0.32 4 8.13333333333333 6.17917650032933 R2
289 -0.668913298254717 0.32 4 8.13333333333333 6.17917650032933 R2
490 -0.668913298254717 0.32 4 8.13333333333333 6.17917650032933 R2
35 -0.707106781186548 0.777777777777778 1 1.33333333333333 0.471404520791032 R3
183 -0.735767207381959 0.375 3 5.4 3.26190128606002 R2
74 -0.75104094428999 0.56 3 4.72727272727273 2.29983829830428 R2
579 -0.816496580927727 0.625 2 3.2 1.46969384566991 R3
355 -0.894427190999916 0.444444444444444 2 4 2.23606797749979 R2
84 -0.996588185209509 0.611111111111111 3 7.26315789473684 4.27775279499286 R2
565 -1 0.444444444444444 2 4 2 R2
459 -1 0.625 2 4 2 R3
94 -1.04233687712444 0.444444444444444 2 5.4 3.26190128606002 R2
420 -1.06436231278035 0.64 2 5.6 3.38230690505755 R3
59 -1.06622797996637 0.5 2 7.14285714285714 4.82341229032404 R2
424 -1.22788812645995 0.5 1 4.36363636363636 2.7393671224217 R2
412 -1.66666666666667 0.5 1 3.5 1.5 R2
500 -1.76140969185596 0.666666666666667 1 3.75 1.5612494995996 R3
585 -2.13808993529939 0.5 1 3.66666666666667 1.24721912892465 R2
