*Vertices 123
0.0625525
0.0528967
0.0463896
0.0371537
0.0365239
0.0329555
0.0325357
0.0287573
0.0287573
0.0268682
0.0251889
0.0241394
0.0235097
0.0220403
0.0214106
0.0214106
0.0205709
0.0199412
0.0193115
0.0186818
0.0161629
0.0157431
0.0157431
0.0151134
0.0125945
0.0123846
0.0121746
0.0121746
0.0117548
0.0115449
0.0115449
0.0111251
0.0111251
0.00923594
0.00923594
0.00902603
0.00881612
0.00860621
0.00860621
0.00860621
0.00839631
0.00797649
0.00755668
0.00713686
0.00692695
0.00692695
0.00608732
0.00587741
0.0054576
0.00524769
0.00503778
0.00461797
0.00440806
0.00419815
0.00398825
0.00377834
0.00335852
0.00335852
0.00335852
0.00314861
0.00314861
0.00251889
0.00251889
0.00251889
0.00251889
0.00251889
0.00230898
0.00230898
0.00209908
0.00209908
0.00167926
0.00167926
0.00167926
0.00125945
0.00125945
0.00125945
0.00125945
0.00125945
0.00125945
0.00125945
0.00125945
0.000839631
0.000839631
0.000839631
0.000839631
0.000839631
0.000839631
0.000839631
0.000419815
0.000419815
0.000419815
0.000419815
0.000419815
0.000419815
0.000419815
0.000419815
0.000419815
0.000419815
0.000419815
0.000419815
0.000419815
0.000419815
0.000419815
0.000419815
0.000419815
0.000419815
0.000419815
0.000419815
0.000419815
0.000419815
0.000419815
0.000419815
0.000419815
0.000419815
0.000419815
0.000419815
0.000419815
0.000419815
0.000419815
0.000419815
0.000419815
0.000419815
0.000419815
