2 3.54560533974853 0.370626682045367 40 8.25 8.95474734428616 R6
27 3.4398578731893 0.62037037037037 21 4.53333333333333 4.78701948560433 R6
46 2.83217462837684 0.488165680473373 18 5.05882352941176 4.56934270257375 R6
201 2.76265019416976 0.618343195266272 14 4.88888888888889 3.29796046214574 R6
334 2.7608055426079 0 11 3.66666666666667 2.65622957508487 R5
155 2.75138028232084 0 18 5.14285714285714 4.67297920965604 R5
52 2.74003877709787 0.291666666666667 10 4.36363636363636 2.05703790890632 R5
90 2.73394450469364 0.664819944598338 10 2.88888888888889 2.60104442460436 R6
4 2.72484366928624 0.533081285444234 15 5.27272727272727 3.56984616655852 R6
95 2.69277517212175 0.511080332409972 26 8.18181818181818 6.61703286730103 R6
50 2.67078956174329 0.446745562130178 19 7.73333333333333 4.2184778718817 R6
148 2.66476738603482 0.13265306122449 13 4.54545454545454 3.17271424847548 R5
83 2.65235517993071 0.495274102079395 31 9.54545454545454 8.08886593201517 R6
57 2.65035662579632 0.197530864197531 16 5.71428571428571 3.88087934491604 R5
146 2.62544867055146 0.697231833910035 17 5.86666666666667 4.2405450383438 R6
203 2.61298846215876 0.382716049382716 14 4.46153846153846 3.65040323621682 R6
88 2.58557250627113 0.5 11 3.4 2.93938769133981 R6
13 2.54055185761509 0.37375 31 8.25 8.95474734428616 R6
347 2.38220686120112 0.169421487603306 20 6.14285714285714 5.81693516328638 R2
55 2.21540359361084 0.420415224913495 25 8.66666666666667 7.37262202717293 R2
405 2.17662695885923 0 9 5.6 1.56204993518133 R1
645 2.10887847469991 0.197530864197531 8 3.66666666666667 2.05480466765633 R2
218 2.08166599946613 0.244897959183674 6 2.75 1.5612494995996 R2
264 2.03705428595667 0.743484224965707 11 4.57142857142857 3.15581743348207 R3
12 2.03422155748923 0.278876170655567 26 9.54545454545454 8.08886593201517 R2
167 2.03293199591132 0 5 2.44444444444444 1.25707872210942 R1
40 2.003952387048 0.335 16 6.875 4.55350140002175 R2
38 2.003952387048 0 16 6.875 4.55350140002175 R1
478 2 0 4 2.4 0.799999999999999 R1
659 2 0.32 4 2.4 0.8 R2
10 1.98431348329844 0.337777777777778 12 6 3.02371578407382 R2
71 1.9821888119854 0.185493460166468 26 8.25 8.95474734428616 R2
100 1.97778358446437 0.24 13 5.75 3.66571957465379 R2
254 1.90515868883136 0.459183673469388 10 5.33333333333333 2.44948974278318 R2
140 1.89093895147445 0.6112 15 7.14285714285714 4.15515416349971 R2
16 1.88585567128114 0.2265625 14 5.6 4.45421149026402 R2
283 1.87082869338697 0 7 4.66666666666667 1.24721912892465 R1
350 1.86647135516789 0.427221172022684 17 6.14285714285714 5.81693516328638 R2
345 1.85299708145532 0.272189349112426 11 4.88888888888889 3.29796046214574 R2
66 1.84158640879103 0.458049886621315 15 6.85714285714286 4.42165358301205 R2
221 1.83548054265336 0.0950000000000001 19 8.26666666666667 5.8476966025569 R2
216 1.83548054265336 0.716446124763705 19 8.26666666666667 5.8476966025569 R3
197 1.80849272947823 0.272189349112426 22 8.66666666666667 7.37262202717293 R2
113 1.78885438199983 0.40625 6 3.71428571428571 1.27775312999988 R2
343 1.78092619532859 0 13 9.27272727272727 2.09288444240387 R1
47 1.73792534014033 0.444444444444444 13 5.05882352941176 4.56934270257375 R2
400 1.69967317119759 0.197530864197531 8 4.28571428571429 2.18529407725405 R2
177 1.68139906141829 0 13 5.14285714285714 4.67297920965604 R1
7 1.66666666666667 0 7 4.5 1.5 R1
37 1.66334138402434 0.1472 23 9.54545454545454 8.08886593201517 R2
348 1.6431676725155 0.545454545454546 7 4 1.82574185835055 R2
191 1.63299316185545 0 5 3 1.22474487139159 R1
332 1.63299316185545 0.408163265306122 5 3 1.22474487139159 R2
226 1.6264405689988 0.3601108033241 15 7.44444444444444 4.64545443563708 R2
306 1.6264405689988 0.467120181405896 15 7.44444444444444 4.64545443563708 R2
186 1.61966238243108 0 12 5.71428571428571 3.88087934491604 R1
195 1.60356745147455 0.244897959183674 6 3.6 1.49666295470958 R2
129 1.58113883008419 0 5 2.85714285714286 1.35526185435788 R1
79 1.57841037450494 0.124444444444444 14 7.2 4.3081318457076 R2
81 1.57841037450494 0.549586776859504 14 7.2 4.3081318457076 R2
64 1.50755672288882 0 5 3.33333333333333 1.10554159678513 R1
301 1.4884168150705 0 6 3.81818181818182 1.46586504514519 R1
85 1.4884168150705 0 6 3.81818181818182 1.46586504514519 R1
632 1.46671759524514 0.42 7 3.8 2.18174242292714 R2
188 1.44635495623194 0.255102040816327 12 5.86666666666667 4.2405450383438 R2
617 1.44524400696686 0 19 11.8888888888889 4.92035329455213 R1
615 1.44524400696686 0 19 11.8888888888889 4.92035329455213 R1
614 1.44524400696686 0 19 11.8888888888889 4.92035329455213 R1
616 1.44524400696686 0 19 11.8888888888889 4.92035329455213 R1
613 1.44524400696686 0 19 11.8888888888889 4.92035329455213 R1
15 1.4368424162142 0.526315789473684 12 5.6 4.45421149026402 R2
446 1.4368424162142 0 12 5.6 4.45421149026402 R1
269 1.4368424162142 0.456747404844291 12 5.6 4.45421149026402 R2
392 1.4142135623731 0 2 1.33333333333333 0.471404520791032 R1
207 1.4142135623731 0.444444444444444 2 1.33333333333333 0.471404520791032 R2
606 1.41421356237309 0.56 3 2 0.707106781186548 R2
482 1.41421356237309 0 3 2 0.707106781186548 R1
134 1.41421356237309 0.32 4 3.33333333333333 0.471404520791033 R2
93 1.41117637604307 0.611111111111111 14 7.44444444444444 4.64545443563708 R2
123 1.41117637604307 0.2265625 14 7.44444444444444 4.64545443563708 R2
141 1.40960903655368 0.6848 13 7.14285714285714 4.15515416349971 R3
39 1.34511872555277 0.13265306122449 13 6.875 4.55350140002175 R2
378 1.34164078649987 0 4 2.5 1.11803398874989 R1
395 1.34164078649987 0.53125 5 3.5 1.11803398874989 R2
654 1.25491161027632 0 7 3.66666666666667 2.65622957508487 R1
58 1.24656167297904 0.18 9 4.88888888888889 3.29796046214574 R2
431 1.24327676828521 0 9 4.46153846153846 3.65040323621682 R1
166 1.23743686707646 0 4 2.44444444444444 1.25707872210942 R1
109 1.22474487139159 0.32 4 2.8 0.979795897113271 R2
292 1.22474487139159 0.375 3 2 0.816496580927726 R2
115 1.21846730636776 0.5390625 10 5.6 3.61109401705356 R2
182 1.20048054810383 0.172335600907029 19 8.25 8.95474734428616 R2
211 1.1815238000126 0 16 8.18181818181818 6.61703286730103 R1
200 1.1689440790933 0.456747404844291 12 7.14285714285714 4.15515416349971 R2
102 1.15939037709981 0.277777777777778 10 5.75 3.66571957465379 R2
258 1.1514505267577 0.581632653061224 15 8.26666666666667 5.8476966025569 R2
213 1.14856518970952 0.4609375 11 7.16666666666667 3.33749739908346 R2
562 1.13554994791534 0 6 3.66666666666667 2.05480466765633 R1
398 1.13554994791534 0 6 3.66666666666667 2.05480466765633 R1
185 1.10431526074847 0.165289256198347 10 5.71428571428571 3.88087934491604 R2
337 1.08866210790363 0.728395061728395 8 5.33333333333333 2.44948974278318 R3
49 1.01142326598562 0.646502835538752 12 7.73333333333333 4.2184778718817 R3
48 1.01142326598562 0.518518518518518 12 7.73333333333333 4.2184778718817 R2
633 1.00836834673103 0 6 3.8 2.18174242292714 R1
422 1.00691217844583 0 12 6.14285714285714 5.81693516328638 R1
32 1 0.744897959183674 4 3.5 0.5 R3
31 1 0.32 4 3.5 0.5 R2
96 1 0.277777777777778 5 3.5 1.5 R2
24 0.994671001213029 0.265927977839335 16 8.66666666666667 7.37262202717293 R2
227 0.980647990131627 0.244897959183674 12 7.44444444444444 4.64545443563708 R2
545 0.974717470504136 0.291666666666667 10 5.86666666666667 4.2405450383438 R2
114 0.941542918556909 0.297520661157025 9 5.6 3.61109401705356 R2
234 0.936947471139295 0 11 6.85714285714286 4.42165358301205 R1
570 0.928279121632914 0 11 7.14285714285714 4.15515416349971 R1
192 0.884537962671703 0 6 3.4 2.93938769133981 R1
676 0.862525909551128 0.18 9 5.05882352941176 4.56934270257375 R2
486 0.851256530758748 0 6 4.57142857142857 1.67819144635296 R1
485 0.851256530758748 0 6 4.57142857142857 1.67819144635296 R1
487 0.851256530758748 0 6 4.57142857142857 1.67819144635296 R1
111 0.851256530758748 0.652777777777778 6 4.57142857142857 1.67819144635296 R3
519 0.848939488046167 0 10 7.16666666666667 3.33749739908346 R1
520 0.848939488046167 0 10 7.16666666666667 3.33749739908346 R1
524 0.848939488046167 0 10 7.16666666666667 3.33749739908346 R1
238 0.846641699907157 0 9 5.71428571428571 3.88087934491604 R1
450 0.843274042711568 0 4 2.85714285714286 1.35526185435788 R1
342 0.825307261249834 0 11 9.27272727272727 2.09288444240387 R1
768 0.825307261249834 0 11 9.27272727272727 2.09288444240387 R1
578 0.816496580927726 0 6 5 1.22474487139159 R1
382 0.816496580927726 0 6 5 1.22474487139159 R1
577 0.816496580927726 0 6 5 1.22474487139159 R1
383 0.816496580927726 0 6 5 1.22474487139159 R1
386 0.806225774829854 0 5 3.81818181818182 1.46586504514519 R1
689 0.800640769025436 0.32 4 2.75 1.5612494995996 R2
441 0.795495128834866 0.244897959183674 6 4.36363636363636 2.05703790890632 R2
399 0.784464540552736 0.244897959183674 6 4.28571428571429 2.18529407725405 R2
402 0.784464540552736 0.244897959183674 6 4.28571428571429 2.18529407725405 R2
356 0.769553841361408 0.663265306122449 7 4.57142857142857 3.15581743348207 R3
244 0.707106781186548 0 3 2.66666666666667 0.471404520791032 R1
419 0.707106781186548 0 3 2.66666666666667 0.471404520791032 R1
421 0.707106781186548 0 3 2.66666666666667 0.471404520791032 R1
242 0.707106781186548 0 3 2.66666666666667 0.471404520791032 R1
171 0.702959491566638 0 7 5.14285714285714 2.64189171555813 R1
170 0.702959491566638 0 7 5.14285714285714 2.64189171555813 R1
174 0.702959491566638 0 7 5.14285714285714 2.64189171555813 R1
173 0.702959491566638 0 7 5.14285714285714 2.64189171555813 R1
430 0.695392090735798 0.486111111111111 7 4.46153846153846 3.65040323621682 R2
530 0.680413817439772 0.603550295857988 7 5.33333333333333 2.44948974278318 R2
9 0.661437827766147 0 8 6 3.02371578407382 R1
362 0.643676051903827 0.197530864197531 8 5.05882352941176 4.56934270257375 R2
61 0.603022689155528 0 4 3.33333333333333 1.10554159678513 R1
63 0.603022689155528 0 4 3.33333333333333 1.10554159678513 R1
118 0.588968139065848 0 8 5.71428571428571 3.88087934491604 R1
119 0.588968139065848 0 8 5.71428571428571 3.88087934491604 R1
273 0.588968139065848 0.396694214876033 8 5.71428571428571 3.88087934491604 R2
184 0.588968139065848 0 8 5.71428571428571 3.88087934491604 R1
540 0.587760137080426 0.380622837370242 13 8.66666666666667 7.37262202717293 R2
291 0.55070086362968 0.680384087791495 14 9.54545454545454 8.08886593201517 R3
228 0.550119604220181 0.165289256198347 10 7.44444444444444 4.64545443563708 R2
634 0.550019098216927 0 5 3.8 2.18174242292714 R1
637 0.550019098216927 0 5 3.8 2.18174242292714 R1
635 0.550019098216927 0 5 3.8 2.18174242292714 R1
636 0.550019098216927 0 5 3.8 2.18174242292714 R1
358 0.547722557505166 0.277777777777778 5 4 1.82574185835055 R2
359 0.547722557505166 0 5 4 1.82574185835055 R1
340 0.537318610054862 0.390532544378698 10 7.73333333333333 4.2184778718817 R2
180 0.530444893348206 0 13 8.25 8.95474734428616 R1
17 0.483850745013444 0.345679012345679 7 5.27272727272727 3.56984616655852 R2
3 0.483850745013444 0.545454545454546 7 5.27272727272727 3.56984616655852 R2
260 0.467420510862035 0.152777777777778 11 8.26666666666667 5.8476966025569 R2
257 0.467420510862035 0.614958448753463 11 8.26666666666667 5.8476966025569 R2
259 0.467420510862035 0.152777777777778 11 8.26666666666667 5.8476966025569 R2
418 0.458454604049002 0 6 4.54545454545454 3.17271424847548 R1
376 0.458454604049002 0.244897959183674 6 4.54545454545454 3.17271424847548 R2
164 0.458454604049002 0 6 4.54545454545454 3.17271424847548 R1
539 0.452123182369559 0 12 8.66666666666667 7.37262202717293 R1
428 0.447213595499958 0.32 4 3.5 1.11803398874989 R2
377 0.447213595499958 0 3 2.5 1.11803398874989 R1
245 0.441941738241592 0.375 3 2.44444444444444 1.25707872210942 R2
144 0.429056814568287 0.43213296398892 14 11.8888888888889 4.92035329455213 R2
412 0.427074139141385 0 13 9.54545454545454 8.08886593201517 R1
429 0.42144975196109 0 6 4.46153846153846 3.65040323621682 R1
86 0.418772284222268 0.32 12 8.25 8.95474734428616 R2
78 0.417814510898367 0.473372781065089 9 7.2 4.3081318457076 R2
323 0.417814510898367 0.18 9 7.2 4.3081318457076 R2
256 0.397421596335233 0 7 5.14285714285714 4.67297920965604 R1
255 0.397421596335233 0 7 5.14285714285714 4.67297920965604 R1
56 0.336908560264605 0.444444444444444 6 4.88888888888889 3.29796046214574 R2
295 0.333333333333333 0.32 4 3.5 1.5 R2
296 0.333333333333333 0 4 3.5 1.5 R1
172 0.324442842261525 0.58 6 5.14285714285714 2.64189171555813 R2
403 0.319264837068191 0.444444444444444 8 6.14285714285714 5.81693516328638 R2
547 0.309359216769115 0 5 4.36363636363636 2.05703790890632 R1
527 0.306384102065444 0 6 4.53333333333333 4.78701948560433 R1
529 0.306384102065444 0 6 4.53333333333333 4.78701948560433 R1
528 0.306384102065444 0 6 4.53333333333333 4.78701948560433 R1
67 0.303447414653089 0 12 9.54545454545454 8.08886593201517 R1
68 0.303447414653089 0 12 9.54545454545454 8.08886593201517 R1
51 0.300266282089482 0.314049586776859 9 7.73333333333333 4.2184778718817 R2
108 0.29641300688812 0.277777777777778 10 8.26666666666667 5.8476966025569 R2
159 0.274772976747117 0 10 8.18181818181818 6.61703286730103 R1
193 0.267261241912425 0 4 3.6 1.49666295470958 R1
271 0.267261241912425 0.32 4 3.6 1.49666295470958 R2
189 0.267261241912424 0 7 5.86666666666667 4.2405450383438 R1
516 0.267261241912424 0.48 7 5.86666666666667 4.2405450383438 R2
279 0.267261241912424 0 5 4.66666666666667 1.24721912892465 R1
280 0.267261241912424 0 5 4.66666666666667 1.24721912892465 R1
281 0.267261241912424 0 5 4.66666666666667 1.24721912892465 R1
284 0.267261241912424 0 5 4.66666666666667 1.24721912892465 R1
282 0.267261241912424 0 5 4.66666666666667 1.24721912892465 R1
437 0.256073759865792 0 6 5.6 1.56204993518133 R1
436 0.256073759865792 0 6 5.6 1.56204993518133 R1
432 0.256073759865792 0 6 5.6 1.56204993518133 R1
434 0.256073759865792 0 6 5.6 1.56204993518133 R1
433 0.256073759865792 0 6 5.6 1.56204993518133 R1
435 0.256073759865792 0 6 5.6 1.56204993518133 R1
523 0.249688084719461 0 8 7.16666666666667 3.33749739908346 R1
525 0.249688084719461 0 8 7.16666666666667 3.33749739908346 R1
521 0.249688084719461 0 8 7.16666666666667 3.33749739908346 R1
518 0.249688084719461 0 8 7.16666666666667 3.33749739908346 R1
522 0.249688084719461 0 8 7.16666666666667 3.33749739908346 R1
73 0.247062623060713 0 8 6.875 4.55350140002175 R1
74 0.247062623060713 0 8 6.875 4.55350140002175 R1
41 0.247062623060713 0 8 6.875 4.55350140002175 R1
75 0.247062623060713 0 8 6.875 4.55350140002175 R1
389 0.223606797749979 0.444444444444444 4 3.71428571428571 1.27775312999988 R2
415 0.223606797749979 0 4 3.71428571428571 1.27775312999988 R1
416 0.223606797749979 0 4 3.71428571428571 1.27775312999988 R1
91 0.223606797749979 0.745562130177515 4 3.71428571428571 1.27775312999988 R3
572 0.206284249251759 0 8 7.14285714285714 4.15515416349971 R1
573 0.206284249251759 0 8 7.14285714285714 4.15515416349971 R1
675 0.205976336609225 0 6 5.05882352941176 4.56934270257375 R1
677 0.205976336609225 0 6 5.05882352941176 4.56934270257375 R1
674 0.205976336609225 0 6 5.05882352941176 4.56934270257375 R1
576 0.204124145231932 0 4 3.4 2.93938769133981 R1
460 0.204124145231931 0 3 2.8 0.979795897113271 R1
462 0.204124145231931 0 3 2.8 0.979795897113271 R1
461 0.204124145231931 0 3 2.8 0.979795897113271 R1
352 0.203726629479345 0 6 5.27272727272727 3.56984616655852 R1
270 0.203726629479345 0.40625 6 5.27272727272727 3.56984616655852 R2
684 0.195427065970392 0 10 8.25 8.95474734428616 R1
685 0.195427065970392 0 10 8.25 8.95474734428616 R1
683 0.195427065970392 0 10 8.25 8.95474734428616 R1
59 0.180849272947824 0 10 8.66666666666667 7.37262202717293 R1
35 0.179820690164794 0 11 9.54545454545454 8.08886593201517 R1
36 0.179820690164794 0 11 9.54545454545454 8.08886593201517 R1
646 0.162221421130763 0.32 4 3.66666666666667 2.05480466765633 R2
537 0.162221421130763 0.59375 4 3.66666666666667 2.05480466765633 R2
697 0.162221421130763 0 4 3.66666666666667 2.05480466765633 R1
690 0.160128153805087 0.375 3 2.75 1.5612494995996 R2
406 0.160128153805087 0.5 3 2.75 1.5612494995996 R2
215 0.147507413186381 0.448979591836735 5 4.46153846153846 3.65040323621682 R2
653 0.125491161027632 0 4 3.66666666666667 2.65622957508487 R1
762 0.125491161027632 0 4 3.66666666666667 2.65622957508487 R1
84 0.124034734589209 0 4 3.81818181818182 1.46586504514519 R1
742 0.124034734589209 0 4 3.81818181818182 1.46586504514519 R1
388 0.124034734589209 0.444444444444444 4 3.81818181818182 1.46586504514519 R2
741 0.124034734589209 0 4 3.81818181818182 1.46586504514519 R1
303 0.119591218308735 0.197530864197531 8 7.44444444444444 4.64545443563708 R2
305 0.119591218308735 0.197530864197531 8 7.44444444444444 4.64545443563708 R2
304 0.119591218308735 0.197530864197531 8 7.44444444444444 4.64545443563708 R2
470 0.110769755124342 0 6 5.6 3.61109401705356 R1
130 0.105409255338946 0.6875 3 2.85714285714286 1.35526185435788 R3
131 0.105409255338946 0 3 2.85714285714286 1.35526185435788 R1
505 0.105409255338946 0.56 3 2.85714285714286 1.35526185435788 R2
300 0.0974858506571866 0.277777777777778 5 4.53333333333333 4.78701948560433 R2
299 0.0974858506571866 0.277777777777778 5 4.53333333333333 4.78701948560433 R2
509 0.0898026510133873 0.54 6 5.6 4.45421149026402 R2
585 0.0898026510133873 0 6 5.6 4.45421149026402 R1
126 0.0837544568444535 0 9 8.25 8.95474734428616 R1
158 0.0837544568444535 0 9 8.25 8.95474734428616 R1
272 0.073621017383231 0 6 5.71428571428571 3.88087934491604 R1
643 0.0681994339470473 0 6 5.75 3.66571957465379 R1
716 0.0632139541241012 0.34 8 7.73333333333333 4.2184778718817 R2
575 0.0561939656764981 0 10 9.54545454545454 8.08886593201517 R1
609 0.0452123182369559 0 9 8.66666666666667 7.37262202717293 R1
666 0.0427178828858381 0 3 2.88888888888889 2.60104442460436 R1
526 0.0427178828858381 0 3 2.88888888888889 2.60104442460436 R1
569 0.0336908560264606 0 5 4.88888888888889 3.29796046214574 R1
567 0.0336908560264606 0 5 4.88888888888889 3.29796046214574 R1
568 0.0336908560264606 0 5 4.88888888888889 3.29796046214574 R1
566 0.0336908560264606 0 5 4.88888888888889 3.29796046214574 R1
565 0.0336908560264606 0 5 4.88888888888889 3.29796046214574 R1
65 0.0323085334875622 0 7 6.85714285714286 4.42165358301205 R1
625 0.0323085334875622 0 7 6.85714285714286 4.42165358301205 R1
199 0.0314424990485204 0 6 5.86666666666667 4.2405450383438 R1
407 0.0314424990485204 0.244897959183674 6 5.86666666666667 4.2405450383438 R2
367 0.0274514025623014 0.345679012345679 7 6.875 4.55350140002175 R2
127 0 0.375 3 3 1.22474487139159 R2
580 0 0 5 5 1.22474487139159 R1
23 0 0 10 10 1.19209289550781e-07 R1
8 0 0.6484375 6 6 3.02371578407382 R3
21 0 0 10 10 1.19209289550781e-07 R1
22 0 0 10 10 1.19209289550781e-07 R1
20 0 0 10 10 1.19209289550781e-07 R1
468 0 0 5 5 5.96046447753906e-08 R1
483 0 0 2 2 0.707106781186548 R1
469 0 0 5 5 5.96046447753906e-08 R1
11 0 0 6 6 3.02371578407382 R1
465 0 0.53125 5 5 5.96046447753906e-08 R2
704 0 0 2 2 0.707106781186548 R1
554 0 0.444444444444444 2 2 0.816496580927726 R2
467 0 0 5 5 5.96046447753906e-08 R1
484 0 0 2 2 0.707106781186548 R1
464 0 0 5 5 5.96046447753906e-08 R1
705 0 0 2 2 0.707106781186548 R1
18 0 0 10 10 1.19209289550781e-07 R1
190 0 0 3 3 1.22474487139159 R1
357 0 0.448979591836735 5 5 1.22474487139159 R2
19 0 0 10 10 1.19209289550781e-07 R1
466 0 0 5 5 5.96046447753906e-08 R1
206 -0.0279181522814845 0.5 8 8.25 8.95474734428616 R2
571 -0.0343807082086265 0.345679012345679 7 7.14285714285714 4.15515416349971 R2
650 -0.0456020010597109 0 8 8.26666666666667 5.8476966025569 R1
82 -0.046423834544263 0.21875 7 7.2 4.3081318457076 R2
80 -0.046423834544263 0.653061224489796 7 7.2 4.3081318457076 R3
574 -0.0674327588117975 0 9 9.54545454545454 8.08886593201517 R1
26 -0.111412400751071 0 4 4.53333333333333 4.78701948560433 R1
28 -0.111412400751071 0.444444444444444 4 4.53333333333333 4.78701948560433 R2
214 -0.126434925588327 0.5 4 4.46153846153846 3.65040323621682 R2
772 -0.130311672828922 0 9 9.27272727272727 2.09288444240387 R1
773 -0.130311672828922 0 9 9.27272727272727 2.09288444240387 R1
775 -0.130311672828922 0 9 9.27272727272727 2.09288444240387 R1
769 -0.130311672828922 0 9 9.27272727272727 2.09288444240387 R1
774 -0.130311672828922 0 9 9.27272727272727 2.09288444240387 R1
770 -0.130311672828922 0 9 9.27272727272727 2.09288444240387 R1
771 -0.130311672828922 0 9 9.27272727272727 2.09288444240387 R1
445 -0.134703976520081 0 5 5.6 4.45421149026402 R1
743 -0.136082763487954 0 5 5.33333333333333 2.44948974278318 R1
744 -0.136082763487954 0.46875 5 5.33333333333333 2.44948974278318 R2
745 -0.136082763487954 0 5 5.33333333333333 2.44948974278318 R1
607 -0.136082763487954 0 3 3.4 2.93938769133981 R1
608 -0.136082763487954 0 3 3.4 2.93938769133981 R1
181 -0.139590761407423 0.21875 7 8.25 8.95474734428616 R2
125 -0.139590761407423 0 7 8.25 8.95474734428616 R1
44 -0.139590761407423 0 7 8.25 8.95474734428616 R1
563 -0.171920476518376 0.32 4 4.54545454545454 3.17271424847548 R2
668 -0.171920476518376 0 4 4.54545454545454 3.17271424847548 R1
667 -0.171920476518376 0 4 4.54545454545454 3.17271424847548 R1
341 -0.173838373841279 0.37037037037037 7 7.73333333333333 4.2184778718817 R2
438 -0.176776695296637 0 4 4.36363636363636 2.05703790890632 R1
53 -0.176776695296637 0.32 4 4.36363636363636 2.05703790890632 R2
440 -0.176776695296637 0 4 4.36363636363636 2.05703790890632 R1
439 -0.176776695296637 0 4 4.36363636363636 2.05703790890632 R1
327 -0.180655500870857 0 11 11.8888888888889 4.92035329455213 R1
326 -0.180655500870857 0 11 11.8888888888889 4.92035329455213 R1
532 -0.181071492085037 0.32 4 4.57142857142857 3.15581743348207 R2
531 -0.181071492085037 0.32 4 4.57142857142857 3.15581743348207 R2
629 -0.184052543458078 0 5 5.71428571428571 3.88087934491604 R1
628 -0.184052543458078 0 5 5.71428571428571 3.88087934491604 R1
488 -0.191059483300093 0.429752066115702 8 9.54545454545454 8.08886593201517 R2
379 -0.191059483300093 0.197530864197531 8 9.54545454545454 8.08886593201517 R2
535 -0.196470668965041 0 5 6.14285714285714 5.81693516328638 R1
424 -0.196470668965041 0 5 6.14285714285714 5.81693516328638 R1
423 -0.196470668965041 0 5 6.14285714285714 5.81693516328638 R1
136 -0.204376243815384 0.788927335640138 5 5.86666666666667 4.2405450383438 R3
448 -0.204376243815384 0.617283950617284 5 5.86666666666667 4.2405450383438 R2
101 -0.204598301841142 0.408163265306122 5 5.75 3.66571957465379 R2
278 -0.244567136206297 0 4 5.14285714285714 4.67297920965604 R1
276 -0.244567136206297 0 4 5.14285714285714 4.67297920965604 R1
564 -0.244567136206297 0 4 5.14285714285714 4.67297920965604 R1
277 -0.244567136206297 0 4 5.14285714285714 4.67297920965604 R1
669 -0.250982322055263 0 3 3.66666666666667 2.65622957508487 R1
336 -0.250982322055263 0 3 3.66666666666667 2.65622957508487 R1
670 -0.250982322055263 0 3 3.66666666666667 2.65622957508487 R1
451 -0.269526848211683 0 4 4.88888888888889 3.29796046214574 R1
453 -0.269526848211683 0 4 4.88888888888889 3.29796046214574 R1
145 -0.275045665669012 0.56198347107438 6 7.14285714285714 4.15515416349971 R2
496 -0.275045665669012 0.375 6 7.14285714285714 4.15515416349971 R2
62 -0.301511344577764 0 3 3.33333333333333 1.10554159678513 R1
721 -0.320310652159328 0.375 3 4.53333333333333 4.78701948560433 R2
727 -0.324442842261525 0.612244897959184 3 3.66666666666667 2.05480466765633 R2
252 -0.324442842261525 0.48 3 3.66666666666667 2.05480466765633 R2
160 -0.329727572096541 0.375 6 8.18181818181818 6.61703286730103 R2
756 -0.333333333333333 0 4 4.5 1.5 R1
755 -0.333333333333333 0 4 4.5 1.5 R1
737 -0.341743063086704 0 2 2.88888888888889 2.60104442460436 R1
595 -0.341743063086704 0 2 2.88888888888889 2.60104442460436 R1
89 -0.341743063086704 0.444444444444444 2 2.88888888888889 2.60104442460436 R2
665 -0.341743063086704 0 2 2.88888888888889 2.60104442460436 R1
364 -0.353553390593274 0 2 2.44444444444444 1.25707872210942 R1
246 -0.353553390593274 0 2 2.44444444444444 1.25707872210942 R1
165 -0.353553390593274 0.5 2 2.44444444444444 1.25707872210942 R2
365 -0.353553390593274 0 2 2.44444444444444 1.25707872210942 R1
353 -0.356521601588853 0 4 5.27272727272727 3.56984616655852 R1
34 -0.35921060405355 0 4 5.6 4.45421149026402 R1
124 -0.361698545895647 0 6 8.66666666666667 7.37262202717293 R1
43 -0.362935979659299 0 5 8.25 8.95474734428616 R1
69 -0.362935979659299 0 5 8.25 8.95474734428616 R1
233 -0.362935979659299 0 5 8.25 8.95474734428616 R1
70 -0.362935979659299 0 5 8.25 8.95474734428616 R1
610 -0.383892939350572 0 10 11.8888888888889 4.92035329455213 R1
611 -0.383892939350572 0 10 11.8888888888889 4.92035329455213 R1
612 -0.383892939350572 0 10 11.8888888888889 4.92035329455213 R1
217 -0.400377264363035 0.56 3 4.46153846153846 3.65040323621682 R2
204 -0.400377264363035 0.375 3 4.46153846153846 3.65040323621682 R2
715 -0.41089070180666 0 6 7.73333333333333 4.2184778718817 R1
720 -0.41089070180666 0 6 7.73333333333333 4.2184778718817 R1
718 -0.41089070180666 0 6 7.73333333333333 4.2184778718817 R1
717 -0.41089070180666 0.375 6 7.73333333333333 4.2184778718817 R2
719 -0.41089070180666 0 6 7.73333333333333 4.2184778718817 R1
618 -0.41089070180666 0.40625 6 7.73333333333333 4.2184778718817 R2
42 -0.411771038434521 0.277777777777778 5 6.875 4.55350140002175 R2
474 -0.411771038434521 0 5 6.875 4.55350140002175 R1
473 -0.411771038434521 0 5 6.875 4.55350140002175 R1
597 -0.438312932276684 0 6 9.54545454545454 8.08886593201517 R1
544 -0.440194986679287 0.592592592592593 4 5.86666666666667 4.2405450383438 R2
620 -0.441726104299386 0 4 5.71428571428571 3.88087934491604 R1
619 -0.441726104299386 0 4 5.71428571428571 3.88087934491604 R1
183 -0.441726104299386 0 4 5.71428571428571 3.88087934491604 R1
394 -0.447213595499958 0 3 3.5 1.11803398874989 R1
621 -0.447213595499958 0 2 2.5 1.11803398874989 R1
708 -0.450573236332679 0.611111111111111 3 5.05882352941176 4.56934270257375 R2
267 -0.450573236332679 0 3 5.05882352941176 4.56934270257375 R1
517 -0.47628967220784 0 2 3.4 2.93938769133981 R1
663 -0.47628967220784 0 2 3.4 2.93938769133981 R1
560 -0.477396037629331 0.32 4 5.75 3.66571957465379 R2
135 -0.477396037629331 0.32 4 5.75 3.66571957465379 R2
220 -0.480384461415261 0 2 2.75 1.5612494995996 R1
219 -0.480384461415261 0 2 2.75 1.5612494995996 R1
212 -0.480852709307455 0 5 8.18181818181818 6.61703286730103 R1
128 -0.480852709307455 0.448979591836735 5 8.18181818181818 6.61703286730103 R2
760 -0.480852709307455 0.277777777777778 5 8.18181818181818 6.61703286730103 R2
209 -0.480852709307455 0.408163265306122 5 8.18181818181818 6.61703286730103 R2
210 -0.480852709307455 0.408163265306122 5 8.18181818181818 6.61703286730103 R2
355 -0.497946603233852 0.375 3 4.57142857142857 3.15581743348207 R2
661 -0.5 0.444444444444444 2 2.4 0.8 R2
660 -0.5 0.444444444444444 2 2.4 0.8 R2
754 -0.5 0 2 2.4 0.8 R1
753 -0.5 0 2 2.4 0.8 R1
480 -0.500000000000001 0 2 2.4 0.799999999999999 R1
622 -0.500000000000001 0 2 2.4 0.799999999999999 R1
479 -0.500000000000001 0 2 2.4 0.799999999999999 R1
623 -0.500000000000001 0 2 2.4 0.799999999999999 R1
454 -0.510662179986893 0 5 7.2 4.3081318457076 R1
322 -0.510662179986893 0 5 7.2 4.3081318457076 R1
241 -0.515710623129397 0 5 7.14285714285714 4.15515416349971 R1
92 -0.526201360558434 0.5625 5 7.44444444444444 4.64545443563708 R2
751 -0.529208903567585 0 2 4.53333333333333 4.78701948560433 R1
750 -0.529208903567585 0 2 4.53333333333333 4.78701948560433 R1
586 -0.534522483824847 0 4 4.66666666666667 1.24721912892465 R1
587 -0.534522483824847 0 4 4.66666666666667 1.24721912892465 R1
759 -0.540294339653862 0 3 6.14285714285714 5.81693516328638 R1
360 -0.547722557505166 0 3 4 1.82574185835055 R1
514 -0.558156305651436 0 3 3.81818181818182 1.46586504514519 R1
513 -0.558156305651436 0 3 3.81818181818182 1.46586504514519 R1
536 -0.572744552449827 0.611111111111111 3 4.88888888888889 3.29796046214574 R2
452 -0.572744552449827 0 3 4.88888888888889 3.29796046214574 R1
33 -0.583717231587019 0 3 5.6 4.45421149026402 R1
168 -0.586281197911175 0 3 8.25 8.95474734428616 R1
97 -0.586281197911175 0 3 8.25 8.95474734428616 R1
169 -0.586281197911175 0 3 8.25 8.95474734428616 R1
371 -0.586281197911175 0.375 3 8.25 8.95474734428616 R2
734 -0.587130377830286 0 9 11.8888888888889 4.92035329455213 R1
736 -0.587130377830286 0 9 11.8888888888889 4.92035329455213 R1
732 -0.587130377830286 0 9 11.8888888888889 4.92035329455213 R1
733 -0.587130377830286 0 9 11.8888888888889 4.92035329455213 R1
735 -0.587130377830286 0 9 11.8888888888889 4.92035329455213 R1
766 -0.588348405414552 0 3 4.28571428571429 2.18529407725405 R1
401 -0.588348405414552 0.375 3 4.28571428571429 2.18529407725405 R2
725 -0.627455805138158 0 2 3.66666666666667 2.65622957508487 R1
781 -0.627455805138158 0 2 3.66666666666667 2.65622957508487 R1
335 -0.627455805138158 0 2 3.66666666666667 2.65622957508487 R1
655 -0.627455805138158 0 2 3.66666666666667 2.65622957508487 R1
247 -0.63197784651837 0.571428571428572 4 8.18181818181818 6.61703286730103 R2
25 -0.632972455317382 0.32 4 8.66666666666667 7.37262202717293 R2
72 -0.636645717122952 0.56 3 5.27272727272727 3.56984616655852 R2
5 -0.636645717122952 0 3 5.27272727272727 3.56984616655852 R1
239 -0.636645717122952 0.375 3 5.27272727272727 3.56984616655852 R2
700 -0.661437827766147 0 4 6 3.02371578407382 R1
699 -0.661437827766147 0 4 6 3.02371578407382 R1
694 -0.662912607362388 0 3 4.36363636363636 2.05703790890632 R1
692 -0.662912607362388 0 3 4.36363636363636 2.05703790890632 R1
693 -0.662912607362388 0 3 4.36363636363636 2.05703790890632 R1
686 -0.66942309397998 0 2 5.05882352941176 4.56934270257375 R1
45 -0.66942309397998 0 2 5.05882352941176 4.56934270257375 R1
671 -0.66942309397998 0 2 5.05882352941176 4.56934270257375 R1
687 -0.66942309397998 0 2 5.05882352941176 4.56934270257375 R1
361 -0.66942309397998 0.444444444444444 2 5.05882352941176 4.56934270257375 R2
268 -0.66942309397998 0 2 5.05882352941176 4.56934270257375 R1
325 -0.672559624567317 0 2 5.14285714285714 4.67297920965604 R1
178 -0.672559624567317 0 2 5.14285714285714 4.67297920965604 R1
324 -0.672559624567317 0 2 5.14285714285714 4.67297920965604 R1
157 -0.672559624567317 0 2 5.14285714285714 4.67297920965604 R1
156 -0.672559624567317 0 2 5.14285714285714 4.67297920965604 R1
706 -0.674319603137744 0 2 4.46153846153846 3.65040323621682 R1
707 -0.674319603137744 0 2 4.46153846153846 3.65040323621682 R1
411 -0.685566381253275 0 4 9.54545454545454 8.08886593201517 R1
294 -0.697953807037113 0 2 8.25 8.95474734428616 R1
709 -0.697953807037113 0 2 8.25 8.95474734428616 R1
711 -0.697953807037113 0 2 8.25 8.95474734428616 R1
179 -0.697953807037113 0 2 8.25 8.95474734428616 R1
712 -0.697953807037113 0 2 8.25 8.95474734428616 R1
120 -0.699399665140695 0.375 3 5.71428571428571 3.88087934491604 R2
490 -0.699399665140695 0 3 5.71428571428571 3.88087934491604 R1
749 -0.699399665140695 0 3 5.71428571428571 3.88087934491604 R1
224 -0.707106781186545 0 3 3.33333333333333 0.471404520791033 R1
225 -0.707106781186545 0 3 3.33333333333333 0.471404520791033 R1
205 -0.707106781186548 0.5 1 1.33333333333333 0.471404520791032 R2
427 -0.707106781186548 0 1 1.33333333333333 0.471404520791032 R1
393 -0.707106781186548 0 1 1.33333333333333 0.471404520791032 R1
290 -0.707106781186548 0 1 1.33333333333333 0.471404520791032 R1
739 -0.712206174998272 0 2 6.14285714285714 5.81693516328638 R1
627 -0.712206174998272 0 2 6.14285714285714 5.81693516328638 R1
664 -0.712206174998272 0 2 6.14285714285714 5.81693516328638 R1
626 -0.712206174998272 0 2 6.14285714285714 5.81693516328638 R1
738 -0.712206174998272 0 2 6.14285714285714 5.81693516328638 R1
767 -0.726204009059247 0 1 2.88888888888889 2.60104442460436 R1
231 -0.726204009059247 0 1 2.88888888888889 2.60104442460436 R1
652 -0.729632016955372 0 4 8.26666666666667 5.8476966025569 R1
651 -0.729632016955372 0 4 8.26666666666667 5.8476966025569 R1
649 -0.729632016955372 0 4 8.26666666666667 5.8476966025569 R1
710 -0.738107154975842 0 1 4.53333333333333 4.78701948560433 R1
757 -0.738107154975842 0.5 1 4.53333333333333 4.78701948560433 R2
538 -0.738107154975842 0 1 4.53333333333333 4.78701948560433 R1
317 -0.738107154975842 0 1 4.53333333333333 4.78701948560433 R1
94 -0.741465553514157 0.5 4 7.44444444444444 4.64545443563708 R2
122 -0.741465553514157 0 4 7.44444444444444 4.64545443563708 R1
121 -0.741465553514157 0 4 7.44444444444444 4.64545443563708 R1
642 -0.750193773417521 0 3 5.75 3.66571957465379 R1
657 -0.76860941002825 0.375 3 8.66666666666667 7.37262202717293 R2
54 -0.76860941002825 0.48 3 8.66666666666667 7.37262202717293 R2
581 -0.783102983729285 0.375 3 8.18181818181818 6.61703286730103 R2
417 -0.802295557085753 0 2 4.54545454545454 3.17271424847548 R1
163 -0.802295557085753 0 2 4.54545454545454 3.17271424847548 R1
208 -0.802295557085753 0 2 4.54545454545454 3.17271424847548 R1
508 -0.808223859120487 0 2 5.6 4.45421149026402 R1
534 -0.808223859120487 0 2 5.6 4.45421149026402 R1
533 -0.808223859120487 0 2 5.6 4.45421149026402 R1
511 -0.808223859120487 0 2 5.6 4.45421149026402 R1
662 -0.809626416163051 0 1 8.25 8.95474734428616 R1
1 -0.809626416163051 0 1 8.25 8.95474734428616 R1
746 -0.809626416163051 0 1 8.25 8.95474734428616 R1
730 -0.809626416163051 0 1 8.25 8.95474734428616 R1
397 -0.811107105653813 0 2 3.66666666666667 2.05480466765633 R1
396 -0.811107105653813 0.5 2 3.66666666666667 2.05480466765633 R2
601 -0.814821714382667 0.444444444444444 2 4.57142857142857 3.15581743348207 R2
87 -0.816496580927726 0 1 3.4 2.93938769133981 R1
688 -0.816496580927726 0 1 3.4 2.93938769133981 R1
624 -0.816496580927726 0.5 1 3.4 2.93938769133981 R2
333 -0.816496580927726 0 2 3 1.22474487139159 R1
232 -0.816496580927726 0 2 3 1.22474487139159 R1
354 -0.816496580927726 0 2 3 1.22474487139159 R1
602 -0.816496580927726 0 2 3 1.22474487139159 R1
106 -0.825028647325391 0 2 3.8 2.18174242292714 R1
237 -0.850993479431344 0 3 6.875 4.55350140002175 R1
196 -0.850993479431344 0.56 3 6.875 4.55350140002175 R2
605 -0.872330404164171 0.375 3 6.85714285714286 4.42165358301205 R2
235 -0.872330404164171 0 3 6.85714285714286 4.42165358301205 R1
728 -0.875962256687972 0 2 4.88888888888889 3.29796046214574 R1
541 -0.875962256687972 0 2 4.88888888888889 3.29796046214574 R1
346 -0.875962256687972 0.625 2 4.88888888888889 3.29796046214574 R3
542 -0.875962256687972 0 2 4.88888888888889 3.29796046214574 R1
543 -0.884118010342683 0 1 6.14285714285714 5.81693516328638 R1
784 -0.886555868747827 0 1 5.14285714285714 4.67297920965604 R1
249 -0.888272951627281 0 1 5.05882352941176 4.56934270257375 R1
698 -0.888272951627281 0 1 5.05882352941176 4.56934270257375 R1
236 -0.904246364739117 0 2 8.66666666666667 7.37262202717293 R1
198 -0.904246364739117 0.5 2 8.66666666666667 7.37262202717293 R2
656 -0.904246364739117 0.444444444444444 2 8.66666666666667 7.37262202717293 R2
695 -0.911832472407095 0 2 5.86666666666667 4.2405450383438 R1
187 -0.911832472407095 0 2 5.86666666666667 4.2405450383438 R1
147 -0.911832472407095 0.64 2 5.86666666666667 4.2405450383438 R3
696 -0.911832472407095 0 2 5.86666666666667 4.2405450383438 R1
240 -0.916769832657051 0 2 5.27272727272727 3.56984616655852 R1
481 -0.916769832657051 0 2 5.27272727272727 3.56984616655852 R1
14 -0.932819830229867 0.5 2 9.54545454545454 8.08886593201517 R2
380 -0.932819830229867 0 2 9.54545454545454 8.08886593201517 R1
308 -0.932819830229867 0.444444444444444 2 9.54545454545454 8.08886593201517 R2
776 -0.932819830229867 0 2 9.54545454545454 8.08886593201517 R1
777 -0.932819830229867 0 2 9.54545454545454 8.08886593201517 R1
785 -0.936382183834623 0 3 4.57142857142857 1.67819144635296 R1
596 -0.936382183834623 0.48 3 4.57142857142857 1.67819144635296 R2
463 -0.948261941912452 0.5 1 4.46153846153846 3.65040323621682 R2
752 -0.948261941912452 0 1 4.46153846153846 3.65040323621682 R1
489 -0.948261941912452 0 1 4.46153846153846 3.65040323621682 R1
551 -0.952579344415679 0.375 3 5.33333333333333 2.44948974278318 R2
550 -0.952579344415679 0.375 3 5.33333333333333 2.44948974278318 R2
458 -0.95672974646988 0 3 7.44444444444444 4.64545443563708 R1
702 -0.95672974646988 0.666666666666667 3 7.44444444444444 4.64545443563708 R3
703 -0.95672974646988 0.56 3 7.44444444444444 4.64545443563708 R2
507 -0.99692779611908 0.625 2 5.6 3.61109401705356 R3
139 -0.997040538050167 0 3 7.14285714285714 4.15515416349971 R1
410 -0.997040538050167 0 3 7.14285714285714 4.15515416349971 R1
29 -1 0 3 3.5 0.5 R1
6 -1 0 3 4.5 1.5 R1
30 -1 0 3 3.5 0.5 R1
553 -1.00392928822105 0 1 3.66666666666667 2.65622957508487 R1
132 -1.02429503946317 0 4 5.6 1.56204993518133 R1
133 -1.02429503946317 0 4 5.6 1.56204993518133 R1
366 -1.03273048665396 0 1 5.6 4.45421149026402 R1
584 -1.03273048665396 0 1 5.6 4.45421149026402 R1
60 -1.03988331944998 0 1 8.66666666666667 7.37262202717293 R1
778 -1.04595272073698 0 2 4.28571428571429 2.18529407725405 R1
779 -1.04595272073698 0 2 4.28571428571429 2.18529407725405 R1
372 -1.05644655471816 0 1 9.54545454545454 8.08886593201517 R1
726 -1.05644655471816 0 1 9.54545454545454 8.08886593201517 R1
194 -1.0690449676497 0 2 3.6 1.49666295470958 R1
368 -1.0690449676497 0.444444444444444 2 3.6 1.49666295470958 R2
391 -1.07060469992975 0 2 6.875 4.55350140002175 R1
390 -1.07060469992975 0 2 6.875 4.55350140002175 R1
648 -1.0716470249032 0 2 8.26666666666667 5.8476966025569 R1
647 -1.0716470249032 0 2 8.26666666666667 5.8476966025569 R1
222 -1.0716470249032 0 2 8.26666666666667 5.8476966025569 R1
223 -1.0716470249032 0 2 8.26666666666667 5.8476966025569 R1
351 -1.09544511501033 0.625 2 4 1.82574185835055 R3
349 -1.09544511501033 0.625 2 4 1.82574185835055 R3
603 -1.0984901385771 0.72 2 6.85714285714286 4.42165358301205 R3
149 -1.11748309736944 0 1 4.54545454545454 3.17271424847548 R1
691 -1.12089707663561 0 1 2.75 1.5612494995996 R1
782 -1.12089707663561 0 1 2.75 1.5612494995996 R1
729 -1.13169682553148 0 1 4.57142857142857 3.15581743348207 R1
780 -1.147651215271 0 1 5.86666666666667 4.2405450383438 R1
600 -1.14904851942814 0.444444444444444 2 4.36363636363636 2.05703790890632 R2
512 -1.14904851942814 0 1 2.44444444444444 1.25707872210942 R1
253 -1.14904851942814 0.5 1 2.44444444444444 1.25707872210942 R2
363 -1.1719939394256 0.444444444444444 2 7.44444444444444 4.64545443563708 R2
459 -1.1719939394256 0.444444444444444 2 7.44444444444444 4.64545443563708 R2
658 -1.17917996092612 0.5 1 4.88888888888889 3.29796046214574 R2
176 -1.20604537831106 0 2 3.33333333333333 1.10554159678513 R1
175 -1.20604537831106 0 2 3.33333333333333 1.10554159678513 R1
287 -1.21474678682331 0 1 5.71428571428571 3.88087934491604 R1
604 -1.21474678682331 0 1 5.71428571428571 3.88087934491604 R1
740 -1.21474678682331 0 1 5.71428571428571 3.88087934491604 R1
763 -1.21474678682331 0.5 1 5.71428571428571 3.88087934491604 R2
293 -1.22474487139159 0.666666666666667 1 2 0.816496580927726 R3
202 -1.23770549551055 0.444444444444444 2 7.14285714285714 4.15515416349971 R2
302 -1.24034734589208 0 2 3.81818181818182 1.46586504514519 R1
506 -1.27385218392994 0 1 5.6 3.61109401705356 R1
722 -1.2833778958395 0 1 3.8 2.18174242292714 R1
701 -1.2833778958395 0 1 3.8 2.18174242292714 R1
105 -1.2833778958395 0 1 3.8 2.18174242292714 R1
515 -1.29021592042817 0 1 6.875 4.55350140002175 R1
137 -1.2957892449939 0.5 1 5.75 3.66571957465379 R2
638 -1.2977713690461 0 1 3.66666666666667 2.05480466765633 R1
561 -1.2977713690461 0 1 3.66666666666667 2.05480466765633 R1
307 -1.32287565553229 0 2 6 3.02371578407382 R1
110 -1.34164078649987 0.625 2 3.71428571428571 1.27775312999988 R3
112 -1.34164078649987 0.625 2 3.71428571428571 1.27775312999988 R3
682 -1.34164078649987 0.444444444444444 2 3.5 1.11803398874989 R2
761 -1.34164078649987 0 1 2.5 1.11803398874989 R1
731 -1.35910001366818 0.625 2 7.73333333333333 4.2184778718817 R3
552 -1.36082763487954 0.625 2 5.33333333333333 2.44948974278318 R3
449 -1.3703203194063 0 1 2.85714285714286 1.35526185435788 R1
504 -1.3703203194063 0.666666666666667 1 2.85714285714286 1.35526185435788 R3
243 -1.41421356237309 0 2 2.66666666666667 0.471404520791032 R1
420 -1.41421356237309 0 2 2.66666666666667 0.471404520791032 R1
758 -1.41421356237309 0.5 1 2 0.707106781186548 R2
546 -1.41421356237309 0 1 2 0.707106781186548 R1
447 -1.43913887087215 0.5 1 7.2 4.3081318457076 R2
455 -1.43913887087215 0 1 7.2 4.3081318457076 R1
138 -1.47837045297094 0 1 7.14285714285714 4.15515416349971 R1
783 -1.53226175536575 0.444444444444444 2 4.57142857142857 1.67819144635296 R2
747 -1.54806612526066 0 2 7.16666666666667 3.33749739908346 R1
748 -1.54806612526066 0 2 7.16666666666667 3.33749739908346 R1
495 -1.56814040426404 0.5 1 5.14285714285714 2.64189171555813 R2
442 -1.56814040426404 0 1 5.14285714285714 2.64189171555813 R1
510 -1.59615234163356 0 1 7.73333333333333 4.2184778718817 R1
142 -1.60331757022886 0.32 4 11.8888888888889 4.92035329455213 R2
143 -1.60331757022886 0.32 4 11.8888888888889 4.92035329455213 R2
579 -1.63299316185545 0.653061224489796 3 5 1.22474487139159 R3
381 -1.63299316185545 0 3 5 1.22474487139159 R1
404 -1.66447943912765 0 3 5.6 1.56204993518133 R1
786 -1.66666666666667 0 1 3.5 1.5 R1
107 -1.83711730708738 0.5 1 2.8 0.979795897113271 R2
248 -1.84769182692401 0.5 1 7.16666666666667 3.33749739908346 R2
387 -1.92253838613273 0 1 3.81818181818182 1.46586504514519 R1
644 -2.13808993529939 0 2 4.66666666666667 1.24721912892465 R1
344 -2.51935900802581 0 4 9.27272727272727 2.09288444240387 R1
