*Vertices 786
1
51
11
23
3
3
7
16
8
15
6
31
40
4
19
16
9
10
10
10
10
10
10
19
5
4
36
6
3
3
5
14
3
4
11
11
25
16
14
20
8
6
5
7
2
26
18
18
23
26
11
12
5
5
34
9
18
10
10
1
4
3
4
5
7
21
12
12
5
5
29
5
8
8
8
1
1
13
15
14
22
8
46
4
6
15
1
16
3
19
13
8
24
6
38
6
3
1
1
15
7
12
1
1
1
2
2
12
5
4
12
4
8
11
16
2
2
8
8
4
4
4
16
6
7
9
4
7
5
8
3
4
4
5
5
17
2
1
3
25
25
5
5
19
11
34
5
14
1
1
1
2
2
2
18
2
2
9
10
8
2
2
2
6
4
4
5
3
3
7
7
10
7
7
2
2
13
2
2
13
8
21
4
8
11
12
2
14
7
3
5
6
4
2
7
5
26
4
6
17
26
3
18
4
2
12
3
2
7
7
16
5
16
6
7
46
5
7
2
2
20
2
2
3
3
19
14
11
1
1
1
2
5
11
3
2
3
9
4
2
5
3
2
3
4
2
7
2
1
2
2
5
2
14
7
7
19
28
12
12
2
2
2
27
1
1
3
2
17
8
5
6
11
1
1
4
4
4
5
5
5
5
7
5
1
1
1
1
1
1
27
4
3
2
5
4
1
1
6
6
6
2
9
9
9
21
2
3
3
3
3
3
1
1
1
1
1
4
4
4
4
5
10
2
2
11
11
1
1
1
1
7
2
11
2
3
18
1
1
13
9
11
13
4
13
4
22
11
4
23
4
6
4
2
4
14
7
6
5
3
3
9
3
2
2
1
9
3
2
2
4
1
2
2
2
7
3
4
9
2
3
6
6
1
1
5
1
6
6
2
2
2
1
3
8
4
2
6
7
9
4
7
12
3
9
6
7
1
1
3
4
13
1
1
4
4
2
6
3
2
3
12
5
5
1
1
1
5
6
12
9
6
6
6
6
6
6
4
4
4
7
1
1
1
5
12
2
9
1
4
4
3
4
5
1
1
1
3
3
3
3
3
2
5
8
5
5
5
5
6
2
2
5
5
6
3
3
4
2
2
2
3
2
2
6
6
6
11
1
3
1
1
1
1
2
8
2
2
2
1
1
1
1
3
5
1
4
2
10
1
2
1
3
3
1
10
2
8
10
10
8
8
8
10
8
3
6
6
6
13
5
5
2
2
5
6
8
1
12
17
2
2
1
9
12
1
5
2
2
4
4
4
1
3
1
1
2
2
2
5
1
6
5
4
5
5
5
5
5
11
9
8
8
9
10
4
6
6
7
5
4
1
1
1
6
4
4
2
2
2
1
1
1
1
2
5
6
1
1
3
3
2
5
1
4
5
3
3
9
10
10
10
19
19
19
19
19
8
4
4
2
2
2
2
7
2
2
5
5
1
1
10
6
5
5
5
5
1
2
2
2
3
6
2
9
5
2
2
4
8
4
4
4
7
2
3
4
2
5
3
3
1
2
2
2
3
4
4
3
3
2
1
1
6
6
10
6
3
3
3
3
3
10
10
10
2
2
1
5
4
1
3
3
3
2
2
4
1
4
4
1
6
5
2
2
2
2
6
2
1
2
2
1
1
6
10
8
6
6
6
4
1
1
1
2
1
7
2
1
1
4
9
9
9
9
9
2
2
2
1
4
4
5
8
5
1
2
2
3
2
2
1
2
2
4
4
2
2
3
6
1
4
2
1
1
3
1
11
9
9
9
9
9
9
9
2
2
2
2
1
2
1
3
1
3
1
