*Vertices 398
4
4
4
4
5
9
2
14
9
9
11
9
2
12
2
6
7
5
7
4
8
2
10
6
5
4
6
12
3
13
7
24
6
12
9
11
4
4
4
41
11
4
7
5
11
20
1
1
1
2
5
5
12
2
9
16
9
14
21
12
17
9
6
9
5
4
11
5
9
9
9
9
1
4
1
1
1
1
1
2
2
11
4
3
19
5
6
4
5
2
2
2
2
3
3
9
1
7
2
19
6
6
6
3
3
3
3
5
16
2
4
20
6
3
2
5
2
5
20
13
13
1
9
1
1
6
1
1
1
1
2
2
2
5
5
6
10
10
1
2
1
1
4
9
9
5
5
2
2
1
11
4
2
2
4
5
3
11
3
4
4
1
1
2
2
2
6
1
1
5
4
3
3
5
3
2
5
2
2
9
18
16
13
1
1
1
2
2
3
14
12
7
12
7
15
7
2
2
1
1
1
2
1
2
2
3
4
4
1
8
2
2
2
2
2
8
8
1
2
4
7
5
5
5
5
2
2
13
2
2
1
11
11
1
3
6
6
1
1
8
8
4
4
4
7
7
2
2
2
1
1
3
2
1
1
1
1
10
10
10
5
5
5
2
2
2
2
9
3
3
3
3
7
3
1
1
1
1
3
3
3
3
6
6
9
9
6
1
3
17
1
1
1
1
1
1
1
1
2
2
5
5
5
5
5
8
2
2
2
1
1
2
2
1
2
1
1
8
8
8
8
8
5
5
5
5
5
5
5
5
1
1
1
1
3
4
4
4
2
2
2
5
3
3
2
2
7
3
3
3
3
1
1
1
1
1
6
2
2
2
2
2
2
2
2
4
4
4
1
1
1
3
4
4
4
4
4
1
1
1
1
1
3
3
2
2
2
4
2
1
1
2
2
1
2
2
2
4
