*Vertices 85
0.103924
0.0646872
0.052492
0.0519618
0.0509014
0.0328738
0.0328738
0.0323436
0.0318134
0.028632
0.028632
0.0233298
0.0222694
0.0212089
0.0212089
0.0206787
0.0206787
0.019088
0.019088
0.0174973
0.0169671
0.0169671
0.0164369
0.0148462
0.0148462
0.0121951
0.0116649
0.0116649
0.0116649
0.0111347
0.0100742
0.00901379
0.00848356
0.00742312
0.00742312
0.00742312
0.00636267
0.00636267
0.00636267
0.00636267
0.00636267
0.004772
0.00424178
0.00371156
0.00371156
0.00371156
0.00318134
0.00318134
0.00318134
0.00318134
0.00318134
0.00318134
0.00318134
0.00318134
0.00212089
0.00212089
0.00212089
0.00212089
0.00159067
0.00159067
0.00106045
0.00106045
0.00106045
0.00106045
0.00106045
0.00106045
0.00106045
0.00106045
0.00106045
0.00106045
0.00106045
0.00106045
0.00106045
0.00106045
0.00106045
0.00106045
0.00106045
0.00106045
0.00106045
0.00106045
0.00106045
0.00106045
0.00106045
0.00106045
0.00106045
