1801 0
3074 0
3163 0
1178 0
1387 0
1932 0
458 1
2634 0
1785 1
4361 0
1250 0
9363 0
2507 0
5810 0
3957 0
1630 0
3497 0
3185 0
4340 0
3109 0
3919 0
728 0
1244 0
1638 0
3936 0
29 1
5831 0
350 0
4087 0
1969 0
6233 0
1810 0
2203 0
6358 0
1546 0
2994 0
3256 0
4003 0
311 1
3844 0
825 0
917 0
3431 0
6003 0
495 1
3889 0
3302 0
2086 0
1322 0
1816 0
5804 0
2460 1
4293 0
2699 1
1259 0
5464 0
3824 0
3574 0
2976 0
3475 0
4319 0
6327 0
5531 0
3421 0
2274 0
5938 0
2002 0
1203 0
5873 0
4261 0
2088 0
1068 1
4429 0
486 1
2134 0
1354 0
4066 0
4213 0
8 3
2359 0
3239 0
2045 0
686 1
3149 0
6375 0
943 0
1887 0
4258 0
1585 1
2705 0
4474 0
690 2
5825 0
61 1
4475 0
5215 0
5970 0
4094 0
3540 0
1266 0
6076 0
5780 0
3326 0
2654 0
4209 0
4144 0
3627 0
39 2
558 1
3200 0
573 1
2710 0
1084 0
6101 0
638 0
3446 0
2350 0
2479 0
1 3
3218 0
506 1
5929 0
4184 0
2937 0
661 2
3157 0
2845 0
2482 0
1935 0
2719 0
2690 1
581 1
4046 0
4200 0
9240 0
678 0
4328 0
1517 0
3862 0
6097 0
2808 0
1975 0
3025 0
2910 0
1973 0
1991 0
927 1
5855 0
3180 0
2302 0
3849 0
652 0
2400 0
2034 0
4445 0
3851 0
4405 0
2029 0
3552 0
844 0
4447 0
2723 0
4218 0
272 1
775 1
2518 0
20 4
6010 0
2376 0
1983 0
6172 0
3100 0
3787 0
4304 0
1627 0
3562 0
4180 0
4139 0
468 0
6145 0
9012 0
3030 0
1019 0
700 1
78 2
6274 0
294 2
413 1
764 1
6044 0
2075 0
3638 0
2081 0
606 1
4416 0
2522 0
1855 0
3559 0
432 1
4235 0
5922 0
6220 0
2415 0
708 0
2589 0
3286 0
2814 0
710 0
1656 0
856 0
1664 0
112 2
3211 0
5935 0
191 0
3612 0
588 0
1684 0
756 1
262 1
1944 0
4422 0
6257 0
542 0
6109 0
3114 0
3750 0
2099 0
2476 0
2988 0
170 1
1921 0
3217 0
6181 0
26 2
2116 0
2250 0
526 0
1901 0
9117 0
6218 0
359 1
1229 1
2608 0
2614 0
1001 0
3694 0
232 1
6207 0
3054 0
6008 0
1182 0
225 1
1447 0
207 1
142 1
1510 0
48 3
4491 0
3641 0
8667 0
3585 0
3170 0
1988 0
3135 0
4128 0
4356 0
3665 0
4343 0
4376 0
4243 0
659 1
2763 0
2774 0
6017 0
1141 0
984 0
1155 0
3372 0
1485 0
788 0
128 1
8724 0
6335 0
4115 0
1313 0
278 0
1617 1
6048 0
3521 0
490 0
1843 0
5809 0
2626 0
1112 0
1294 0
461 1
2712 0
1426 0
1562 0
3451 0
6345 0
1358 0
782 0
3647 0
1557 0
2281 1
1486 0
425 1
2056 0
3607 0
2876 0
3648 0
781 1
3015 0
1950 0
2782 0
5720 0
2037 0
532 1
1193 0
3963 0
2455 0
55 1
3592 0
1890 0
6281 0
1681 0
6134 0
872 0
395 0
1146 1
89 2
988 0
4342 0
5848 0
2295 0
3584 0
1550 0
1454 0
2533 0
3960 0
9187 0
4434 0
1584 0
1675 0
649 1
6038 0
3903 0
2150 0
1318 0
642 1
1764 0
5965 0
1908 0
4291 0
6290 0
1718 0
1098 0
2792 0
3003 0
6242 0
2665 0
184 1
776 0
1570 0
6381 0
2673 0
1269 1
412 1
181 1
6239 0
1671 0
4242 0
830 1
2893 0
2062 0
3935 0
1101 1
326 0
1165 0
2886 0
9063 0
335 1
3531 0
9374 0
2791 0
5362 0
7685 0
4481 0
1867 0
2505 0
4856 0
3533 0
8441 0
2936 0
440 1
1289 0
2525 1
6113 0
841 0
1898 0
1044 1
5548 0
1751 0
4029 0
91 3
2137 0
4116 0
467 2
2121 0
9088 0
474 1
3563 0
6024 0
563 0
2919 0
3248 0
9497 0
2953 0
6085 0
3489 0
68 3
4106 0
6069 0
2514 0
5934 0
3628 0
4176 0
5961 0
3807 0
3995 0
6322 0
222 2
2911 0
2418 0
3132 0
305 0
928 1
1644 0
1526 1
3245 0
4276 0
217 0
8509 0
4076 0
158 1
281 1
3832 0
8376 0
3658 0
1418 0
36 3
1368 0
748 0
472 0
1655 0
1943 0
711 0
132 2
1791 1
3779 0
3747 0
2180 0
8936 0
2769 0
1428 1
6060 0
4081 0
1018 1
1125 0
2279 1
741 1
998 0
2806 0
3032 0
1789 0
3880 0
4757 0
3192 0
2076 0
4294 0
1545 0
1838 0
1058 0
1773 1
3883 0
6192 0
3166 1
8306 0
6211 0
3392 0
6374 0
2860 0
3141 0
1535 1
3775 0
1335 0
3780 0
3974 0
3409 0
5240 0
3918 0
8992 0
5419 0
165 1
2351 0
729 1
2 1
4229 0
6074 0
6319 0
2125 0
2553 0
1231 1
2979 0
3270 0
7904 0
973 0
2446 1
2961 0
1046 0
5864 0
319 2
2571 0
2857 0
1179 1
1922 1
735 1
3048 0
2948 0
6394 0
1271 1
344 1
2103 1
2949 0
1710 0
1133 0
2224 0
6271 0
2421 0
209 3
2837 0
4456 0
4132 0
1118 1
1575 0
7732 0
2428 0
4460 0
4191 0
600 0
80 4
336 2
457 1
1301 0
383 1
2532 0
3817 0
1873 0
2497 0
3651 0
4157 0
92 1
5354 0
1212 0
2253 0
2433 0
2787 0
1477 0
1164 0
2824 0
6404 0
505 0
6310 0
2739 0
670 0
1094 0
419 1
995 1
837 0
9021 0
2015 0
625 0
149 2
3208 0
3839 0
6398 0
406 1
2289 0
3283 0
2312 0
19 2
3096 0
3637 0
1030 0
365 1
2730 0
763 0
3255 0
3332 0
2021 0
5948 0
3430 0
3318 0
570 1
1880 0
3123 0
252 0
4063 0
883 0
1998 0
2930 0
6058 0
1367 1
6199 0
3825 0
1070 0
3117 1
3618 0
3275 0
2463 0
4332 0
2493 0
105 1
2380 1
111 2
3549 0
408 2
6206 0
5410 0
3577 0
2777 0
559 1
3601 0
9091 0
6236 0
8949 0
580 0
2800 0
5818 0
2523 0
3808 0
1257 0
31 2
4093 0
2307 0
2706 1
9200 0
5973 0
4439 0
4160 0
3336 0
2133 0
968 1
675 1
431 1
3541 0
382 0
2846 0
4208 0
4329 0
3863 0
139 1
129 1
6077 0
6033 0
3008 0
926 1
4377 0
1246 0
1083 0
4000 0
1293 0
1792 0
6137 0
3024 0
662 2
168 1
6180 0
1518 0
3444 0
178 1
2728 0
3156 0
3992 0
124 1
6267 0
1429 1
4259 0
1974 0
2536 0
5856 0
4350 0
3611 0
2483 0
1374 0
6098 0
2807 0
2303 0
2259 0
2212 0
716 0
1886 0
1972 0
940 0
685 1
4169 0
21 2
523 1
4360 0
2377 0
3823 0
3975 0
6344 0
1460 0
453 0
2500 0
3937 0
1202 1
3162 0
3895 0
3303 0
351 1
2838 0
595 0
6337 0
1854 0
9127 0
2926 0
835 0
1498 0
5874 0
1267 0
4015 0
113 2
901 1
2191 0
6388 0
1056 0
3664 0
3108 0
6049 0
4285 0
4365 0
2753 0
1473 0
881 0
2461 0
3186 0
507 1
405 1
6092 0
6110 0
1734 0
3843 0
3565 0
3230 0
9354 0
9396 0
1258 0
4030 0
2313 0
392 1
3653 0
2242 0
5530 0
2254 0
813 1
2014 1
644 1
2477 0
1820 1
5308 0
2110 0
1342 0
4359 0
2457 0
1968 0
4185 0
1802 1
2775 0
4065 0
4009 0
9222 0
2273 0
791 2
3330 0
1355 0
3640 0
2231 0
916 0
3617 0
3231 0
5904 0
3095 0
2043 0
3646 0
329 1
525 1
787 0
4476 0
27 2
1902 0
2331 0
1561 0
3909 0
1866 0
2001 0
6316 0
3736 0
4394 0
3731 0
3216 0
1310 1
5901 0
3459 0
2115 0
4357 0
4234 0
3695 0
4489 0
6306 0
3035 0
769 0
1181 0
6009 0
1809 0
803 0
2744 0
6027 0
2559 0
4133 0
3199 0
5890 0
60 2
1245 1
1400 0
691 0
1067 1
2615 0
6004 0
1676 1
1388 1
3134 0
346 1
3085 0
3171 0
427 1
82 2
3464 0
2202 0
650 1
1154 0
895 0
1763 0
69 1
4299 0
1910 0
2762 0
3076 0
224 1
3608 0
7558 0
3264 0
6050 0
2711 0
3501 0
2393 0
3423 0
5980 0
426 1
4127 0
3222 0
1435 0
279 2
2408 0
483 0
498 1
3520 0
4145 0
2055 1
1487 0
4311 0
2028 0
1540 0
3075 0
1606 0
6156 0
2064 0
99 2
3553 0
5218 0
1933 0
790 0
2022 0
6295 0
533 1
4446 0
2080 1
4448 0
3551 0
1122 1
6100 0
2416 0
6045 0
1053 0
462 1
414 1
3852 0
6359 0
263 1
3746 0
5919 0
4385 0
3361 0
2985 0
3593 0
9148 0
5932 0
3210 0
9162 0
3673 0
1409 0
5895 0
4417 0
1716 0
4219 0
9476 0
293 0
1272 0
1663 0
2888 0
9175 0
3818 0
469 2
635 0
6350 0
1088 1
1566 0
979 1
3950 0
709 1
3603 0
310 0
40 3
192 2
9011 0
1115 1
4421 0
4320 0
4406 0
4262 0
3529 0
4303 0
3764 0
2293 0
1707 0
3103 0
267 2
543 1
1892 0
2044 0
4231 0
1437 1
2813 0
6189 0
2724 0
2517 0
757 1
2577 0
6210 0
9 3
3359 0
6108 0
1740 0
1600 1
603 2
8250 0
90 2
3514 0
565 1
3102 0
3247 0
850 0
4057 0
2696 0
1360 1
3620 0
5891 0
233 1
6217 0
1490 0
2198 0
2947 0
4199 0
4480 0
4105 0
2288 0
2954 0
11 3
4117 0
842 0
4288 0
2000 0
2531 0
5960 0
199 1
2410 0
1899 0
1929 0
1737 0
3143 0
6334 0
3284 0
3223 0
2122 0
3244 0
2280 0
280 1
273 3
471 1
3498 0
4991 0
2262 0
4177 0
1509 0
9475 0
1936 0
2912 0
1325 0
1643 0
131 1
1565 0
4277 0
4075 0
6016 0
1502 0
1872 0
2935 0
3875 0
4270 0
2513 0
37 2
855 0
3659 0
1706 0
6269 0
1788 0
1839 1
2186 0
6282 0
680 0
3962 0
8826 0
1147 1
2783 0
334 2
3902 0
2292 0
3582 0
1680 0
2879 0
1139 0
5984 0
1319 1
4043 0
1826 0
5847 0
5995 0
2454 1
2077 0
2036 0
1747 0
820 1
1799 0
1552 0
1194 1
3716 0
4433 0
41 2
3014 0
2887 0
8934 0
3084 0
866 0
1453 0
2223 0
9115 0
3532 0
770 0
9366 0
4292 0
9058 0
1097 0
641 0
838 0
5964 0
2664 0
2962 0
616 1
1121 1
870 1
4245 0
6075 0
896 1
3530 0
2903 0
3672 1
2165 0
2347 0
8951 0
4310 0
777 0
6129 0
3609 0
9341 0
2786 0
3968 0
1672 0
2325 0
1685 0
6225 0
3941 0
9015 0
2768 0
562 1
2269 0
1102 0
183 1
1478 0
439 0
362 1
1379 0
5846 0
2607 1
6397 0
3345 0
3798 0
2496 0
407 1
3686 0
4374 0
18 2
376 1
1167 0
609 0
5826 0
1393 1
6252 0
5490 0
3652 0
148 1
6067 0
1343 0
2489 0
2655 0
726 0
2509 0
6241 0
2955 0
2703 0
4210 0
6061 0
4110 0
964 0
157 0
2009 0
1909 0
4192 0
935 2
2627 0
1213 0
3576 0
1093 1
81 2
1300 1
624 1
2598 0
6323 0
371 1
6209 0
204 2
1041 1
6080 0
1990 0
3254 0
814 0
2492 0
2109 1
884 0
3539 0
6311 0
6205 0
749 1
345 1
4408 0
6059 0
613 1
9499 0
952 0
2691 0
1071 0
3058 0
4331 0
253 1
4158 0
5928 0
3278 0
2427 0
63 2
5817 0
1637 0
6393 0
6377 0
5949 0
179 0
1105 0
1334 0
3948 0
2499 0
3776 0
2805 0
2096 0
1784 1
938 1
3882 0
4016 0
2149 1
1830 0
1620 0
2241 0
5914 0
3917 0
3060 0
3167 0
4203 0
6142 0
2370 0
929 0
1538 0
1583 0
258 1
2620 0
9485 0
4022 0
6272 0
2138 0
1055 1
3610 0
4050 0
2447 0
3140 0
141 1
3043 0
4228 0
1230 0
2793 0
2993 0
1917 1
6155 0
6387 0
5865 0
1713 0
3590 0
1060 0
3759 0
2420 0
6364 0
2104 1
2894 0
6171 0
2126 1
4450 0
2858 0
900 0
4221 0
318 2
2526 0
473 1
2572 0
1774 0
3 2
248 1
3888 0
802 0
3420 0
2063 0
3269 0
2632 0
1049 1
6243 0
6261 0
2812 0
8349 0
1488 0
560 1
2830 0
798 1
898 0
3892 0
6147 0
2725 0
3670 0
4316 0
1273 1
5911 0
2516 0
451 0
2616 0
6227 0
1408 0
2448 0
6116 0
4224 0
2969 0
4249 0
2721 0
3595 0
578 1
4384 0
695 0
8743 0
3331 0
540 0
1615 0
3137 0
3065 0
2073 0
1732 1
861 1
3706 0
337 0
2406 0
3172 0
76 3
2718 0
982 1
6331 0
571 2
1190 0
6091 0
6071 0
1171 0
1345 1
2290 0
4431 0
4153 0
1123 0
236 1
758 0
5902 0
6351 0
706 1
14 2
2587 0
1608 0
2328 0
2474 0
3232 0
2889 0
3786 0
234 1
594 1
2924 0
1438 0
1903 0
4302 0
3554 0
6158 0
6276 0
6107 0
9191 0
3116 0
2776 0
4443 0
1000 1
43 1
2582 0
6012 0
1728 0
3955 0
288 1
193 1
119 2
3925 0
5954 0
1180 0
430 0
3602 0
447 0
1446 0
3258 0
4438 0
2118 1
415 1
4196 0
3987 0
2597 0
1292 0
1356 0
6303 0
1871 0
438 1
1153 0
1022 1
5861 0
4463 0
4395 0
2795 0
953 1
5991 0
6031 0
6201 0
1560 1
3912 0
1762 0
784 0
260 1
5172 0
3080 0
2061 1
1844 0
1144 0
762 0
1723 0
2047 0
144 2
6118 0
3696 0
906 0
2205 0
1349 1
177 1
6349 0
2213 0
9509 0
3346 0
2940 0
22 3
205 2
3072 0
4345 0
3213 0
8990 0
3296 0
2681 0
1260 0
874 0
493 1
1708 0
2220 0
1436 0
1591 0
2528 0
1677 0
2174 0
1320 0
1026 1
4493 0
2752 0
5750 0
1390 1
1993 0
3544 0
1499 0
1469 0
919 0
400 1
1268 1
633 1
5963 0
1372 1
1977 0
2023 1
4387 0
1825 0
3445 0
1669 0
1285 0
5468 0
6401 0
3309 0
3594 0
3757 0
6336 0
1549 0
1959 0
1242 1
1208 0
1874 0
1803 0
3542 0
1201 2
519 1
3300 0
17 4
6383 0
4092 0
2451 0
3337 0
5870 0
1274 0
110 2
9246 0
2356 0
2210 0
2658 0
6309 0
5823 0
5871 0
646 1
5807 0
4005 0
8999 0
3663 0
5276 0
2652 0
6407 0
4263 0
2337 1
6151 0
2243 0
1288 0
1087 0
810 0
5885 0
4351 0
33 3
1587 1
5838 0
4166 0
227 1
6235 0
1860 0
2013 0
264 2
806 0
4477 0
6099 0
1885 0
4899 0
9441 0
2905 0
1817 0
6078 0
2707 0
556 1
3998 0
717 0
2817 0
671 1
1511 0
6111 0
6317 0
5857 0
2249 0
3353 0
2423 0
1605 0
663 1
4301 0
2431 0
6373 0
1945 0
4326 0
9075 0
969 1
5802 0
4295 0
1946 1
9477 0
2276 0
4207 0
4089 0
1501 0
8444 0
549 1
3629 0
6127 0
5501 0
3930 0
946 1
2644 0
1361 0
6063 0
3864 0
5811 0
3155 0
3773 0
3280 0
1465 0
2990 0
1397 0
941 0
583 0
6051 0
3436 0
1869 0
3190 0
591 0
2304 0
3846 0
2341 0
2804 0
3583 0
8549 0
4078 0
4149 0
102 1
1920 0
3827 0
2992 0
2639 0
4227 0
1218 0
2398 0
4409 0
259 0
6194 0
1625 0
163 3
3898 0
4070 0
1106 0
1836 0
1531 0
2731 0
3976 0
2929 0
2738 0
1333 1
2770 1
3859 0
6165 0
3087 0
6208 0
442 1
5524 0
4044 0
1577 1
2156 0
1572 0
2851 0
886 0
1329 1
2835 0
4186 0
3568 0
3243 0
320 1
6273 0
3528 0
811 0
6184 0
249 1
465 1
1612 1
819 1
5280 0
1189 0
1177 0
3680 0
1748 0
9484 0
2127 0
858 0
3768 0
385 1
1479 0
1359 2
2578 0
971 0
847 0
479 1
1166 0
3091 0
2166 0
1378 0
1054 0
2821 0
2101 0
619 0
3616 0
3797 0
621 0
6056 0
2310 0
2495 0
3052 0
2322 0
2438 0
3334 0
9372 0
3246 0
4179 0
5481 0
5899 0
377 1
9488 0
2050 1
602 0
1311 0
3815 0
1787 1
6062 0
612 0
1391 0
936 0
701 1
2794 0
5884 0
6251 0
214 1
3630 0
2708 0
2789 0
1650 0
2074 0
2539 0
731 0
3639 0
2779 0
4281 0
2139 0
768 0
1928 0
1092 0
6396 0
7924 0
1756 0
2255 0
3877 0
1636 0
2491 0
338 1
576 0
761 0
3105 0
1775 0
738 0
1415 0
484 1
2334 0
1078 0
3408 0
1243 1
2530 0
4833 0
623 1
3885 0
4091 0
1512 0
2956 0
2382 0
2946 0
2564 0
328 2
6144 0
4462 0
628 0
1223 1
9025 0
4014 0
3538 0
4271 0
733 0
6249 0
3745 0
630 1
997 0
608 0
3263 0
1234 0
1649 0
5731 0
6036 0
2226 0
2878 0
4108 0
1474 0
125 1
44 4
5967 0
1687 0
2152 1
1188 0
3142 0
2862 0
9418 0
714 0
1564 0
4364 0
2663 0
8935 0
397 1
1096 1
3285 0
2934 0
1657 0
6088 0
3009 1
4432 0
2185 0
2717 0
1191 0
5722 0
823 1
6264 0
6360 0
771 0
401 1
186 1
1797 0
1119 0
1914 0
3039 0
8706 0
1705 0
3000 0
6022 0
915 1
2978 0
5260 0
1586 0
1986 0
4037 0
1456 1
2606 0
2060 1
1551 1
3561 0
3981 0
2904 0
3643 0
2346 0
2195 0
561 1
2112 1
2221 1
2982 0
1307 0
1812 0
1769 0
2475 0
1875 0
3834 0
1673 0
4084 0
5491 0
297 1
963 0
9291 0
6340 0
2031 0
1596 0
980 1
5169 0
5957 0
2097 0
2697 0
1651 0
1569 0
6244 0
2542 0
2123 0
6001 0
6289 0
530 0
3805 0
3067 0
2675 0
470 1
1524 0
4142 0
2360 0
1287 0
654 1
2403 0
2261 0
9014 0
156 2
283 1
3993 0
6324 0
5860 0
3414 0
4278 0
1744 1
864 0
2913 0
1170 0
3382 0
5985 0
1896 0
2895 0
1042 0
1686 0
9028 0
3874 0
38 1
196 2
1169 0
4143 0
3816 0
118 0
1674 0
5837 0
4872 0
1065 1
1659 0
5862 0
767 0
9089 0
2173 0
6287 0
4396 0
84 3
805 0
1020 0
4068 0
6002 0
437 0
194 1
3503 0
2749 0
1768 0
4129 0
1021 0
6325 0
4937 0
934 1
1989 0
4035 0
5990 0
3537 0
4821 0
948 1
6119 0
5955 0
4120 0
2160 0
3785 0
2450 0
1398 0
3986 0
226 1
4296 0
527 0
1430 0
1145 0
1870 0
2466 0
3229 0
62 1
833 1
3649 0
548 1
3450 0
2575 0
1110 0
3697 0
2204 0
1999 0
3632 0
783 2
6030 0
1357 0
5969 0
6082 0
1152 0
789 1
49 1
6228 0
2046 0
5808 0
2967 0
2117 0
6302 0
4398 0
6262 0
1934 0
715 2
3615 0
1916 0
2201 0
4232 0
1722 0
23 2
364 2
3069 0
3931 0
950 0
2680 0
2957 0
1845 0
1445 1
1678 1
1025 1
1992 0
4375 0
3073 0
1466 0
2340 0
778 0
3555 0
720 2
4430 0
460 0
2449 0
244 0
4107 0
4168 0
3220 0
2811 0
3854 0
6348 0
1607 0
1386 0
1536 0
3893 0
2617 0
4187 0
452 0
295 1
579 0
3956 0
9303 0
1618 0
3301 0
3136 0
77 2
541 2
4317 0
3890 0
5863 0
1628 0
897 0
3219 0
3911 0
3871 0
6042 0
3671 0
237 1
2584 0
2722 0
2371 0
2519 0
2923 0
2610 1
416 1
2950 0
3212 0
4154 0
4407 0
914 1
100 4
300 1
1439 0
4419 0
3654 0
2405 0
6330 0
2232 0
3642 0
6308 0
2432 0
1407 0
3946 0
496 2
6246 0
2829 0
605 1
2987 0
6166 0
9523 0
1699 1
42 4
759 0
1228 0
235 1
2291 0
6117 0
6106 0
2591 0
1931 0
5788 0
5917 0
694 0
9165 0
1103 0
5371 0
6357 0
4444 0
4268 0
2244 0
3788 0
3148 0
265 1
296 1
171 2
3999 0
4206 0
4327 0
2687 0
6382 0
6079 0
2012 0
5111 0
582 1
3257 0
1884 1
4167 0
557 1
3621 0
2726 0
441 2
6372 0
6182 0
5653 0
4041 0
672 0
983 1
4257 0
3689 0
3806 0
4482 0
5858 0
751 1
1746 0
8580 0
3356 0
4300 0
2167 0
1980 0
2275 0
4004 0
4890 0
677 1
907 1
5925 0
1868 0
3480 0
590 1
3154 0
5812 0
4201 0
664 1
1790 0
5832 0
4363 0
2264 0
79 3
6342 0
3845 0
1420 0
3295 0
3437 0
352 1
2502 0
3865 0
126 2
6314 0
1034 0
2803 0
2875 0
1533 1
5819 0
651 1
176 1
3145 0
947 0
256 1
2810 0
920 1
428 0
2305 0
4344 0
3545 0
500 1
1221 0
6135 0
1757 0
1200 0
4193 0
918 0
1413 0
5336 0
4386 0
1275 0
2107 1
6326 0
2211 0
1598 0
1856 0
1491 0
1362 0
4155 0
1804 0
9247 0
632 2
1371 0
394 1
2357 0
2484 0
5068 0
9129 0
2659 0
513 1
3938 0
5903 0
50 2
2645 0
1519 0
2633 0
3173 0
797 1
2459 0
2197 0
3543 0
9348 0
4318 0
5207 0
1236 0
2413 0
645 0
4400 0
6406 0
1176 0
2881 0
9057 0
1815 1
1039 0
1005 1
3662 0
28 3
2089 0
4130 0
2087 0
215 2
4410 0
687 1
3320 0
8432 0
2184 0
2298 0
3161 0
5824 0
5509 0
2336 0
5872 0
4424 0
2190 0
826 0
2494 0
3990 0
1344 1
3840 0
2329 0
4437 0
8998 0
2980 0
2653 0
6150 0
5883 0
620 2
4194 0
2625 0
4090 0
937 1
3266 0
730 0
16 2
921 0
3833 0
2880 0
5233 0
2311 0
3631 0
9186 0
6399 0
994 0
1786 0
6057 0
2320 0
2440 0
2140 0
2788 0
1523 0
5613 0
8972 0
6405 0
3578 0
93 1
3055 0
3040 0
2429 0
374 2
2790 0
3876 0
1306 0
429 1
3688 0
3767 0
1328 0
3097 0
4049 0
409 2
1091 0
5353 0
1958 0
812 0
1962 0
9026 0
489 1
585 0
3711 0
1392 1
1080 1
2819 0
732 0
2233 1
622 2
5389 0
6200 0
970 0
2381 0
1416 1
2771 0
2256 0
1658 0
2057 0
1237 0
1635 0
2361 0
2490 0
3086 1
4333 0
3991 0
4461 0
270 0
2840 1
1602 0
2007 0
4226 0
1332 0
6389 0
5139 0
1399 0
6395 0
1117 0
740 0
103 4
3434 0
9250 0
871 1
3393 0
2039 0
6039 0
6212 0
3826 0
4042 0
3363 0
1219 1
2534 0
1704 0
6173 0
750 2
688 1
1749 0
1126 0
2128 1
3926 0
1534 0
1915 0
3729 0
804 0
83 2
5728 0
3375 0
6183 0
5962 0
1385 0
2672 0
4156 0
1818 0
962 1
2094 0
1837 0
3778 0
143 1
3090 0
4020 0
6068 0
2323 0
6157 0
2822 0
1051 1
3033 0
518 0
2914 0
2906 0
1211 0
3221 0
2732 0
6025 0
2852 0
2155 0
1542 0
2399 0
1711 0
2991 0
2102 0
2836 0
478 1
3242 0
384 1
4052 0
836 0
4028 0
5956 0
3068 0
3989 0
1735 0
3512 0
2030 0
2286 0
9104 0
1595 0
5906 0
1750 0
5971 0
1610 1
779 0
343 0
3910 0
697 1
981 0
3001 0
6230 0
5840 0
857 1
1010 0
707 0
5738 0
3310 0
4279 0
261 0
4077 0
4083 0
2439 0
321 0
5700 0
3209 0
2896 0
1079 0
2422 0
5977 0
1590 1
5900 0
1652 0
3980 0
9259 0
2933 0
760 1
863 1
531 1
2469 0
3317 0
1745 0
3966 0
2111 0
1897 0
721 0
2124 0
3482 0
6104 0
669 0
282 1
420 0
3622 0
5682 0
989 0
1348 0
2372 0
2945 0
1137 0
577 0
3504 0
6356 0
852 0
643 1
4341 0
6193 0
1120 1
6288 0
1475 0
1187 0
2968 0
2092 0
1251 1
3904 0
2456 0
1192 0
879 0
3899 0
3017 0
1095 0
3961 0
3104 0
2975 0
1444 0
1883 0
1846 0
133 0
2600 0
2515 1
5749 0
1828 1
2605 0
56 3
3977 0
4282 0
9371 0
306 2
70 1
5966 0
4038 0
166 3
1578 0
2225 0
4352 0
6087 0
30 3
466 1
134 1
3038 0
618 0
2151 0
848 0
3290 0
1904 0
5043 0
1761 0
2196 0
1323 0
1455 0
2662 0
1492 0
3560 0
1134 0
3853 0
4455 0
1100 1
4131 0
1377 0
2861 0
185 1
5547 0
1719 0
4 5
2716 0
5849 0
127 2
71 2
1648 0
1481 0
2927 0
2266 0
6043 0
2915 0
512 1
5974 0
463 1
517 1
5887 0
8379 0
1363 0
3588 0
722 0
1109 1
3051 0
2067 0
1597 0
4060 0
2154 1
6023 0
4171 0
742 1
58 3
153 2
2932 0
2387 0
4086 0
101 2
340 1
6028 0
3906 0
6403 0
9039 0
3655 0
4012 0
5752 0
2425 0
3536 0
1703 0
5880 0
4018 0
3571 0
1172 0
2510 0
2458 0
834 1
285 1
2441 0
4397 0
2414 0
1216 1
2194 0
2285 0
4423 0
3092 0
1135 0
2864 0
4198 0
96 1
1667 1
3836 0
2114 0
569 1
3111 0
4269 0
5930 0
1396 0
391 0
2033 0
4335 0
2676 0
1375 0
180 1
5821 0
2907 0
4353 0
4097 0
2939 0
1877 0
246 1
2227 0
4001 0
1168 0
3241 0
4102 0
4323 0
536 0
1767 0
1653 0
2237 0
1688 1
3311 0
2958 0
1458 0
444 0
508 1
1336 0
3260 0
1089 1
12 4
6221 0
3036 0
1554 0
2168 0
4137 0
6140 0
3707 0
3518 0
3343 0
3413 0
6385 0
6315 0
4036 0
875 1
1522 0
3467 0
136 2
116 2
1197 0
1580 0
4390 0
3274 0
2146 0
2419 0
308 0
5968 0
3802 0
5843 0
3676 0
5992 0
3939 0
3027 0
301 1
9290 0
4272 0
51 1
1758 0
456 1
1822 0
3063 0
1033 0
4059 0
2736 0
2258 0
1539 0
796 2
2349 0
6081 0
6054 0
366 1
1541 0
9351 0
3727 0
3527 0
6196 0
2343 0
4113 0
3044 0
2108 0
888 0
6123 0
3743 0
1011 0
1754 0
5940 0
1161 1
2093 0
6160 0
1927 0
1380 0
2853 0
3406 0
990 0
1442 1
1614 1
349 0
2218 0
2316 0
1743 0
3970 0
5162 0
3364 0
5898 0
4109 0
3251 0
4401 0
3205 0
1383 0
137 3
1414 0
666 2
3794 0
1074 1
860 0
2308 0
3884 0
1567 0
1063 0
1776 1
2565 0
3047 0
2158 0
6125 0
2362 0
3287 0
3829 0
2796 0
1601 0
323 0
8932 0
2142 0
1834 0
545 1
2733 0
5292 0
2467 0
187 1
2326 0
1283 0
6408 0
3089 0
212 2
3384 0
2436 0
1331 0
6390 0
4019 0
6245 0
2383 0
5108 0
1305 1
961 0
6378 0
2686 0
2882 0
3234 0
1662 0
574 2
9297 0
3397 0
660 1
566 1
4067 0
3928 0
2765 0
2299 0
108 0
2820 0
604 1
477 1
1338 0
2623 0
330 2
5734 0
8973 0
360 1
1857 1
9156 0
9357 0
3160 0
3279 0
2321 0
1076 0
3082 0
766 1
449 2
1574 0
1579 0
3506 0
6254 0
4484 0
682 0
353 1
2971 0
375 1
3633 0
2989 0
3944 0
2833 0
2409 0
4189 0
3914 0
3692 0
501 1
2944 0
5944 0
3144 0
2650 0
155 1
387 0
1913 0
626 0
4944 0
6175 0
257 1
9416 0
951 1
85 2
809 0
1156 1
2200 0
3614 0
3057 0
3812 0
736 0
539 1
2847 0
3233 0
3339 0
6347 0
4369 0
2865 0
1698 0
520 0
3820 0
7640 0
57 3
2642 1
2354 0
3790 0
3479 0
3660 0
3435 0
175 2
584 0
3307 0
35 3
6133 0
2453 0
8933 0
1882 0
1421 0
2827 0
665 0
6321 0
3021 0
1476 0
2758 0
1207 1
9203 0
2641 0
2670 0
3007 0
904 0
3848 0
930 1
2972 0
9347 0
648 0
2006 0
2245 0
3178 0
2130 0
9056 0
4453 0
1028 0
8522 0
198 1
1589 1
1059 0
6240 0
2683 0
3713 0
3644 0
913 0
3983 0
2019 0
6179 0
4313 0
202 1
361 0
2468 0
4436 0
3282 0
1819 0
2183 0
1459 0
1984 0
9211 0
6292 0
307 2
3472 0
6153 0
5908 0
6229 0
5836 0
154 2
1463 0
1467 0
2041 0
5320 0
4324 0
704 0
2801 0
1462 0
681 0
4478 0
1029 0
3062 0
5 3
2715 0
2694 0
2105 1
3292 0
1957 0
554 0
2657 0
552 2
5894 0
4006 0
3766 0
1623 0
9105 0
74 2
890 0
1926 0
299 0
2024 0
5952 0
1282 0
1694 0
6820 0
6266 0
1350 0
3183 0
2815 0
3079 0
481 1
867 0
1976 0
3669 0
817 1
2751 0
229 1
673 1
4204 0
2059 0
315 1
1827 1
2501 0
1947 0
2366 0
1347 1
3350 0
25 3
1504 0
3971 0
2270 0
1253 0
9121 0
5829 0
2648 0
3932 0
7954 0
1730 0
5877 0
3784 0
46 2
4479 0
3623 0
1316 0
1851 0
2630 0
2373 0
2263 0
9096 0
6259 0
4163 0
3505 0
317 0
5813 0
1254 0
1642 0
892 0
4622 0
3954 0
6363 0
546 1
2071 0
537 1
7794 0
5816 0
3896 0
4072 0
1007 0
1443 1
6141 0
3298 0
1833 0
4441 0
1186 0
3119 0
3566 0
2240 0
529 1
3556 0
4309 0
4222 0
2573 0
987 0
2984 0
9528 0
1150 1
3988 0
6167 0
4122 0
4347 0
4314 0
4239 0
5959 0
2390 0
908 1
2580 0
284 2
4151 0
3127 0
3870 0
247 1
1340 0
903 0
4389 0
3927 0
289 1
4411 0
2119 0
3891 0
808 1
845 1
5997 0
1847 0
147 2
1249 0
1142 0
2095 0
1291 0
5267 0
2601 0
2599 0
3227 0
2960 0
5913 0
1052 0
4188 0
4250 0
1493 0
6186 0
6105 0
2397 0
4298 0
974 0
2629 1
1668 0
1715 0
1613 1
4247 0
636 0
6278 0
1406 1
1104 0
1905 0
3203 0
117 1
2207 0
2472 0
821 1
696 0
1721 0
6013 0
3376 0
9048 0
2179 0
2172 0
1431 0
3050 0
1805 0
3226 0
1727 0
2922 0
6094 0
4967 0
2178 0
1225 0
6203 0
2909 0
290 1
210 1
712 0
6339 0
3365 0
2560 0
2702 0
8902 0
6040 0
3196 0
6070 0
1895 1
2920 0
6305 0
2038 0
4465 0
3799 0
4283 0
4399 0
1159 1
2048 0
655 0
6238 0
3110 0
421 2
2332 0
6354 0
271 2
3742 0
1024 1
3174 0
2867 0
2871 0
491 0
9382 0
1863 0
3953 0
4495 0
13 3
1514 0
5852 0
4098 0
840 1
1647 0
597 0
4372 0
1411 0
1480 1
3265 0
3581 0
242 1
32 4
1588 0
443 1
4138 0
6213 0
2234 1
1795 0
5252 0
4391 0
3519 0
3273 0
846 0
1689 0
3484 0
1861 0
2825 0
3312 0
1296 0
3415 0
1553 0
2161 0
2897 0
1303 1
4195 0
1654 0
3494 0
5719 0
3510 0
15 3
3268 0
3016 0
2236 0
1506 1
4026 0
2855 0
6312 0
2145 0
859 1
3693 0
739 1
4284 0
876 0
2890 0
3967 0
135 1
3913 0
145 1
2674 0
1131 1
3624 0
772 1
1876 0
3803 0
1759 0
9489 0
2032 0
8256 0
3026 0
1528 0
653 0
1692 0
2677 0
4273 0
3064 0
509 1
1015 0
367 0
976 0
1821 0
8147 0
6174 0
743 0
3589 0
2265 0
2129 0
723 0
3597 0
9378 0
1040 0
1755 0
488 0
1138 1
1012 0
2182 0
1032 0
6328 0
4071 0
152 1
2931 0
3855 0
342 1
1419 1
862 0
4943 0
341 1
6232 0
3586 0
2883 0
2189 0
2287 1
2540 0
2284 0
5830 0
3793 0
64 3
4085 0
5850 0
45 2
4426 0
4172 0
1173 0
309 1
1963 0
2085 0
1733 0
2113 0
2153 0
3383 0
824 1
6369 0
120 3
1148 1
254 1
2386 0
2841 0
1321 0
6280 0
2442 0
3945 0
4214 0
1987 0
5931 0
3570 1
2602 0
851 1
399 0
2296 0
1811 0
436 1
4412 0
213 1
94 2
1450 1
3011 0
568 1
2863 0
2668 0
3250 0
3098 0
2411 0
3905 0
4334 0
1129 1
1143 0
386 1
1961 0
6256 0
1457 0
200 2
1261 0
1352 0
2970 0
1621 1
4467 0
161 2
5945 0
109 2
6168 0
4464 0
2318 0
2651 0
2764 0
2797 0
5869 0
1556 1
7415 0
3682 0
8595 0
8974 0
1766 0
3378 0
4034 0
3982 0
4454 0
3153 0
5841 0
911 0
2072 0
6253 0
9189 0
3121 0
3507 0
2624 0
4079 0
5805 0
2965 0
1157 1
1470 0
9267 0
9455 0
6285 0
2100 0
1006 0
3813 0
996 1
5568 0
3005 0
3656 0
1840 1
2069 0
956 0
3933 0
629 0
9024 0
372 1
2951 0
3204 0
1330 0
1284 0
1661 0
3041 0
3772 0
3526 0
1160 0
869 0
1592 0
5886 0
4114 0
2997 0
1697 0
3828 0
1770 1
4494 0
2735 0
1209 1
6159 0
6275 0
9301 0
991 1
3535 0
931 0
2348 0
2246 0
615 1
476 1
1198 0
3319 0
3755 0
1626 0
2219 0
2141 0
2464 0
6146 0
1077 0
2854 0
6122 0
6178 0
1299 0
1781 0
967 1
1611 0
2157 0
322 1
3046 0
575 1
1835 0
4101 0
3850 0
9130 0
9444 0
699 1
960 0
818 0
2363 0
1038 1
2908 0
3088 0
5910 0
1777 0
354 1
3878 0
4483 0
1064 0
4225 0
2734 0
1217 0
3240 0
3288 1
6124 0
2750 0
4165 0
2527 0
1850 0
8987 0
1346 0
1964 0
3396 0
2818 0
2424 0
1004 1
891 1
2106 1
1013 0
1693 0
316 0
1806 0
4013 0
1738 0
9392 0
2025 0
1370 0
4251 0
5842 0
3668 0
2649 0
3804 0
511 0
2367 0
899 1
3443 0
3259 0
2437 0
3573 0
2689 0
3131 0
5924 0
6263 0
1979 0
3066 0
2485 0
1948 1
795 1
4402 0
794 1
1609 0
944 0
1780 0
1113 0
674 1
3405 0
5107 0
4470 0
1317 0
957 1
2430 0
2943 0
3996 0
2596 0
1503 0
6366 0
5185 0
2512 0
502 2
1286 1
314 2
1796 0
3385 0
6248 0
2998 0
2638 1
5921 0
355 1
553 1
2058 0
3546 0
1252 0
5859 0
2643 0
2877 0
555 1
1037 1
5814 0
5317 0
4164 0
5878 0
3328 0
195 2
2005 0
5800 0
2828 0
679 1
6195 0
831 0
5879 0
1960 0
2355 0
1241 0
5762 0
1441 1
647 0
1206 0
4368 0
1027 0
423 1
1953 1
2757 0
5983 0
1222 0
3473 0
5868 0
174 1
1571 0
422 1
905 0
3308 0
6400 0
3681 0
52 2
302 1
1451 0
3842 0
2452 0
593 2
188 1
402 1
3152 0
1940 0
6000 0
3366 0
1641 0
640 1
9346 0
6139 0
1384 0
1468 0
3184 0
2068 0
9158 0
1726 0
1464 0
1494 1
3440 0
4428 0
5835 0
4354 0
2018 0
6132 0
1906 0
464 1
2977 0
3235 0
2011 1
6 3
4435 0
3867 0
1304 1
2327 0
6384 0
3179 0
3569 0
3189 0
6152 0
1593 1
705 0
1720 0
5953 0
4381 0
3053 0
2206 0
2177 0
4471 0
5550 0
912 0
1432 1
785 1
1930 0
599 0
587 0
1235 1
3814 0
298 1
95 1
3291 0
5851 0
923 0
243 1
3835 0
2051 0
6338 0
6222 0
2682 0
753 0
2404 0
6089 0
2171 0
106 1
2611 0
4425 0
65 1
203 1
6114 0
4373 0
1023 0
6093 0
2742 0
5909 0
1199 1
86 1
2473 0
2084 0
1158 1
656 0
2170 0
2335 0
2921 0
435 0
3195 0
1482 0
885 1
1412 0
1709 0
339 1
228 0
6355 0
3783 0
268 1
829 1
2872 0
596 0
1297 0
2090 0
1521 0
1862 0
2352 0
6237 0
9047 0
1082 0
1066 1
121 2
487 1
494 0
1956 0
3333 0
238 1
2778 0
2235 0
3175 0
873 0
3604 0
3081 0
3099 0
448 1
3634 0
3760 0
2631 0
2278 0
4152 0
3297 0
9428 0
1532 0
4246 0
713 0
6214 0
6185 0
3557 0
2839 0
4233 0
1679 0
4238 0
9529 0
4346 0
4215 0
1262 1
1290 0
1527 0
2162 1
1132 1
4308 0
3847 0
1925 0
2916 0
9242 0
3126 0
547 1
631 1
9421 0
1544 1
1616 0
396 0
1422 0
482 0
949 0
499 1
3432 0
9071 0
9292 0
8760 0
3856 0
1047 1
1276 0
5958 0
3228 0
909 0
5996 0
4121 0
9472 0
4315 0
1124 0
2618 0
2981 0
75 2
4266 0
1163 1
450 1
1702 0
1405 1
3118 0
4442 0
5822 0
4141 0
5212 0
6313 0
1729 0
6674 0
9163 0
146 2
3202 0
1351 1
356 1
2396 0
2720 0
9406 0
528 1
164 0
3897 0
807 0
4325 0
2040 0
2678 0
2898 0
882 0
5979 0
4379 0
5560 0
1050 0
4054 0
5936 0
6162 0
1031 1
2942 0
3139 0
454 0
1364 0
634 0
978 0
3741 0
3324 0
3752 0
2144 0
378 2
325 0
889 0
1233 0
6121 0
3972 0
1162 1
2831 0
684 1
211 3
6041 0
6188 0
3315 0
1924 1
3042 0
1214 0
389 1
1660 0
3525 0
6177 0
9339 0
3207 0
3887 0
5875 0
966 0
7023 0
2216 0
2314 0
992 1
1954 0
2843 0
218 1
7127 0
2345 0
5918 0
2973 0
2567 0
2999 0
4321 0
6052 0
3289 0
3158 0
9100 0
9452 0
2767 0
2188 0
1778 0
3667 0
1859 0
2339 1
5986 0
160 1
98 2
2901 0
1048 0
1278 0
2434 0
1381 0
1061 0
2054 0
2785 1
3732 0
3635 0
3224 0
1555 0
586 0
2870 0
4337 0
410 0
2859 0
3193 0
999 0
3019 0
6286 0
2169 0
1185 1
1741 0
9009 0
4211 0
1130 0
1315 1
189 1
6216 0
2330 0
2849 0
480 1
3810 0
107 2
6169 0
87 2
2385 0
4099 0
4339 0
1832 0
6392 0
3796 0
2704 0
9327 0
6191 0
221 1
5946 0
3147 0
3176 0
1424 0
417 1
6198 0
1530 0
9413 0
4388 0
2504 0
3819 0
5912 0
734 1
2798 0
2952 0
2621 0
1440 0
2524 0
381 1
5806 0
1471 0
1814 0
5896 0
2966 0
4330 0
373 0
3379 0
2078 0
773 1
1247 0
1752 0
1309 1
1576 0
6136 0
2874 0
5352 0
1622 0
6064 0
6255 0
3685 0
4457 0
975 1
3605 0
6250 0
1911 0
6021 0
2856 0
2199 0
6352 0
3002 0
3113 0
4173 0
6084 0
1893 0
1646 0
9300 0
3010 0
534 1
746 0
3572 0
3690 0
9061 0
4286 0
744 0
151 1
3822 0
5347 0
5485 0
1952 0
287 0
6032 0
475 1
3908 0
2595 0
932 1
3858 0
515 0
1525 0
4047 0
2545 0
2761 0
1107 1
138 3
2996 0
3499 0
3838 0
724 0
4104 0
3598 0
3534 0
3958 0
1195 0
3831 0
1327 1
2192 0
2667 0
1995 0
333 1
4080 0
5972 0
4040 0
4427 0
4451 0
3985 0
2780 0
446 1
5942 0
3901 0
2181 0
2229 0
1582 0
2842 0
6283 0
1599 0
3013 0
2306 0
1149 0
2900 0
8210 0
2603 0
2283 0
2407 0
2695 0
1238 0
1559 0
2866 0
1793 0
7 2
1701 0
2443 0
1937 0
255 1
2230 0
4274 0
5556 0
6026 0
182 1
4146 0
3809 0
6380 0
815 0
5176 0
167 1
692 0
8126 0
8598 0
1907 0
3564 0
854 0
5933 0
6072 0
3120 0
3769 0
1174 1
4023 0
510 0
3020 0
393 1
9051 0
5892 0
658 0
3262 0
274 1
3550 0
4392 0
877 1
1508 1
5989 0
3034 0
1128 0
1771 0
2891 0
8718 0
4737 0
3515 0
4074 0
1724 0
1520 0
3965 0
4056 0
6268 0
250 0
303 1
2148 0
614 1
1765 0
2963 0
6019 0
2959 0
130 1
6005 0
6320 0
1373 0
53 2
8893 0
2925 0
1302 1
2239 0
3029 0
2392 0
3587 0
1879 1
3313 0
1824 0
4135 0
2917 0
2342 0
3516 0
832 0
5633 0
2135 0
828 1
276 1
6006 0
6376 0
2465 0
1831 0
3949 0
3523 0
6247 0
3868 0
1404 0
1543 1
9501 0
424 1
4124 0
6333 0
1402 0
2986 0
2402 0
1841 0
347 2
3558 0
3294 0
4307 0
434 0
2586 0
5982 0
865 0
1184 1
3165 0
4216 0
6046 0
4134 0
8597 0
5920 0
5603 0
3929 0
3129 0
689 1
5994 0
1116 0
4413 0
2869 0
1725 0
2379 0
727 1
5827 0
4220 0
939 0
4095 0
2619 0
1670 0
2010 0
6170 0
2834 0
3342 0
1537 0
1127 0
4415 0
894 1
1298 0
3425 0
140 2
2222 0
1900 0
5915 0
6154 0
954 0
801 0
985 0
754 0
3151 0
3061 0
1563 0
1003 0
4147 0
6223 0
4355 0
5845 0
6055 0
1800 0
4230 0
6365 0
1717 1
4349 0
698 0
9171 0
1634 0
524 0
6226 0
1848 1
2176 0
9185 0
2714 0
4380 0
4706 0
598 0
2486 0
780 1
8931 0
3547 0
2317 0
6015 0
3277 0
1433 1
240 1
1666 0
2209 0
230 1
115 3
2374 0
922 0
5882 0
2319 0
3740 0
2741 0
2628 0
1072 0
2470 0
1394 1
6035 0
2772 0
2251 0
1277 0
1086 0
9384 0
5854 0
9178 0
5839 0
564 1
3070 0
5889 0
3951 0
3094 0
6294 0
2850 0
1967 0
657 1
1865 0
9412 0
1783 0
503 0
4181 0
4126 0
1483 0
5769 0
4069 0
3800 0
9514 0
1996 0
1036 1
3492 0
6143 0
2065 1
1265 1
4150 0
544 1
4370 0
3253 0
1196 0
1114 0
2389 0
3657 0
239 1
2635 0
122 1
269 1
878 1
2277 1
363 2
2353 0
4140 0
3198 0
3215 0
5834 0
2159 0
6161 0
3059 0
1449 1
4725 0
2873 0
9046 0
4062 0
6096 0
3591 0
1314 0
1798 0
2535 0
522 1
1632 0
1423 0
2412 0
667 1
1280 0
313 1
2017 1
4322 0
4031 0
3023 0
2884 0
2661 0
3841 0
5712 0
1324 0
3077 0
3305 0
3433 0
4202 0
459 1
7055 0
4267 0
1495 0
1753 0
6138 0
3187 0
2688 0
4367 0
5055 0
2756 0
1919 0
1938 0
4244 0
3107 0
404 0
516 1
2004 0
1813 0
3861 0
6128 0
702 1
2297 0
4383 0
2163 0
2214 0
357 1
3236 0
9134 0
1941 0
4008 0
2826 0
455 1
4472 0
2132 0
3181 0
2612 0
6115 0
1889 0
2272 0
2692 0
2646 0
10 2
550 1
2083 0
1081 1
1736 1
958 1
3299 0
592 0
4111 0
4420 0
1978 0
2364 0
1640 0
173 2
4118 0
66 3
2709 0
2026 0
3130 0
793 1
1205 1
1696 0
3168 0
3674 0
5486 0
3469 0
3625 0
59 0
2091 0
3329 0
1971 0
5951 0
4161 0
6103 0
5939 0
5316 0
2358 0
1226 0
2498 0
1256 0
1949 1
2247 0
5927 0
1853 0
9270 0
219 0
1016 1
2300 1
2480 0
3734 0
799 1
925 1
390 1
2368 0
1515 0
1955 0
9218 0
945 0
2784 0
206 2
959 0
3791 0
3194 0
331 1
358 2
2746 0
3606 0
737 0
8963 0
4338 0
3037 0
2228 0
2070 0
4112 0
6131 0
3830 0
220 1
4336 0
1312 0
9492 0
6065 0
4473 0
2365 0
1263 0
4612 0
4170 0
4017 0
3811 0
6149 0
572 1
3762 0
3984 0
4159 0
2549 0
1448 0
3795 0
5947 0
3146 0
3684 0
1472 1
1573 0
2020 1
3770 0
4485 0
3524 0
2622 0
9414 0
2799 0
1772 0
418 0
2324 0
4466 0
933 0
4174 0
2217 0
5601 0
348 2
6386 0
6020 0
6190 0
2052 0
993 0
1090 0
627 0
2868 0
1308 1
6204 0
2503 0
4100 0
388 1
4458 0
1425 0
5888 0
4190 0
3083 0
1842 0
6197 0
485 0
2143 0
3316 0
9060 0
3881 0
1270 0
1645 0
1389 0
324 2
637 0
2066 0
4223 0
2679 0
752 1
1232 1
2899 0
2941 0
3045 0
379 1
5978 0
1639 1
1035 0
3367 0
3964 0
9448 0
1894 0
6260 0
535 1
3138 0
683 0
2260 0
1215 0
4378 0
2995 0
7928 0
1712 0
2344 0
6176 0
765 1
5937 0
2521 0
312 1
4452 0
2435 0
1002 0
6187 0
370 1
6391 0
3398 0
567 0
6120 0
3749 0
6029 0
3115 0
380 0
965 0
1279 1
3206 0
2079 0
2974 0
1395 0
286 2
1075 0
800 0
2426 0
9338 0
4469 0
1365 0
6277 0
3613 0
6258 0
1779 1
1568 0
607 1
1807 0
2902 0
9101 0
3093 1
2508 0
1073 0
2187 0
3399 0
3860 0
2844 0
3575 0
816 0
3031 0
4260 0
4010 0
3159 0
1062 0
3112 0
3169 0
1700 0
2609 0
4240 0
8450 0
445 0
9315 0
3261 0
2131 0
1339 0
4002 0
2338 0
3866 0
8544 0
3781 0
2120 0
6284 0
1858 0
718 0
1581 0
2147 0
3997 0
1604 0
1507 0
6163 0
868 1
4096 0
1140 0
275 2
2035 0
197 2
6073 0
3314 0
2208 0
3626 0
4459 0
1731 0
853 1
4024 0
5820 0
1500 0
4275 0
6265 0
4393 0
2136 0
4103 0
4175 0
2685 0
4073 0
3410 0
3028 0
1295 0
2832 0
3978 0
1111 0
3281 0
6018 0
3249 0
3271 0
4055 0
2238 0
6219 0
1878 0
2388 0
2938 0
2964 0
1690 0
8940 0
3915 0
617 1
4136 0
5244 0
4061 0
3801 0
2918 0
3821 0
251 2
1594 0
369 1
1548 0
3900 0
5434 0
4053 0
1823 0
2267 0
2537 0
5026 0
5999 0
887 0
72 0
1496 0
1682 0
2781 0
1108 1
2282 1
1014 0
2760 0
843 1
2529 0
2315 0
2257 0
514 0
610 2
3973 0
2444 0
3921 0
725 1
4088 0
4290 0
1994 0
3252 0
6083 0
3907 0
3857 0
1136 0
4183 0
1175 0
4011 0
1683 1
1326 0
6402 0
1382 0
1452 0
2384 0
2637 0
6234 0
589 0
1337 0
8710 0
8939 0
3101 0
2098 0
3837 0
150 1
6215 0
3018 0
245 1
2604 0
2511 0
4974 0
3012 0
2666 0
332 0
9342 0
1099 1
1965 0
34 2
745 1
3691 0
3650 0
2656 0
2082 0
2613 0
1410 0
3056 0
3789 0
2693 0
1434 1
4182 0
6279 0
2713 0
5461 0
2471 0
3457 0
1547 1
1045 1
6034 0
1619 0
5881 0
1069 0
1224 0
368 3
5998 0
3078 0
4007 0
6293 0
611 0
1849 1
849 0
492 1
2740 0
208 2
2271 0
3225 0
6318 0
292 1
2773 0
2445 0
4039 0
291 1
3071 0
114 2
3272 0
1939 0
9045 0
73 1
5853 0
6090 0
67 3
241 1
2561 0
3133 0
6007 0
6112 0
327 2
1970 0
4125 0
2391 0
1281 1
1864 0
3214 0
6307 0
3491 0
1603 0
1881 0
4403 0
3952 0
5833 0
24 2
2375 0
2759 0
2049 0
3321 0
3197 0
104 1
9415 0
4241 0
1558 0
4371 0
1513 0
2175 0
1264 1
4468 0
747 1
159 2
1633 0
47 3
1427 0
1942 0
4217 0
1484 0
1017 0
3619 0
6296 0
2042 0
1057 0
3748 0
538 2
5897 0
9500 0
521 0
5815 0
162 1
1923 0
433 2
880 1
6095 0
3461 0
6353 0
2164 0
1912 0
986 0
786 1
3293 0
1008 1
3022 0
4148 0
4082 0
201 2
1401 0
4297 0
719 1
1529 0
4305 0
902 0
4289 0
827 0
266 1
9273 0
1353 0
1742 0
3128 0
2585 0
4404 0
1624 1
2892 0
4440 0
1695 0
97 1
2983 0
2378 0
3645 0
6086 0
668 0
774 1
4306 0
6224 0
910 1
3463 0
693 0
2701 0
1341 0
4123 0
2684 1
893 0
8969 0
3979 0
2309 0
3959 0
4348 0
8235 0
4414 0
6047 0
2558 0
5923 0
1085 1
755 0
1714 1
3942 0
1403 0
2268 0
9146 0
6409 0
1497 1
497 2
4236 0
6379 0
169 1
411 1
2579 0
6370 0
398 1
2016 0
3934 0
3182 0
942 1
955 0
1376 0
1888 0
3267 0
6270 0
2369 0
4119 0
2647 0
190 1
2816 0
1808 0
2802 0
1739 0
822 1
601 0
231 1
6102 0
551 0
5926 0
504 0
3753 0
2823 0
3894 0
3177 0
3387 0
1966 0
1665 0
1782 0
3873 0
2698 0
2252 0
2506 0
6231 0
792 1
3122 0
1248 0
6368 0
3368 0
2401 0
3994 0
4205 0
3733 0
1516 0
924 0
2053 0
2462 1
2301 0
4162 0
2481 0
2027 0
8815 0
172 2
5993 0
4045 0
3922 0
6332 0
1366 0
223 0
4252 0
1043 0
1255 0
6014 0
2660 0
1852 0
3548 0
5893 0
639 1
3449 0
1505 0
5470 0
2248 0
6130 0
2809 0
4957 0
1227 0
1417 0
216 1
3351 0
3478 0
1951 1
2766 0
3661 0
4032 0
2928 0
1794 0
2193 0
2636 0
3522 0
676 1
277 1
3191 0
3306 0
2640 0
2700 1
1183 0
4312 0
9202 0
2215 0
2671 0
123 2
304 0
2417 0
5828 0
1631 0
2294 0
1369 0
54 0
1151 0
1204 0
839 1
2520 0
88 1
1009 0
403 1
5844 0
3438 0
1829 0
5803 0
5876 0
1629 0
2755 0
1918 0
3237 0
4197 0
3150 0
3164 0
703 1
6053 0
4366 0
4382 0
3304 0
2885 0
1461 1
2488 0
3106 0
2487 0
3188 0
3869 0
2669 0
1691 0
3567 0
3666 0
2003 0
