1801 7
3074 4
3163 7
1178 18
1387 13
1932 6
458 25
2634 10
1785 14
4361 4
1250 9
9363 3
2507 7
5810 5
3957 4
1630 7
3497 6
3185 6
4340 4
3109 10
3919 4
728 21
1244 12
1638 9
3936 4
29 34
5831 6
350 13
4087 6
1969 6
6233 4
1810 12
2203 10
6358 3
1546 10
2994 9
3256 5
4003 5
311 23
3844 5
825 15
917 11
3431 6
6003 3
495 21
3889 5
3302 9
2086 7
1322 13
1816 9
5804 5
2460 13
4293 5
2699 10
1259 12
5464 4
3824 6
3574 7
2976 8
3475 5
4319 4
6327 3
5531 4
3421 6
2274 6
5938 4
2002 7
1203 11
5873 4
4261 4
2088 6
1068 19
4429 3
486 28
2134 6
1354 11
4066 4
4213 4
8 81
2359 7
3239 5
2045 8
686 24
3149 6
6375 4
943 16
1887 5
4258 5
1585 13
2705 10
4474 6
690 25
5825 5
61 50
4475 6
5215 4
5970 4
4094 6
3540 6
1266 9
6076 3
5780 4
3326 5
2654 5
4209 5
4144 6
3627 4
39 62
558 28
3200 6
573 24
2710 6
1084 16
6101 4
638 19
3446 6
2350 10
2479 7
1 125
3218 4
506 26
5929 3
4184 5
2937 5
661 29
3157 4
2845 7
2482 7
1935 6
2719 7
2690 9
581 25
4046 4
4200 5
9240 3
678 10
4328 4
1517 6
3862 5
6097 4
2808 5
1975 6
3025 6
2910 5
1973 7
1991 6
927 19
5855 5
3180 6
2302 8
3849 5
652 16
2400 9
2034 11
4445 5
3851 5
4405 5
2029 4
3552 7
844 19
4447 3
2723 5
4218 5
272 25
775 19
2518 6
20 64
6010 3
2376 6
1983 9
6172 3
3100 7
3787 3
4304 5
1627 11
3562 6
4180 4
4139 6
468 16
6145 3
9012 3
3030 5
1019 13
700 24
78 43
6274 4
294 43
413 30
764 20
6044 3
2075 11
3638 6
2081 7
606 23
4416 3
2522 11
1855 10
3559 7
432 25
4235 5
5922 3
6220 4
2415 5
708 27
2589 6
3286 7
2814 4
710 16
1656 9
856 11
1664 10
112 33
3211 5
5935 3
191 16
3612 6
588 13
1684 13
756 20
262 19
1944 9
4422 3
6257 3
542 18
6109 3
3114 5
3750 6
2099 12
2476 7
2988 9
170 40
1921 14
3217 4
6181 4
26 64
2116 12
2250 6
526 22
1901 7
9117 3
6218 3
359 28
1229 17
2608 8
2614 9
1001 14
3694 5
232 28
6207 3
3054 4
6008 4
1182 15
225 29
1447 10
207 20
142 41
1510 10
48 62
4491 4
3641 5
8667 3
3585 5
3170 7
1988 6
3135 7
4128 5
4356 5
3665 8
4343 5
4376 4
4243 5
659 23
2763 6
2774 6
6017 3
1141 9
984 17
1155 17
3372 6
1485 6
788 14
128 42
8724 3
6335 3
4115 4
1313 10
278 26
1617 17
6048 3
3521 6
490 16
1843 8
5809 5
2626 8
1112 12
1294 12
461 18
2712 7
1426 6
1562 11
3451 5
6345 4
1358 8
782 9
3647 6
1557 13
2281 11
1486 7
425 27
2056 14
3607 5
2876 6
3648 6
781 20
3015 4
1950 10
2782 5
5720 4
2037 10
532 21
1193 13
3963 4
2455 7
55 59
3592 4
1890 11
6281 3
1681 12
6134 4
872 14
395 12
1146 20
89 34
988 15
4342 5
5848 5
2295 5
3584 6
1550 9
1454 9
2533 9
3960 5
9187 3
4434 5
1584 13
1675 11
649 29
6038 4
3903 4
2150 10
1318 14
642 23
1764 8
5965 5
1908 12
4291 5
6290 3
1718 7
1098 10
2792 9
3003 6
6242 3
2665 6
184 33
776 12
1570 7
6381 3
2673 6
1269 21
412 19
181 37
6239 3
1671 11
4242 5
830 20
2893 6
2062 11
3935 3
1101 14
326 27
1165 12
2886 7
9063 3
335 37
3531 7
9374 3
2791 8
5362 3
7685 3
4481 6
1867 6
2505 5
4856 4
3533 7
8441 3
2936 8
440 25
1289 12
2525 13
6113 3
841 10
1898 7
1044 17
5548 4
1751 8
4029 5
91 50
2137 6
4116 6
467 30
2121 6
9088 3
474 36
3563 7
6024 4
563 16
2919 5
3248 5
9497 3
2953 7
6085 4
3489 6
68 52
4106 6
6069 4
2514 8
5934 3
3628 4
4176 5
5961 5
3807 7
3995 4
6322 3
222 28
2911 6
2418 7
3132 6
305 12
928 19
1644 15
1526 15
3245 5
4276 5
217 19
8509 3
4076 6
158 44
281 35
3832 6
8376 3
3658 5
1418 12
36 53
1368 8
748 14
472 18
1655 8
1943 5
711 14
132 40
1791 12
3779 4
3747 5
2180 5
8936 4
2769 11
1428 15
6060 4
4081 6
1018 15
1125 15
2279 10
741 26
998 15
2806 6
3032 5
1789 12
3880 4
4757 4
3192 5
2076 11
4294 5
1545 8
1838 11
1058 8
1773 17
3883 5
6192 4
3166 9
8306 3
6211 4
3392 5
6374 3
2860 8
3141 7
1535 17
3775 3
1335 8
3780 4
3974 4
3409 5
5240 4
3918 5
8992 3
5419 3
165 43
2351 7
729 14
2 62
4229 4
6074 4
6319 4
2125 9
2553 5
1231 18
2979 6
3270 5
7904 3
973 9
2446 9
2961 7
1046 13
5864 4
319 29
2571 8
2857 7
1179 11
1922 15
735 18
3048 5
2948 6
6394 3
1271 14
344 19
2103 11
2949 6
1710 6
1133 17
2224 8
6271 3
2421 6
209 34
2837 7
4456 4
4132 6
1118 19
1575 5
7732 3
2428 5
4460 5
4191 5
600 17
80 47
336 29
457 23
1301 15
383 20
2532 7
3817 7
1873 12
2497 7
3651 5
4157 5
92 45
5354 4
1212 12
2253 8
2433 5
2787 8
1477 13
1164 10
2824 5
6404 3
505 16
6310 3
2739 6
670 15
1094 17
419 30
995 16
837 9
9021 3
2015 11
625 15
149 37
3208 6
3839 4
6398 3
406 34
2289 11
3283 7
2312 8
19 77
3096 7
3637 5
1030 10
365 31
2730 5
763 13
3255 5
3332 7
2021 11
5948 3
3430 6
3318 7
570 22
1880 8
3123 10
252 25
4063 5
883 14
1998 6
2930 5
6058 3
1367 20
6199 3
3825 6
1070 15
3117 9
3618 4
3275 3
2463 9
4332 5
2493 6
105 57
2380 12
111 43
3549 7
408 20
6206 3
5410 3
3577 6
2777 8
559 14
3601 6
9091 3
6236 3
8949 3
580 13
2800 7
5818 5
2523 8
3808 7
1257 8
31 57
4093 6
2307 8
2706 14
9200 3
5973 5
4439 4
4160 3
3336 4
2133 9
968 19
675 18
431 12
3541 5
382 23
2846 9
4208 4
4329 5
3863 4
139 30
129 21
6077 4
6033 4
3008 5
926 19
4377 4
1246 21
1083 13
4000 4
1293 9
1792 8
6137 4
3024 6
662 29
168 41
6180 3
1518 9
3444 5
178 35
2728 4
3156 5
3992 5
124 39
6267 3
1429 15
4259 5
1974 6
2536 10
5856 5
4350 3
3611 4
2483 5
1374 12
6098 3
2807 8
2303 11
2259 7
2212 8
716 15
1886 4
1972 7
940 14
685 16
4169 3
21 73
523 21
4360 4
2377 7
3823 6
3975 4
6344 3
1460 11
453 18
2500 7
3937 4
1202 16
3162 8
3895 4
3303 6
351 31
2838 8
595 15
6337 3
1854 10
9127 3
2926 7
835 20
1498 11
5874 3
1267 14
4015 5
113 41
901 17
2191 5
6388 3
1056 16
3664 5
3108 9
6049 4
4285 4
4365 5
2753 5
1473 19
881 14
2461 9
3186 6
507 21
405 19
6092 3
6110 4
1734 7
3843 4
3565 6
3230 5
9354 3
9396 3
1258 11
4030 3
2313 5
392 26
3653 5
2242 6
5530 4
2254 5
813 21
2014 12
644 17
2477 6
1820 17
5308 4
2110 11
1342 9
4359 4
2457 8
1968 9
4185 4
1802 10
2775 10
4065 5
4009 5
9222 3
2273 6
791 24
3330 7
1355 10
3640 6
2231 9
916 9
3617 6
3231 6
5904 3
3095 8
2043 7
3646 6
329 25
525 25
787 7
4476 6
27 65
1902 6
2331 6
1561 9
3909 4
1866 5
2001 6
6316 4
3736 3
4394 5
3731 4
3216 4
1310 14
5901 3
3459 5
2115 13
4357 5
4234 6
3695 6
4489 3
6306 3
3035 5
769 8
1181 14
6009 4
1809 12
803 17
2744 6
6027 4
2559 8
4133 6
3199 5
5890 3
60 56
1245 16
1400 9
691 13
1067 14
2615 12
6004 4
1676 13
1388 18
3134 6
346 26
3085 8
3171 9
427 24
82 43
3464 6
2202 8
650 16
1154 12
895 12
1763 7
69 37
4299 4
1910 12
2762 8
3076 5
224 31
3608 4
7558 4
3264 6
6050 3
2711 6
3501 5
2393 7
3423 5
5980 4
426 28
4127 6
3222 5
1435 12
279 32
2408 6
483 18
498 19
3520 6
4145 6
2055 10
1487 11
4311 4
2028 7
1540 8
3075 7
1606 8
6156 3
2064 8
99 28
3553 7
5218 4
1933 7
790 14
2022 13
6295 3
533 16
4446 4
2080 15
4448 4
3551 8
1122 14
6100 3
2416 6
6045 3
1053 10
462 21
414 24
3852 4
6359 3
263 41
3746 6
5919 3
4385 4
3361 6
2985 7
3593 6
9148 3
5932 3
3210 5
9162 3
3673 5
1409 15
5895 3
4417 3
1716 18
4219 4
9476 3
293 18
1272 15
1663 12
2888 5
9175 3
3818 7
469 38
635 18
6350 4
1088 16
1566 7
979 18
3950 4
709 25
3603 5
310 18
40 50
192 37
9011 3
1115 23
4421 3
4320 4
4406 4
4262 5
3529 7
4303 3
3764 5
2293 8
1707 9
3103 7
267 47
543 24
1892 16
2044 6
4231 3
1437 17
2813 7
6189 3
2724 6
2517 8
757 26
2577 7
6210 4
9 62
3359 5
6108 4
1740 15
1600 11
603 22
8250 4
90 41
3514 5
565 30
3102 8
3247 5
850 16
4057 5
2696 9
1360 19
3620 5
5891 3
233 34
6217 4
1490 10
2198 7
2947 7
4199 5
4480 5
4105 6
2288 9
2954 6
11 66
4117 5
842 12
4288 5
2000 6
2531 7
5960 4
199 44
2410 6
1899 7
1929 6
1737 7
3143 5
6334 3
3284 7
3223 5
2122 6
3244 7
2280 12
280 21
273 42
471 27
3498 5
4991 4
2262 6
4177 5
1509 12
9475 3
1936 9
2912 6
1325 8
1643 12
131 20
1565 20
4277 4
4075 6
6016 4
1502 10
1872 8
2935 5
3875 4
4270 4
2513 8
37 61
855 12
3659 7
1706 8
6269 3
1788 16
1839 14
2186 5
6282 4
680 14
3962 4
8826 3
1147 16
2783 5
334 27
3902 4
2292 8
3582 4
1680 12
2879 5
1139 21
5984 4
1319 17
4043 4
1826 12
5847 5
5995 4
2454 12
2077 9
2036 9
1747 12
820 25
1799 8
1552 8
1194 14
3716 4
4433 5
41 69
3014 8
2887 5
8934 4
3084 7
866 9
1453 12
2223 8
9115 3
3532 7
770 17
9366 3
4292 4
9058 3
1097 8
641 19
838 14
5964 4
2664 4
2962 5
616 31
1121 10
870 16
4245 6
6075 3
896 23
3530 7
2903 7
3672 9
2165 8
2347 6
8951 3
4310 5
777 13
6129 3
3609 5
9341 3
2786 10
3968 4
1672 9
2325 6
1685 10
6225 3
3941 5
9015 3
2768 8
562 27
2269 6
1102 19
183 28
1478 12
439 35
362 33
1379 9
5846 5
2607 9
6397 3
3345 6
3798 4
2496 7
407 30
3686 5
4374 5
18 71
376 20
1167 6
609 16
5826 5
1393 15
6252 4
5490 4
3652 6
148 23
6067 3
1343 7
2489 7
2655 5
726 8
2509 10
6241 4
2955 6
2703 8
4210 3
6061 4
4110 6
964 9
157 28
2009 6
1909 15
4192 3
935 18
2627 7
1213 13
3576 6
1093 14
81 50
1300 18
624 22
2598 4
6323 4
371 23
6209 3
204 35
1041 31
6080 3
1990 6
3254 4
814 17
2492 6
2109 15
884 14
3539 7
6311 4
6205 4
749 21
345 21
4408 4
6059 3
613 17
9499 3
952 12
2691 7
1071 10
3058 4
4331 4
253 35
4158 3
5928 4
3278 7
2427 8
63 69
5817 5
1637 13
6393 4
6377 3
5949 3
179 29
1105 8
1334 7
3948 4
2499 6
3776 3
2805 8
2096 10
1784 10
938 19
3882 4
4016 5
2149 12
1830 8
1620 7
2241 7
5914 3
3917 5
3060 5
3167 5
4203 4
6142 4
2370 7
929 13
1538 7
1583 9
258 34
2620 8
9485 3
4022 4
6272 4
2138 7
1055 14
3610 4
4050 6
2447 5
3140 6
141 47
3043 6
4228 3
1230 23
2793 8
2993 8
1917 10
6155 3
6387 3
5865 4
1713 11
3590 4
1060 10
3759 3
2420 6
6364 3
2104 13
2894 5
6171 3
2126 14
4450 4
2858 7
900 15
4221 5
318 38
2526 9
473 21
2572 7
1774 12
3 73
248 41
3888 4
802 20
3420 5
2063 9
3269 4
2632 8
1049 15
6243 4
6261 4
2812 7
8349 4
1488 8
560 19
2830 8
798 15
898 14
3892 4
6147 3
2725 7
3670 6
4316 4
1273 18
5911 3
2516 9
451 17
2616 9
6227 3
1408 13
2448 5
6116 4
4224 5
2969 8
4249 5
2721 6
3595 6
578 39
4384 5
695 12
8743 4
3331 7
540 18
1615 12
3137 4
3065 7
2073 7
1732 10
861 16
3706 5
337 17
2406 12
3172 7
76 40
2718 7
982 14
6331 3
571 25
1190 11
6091 4
6071 4
1171 10
1345 15
2290 9
4431 5
4153 4
1123 15
236 39
758 22
5902 3
6351 3
706 20
14 56
2587 7
1608 8
2328 5
2474 6
3232 5
2889 5
3786 5
234 33
594 13
2924 6
1438 20
1903 8
4302 4
3554 7
6158 4
6276 3
6107 4
9191 3
3116 6
2776 6
4443 3
1000 18
43 55
2582 6
6012 4
1728 13
3955 4
288 30
193 27
119 52
3925 5
5954 5
1180 16
430 17
3602 5
447 22
1446 9
3258 5
4438 4
2118 10
415 31
4196 3
3987 4
2597 6
1292 13
1356 7
6303 4
1871 8
438 28
1153 12
1022 18
5861 5
4463 5
4395 5
2795 8
953 15
5991 4
6031 4
6201 3
1560 13
3912 4
1762 6
784 16
260 18
5172 3
3080 6
2061 11
1844 9
1144 10
762 13
1723 6
2047 9
144 34
6118 3
3696 7
906 10
2205 10
1349 18
177 36
6349 4
2213 9
9509 3
3346 6
2940 5
22 52
205 35
3072 4
4345 5
3213 5
8990 3
3296 7
2681 9
1260 17
874 18
493 25
1708 11
2220 5
1436 15
1591 11
2528 8
1677 6
2174 5
1320 13
1026 23
4493 5
2752 5
5750 3
1390 17
1993 6
3544 7
1499 15
1469 10
919 16
400 18
1268 12
633 13
5963 5
1372 13
1977 6
2023 14
4387 5
1825 9
3445 6
1669 13
1285 8
5468 4
6401 3
3309 7
3594 6
3757 4
6336 3
1549 8
1959 8
1242 13
1208 11
1874 10
1803 6
3542 6
1201 18
519 20
3300 5
17 63
6383 3
4092 6
2451 9
3337 4
5870 3
1274 10
110 45
9246 3
2356 5
2210 11
2658 4
6309 3
5823 5
5871 4
646 16
5807 5
4005 4
8999 3
3663 4
5276 4
2652 5
6407 5
4263 3
2337 13
6151 3
2243 8
1288 11
1087 21
810 17
5885 3
4351 3
33 74
1587 10
5838 5
4166 5
227 31
6235 3
1860 7
2013 6
264 42
806 20
4477 5
6099 4
1885 7
4899 4
9441 3
2905 5
1817 10
6078 3
2707 5
556 28
3998 5
717 15
2817 5
671 17
1511 9
6111 4
6317 4
5857 5
2249 9
3353 6
2423 8
1605 8
663 23
4301 4
2431 9
6373 3
1945 14
4326 3
9075 3
969 23
5802 3
4295 3
1946 12
9477 3
2276 10
4207 4
4089 6
1501 10
8444 3
549 23
3629 4
6127 4
5501 3
3930 4
946 14
2644 7
1361 14
6063 4
3864 5
5811 5
3155 7
3773 5
3280 7
1465 10
2990 7
1397 12
941 17
583 11
6051 4
3436 3
1869 8
3190 7
591 21
2304 6
3846 4
2341 3
2804 5
3583 4
8549 3
4078 6
4149 6
102 54
1920 11
3827 4
2992 8
2639 6
4227 4
1218 8
2398 6
4409 3
259 14
6194 3
1625 10
163 36
3898 4
4070 4
1106 11
1836 11
1531 16
2731 7
3976 5
2929 4
2738 5
1333 12
2770 12
3859 5
6165 3
3087 7
6208 3
442 19
5524 3
4044 4
1577 13
2156 10
1572 7
2851 4
886 13
1329 17
2835 8
4186 4
3568 7
3243 5
320 28
6273 3
3528 5
811 14
6184 4
249 19
465 23
1612 14
819 15
5280 4
1189 10
1177 13
3680 5
1748 10
9484 3
2127 11
858 20
3768 5
385 28
1479 13
1359 17
2578 6
971 7
847 8
479 25
1166 12
3091 10
2166 10
1378 8
1054 19
2821 5
2101 10
619 10
3616 6
3797 5
621 16
6056 4
2310 5
2495 6
3052 5
2322 8
2438 7
3334 4
9372 3
3246 6
4179 4
5481 4
5899 3
377 22
9488 3
2050 8
602 12
1311 8
3815 7
1787 17
6062 4
612 19
1391 6
936 14
701 18
2794 7
5884 5
6251 4
214 31
3630 6
2708 6
2789 5
1650 11
2074 6
2539 7
731 17
3639 5
2779 8
4281 5
2139 7
768 12
1928 5
1092 12
6396 4
7924 4
1756 6
2255 7
3877 5
1636 6
2491 4
338 32
576 13
761 17
3105 9
1775 9
738 14
1415 13
484 23
2334 6
1078 9
3408 5
1243 17
2530 7
4833 4
623 16
3885 5
4091 6
1512 9
2956 5
2382 11
2946 6
2564 6
328 35
6144 4
4462 5
628 15
1223 16
9025 3
4014 4
3538 7
4271 4
733 7
6249 3
3745 5
630 23
997 20
608 15
3263 5
1234 9
1649 11
5731 4
6036 4
2226 8
2878 5
4108 6
1474 11
125 27
44 74
5967 5
1687 8
2152 13
1188 6
3142 4
2862 9
9418 3
714 15
1564 12
4364 5
2663 4
8935 4
397 13
1096 11
3285 7
2934 7
1657 6
6088 3
3009 9
4432 3
2185 7
2717 8
1191 12
5722 4
823 21
6264 3
6360 4
771 16
401 27
186 31
1797 7
1119 17
1914 7
3039 5
8706 3
1705 10
3000 6
6022 4
915 16
2978 7
5260 4
1586 18
1986 6
4037 5
1456 13
2606 7
2060 13
1551 12
3561 7
3981 5
2904 6
3643 6
2346 8
2195 7
561 20
2112 14
2221 11
2982 9
1307 13
1812 12
1769 16
2475 8
1875 8
3834 5
1673 7
4084 5
5491 4
297 37
963 14
9291 3
6340 4
2031 12
1596 6
980 22
5169 4
5957 5
2097 9
2697 8
1651 7
1569 8
6244 3
2542 7
2123 7
6001 4
6289 3
530 12
3805 6
3067 5
2675 5
470 25
1524 16
4142 6
2360 6
1287 10
654 19
2403 11
2261 7
9014 3
156 30
283 21
3993 4
6324 3
5860 5
3414 6
4278 4
1744 13
864 10
2913 5
1170 12
3382 6
5985 3
1896 8
2895 7
1042 8
1686 15
9028 3
3874 5
38 38
196 33
1169 10
4143 6
3816 7
118 44
1674 9
5837 5
4872 4
1065 15
1659 6
5862 6
767 9
9089 3
2173 5
6287 3
4396 5
84 47
805 15
1020 15
4068 5
6002 4
437 17
194 24
3503 5
2749 5
1768 10
4129 6
1021 11
6325 3
4937 4
934 13
1989 8
4035 4
5990 4
3537 7
4821 3
948 16
6119 3
5955 4
4120 7
2160 4
3785 5
2450 10
1398 9
3986 5
226 36
4296 5
527 22
1430 13
1145 13
1870 6
2466 6
3229 6
62 39
833 20
3649 6
548 17
3450 5
2575 6
1110 11
3697 6
2204 7
1999 10
3632 6
783 23
6030 4
1357 15
5969 4
6082 4
1152 7
789 14
49 64
6228 4
2046 6
5808 5
2967 9
2117 11
6302 3
4398 4
6262 3
1934 8
715 29
3615 7
1916 10
2201 10
4232 5
1722 9
23 65
364 24
3069 4
3931 4
950 18
2680 9
2957 5
1845 12
1445 12
1678 12
1025 25
1992 6
4375 5
3073 7
1466 12
2340 10
778 19
3555 7
720 21
4430 3
460 27
2449 12
244 15
4107 6
4168 4
3220 4
2811 6
3854 4
6348 3
1607 6
1386 10
1536 13
3893 4
2617 8
4187 4
452 10
295 32
579 12
3956 5
9303 3
1618 6
3301 6
3136 5
77 31
541 24
4317 3
3890 5
5863 4
1628 9
897 16
3219 5
3911 4
3871 5
6042 4
3671 8
237 39
2584 6
2722 7
2371 5
2519 7
2923 6
2610 9
416 23
2950 5
3212 7
4154 6
4407 5
914 13
100 60
300 27
1439 11
4419 3
3654 5
2405 11
6330 3
2232 10
3642 4
6308 4
2432 8
1407 12
3946 5
496 36
6246 3
2829 9
605 17
2987 6
6166 4
9523 3
1699 13
42 66
759 14
1228 16
235 20
2291 6
6117 3
6106 3
2591 6
1931 7
5788 5
5917 3
694 15
9165 3
1103 10
5371 3
6357 3
4444 4
4268 5
2244 8
3788 5
3148 7
265 27
296 34
171 40
3999 5
4206 5
4327 5
2687 9
6382 3
6079 3
2012 8
5111 3
582 21
3257 4
1884 12
4167 6
557 16
3621 5
2726 7
441 26
6372 4
6182 4
5653 3
4041 5
672 11
983 13
4257 5
3689 5
3806 7
4482 4
5858 5
751 19
1746 9
8580 3
3356 5
4300 5
2167 11
1980 6
2275 10
4004 5
4890 4
677 15
907 19
5925 3
1868 6
3480 3
590 22
3154 6
5812 5
4201 4
664 19
1790 6
5832 5
4363 6
2264 6
79 39
6342 3
3845 4
1420 11
3295 6
3437 5
352 22
2502 7
3865 5
126 51
6314 3
1034 10
2803 6
2875 6
1533 16
5819 5
651 25
176 25
3145 5
947 9
256 49
2810 5
920 16
428 16
2305 6
4344 5
3545 8
500 25
1221 13
6135 4
1757 7
1200 10
4193 4
918 14
1413 10
5336 4
4386 4
1275 10
2107 16
6326 4
2211 11
1598 13
1856 11
1491 9
1362 19
4155 5
1804 8
9247 3
632 30
1371 8
394 19
2357 8
2484 6
5068 4
9129 3
2659 6
513 20
3938 5
5903 4
50 64
2645 8
1519 7
2633 8
3173 8
797 15
2459 10
2197 9
3543 5
9348 3
4318 5
5207 4
1236 10
2413 7
645 14
4400 5
6406 4
1176 18
2881 5
9057 3
1815 11
1039 11
1005 13
3662 7
28 70
2089 7
4130 6
2087 8
215 41
4410 4
687 22
3320 7
8432 3
2184 7
2298 8
3161 8
5824 5
5509 4
2336 11
5872 4
4424 4
2190 6
826 12
2494 6
3990 5
1344 13
3840 5
2329 5
4437 5
8998 3
2980 6
2653 6
6150 3
5883 3
620 28
4194 3
2625 10
4090 6
937 22
3266 4
730 12
16 52
921 15
3833 4
2880 5
5233 4
2311 7
3631 6
9186 3
6399 3
994 8
1786 11
6057 3
2320 7
2440 5
2140 7
2788 7
1523 13
5613 4
8972 3
6405 3
3578 5
93 30
3055 6
3040 4
2429 6
374 35
2790 9
3876 4
1306 11
429 26
3688 4
3767 5
1328 15
3097 9
4049 5
409 24
1091 12
5353 4
1958 8
812 22
1962 9
9026 3
489 33
585 16
3711 6
1392 14
1080 18
2819 6
732 14
2233 13
622 25
5389 4
6200 3
970 11
2381 10
1416 19
2771 7
2256 6
1658 8
2057 13
1237 7
1635 10
2361 6
2490 7
3086 9
4333 4
3991 4
4461 5
270 13
2840 11
1602 10
2007 8
4226 3
1332 10
6389 3
5139 3
1399 7
6395 3
1117 14
740 17
103 54
3434 5
9250 3
871 17
3393 6
2039 7
6039 4
6212 4
3826 6
4042 4
3363 5
1219 10
2534 8
1704 11
6173 4
750 24
688 15
1749 10
1126 12
2128 15
3926 5
1534 11
1915 7
3729 4
804 9
83 43
5728 3
3375 5
6183 3
5962 4
1385 11
2672 5
4156 6
1818 8
962 22
2094 11
1837 13
3778 4
143 37
3090 9
4020 4
6068 3
2323 7
6157 4
2822 5
1051 16
3033 4
518 22
2914 6
2906 7
1211 11
3221 5
2732 6
6025 4
2852 6
2155 13
1542 10
2399 11
1711 9
2991 7
2102 10
2836 8
478 22
3242 6
384 20
4052 5
836 13
4028 4
5956 5
3068 5
3989 5
1735 11
3512 5
2030 11
2286 11
9104 3
1595 12
5906 5
1750 6
5971 4
1610 13
779 20
343 15
3910 4
697 26
981 12
3001 6
6230 3
5840 5
857 19
1010 10
707 23
5738 4
3310 7
4279 5
261 23
4077 6
4083 6
2439 6
321 17
5700 4
3209 5
2896 6
1079 12
2422 6
5977 3
1590 14
5900 3
1652 7
3980 4
9259 3
2933 5
760 21
863 23
531 13
2469 5
3317 8
1745 8
3966 4
2111 11
1897 7
721 14
2124 8
3482 5
6104 3
669 18
282 30
420 19
3622 4
5682 4
989 19
1348 14
2372 6
2945 5
1137 9
577 21
3504 6
6356 3
852 15
643 25
4341 5
6193 3
1120 17
6288 3
1475 9
1187 20
2968 8
2092 6
1251 15
3904 4
2456 10
1192 18
879 22
3899 4
3017 6
1095 11
3961 4
3104 8
2975 8
1444 7
1883 11
1846 12
133 40
2600 8
2515 11
5749 5
1828 22
2605 8
56 55
3977 5
4282 4
9371 3
306 21
70 36
5966 5
4038 4
166 49
1578 7
2225 6
4352 5
6087 4
30 57
466 30
134 40
3038 5
618 24
2151 12
848 20
3290 6
1904 8
5043 4
1761 7
2196 7
1323 7
1455 14
2662 4
1492 12
3560 8
1134 10
3853 4
4455 3
1100 27
4131 6
1377 8
2861 8
185 22
5547 4
1719 7
4 81
2716 11
5849 5
127 32
71 55
1648 16
1481 9
2927 4
2266 6
6043 3
2915 7
512 25
5974 3
463 35
517 22
5887 4
8379 3
1363 15
3588 6
722 9
1109 20
3051 6
2067 11
1597 11
4060 5
2154 11
6023 4
4171 5
742 16
58 68
153 61
2932 5
2387 12
4086 6
101 42
340 41
6028 4
3906 5
6403 3
9039 3
3655 5
4012 4
5752 4
2425 8
3536 6
1703 17
5880 4
4018 5
3571 7
1172 16
2510 9
2458 11
834 15
285 18
2441 6
4397 4
2414 6
1216 17
2194 7
2285 11
4423 4
3092 8
1135 10
2864 5
4198 5
96 42
1667 11
3836 5
2114 9
569 32
3111 5
4269 4
5930 3
1396 8
391 21
2033 11
4335 3
2676 6
1375 7
180 34
5821 5
2907 7
4353 4
4097 6
2939 5
1877 9
246 30
2227 10
4001 5
1168 10
3241 4
4102 6
4323 5
536 10
1767 11
1653 8
2237 6
1688 10
3311 8
2958 5
1458 13
444 20
508 38
1336 10
3260 6
1089 13
12 48
6221 3
3036 6
1554 8
2168 8
4137 6
6140 4
3707 4
3518 7
3343 5
3413 6
6385 4
6315 4
4036 5
875 22
1522 5
3467 6
136 55
116 38
1197 10
1580 11
4390 4
3274 5
2146 6
2419 7
308 24
5968 5
3802 6
5843 5
3676 4
5992 4
3939 4
3027 6
301 27
9290 3
4272 4
51 61
1758 9
456 18
1822 10
3063 6
1033 17
4059 4
2736 5
2258 6
1539 6
796 27
2349 8
6081 4
6054 3
366 22
1541 12
9351 3
3727 4
3527 6
6196 4
2343 8
4113 5
3044 4
2108 11
888 12
6123 3
3743 7
1011 12
1754 7
5940 3
1161 14
2093 9
6160 3
1927 7
1380 10
2853 7
3406 6
990 12
1442 18
1614 14
349 11
2218 8
2316 7
1743 12
3970 5
5162 4
3364 5
5898 4
4109 6
3251 5
4401 3
3205 6
1383 15
137 24
1414 16
666 27
3794 4
1074 15
860 15
2308 5
3884 5
1567 7
1063 10
1776 16
2565 6
3047 6
2158 9
6125 3
2362 7
3287 5
3829 4
2796 7
1601 13
323 19
8932 4
2142 10
1834 7
545 23
2733 6
5292 4
2467 6
187 43
2326 7
1283 11
6408 4
3089 8
212 34
3384 5
2436 5
1331 6
6390 4
4019 5
6245 3
2383 12
5108 4
1305 16
961 13
6378 3
2686 7
2882 5
3234 5
1662 7
574 28
9297 3
3397 5
660 19
566 17
4067 4
3928 5
2765 7
2299 9
108 21
2820 6
604 26
477 28
1338 19
2623 5
330 35
5734 4
8973 3
360 25
1857 10
9156 3
9357 3
3160 8
3279 7
2321 4
1076 15
3082 8
766 21
449 29
1574 7
1579 7
3506 5
6254 3
4484 5
682 16
353 28
2971 8
375 24
3633 6
2989 7
3944 3
2833 8
2409 8
4189 5
3914 5
3692 6
501 27
2944 5
5944 3
3144 4
2650 5
155 24
387 16
1913 14
626 20
4944 4
6175 3
257 30
9416 3
951 17
85 44
809 22
1156 17
2200 8
3614 6
3057 5
3812 6
736 16
539 16
2847 6
3233 4
3339 6
6347 3
4369 3
2865 5
1698 15
520 13
3820 6
7640 3
57 60
2642 13
2354 7
3790 3
3479 6
3660 7
3435 5
175 36
584 21
3307 6
35 55
6133 3
2453 9
8933 4
1882 7
1421 7
2827 7
665 17
6321 3
3021 5
1476 13
2758 9
1207 22
9203 3
2641 7
2670 7
3007 5
904 12
3848 4
930 13
2972 8
9347 3
648 12
2006 7
2245 6
3178 7
2130 10
9056 3
4453 4
1028 13
8522 3
198 32
1589 18
1059 11
6240 4
2683 8
3713 4
3644 5
913 11
3983 3
2019 10
6179 3
4313 3
202 30
361 13
2468 7
4436 4
3282 7
1819 10
2183 8
1459 11
1984 6
9211 3
6292 3
307 25
3472 5
6153 3
5908 5
6229 3
5836 5
154 42
1463 13
1467 12
2041 9
5320 4
4324 5
704 19
2801 7
1462 13
681 22
4478 5
1029 9
3062 6
5 92
2715 8
2694 7
2105 13
3292 8
1957 7
554 14
2657 5
552 33
5894 3
4006 4
3766 5
1623 10
9105 3
74 43
890 14
1926 7
299 26
2024 10
5952 5
1282 4
1694 8
6820 3
6266 3
1350 11
3183 5
2815 7
3079 8
481 25
867 15
1976 6
3669 7
817 18
2751 4
229 37
673 22
4204 4
2059 7
315 34
1827 11
2501 6
1947 13
2366 10
1347 15
3350 5
25 67
1504 10
3971 5
2270 7
1253 12
9121 3
5829 5
2648 5
3932 5
7954 3
1730 14
5877 3
3784 4
46 61
4479 6
3623 5
1316 7
1851 7
2630 6
2373 5
2263 7
9096 3
6259 3
4163 4
3505 5
317 20
5813 5
1254 12
1642 19
892 19
4622 4
3954 4
6363 3
546 33
2071 6
537 19
7794 3
5816 5
3896 4
4072 4
1007 16
1443 17
6141 3
3298 8
1833 7
4441 4
1186 18
3119 7
3566 6
2240 7
529 19
3556 7
4309 4
4222 3
2573 6
987 13
2984 7
9528 3
1150 23
3988 4
6167 3
4122 6
4347 4
4314 5
4239 6
5959 4
2390 10
908 15
2580 6
284 36
4151 6
3127 5
3870 4
247 44
1340 15
903 11
4389 5
3927 5
289 24
4411 5
2119 8
3891 4
808 30
845 24
5997 4
1847 11
147 36
1249 9
1142 10
2095 9
1291 17
5267 4
2601 9
2599 10
3227 6
2960 6
5913 3
1052 16
4188 4
4250 4
1493 15
6186 4
6105 3
2397 5
4298 4
974 12
2629 8
1668 11
1715 12
1613 12
4247 5
636 12
6278 4
1406 14
1104 6
1905 4
3203 5
117 38
2207 11
2472 8
821 17
696 13
1721 6
6013 4
3376 6
9048 3
2179 5
2172 7
1431 14
3050 4
1805 6
3226 6
1727 11
2922 5
6094 3
4967 4
2178 6
1225 19
6203 4
2909 5
290 20
210 28
712 29
6339 3
3365 6
2560 7
2702 10
8902 3
6040 4
3196 5
6070 4
1895 9
2920 6
6305 4
2038 5
4465 5
3799 6
4283 5
4399 3
1159 24
2048 4
655 27
6238 3
3110 4
421 31
2332 6
6354 3
271 48
3742 5
1024 24
3174 8
2867 7
2871 6
491 14
9382 3
1863 8
3953 4
4495 3
13 71
1514 10
5852 5
4098 6
840 21
1647 11
597 15
4372 3
1411 15
1480 13
3265 7
3581 4
242 40
32 55
1588 13
443 20
4138 6
6213 3
2234 15
1795 9
5252 4
4391 3
3519 6
3273 7
846 10
1689 9
3484 5
1861 8
2825 7
3312 8
1296 11
3415 4
1553 9
2161 9
2897 7
1303 14
4195 4
1654 9
3494 4
5719 4
3510 5
15 49
3268 5
3016 3
2236 10
1506 21
4026 4
2855 7
6312 3
2145 6
859 21
3693 7
739 13
4284 5
876 12
2890 5
3967 4
135 39
3913 4
145 37
2674 4
1131 21
3624 5
772 23
1876 15
3803 7
1759 8
9489 3
2032 11
8256 3
3026 4
1528 11
653 17
1692 11
2677 7
4273 5
3064 5
509 20
1015 9
367 17
976 7
1821 9
8147 3
6174 3
743 12
3589 7
2265 6
2129 15
723 20
3597 6
9378 3
1040 14
1755 7
488 15
1138 17
1012 7
2182 5
1032 12
6328 3
4071 4
152 27
2931 5
3855 4
342 27
1419 12
862 12
4943 4
341 27
6232 4
3586 5
2883 5
2189 9
2287 15
2540 6
2284 10
5830 5
3793 6
64 53
4085 6
5850 5
45 24
4426 3
4172 5
1173 10
309 27
1963 8
2085 6
1733 10
2113 8
2153 8
3383 6
824 21
6369 3
120 58
1148 17
254 34
2386 13
2841 10
1321 11
6280 3
2442 6
3945 3
4214 4
1987 7
5931 4
3570 8
2602 11
851 14
399 28
2296 6
1811 7
436 21
4412 3
213 18
94 51
1450 14
3011 7
568 23
2863 4
2668 7
3250 6
3098 5
2411 6
3905 4
4334 4
1129 16
1143 10
386 13
1961 11
6256 3
1457 13
200 44
1261 14
1352 6
2970 8
1621 11
4467 6
161 30
5945 4
109 43
6168 4
4464 5
2318 7
2651 6
2764 6
2797 6
5869 3
1556 13
7415 3
3682 4
8595 3
8974 3
1766 10
3378 5
4034 5
3982 5
4454 5
3153 5
5841 5
911 15
2072 7
6253 3
9189 3
3121 7
3507 6
2624 12
4079 6
5805 5
2965 6
1157 19
1470 14
9267 3
9455 3
6285 4
2100 5
1006 10
3813 6
996 21
5568 4
3005 7
3656 4
1840 12
2069 8
956 13
3933 4
629 20
9024 3
372 28
2951 3
3204 5
1330 11
1284 12
1661 9
3041 5
3772 6
3526 6
1160 20
869 20
1592 7
5886 3
4114 7
2997 8
1697 11
3828 5
1770 14
4494 4
2735 5
1209 13
6159 3
6275 3
9301 3
991 13
3535 7
931 14
2348 6
2246 6
615 26
476 26
1198 12
3319 7
3755 5
1626 15
2219 9
2141 6
2464 7
6146 4
1077 8
2854 4
6122 3
6178 3
1299 13
1781 13
967 23
1611 11
2157 6
322 31
3046 4
575 17
1835 8
4101 6
3850 4
9130 3
9444 3
699 22
960 21
818 19
2363 5
1038 20
2908 6
3088 8
5910 3
1777 10
354 36
3878 4
4483 3
1064 7
4225 4
2734 4
1217 7
3240 5
3288 9
6124 4
2750 6
4165 4
2527 9
1850 16
8987 3
1346 13
1964 11
3396 6
2818 5
2424 7
1004 15
891 15
2106 13
1013 12
1693 8
316 24
1806 7
4013 4
1738 6
9392 3
2025 9
1370 11
4251 3
5842 5
3668 5
2649 7
3804 7
511 23
2367 7
899 24
3443 5
3259 5
2437 6
3573 8
2689 6
3131 5
5924 3
6263 3
1979 6
3066 5
2485 6
1948 17
795 16
4402 4
794 26
1609 12
944 14
1780 15
1113 14
674 21
3405 6
5107 4
4470 6
1317 15
957 13
2430 8
2943 6
3996 5
2596 7
1503 11
6366 3
5185 4
2512 8
502 28
1286 11
314 35
1796 11
3385 6
6248 3
2998 8
2638 10
5921 3
355 32
553 17
2058 10
3546 8
1252 14
5859 5
2643 6
2877 5
555 20
1037 18
5814 5
5317 4
4164 3
5878 3
3328 5
195 38
2005 6
5800 4
2828 10
679 22
6195 3
831 22
5879 4
1960 8
2355 11
1241 9
5762 3
1441 13
647 16
1206 21
4368 3
1027 12
423 27
1953 16
2757 6
5983 3
1222 7
3473 5
5868 3
174 42
1571 7
422 26
905 18
3308 6
6400 3
3681 6
52 70
302 26
1451 11
3842 5
2452 10
593 19
188 22
402 22
3152 6
1940 6
6000 4
3366 5
1641 12
640 24
9346 3
6139 3
1384 12
1468 8
3184 5
2068 10
9158 3
1726 11
1464 19
1494 10
3440 5
4428 4
5835 5
4354 5
2018 9
6132 4
1906 7
464 25
2977 8
3235 6
2011 13
6 90
4435 4
3867 4
1304 16
2327 7
6384 3
3179 5
3569 7
3189 8
6152 3
1593 13
705 14
1720 8
5953 5
4381 5
3053 6
2206 11
2177 6
4471 5
5550 3
912 11
1432 15
785 15
1930 7
599 6
587 26
1235 15
3814 8
298 34
95 26
3291 8
5851 5
923 17
243 51
3835 4
2051 6
6338 3
6222 3
2682 8
753 21
2404 11
6089 4
2171 10
106 26
2611 7
4425 4
65 40
203 37
6114 4
4373 4
1023 18
6093 3
2742 5
5909 3
1199 14
86 62
2473 10
2084 9
1158 18
656 20
2170 10
2335 10
2921 7
435 16
3195 4
1482 12
885 25
1412 12
1709 14
339 20
228 19
6355 3
3783 4
268 34
829 19
2872 5
596 12
1297 12
2090 8
1521 13
1862 6
2352 8
6237 4
9047 3
1082 8
1066 19
121 43
487 28
494 19
1956 15
3333 5
238 31
2778 9
2235 5
3175 7
873 17
3604 5
3081 7
3099 7
448 31
3634 5
3760 5
2631 6
2278 7
4152 6
3297 9
9428 3
1532 11
4246 6
713 10
6214 4
6185 4
3557 7
2839 7
4233 5
1679 11
4238 7
9529 3
4346 5
4215 4
1262 22
1290 12
1527 14
2162 10
1132 22
4308 4
3847 4
1925 6
2916 5
9242 3
3126 5
547 23
631 22
9421 3
1544 15
1616 8
396 21
1422 13
482 24
949 12
499 25
3432 6
9071 3
9292 3
8760 3
3856 4
1047 18
1276 15
5958 4
3228 5
909 14
5996 4
4121 6
9472 3
4315 5
1124 16
2618 8
2981 7
75 45
4266 5
1163 22
450 32
1702 12
1405 11
3118 9
4442 4
5822 5
4141 6
5212 4
6313 4
1729 13
6674 3
9163 3
146 39
3202 6
1351 16
356 32
2396 10
2720 8
9406 3
528 32
164 24
3897 4
807 19
4325 4
2040 8
2678 8
2898 5
882 11
5979 4
4379 5
5560 4
1050 12
4054 4
5936 3
6162 4
1031 12
2942 4
3139 3
454 18
1364 14
634 17
978 17
3741 6
3324 5
3752 5
2144 7
378 35
325 14
889 10
1233 10
6121 3
3972 4
1162 16
2831 7
684 17
211 44
6041 3
6188 3
3315 5
1924 18
3042 7
1214 14
389 28
1660 5
3525 7
6177 3
9339 3
3207 8
3887 4
5875 4
966 11
7023 3
2216 7
2314 7
992 24
1954 9
2843 10
218 26
7127 3
2345 5
5918 4
2973 8
2567 6
2999 7
4321 4
6052 3
3289 8
3158 7
9100 3
9452 3
2767 7
2188 4
1778 8
3667 6
1859 17
2339 10
5986 4
160 29
98 29
2901 6
1048 13
1278 12
2434 5
1381 11
1061 13
2054 12
2785 8
3732 5
3635 6
3224 4
1555 11
586 13
2870 5
4337 5
410 17
2859 6
3193 7
999 15
3019 8
6286 3
2169 7
1185 18
1741 11
9009 3
4211 4
1130 19
1315 13
189 45
6216 3
2330 6
2849 7
480 21
3810 5
107 34
6169 4
87 35
2385 11
4099 6
4339 5
1832 7
6392 4
3796 3
2704 9
9327 3
6191 4
221 28
5946 4
3147 4
3176 10
1424 12
417 24
6198 3
1530 20
9413 3
4388 3
2504 6
3819 5
5912 3
734 14
2798 7
2952 6
2621 8
1440 8
2524 10
381 23
5806 5
1471 15
1814 7
5896 3
2966 6
4330 4
373 23
3379 5
2078 9
773 17
1247 9
1752 7
1309 20
1576 8
6136 3
2874 5
5352 4
1622 12
6064 4
6255 3
3685 5
4457 5
975 14
3605 6
6250 4
1911 10
6021 3
2856 8
2199 8
6352 4
3002 6
3113 5
4173 5
6084 4
1893 8
1646 7
9300 3
3010 7
534 25
746 13
3572 6
3690 6
9061 3
4286 4
744 13
151 30
3822 7
5347 4
5485 4
1952 12
287 18
6032 3
475 25
3908 4
2595 6
932 22
3858 5
515 20
1525 11
4047 5
2545 6
2761 7
1107 15
138 40
2996 6
3499 6
3838 4
724 13
4104 6
3598 5
3534 7
3958 5
1195 14
3831 6
1327 23
2192 9
2667 6
1995 6
333 19
4080 6
5972 4
4040 4
4427 3
4451 4
3985 4
2780 4
446 17
5942 4
3901 4
2181 6
2229 9
1582 9
2842 10
6283 3
1599 15
3013 6
2306 8
1149 12
2900 5
8210 3
2603 10
2283 11
2407 6
2695 11
1238 9
1559 13
2866 7
1793 6
7 52
1701 12
2443 8
1937 6
255 17
2230 7
4274 5
5556 4
6026 4
182 26
4146 5
3809 5
6380 3
815 22
5176 6
167 35
692 13
8126 3
8598 3
1907 11
3564 8
854 10
5933 3
6072 3
3120 7
3769 6
1174 20
4023 4
510 21
3020 4
393 19
9051 3
5892 4
658 17
3262 6
274 26
3550 7
4392 3
877 17
1508 13
5989 4
3034 4
1128 15
1771 14
2891 5
8718 3
4737 4
3515 5
4074 6
1724 8
1520 7
3965 5
4056 5
6268 3
250 23
303 31
2148 9
614 22
1765 8
2963 8
6019 4
2959 5
130 31
6005 4
6320 3
1373 7
53 62
8893 3
2925 7
1302 16
2239 6
3029 4
2392 7
3587 6
1879 13
3313 7
1824 12
4135 6
2917 7
2342 8
3516 5
832 21
5633 4
2135 13
828 16
276 23
6006 4
6376 3
2465 9
1831 8
3949 4
3523 6
6247 3
3868 5
1404 7
1543 19
9501 3
424 27
4124 6
6333 3
1402 7
2986 9
2402 10
1841 11
347 30
3558 8
3294 8
4307 4
434 25
2586 7
5982 3
865 14
1184 18
3165 5
4216 5
6046 4
4134 6
8597 3
5920 5
5603 3
3929 4
3129 6
689 18
5994 4
1116 13
4413 3
2869 5
1725 10
2379 8
727 26
5827 5
4220 4
939 17
4095 6
2619 9
1670 6
2010 8
6170 4
2834 8
3342 6
1537 16
1127 16
4415 3
894 26
1298 17
3425 4
140 44
2222 9
1900 9
5915 3
6154 3
954 18
801 15
985 8
754 9
3151 5
3061 6
1563 11
1003 10
4147 6
6223 3
4355 3
5845 5
6055 4
1800 8
4230 5
6365 3
1717 17
4349 5
698 18
9171 3
1634 9
524 25
6226 4
1848 12
2176 7
9185 3
2714 7
4380 4
4706 4
598 10
2486 6
780 19
8931 4
3547 7
2317 9
6015 4
3277 6
1433 19
240 34
1666 9
2209 10
230 37
115 38
2374 6
922 11
5882 4
2319 9
3740 3
2741 5
2628 7
1072 13
2470 7
1394 19
6035 4
2772 8
2251 6
1277 10
1086 19
9384 3
5854 5
9178 3
5839 5
564 26
3070 5
5889 3
3951 4
3094 7
6294 4
2850 4
1967 9
657 22
1865 6
9412 3
1783 11
503 21
4181 4
4126 6
1483 12
5769 4
4069 4
3800 6
9514 3
1996 6
1036 18
3492 5
6143 4
2065 12
1265 22
4150 6
544 27
4370 3
3253 3
1196 12
1114 19
2389 6
3657 5
239 29
2635 7
122 35
269 40
878 19
2277 11
363 46
2353 9
4140 6
3198 6
3215 5
5834 5
2159 8
6161 4
3059 5
1449 9
4725 4
2873 5
9046 3
4062 5
6096 3
3591 5
1314 7
1798 9
2535 6
522 21
1632 8
1423 9
2412 5
667 16
1280 17
313 29
2017 11
4322 4
4031 5
3023 6
2884 6
2661 6
3841 5
5712 4
1324 7
3077 6
3305 7
3433 4
4202 4
459 24
7055 3
4267 5
1495 15
1753 10
6138 4
3187 6
2688 10
4367 4
5055 3
2756 4
1919 15
1938 7
4244 6
3107 7
404 17
516 23
2004 6
1813 13
3861 5
6128 4
702 14
2297 5
4383 5
2163 12
2214 7
357 37
3236 7
9134 3
1941 6
4008 5
2826 5
455 20
4472 6
2132 9
3181 4
2612 10
6115 3
1889 11
2272 8
2692 9
2646 5
10 66
550 19
2083 6
1081 23
1736 13
958 17
3299 7
592 18
4111 6
4420 4
1978 8
2364 10
1640 13
173 50
4118 6
66 47
2709 6
2026 12
3130 7
793 17
1205 16
1696 11
3168 7
3674 6
5486 4
3469 6
3625 6
59 28
2091 6
3329 6
1971 6
5951 5
4161 4
6103 3
5939 3
5316 4
2358 6
1226 12
2498 6
1256 9
1949 11
2247 8
5927 3
1853 10
9270 3
219 38
1016 17
2300 12
2480 5
3734 4
799 18
925 19
390 25
2368 5
1515 8
1955 13
9218 3
945 14
2784 7
206 35
959 18
3791 3
3194 6
331 35
358 24
2746 4
3606 5
737 13
8963 3
4338 5
3037 7
2228 11
2070 7
4112 5
6131 4
3830 4
220 44
4336 5
1312 12
9492 3
6065 4
4473 6
2365 5
1263 16
4612 4
4170 4
4017 4
3811 5
6149 4
572 33
3762 5
3984 5
4159 4
2549 6
1448 9
3795 5
5947 3
3146 5
3684 4
1472 15
1573 9
2020 12
3770 4
4485 5
3524 6
2622 13
9414 3
2799 6
1772 10
418 22
2324 5
4466 6
933 26
4174 5
2217 10
5601 4
348 30
6386 3
6020 4
6190 3
2052 8
993 16
1090 13
627 19
2868 7
1308 11
6204 3
2503 6
4100 6
388 26
4458 4
1425 9
5888 3
4190 4
3083 8
1842 14
6197 4
485 10
2143 7
3316 7
9060 3
3881 4
1270 12
1645 8
1389 13
324 35
637 10
2066 9
4223 4
2679 7
752 17
1232 18
2899 5
2941 5
3045 5
379 32
5978 4
1639 11
1035 10
3367 5
3964 4
9448 3
1894 10
6260 3
535 26
3138 7
683 16
2260 6
1215 9
4378 3
2995 8
7928 3
1712 11
2344 8
6176 4
765 21
5937 3
2521 7
312 42
4452 3
2435 6
1002 11
6187 3
370 32
6391 3
3398 5
567 18
6120 3
3749 4
6029 4
3115 7
380 18
965 13
1279 14
3206 6
2079 9
2974 8
1395 14
286 27
1075 14
800 16
2426 9
9338 3
4469 5
1365 6
6277 3
3613 5
6258 3
1779 15
1568 8
607 24
1807 9
2902 5
9101 3
3093 9
2508 9
1073 16
2187 5
3399 5
3860 5
2844 8
3575 7
816 13
3031 6
4260 3
4010 4
3159 8
1062 8
3112 7
3169 8
1700 12
2609 11
4240 6
8450 3
445 24
9315 3
3261 5
2131 11
1339 12
4002 4
2338 8
3866 5
8544 4
3781 5
2120 11
6284 3
1858 7
718 12
1581 10
2147 9
3997 4
1604 8
1507 5
6163 4
868 13
4096 6
1140 15
275 19
2035 9
197 39
6073 4
3314 7
2208 12
3626 5
4459 5
1731 11
853 24
4024 5
5820 5
1500 17
4275 5
6265 3
4393 4
2136 12
4103 6
4175 6
2685 8
4073 6
3410 6
3028 7
1295 10
2832 10
3978 5
1111 10
3281 7
6018 4
3249 6
3271 6
4055 5
2238 7
6219 4
1878 11
2388 11
2938 7
2964 7
1690 9
8940 3
3915 5
617 20
4136 6
5244 4
4061 4
3801 7
2918 4
3821 7
251 40
1594 10
369 26
1548 19
3900 4
5434 4
4053 4
1823 9
2267 6
2537 7
5026 4
5999 4
887 11
72 29
1496 9
1682 10
2781 7
1108 20
2282 12
1014 10
2760 7
843 22
2529 7
2315 8
2257 9
514 19
610 27
3973 4
2444 7
3921 4
725 20
4088 6
4290 5
1994 6
3252 4
6083 4
3907 4
3857 4
1136 22
4183 5
1175 8
4011 4
1683 15
1326 15
6402 4
1382 12
1452 10
2384 8
2637 8
6234 3
589 11
1337 13
8710 3
8939 3
3101 7
2098 9
3837 4
150 40
6215 4
3018 6
245 32
2604 8
2511 8
4974 4
3012 7
2666 6
332 9
9342 3
1099 13
1965 11
34 68
745 17
3691 6
3650 4
2656 5
2082 8
2613 7
1410 11
3056 6
3789 5
2693 10
1434 14
4182 5
6279 3
2713 7
5461 4
2471 5
3457 6
1547 16
1045 20
6034 3
1619 7
5881 3
1069 10
1224 13
368 32
5998 4
3078 7
4007 5
6293 4
611 21
1849 14
849 17
492 30
2740 5
208 49
2271 7
3225 6
6318 3
292 26
2773 7
2445 5
4039 5
291 25
3071 3
114 43
3272 4
1939 7
9045 3
73 67
5853 5
6090 4
67 34
241 31
2561 6
3133 5
6007 3
6112 3
327 24
1970 7
4125 6
2391 12
1281 15
1864 8
3214 5
6307 3
3491 6
1603 7
1881 9
4403 3
3952 5
5833 5
24 81
2375 5
2759 9
2049 5
3321 7
3197 5
104 24
9415 3
4241 7
1558 13
4371 5
1513 11
2175 7
1264 11
4468 6
747 19
159 32
1633 8
47 72
1427 10
1942 9
4217 3
1484 9
1017 13
3619 5
6296 4
2042 9
1057 11
3748 5
538 30
5897 4
9500 3
521 16
5815 5
162 37
1923 15
433 24
880 21
6095 3
3461 6
6353 4
2164 11
1912 12
986 15
786 21
3293 8
1008 16
3022 6
4148 6
4082 6
201 39
1401 9
4297 4
719 12
1529 8
4305 5
902 21
4289 5
827 18
266 28
9273 3
1353 11
1742 10
3128 4
2585 6
4404 4
1624 18
2892 6
4440 4
1695 12
97 61
2983 6
2378 10
3645 5
6086 3
668 12
774 19
4306 5
6224 3
910 20
3463 4
693 15
2701 8
1341 7
4123 6
2684 10
893 12
8969 3
3979 4
2309 6
3959 4
4348 3
8235 3
4414 4
6047 3
2558 7
5923 3
1085 14
755 12
1714 16
3942 4
1403 11
2268 5
9146 3
6409 6
1497 16
497 25
4236 5
6379 3
169 49
411 31
2579 6
6370 4
398 29
2016 9
3934 4
3182 5
942 17
955 15
1376 12
1888 10
3267 5
6270 3
2369 6
4119 6
2647 6
190 33
2816 5
1808 8
2802 6
1739 12
822 18
601 17
231 25
6102 4
551 21
5926 3
504 16
3753 4
2823 6
3894 4
3177 5
3387 4
1966 10
1665 12
1782 9
3873 5
2698 8
2252 7
2506 7
6231 3
792 19
3122 8
1248 14
6368 3
3368 6
2401 9
3994 5
4205 4
3733 4
1516 8
924 10
2053 10
2462 11
2301 11
4162 4
2481 6
2027 9
8815 3
172 41
5993 4
4045 4
3922 4
6332 3
1366 15
223 21
4252 4
1043 10
1255 9
6014 4
2660 5
1852 7
3548 7
5893 3
639 32
3449 6
1505 16
5470 4
2248 11
6130 3
2809 6
4957 4
1227 11
1417 11
216 28
3351 5
3478 4
1951 14
2766 7
3661 6
4032 3
2928 5
1794 6
2193 9
2636 8
3522 6
676 29
277 24
3191 6
3306 8
2640 8
2700 10
1183 12
4312 5
9202 3
2215 12
2671 5
123 44
304 20
2417 7
5828 5
1631 8
2294 6
1369 9
54 26
1151 8
1204 13
839 20
2520 8
88 50
1009 12
403 30
5844 5
3438 5
1829 8
5803 5
5876 5
1629 9
2755 5
1918 8
3237 6
4197 4
3150 6
3164 6
703 17
6053 4
4366 4
4382 5
3304 6
2885 6
1461 16
2488 8
3106 7
2487 7
3188 7
3869 4
2669 6
1691 6
3567 6
3666 5
2003 9
