2 3.92549038667901 0.288213244481466 41 7.05263157894737 8.64793059645532 R5
72 3.4552950594848 0.21875 21 5.86666666666667 4.37975138817516 R5
151 3.3026075296416 0.345 16 4.5 3.48209706929603 R6
4 3.27881626998457 0.401902497027348 22 5.75 4.95605690039975 R6
32 3.08770113597232 0.36734693877551 11 4.18181818181818 2.20817414572566 R6
27 2.96730147588352 0.69204152249135 17 4.33333333333333 4.2687494916219 R6
102 2.94147110341955 0.661157024793388 12 3.09090909090909 3.02878749981049 R6
13 2.88477898183853 0.366448542534206 32 7.05263157894737 8.64793059645532 R6
147 2.6850695666944 0.587771203155818 24 7.57894736842105 6.11568982616528 R6
213 2.61555199040251 0.388429752066116 17 6.625 3.96665791315561 R6
46 2.56880372912229 0.2265625 14 4.8 3.58143360495021 R5
97 2.50656141330794 0.464197530864198 31 10.7368421052632 8.08404605095843 R6
107 2.48215636019644 0.532235939643347 18 5.55555555555556 5.01356185452377 R2
263 2.47970485546421 0.545454545454546 7 2.75 1.71391365010026 R2
65 2.42663038632733 0.426666666666667 11 4.85714285714286 2.53143502095276 R2
320 2.28992543789556 0.203703703703704 16 5.86666666666667 4.42518047340696 R2
10 2.25785342701914 0.337777777777778 12 5.25 2.98956518577535 R2
50 2.13766701175944 0.56 16 5.63636363636364 4.8481060458085 R2
309 2.1113491970719 0.296296296296296 15 6.625 3.96665791315561 R2
134 2.10605884793558 0.485207100591716 9 4 2.3741027013092 R2
55 2.08306126062843 0.169421487603306 20 7.66666666666667 5.9207732227772 R2
54 2.08306126062843 0.169421487603306 20 7.66666666666667 5.9207732227772 R2
63 2.07811750696859 0.574792243767313 24 8.76923076923077 7.32911838704772 R2
112 2.06654016058099 0.2265625 14 5.75 3.99217985566783 R2
186 2.04210988097052 0.518518518518518 6 2.88888888888889 1.52347880008912 R2
232 2.03705428595667 0.746227709190672 11 4.57142857142857 3.15581743348207 R3
536 1.92450089729875 0.18 9 4 2.59807621135332 R2
617 1.92450089729875 0.314049586776859 9 4 2.59807621135332 R2
12 1.8880592463878 0.231111111111111 26 10.7368421052632 8.08404605095843 R2
60 1.88561808316413 0.40625 6 3.33333333333333 1.41421356237309 R2
75 1.84406757699805 0.1472 23 7.05263157894737 8.64793059645532 R2
81 1.84158640879103 0.349030470914127 15 6.85714285714286 4.42165358301205 R2
235 1.79284291400159 0.244897959183674 6 3 1.67332005306815 R2
256 1.75 0.764462809917355 8 4.5 2 R3
58 1.74761585094765 0.68054110301769 16 8.44444444444444 4.32335032407638 R3
47 1.7251347814199 0.674556213017751 14 5.63636363636364 4.8481060458085 R3
125 1.72061800402921 0.5625 5 2.85714285714286 1.24539969815448 R2
185 1.69705627484771 0.4609375 11 5 3.53553390593274 R2
66 1.68484707834846 0.429752066115702 8 4 2.3741027013092 R2
544 1.65100165100247 0.540816326530612 9 7.14285714285714 1.12485826771597 R2
95 1.64794135914844 0.533081285444234 14 7.4 4.00499687890016 R2
323 1.61198698588701 0.526077097505669 13 5.86666666666667 4.42518047340696 R2
7 1.60356745147455 0.142011834319526 12 7.2 2.99332590941915 R2
627 1.58113883008419 0.32 4 2.57142857142857 0.903507902905252 R2
193 1.5404726039689 0.265 17 7.57894736842105 6.11568982616528 R2
49 1.539600717839 0.556213017751479 8 4 2.59807621135332 R2
510 1.53234927281522 0.165289256198347 20 8.76923076923077 7.32911838704772 R2
37 1.51695794623571 0.1472 23 10.7368421052632 8.08404605095843 R2
204 1.50755672288882 0.375 6 3.5 1.6583123951777 R2
603 1.46671759524514 0.42 7 3.8 2.18174242292714 R2
425 1.4368424162142 0.357142857142857 11 7 2.78388218141501 R2
295 1.42730598714935 0.627218934911243 7 4.15384615384615 1.99407406104857 R3
222 1.42730598714935 0.37037037037037 7 4.15384615384615 1.99407406104857 R2
105 1.42730598714935 0.728888888888889 7 4.15384615384615 1.99407406104857 R3
669 1.41421356237309 0.56 3 2 0.707106781186548 R2
93 1.39825327442898 0.13265306122449 13 7.4 4.00499687890016 R2
360 1.34164078649987 0.53125 5 3.5 1.11803398874989 R2
121 1.22474487139159 0.32 4 2.8 0.979795897113271 R2
348 1.22474487139159 0.375 3 2 0.816496580927726 R2
265 1.22474487139159 0.375 3 2 0.816496580927726 R2
226 1.21344490033305 0.520833333333333 15 7.57894736842105 6.11568982616528 R2
234 1.19522860933439 0.448979591836735 5 3 1.67332005306815 R2
17 1.17271474590366 0.42603550295858 9 4.8 3.58143360495021 R2
127 1.09544511501033 0.444444444444444 8 5 2.73861278752583 R2
114 1.06458129484475 0.277777777777778 10 5.75 3.99217985566783 R2
56 1.05370955718903 0.24 13 8.44444444444444 4.32335032407638 R2
73 1.03462537323323 0.265927977839335 16 7.05263157894737 8.64793059645532 R2
108 1 0.277777777777778 5 3.5 1.5 R2
24 0.986581038661854 0.197530864197531 16 8.76923076923077 7.32911838704772 R2
439 0.950594307221093 0.61 12 9.07692307692308 3.07499939866257 R2
103 0.925820099772552 0.56198347107438 6 4.15384615384615 1.99407406104857 R2
382 0.917662935482247 0.32 4 2.85714285714286 1.24539969815448 R2
94 0.89887710499006 0.561728395061728 11 7.4 4.00499687890016 R2
15 0.893496949259928 0.473372781065089 8 4.8 3.58143360495021 R2
16 0.893496949259928 0.444444444444444 8 4.8 3.58143360495021 R2
227 0.886417196697189 0.509695290858726 13 7.57894736842105 6.11568982616528 R2
313 0.850842213745393 0.444444444444444 10 6.625 3.96665791315561 R2
479 0.816496580927727 0.627218934911243 6 5.2 0.97979589711327 R3
363 0.769800358919501 0.244897959183674 6 4 2.59807621135332 R2
331 0.769553841361408 0.597222222222222 7 4.57142857142857 3.15581743348207 R2
39 0.747630901625597 0.165289256198347 10 7.33333333333333 3.56682242650545 R2
40 0.747630901625597 0.291666666666667 10 7.33333333333333 3.56682242650545 R2
126 0.730296743340221 0.345679012345679 7 5 2.73861278752583 R2
187 0.729324957489473 0.5 4 2.88888888888889 1.52347880008912 R2
164 0.729324957489473 0.32 4 2.88888888888889 1.52347880008912 R2
197 0.687025421125801 0.18 9 5.55555555555556 5.01356185452377 R2
3 0.655763253996914 0.314049586776859 9 5.75 4.95605690039975 R2
597 0.655763253996914 0.314049586776859 9 5.75 4.95605690039975 R2
321 0.630315236447048 0.694214876033058 5 3.09090909090909 3.02878749981049 R3
298 0.591105361349941 0.272189349112426 11 8.44444444444444 4.32335032407638 R2
447 0.577350269189626 0.277777777777778 5 4.5 0.866025403784439 R2
449 0.577350269189626 0.277777777777778 5 4.5 0.866025403784439 R2
448 0.577350269189626 0.277777777777778 5 4.5 0.866025403784439 R2
396 0.565685424949238 0.6875 7 5 3.53553390593274 R3
225 0.559389493061333 0.620498614958449 11 7.57894736842105 6.11568982616528 R3
228 0.559389493061333 0.152777777777778 11 7.57894736842105 6.11568982616528 R2
140 0.5 0.48 3 2.4 1.2 R2
472 0.5 0.56 3 2.4 1.2 R2
52 0.487538090401277 0.32 8 5.63636363636364 4.8481060458085 R2
61 0.471404520791032 0.32 4 3.33333333333333 1.41421356237309 R2
327 0.453989945074786 0.197530864197531 8 5.75 4.95605690039975 R2
394 0.447213595499958 0.32 4 3.5 1.11803398874989 R2
441 0.424334212395753 0.5625 5 4.15384615384615 1.99407406104857 R2
250 0.40365404577946 0.687277051129607 14 10.7368421052632 8.08404605095843 R3
120 0.395875641243405 0.277777777777778 10 7.57894736842105 6.11568982616528 R2
270 0.333333333333333 0.32 4 3.5 1.5 R2
196 0.304370745970146 0.587257617728532 11 8.76923076923077 7.32911838704772 R2
138 0.301511344577764 0.32 4 3.5 1.6583123951777 R2
162 0.288107434665659 0.21875 7 5.55555555555556 5.01356185452377 R2
6 0.267261241912424 0.197530864197531 8 7.2 2.99332590941915 R2
399 0.256073759865792 0.244897959183674 6 5.6 1.56204993518134 R2
498 0.252216636152659 0.21875 7 5.75 4.95605690039975 R2
86 0.252216636152659 0.21875 7 5.75 4.95605690039975 R2
8 0.250872603002127 0.685121107266436 6 5.25 2.98956518577535 R3
644 0.22519581195983 0.18 9 7.66666666666667 5.9207732227772 R2
181 0.225183169468408 0.18 9 7.05263157894737 8.64793059645532 R2
332 0.176776695296637 0.448979591836735 5 4.5 2.82842712474619 R2
262 0.145864991497895 0.375 3 2.75 1.71391365010026 R2
57 0.128501165510857 0.660493827160494 9 8.44444444444444 4.32335032407638 R3
59 0.128501165510857 0.314049586776859 9 8.44444444444444 4.32335032407638 R2
381 0.114707866935281 0.375 3 2.85714285714286 1.24539969815448 R2
383 0.114707866935281 0.375 3 2.85714285714286 1.24539969815448 R2
268 0.109548568930577 0.32 8 7.05263157894737 8.64793059645532 R2
51 0.075005860061735 0.708333333333333 6 5.63636363636364 4.8481060458085 R3
189 0.072932495748947 0.56 3 2.88888888888889 1.52347880008912 R2
188 0.072932495748947 0.56 3 2.88888888888889 1.52347880008912 R2
67 0.0314866288934633 0.18 9 8.76923076923077 7.32911838704772 R2
385 0.0304431282773993 0.244897959183674 6 5.86666666666667 4.37975138817516 R2
526 2.71947991102104e-16 0.444444444444444 2 2 0.816496580927726 R2
347 2.71947991102104e-16 0.444444444444444 2 2 0.816496580927726 R2
135 0 0.5 4 4 2.3741027013092 R2
686 0 0.277777777777778 5 5 5.96046447753906e-08 R2
690 0 0.277777777777778 5 5 5.96046447753906e-08 R2
64 0 0.65625 4 4 2.3741027013092 R3
691 0 0.277777777777778 5 5 5.96046447753906e-08 R2
687 0 0.277777777777778 5 5 5.96046447753906e-08 R2
689 0 0.277777777777778 5 5 5.96046447753906e-08 R2
688 0 0.53125 5 5 5.96046447753906e-08 R2
503 0 0.65625 4 4 2.59807621135332 R3
106 -2.6539406435475e-16 0.5 3 3 1.67332005306815 R2
324 -0.030015011259383 0.375 3 3.09090909090909 3.02878749981049 R2
322 -0.030015011259383 0.375 3 3.09090909090909 3.02878749981049 R2
104 -0.0771516749810462 0.74074074074074 4 4.15384615384615 1.99407406104857 R3
28 -0.0780868809443032 0.444444444444444 4 4.33333333333333 4.2687494916219 R2
31 -0.0823386969592623 0.32 4 4.18181818181818 2.20817414572566 R2
415 -0.0823386969592623 0.736111111111111 4 4.18181818181818 2.20817414572566 R3
666 -0.0823386969592623 0.5 4 4.18181818181818 2.20817414572566 R2
668 -0.0823386969592623 0.32 4 4.18181818181818 2.20817414572566 R2
667 -0.0823386969592623 0.59375 4 4.18181818181818 2.20817414572566 R2
148 -0.0946659142103795 0.21875 7 7.57894736842105 6.11568982616528 R2
96 -0.0998752338877845 0.21875 7 7.4 4.00499687890016 R2
92 -0.0998752338877845 0.345679012345679 7 7.4 4.00499687890016 R2
547 -0.12700012700019 0.345679012345679 7 7.14285714285714 1.12485826771597 R2
48 -0.131260255108036 0.46875 5 5.63636363636364 4.8481060458085 R2
325 -0.151329981691595 0.277777777777778 5 5.75 4.95605690039975 R2
269 -0.151329981691595 0.448979591836735 5 5.75 4.95605690039975 R2
496 -0.181071492085037 0.32 4 4.57142857142857 3.15581743348207 R2
497 -0.181071492085037 0.32 4 4.57142857142857 3.15581743348207 R2
113 -0.187867287325545 0.408163265306122 5 5.75 3.99217985566783 R2
409 -0.235702260395516 0.375 3 3.33333333333333 1.41421356237309 R2
484 -0.235702260395516 0.48 3 3.33333333333333 1.41421356237309 R2
172 -0.301511344577764 0.617283950617284 5 5.66666666666667 2.21108319357027 R2
299 -0.334103030328228 0.37037037037037 7 8.44444444444444 4.32335032407638 R2
349 -0.338548554524709 0.197530864197531 8 10.7368421052632 8.08404605095843 R2
450 -0.338548554524709 0.429752066115702 8 10.7368421052632 8.08404605095843 R2
656 -0.353103290613723 0.32 4 5.75 4.95605690039975 R2
101 -0.360180135112598 0.444444444444444 2 3.09090909090909 3.02878749981049 R2
737 -0.384900179459751 0.375 3 4 2.59807621135332 R2
625 -0.384900179459751 0.73469387755102 3 4 2.59807621135332 R3
123 -0.409664769581115 0.694444444444444 5 6.625 3.96665791315561 R3
534 -0.438357003759605 0.32 4 5.75 3.99217985566783 R2
341 -0.46862443375858 0.375 3 7.05263157894737 8.64793059645532 R2
330 -0.497946603233852 0.375 3 4.57142857142857 3.15581743348207 R2
494 -0.509728538254627 0.611111111111111 3 5.55555555555556 5.01356185452377 R2
694 -0.535201530235203 0.375 3 4.18181818181818 2.20817414572566 R2
692 -0.535201530235203 0.375 3 4.18181818181818 2.20817414572566 R2
693 -0.535201530235203 0.375 3 4.18181818181818 2.20817414572566 R2
567 -0.546608166610121 0.5 2 4.33333333333333 4.2687494916219 R2
326 -0.55487659953585 0.375 3 5.75 4.95605690039975 R2
591 -0.56540512824777 0.40625 6 8.44444444444444 4.32335032407638 R2
554 -0.583459965991578 0.444444444444444 2 2.88888888888889 1.52347880008912 R2
618 -0.585207469664164 0.32 4 7.57894736842105 6.11568982616528 R2
629 -0.632455532033674 0.444444444444444 2 2.57142857142857 0.903507902905252 R2
628 -0.632455532033674 0.444444444444444 2 2.57142857142857 0.903507902905252 R2
25 -0.650723663798244 0.32 4 8.76923076923077 7.32911838704772 R2
517 -0.661766166246417 0.819444444444445 4 6.625 3.96665791315561 R4
706 -0.661766166246417 0.716049382716049 4 6.625 3.96665791315561 R3
750 -0.661766166246417 0.612244897959184 4 6.625 3.96665791315561 R2
124 -0.688247201611685 0.625 2 2.85714285714286 1.24539969815448 R3
122 -0.688247201611685 0.625 2 2.85714285714286 1.24539969815448 R3
438 -0.690345258965814 0.75 1 3.09090909090909 3.02878749981049 R3
513 -0.690345258965814 0.5 1 3.09090909090909 3.02878749981049 R2
62 -0.709187531484698 0.444444444444444 2 5.55555555555556 5.01356185452377 R2
139 -0.709187531484698 0.625 2 5.55555555555556 5.01356185452377 R3
740 -0.709187531484698 0.444444444444444 2 5.55555555555556 5.01356185452377 R2
512 -0.73363244237803 0.48 3 4.85714285714286 2.53143502095276 R2
380 -0.748721321482092 0.375 3 7.57894736842105 6.11568982616528 R2
141 -0.750058600617349 0.444444444444444 2 5.63636363636364 4.8481060458085 R2
361 -0.769800358919501 0.5 2 4 2.59807621135332 R2
45 -0.781809830602437 0.444444444444444 2 4.8 3.58143360495021 R2
698 -0.788185341859406 0.48 3 7.66666666666667 5.9207732227772 R2
575 -0.814821714382667 0.444444444444444 2 4.57142857142857 3.15581743348207 R2
579 -0.872330404164172 0.375 3 6.85714285714286 4.42165358301205 R2
42 -0.934538627031997 0.32 4 7.33333333333333 3.56682242650545 R2
573 -0.942809041582065 0.444444444444444 2 3.33333333333333 1.41421356237309 R2
460 -1.01600101600152 0.611111111111111 6 7.14285714285714 1.12485826771597 R2
546 -1.01600101600152 0.375 6 7.14285714285714 1.12485826771597 R2
705 -1.02105494048526 0.5 1 2.75 1.71391365010026 R2
495 -1.02800932408685 0.59375 4 8.44444444444444 4.32335032407638 R2
416 -1.08012344973464 0.444444444444444 2 4.15384615384615 1.99407406104857 R2
524 -1.08012344973464 0.625 2 4.15384615384615 1.99407406104857 R3
14 -1.08075115482888 0.5 2 10.7368421052632 8.08404605095843 R2
577 -1.09849013857711 0.72 2 6.85714285714286 4.42165358301205 R3
249 -1.09862757276563 0.56 3 7.4 4.00499687890016 R2
471 -1.16666666666667 0.666666666666667 1 2.4 1.2 R3
743 -1.19522860933439 0.5 1 3 1.67332005306815 R2
266 -1.22474487139159 0.666666666666667 1 2 0.816496580927726 R3
502 -1.25 0.722222222222222 2 4.5 2 R3
651 -1.34164078649987 0.444444444444444 2 3.5 1.11803398874989 R2
738 -1.41421356237309 0.5 1 2 0.707106781186548 R2
555 -1.46059348668044 0.666666666666667 1 5 2.73861278752583 R3
210 -1.49526180325119 0.444444444444444 2 7.33333333333333 3.56682242650545 R2
440 -1.58160933711144 0.75 1 4.15384615384615 1.99407406104857 R3
626 -1.75 0.5 1 4.5 2 R2
119 -1.83711730708738 0.5 1 2.8 0.979795897113271 R2
459 -2.11057941204435 0.5 1 5.66666666666667 2.21108319357027 R2
