2 3.92549038667901 0.288213244481466 41 7.05263157894737 8.64793059645532 R5
72 3.4552950594848 0.21875 21 5.86666666666667 4.37975138817516 R5
151 3.3026075296416 0.345 16 4.5 3.48209706929603 R6
4 3.27881626998457 0.401902497027348 22 5.75 4.95605690039975 R6
32 3.08770113597232 0.36734693877551 11 4.18181818181818 2.20817414572566 R6
157 3.0373709695457 0 21 5.6 5.07017422448841 R5
27 2.96730147588352 0.69204152249135 17 4.33333333333333 4.2687494916219 R6
102 2.94147110341955 0.661157024793388 12 3.09090909090909 3.02878749981049 R6
13 2.88477898183853 0.366448542534206 32 7.05263157894737 8.64793059645532 R6
147 2.6850695666944 0.587771203155818 24 7.57894736842105 6.11568982616528 R6
213 2.61555199040251 0.388429752066116 17 6.625 3.96665791315561 R6
46 2.56880372912229 0.2265625 14 4.8 3.58143360495021 R5
97 2.50656141330794 0.464197530864198 31 10.7368421052632 8.08404605095843 R6
107 2.48215636019644 0.532235939643347 18 5.55555555555556 5.01356185452377 R2
263 2.47970485546421 0.545454545454546 7 2.75 1.71391365010026 R2
38 2.42980043028319 0 16 7.33333333333333 3.56682242650545 R1
65 2.42663038632733 0.426666666666667 11 4.85714285714286 2.53143502095276 R2
353 2.29809703885628 0 11 4.5 2.82842712474619 R1
320 2.28992543789556 0.203703703703704 16 5.86666666666667 4.42518047340696 R2
10 2.25785342701914 0.337777777777778 12 5.25 2.98956518577535 R2
370 2.17662695885922 0 9 5.6 1.56204993518134 R1
50 2.13766701175944 0.56 16 5.63636363636364 4.8481060458085 R2
309 2.1113491970719 0.296296296296296 15 6.625 3.96665791315561 R2
134 2.10605884793558 0.485207100591716 9 4 2.3741027013092 R2
55 2.08306126062843 0.169421487603306 20 7.66666666666667 5.9207732227772 R2
54 2.08306126062843 0.169421487603306 20 7.66666666666667 5.9207732227772 R2
63 2.07811750696859 0.574792243767313 24 8.76923076923077 7.32911838704772 R2
112 2.06654016058099 0.2265625 14 5.75 3.99217985566783 R2
186 2.04210988097052 0.518518518518518 6 2.88888888888889 1.52347880008912 R2
232 2.03705428595667 0.746227709190672 11 4.57142857142857 3.15581743348207 R3
167 2 0 4 2.4 0.8 R1
536 1.92450089729875 0.18 9 4 2.59807621135332 R2
617 1.92450089729875 0.314049586776859 9 4 2.59807621135332 R2
12 1.8880592463878 0.231111111111111 26 10.7368421052632 8.08404605095843 R2
60 1.88561808316413 0.40625 6 3.33333333333333 1.41421356237309 R2
74 1.84406757699805 0 23 7.05263157894737 8.64793059645532 R1
75 1.84406757699805 0.1472 23 7.05263157894737 8.64793059645532 R2
81 1.84158640879103 0.349030470914127 15 6.85714285714286 4.42165358301205 R2
218 1.83711730708738 0 5 3.2 0.979795897113271 R1
235 1.79284291400159 0.244897959183674 6 3 1.67332005306815 R2
256 1.75 0.764462809917355 8 4.5 2 R3
58 1.74761585094765 0.68054110301769 16 8.44444444444444 4.32335032407638 R3
203 1.73205080756888 0 4 2.5 0.866025403784439 R1
47 1.7251347814199 0.674556213017751 14 5.63636363636364 4.8481060458085 R3
125 1.72061800402921 0.5625 5 2.85714285714286 1.24539969815448 R2
185 1.69705627484771 0.4609375 11 5 3.53553390593274 R2
66 1.68484707834846 0.429752066115702 8 4 2.3741027013092 R2
544 1.65100165100247 0.540816326530612 9 7.14285714285714 1.12485826771597 R2
95 1.64794135914844 0.533081285444234 14 7.4 4.00499687890016 R2
323 1.61198698588701 0.526077097505669 13 5.86666666666667 4.42518047340696 R2
7 1.60356745147455 0.142011834319526 12 7.2 2.99332590941915 R2
638 1.58113883008419 0 3 2 0.632455532033675 R1
627 1.58113883008419 0.32 4 2.57142857142857 0.903507902905252 R2
254 1.58113883008419 0 4 2.57142857142857 0.903507902905252 R1
193 1.5404726039689 0.265 17 7.57894736842105 6.11568982616528 R2
49 1.539600717839 0.556213017751479 8 4 2.59807621135332 R2
510 1.53234927281522 0.165289256198347 20 8.76923076923077 7.32911838704772 R2
37 1.51695794623571 0.1472 23 10.7368421052632 8.08404605095843 R2
79 1.50755672288882 0 5 3.33333333333333 1.10554159678513 R1
204 1.50755672288882 0.375 6 3.5 1.6583123951777 R2
603 1.46671759524514 0.42 7 3.8 2.18174242292714 R2
177 1.45951592043105 0 13 5.6 5.07017422448841 R1
425 1.4368424162142 0.357142857142857 11 7 2.78388218141501 R2
295 1.42730598714935 0.627218934911243 7 4.15384615384615 1.99407406104857 R3
222 1.42730598714935 0.37037037037037 7 4.15384615384615 1.99407406104857 R2
105 1.42730598714935 0.728888888888889 7 4.15384615384615 1.99407406104857 R3
444 1.41421356237309 0 3 2 0.707106781186548 R1
190 1.41421356237309 0 3 2 0.707106781186548 R1
669 1.41421356237309 0.56 3 2 0.707106781186548 R2
93 1.39825327442898 0.13265306122449 13 7.4 4.00499687890016 R2
368 1.38600750188416 0 12 5.86666666666667 4.42518047340696 R1
360 1.34164078649987 0.53125 5 3.5 1.11803398874989 R2
405 1.33333333333333 0 4 2.4 1.2 R1
212 1.24153182556282 0 8 4.85714285714286 2.53143502095276 R1
514 1.24153182556282 0 8 4.85714285714286 2.53143502095276 R1
121 1.22474487139159 0.32 4 2.8 0.979795897113271 R2
348 1.22474487139159 0.375 3 2 0.816496580927726 R2
265 1.22474487139159 0.375 3 2 0.816496580927726 R2
145 1.22474487139159 0 3 2 0.816496580927726 R1
226 1.21344490033305 0.520833333333333 15 7.57894736842105 6.11568982616528 R2
234 1.19522860933439 0.448979591836735 5 3 1.67332005306815 R2
417 1.19522860933439 0 5 3 1.67332005306815 R1
520 1.17851130197758 0 5 3.33333333333333 1.41421356237309 R1
245 1.1766968108291 0 12 8 3.39934634239519 R1
17 1.17271474590366 0.42603550295858 9 4.8 3.58143360495021 R2
397 1.13137084989848 0 9 5 3.53553390593274 R1
127 1.09544511501033 0.444444444444444 8 5 2.73861278752583 R2
114 1.06458129484475 0.277777777777778 10 5.75 3.99217985566783 R2
56 1.05370955718903 0.24 13 8.44444444444444 4.32335032407638 R2
73 1.03462537323323 0.265927977839335 16 7.05263157894737 8.64793059645532 R2
604 1.00836834673103 0 6 3.8 2.18174242292714 R1
108 1 0.277777777777778 5 3.5 1.5 R2
319 1 0 4 3 1 R1
318 1 0 4 3 1 R1
24 0.986581038661854 0.197530864197531 16 8.76923076923077 7.32911838704772 R2
439 0.950594307221093 0.61 12 9.07692307692308 3.07499939866257 R2
206 0.936947471139296 0 11 6.85714285714286 4.42165358301205 R1
389 0.934048533878454 0 10 5.86666666666667 4.42518047340696 R1
103 0.925820099772552 0.56198347107438 6 4.15384615384615 1.99407406104857 R2
382 0.917662935482247 0.32 4 2.85714285714286 1.24539969815448 R2
94 0.89887710499006 0.561728395061728 11 7.4 4.00499687890016 R2
15 0.893496949259928 0.473372781065089 8 4.8 3.58143360495021 R2
16 0.893496949259928 0.444444444444444 8 4.8 3.58143360495021 R2
227 0.886417196697189 0.509695290858726 13 7.57894736842105 6.11568982616528 R2
313 0.850842213745393 0.444444444444444 10 6.625 3.96665791315561 R2
475 0.816496580927727 0 6 5.2 0.97979589711327 R1
479 0.816496580927727 0.627218934911243 6 5.2 0.97979589711327 R3
478 0.816496580927727 0 6 5.2 0.97979589711327 R1
363 0.769800358919501 0.244897959183674 6 4 2.59807621135332 R2
331 0.769553841361408 0.597222222222222 7 4.57142857142857 3.15581743348207 R2
548 0.762000762001142 0 8 7.14285714285714 1.12485826771597 R1
549 0.762000762001142 0 8 7.14285714285714 1.12485826771597 R1
39 0.747630901625597 0.165289256198347 10 7.33333333333333 3.56682242650545 R2
40 0.747630901625597 0.291666666666667 10 7.33333333333333 3.56682242650545 R2
126 0.730296743340221 0.345679012345679 7 5 2.73861278752583 R2
187 0.729324957489473 0.5 4 2.88888888888889 1.52347880008912 R2
164 0.729324957489473 0.32 4 2.88888888888889 1.52347880008912 R2
427 0.7184212081071 0 9 7 2.78388218141501 R1
426 0.7184212081071 0 9 7 2.78388218141501 R1
424 0.7184212081071 0 9 7 2.78388218141501 R1
198 0.717958158617738 0 7 4.5 3.48209706929603 R1
623 0.717958158617738 0 7 4.5 3.48209706929603 R1
275 0.707106781186548 0 3 2.66666666666667 0.471404520791032 R1
276 0.707106781186548 0 3 2.66666666666667 0.471404520791032 R1
197 0.687025421125801 0.18 9 5.55555555555556 5.01356185452377 R2
3 0.655763253996914 0.314049586776859 9 5.75 4.95605690039975 R2
597 0.655763253996914 0.314049586776859 9 5.75 4.95605690039975 R2
321 0.630315236447048 0.694214876033058 5 3.09090909090909 3.02878749981049 R3
286 0.625390991592824 0 11 9.07692307692308 3.07499939866257 R1
287 0.625390991592824 0 11 9.07692307692308 3.07499939866257 R1
76 0.603022689155528 0 4 3.33333333333333 1.10554159678513 R1
78 0.603022689155528 0 4 3.33333333333333 1.10554159678513 R1
171 0.603022689155527 0 7 5.66666666666667 2.21108319357027 R1
170 0.603022689155527 0 7 5.66666666666667 2.21108319357027 R1
174 0.603022689155527 0 7 5.66666666666667 2.21108319357027 R1
173 0.603022689155527 0 7 5.66666666666667 2.21108319357027 R1
298 0.591105361349941 0.272189349112426 11 8.44444444444444 4.32335032407638 R2
244 0.588348405414552 0 10 8 3.39934634239519 R1
246 0.588348405414552 0 10 8 3.39934634239519 R1
241 0.588348405414552 0 10 8 3.39934634239519 R1
243 0.588348405414552 0 10 8 3.39934634239519 R1
242 0.588348405414552 0 10 8 3.39934634239519 R1
447 0.577350269189626 0.277777777777778 5 4.5 0.866025403784439 R2
449 0.577350269189626 0.277777777777778 5 4.5 0.866025403784439 R2
448 0.577350269189626 0.277777777777778 5 4.5 0.866025403784439 R2
396 0.565685424949238 0.6875 7 5 3.53553390593274 R3
225 0.559389493061333 0.620498614958449 11 7.57894736842105 6.11568982616528 R3
228 0.559389493061333 0.152777777777778 11 7.57894736842105 6.11568982616528 R2
605 0.550019098216927 0 5 3.8 2.18174242292714 R1
607 0.550019098216927 0 5 3.8 2.18174242292714 R1
606 0.550019098216927 0 5 3.8 2.18174242292714 R1
608 0.550019098216927 0 5 3.8 2.18174242292714 R1
352 0.530330085889911 0 6 4.5 2.82842712474619 R1
140 0.5 0.48 3 2.4 1.2 R2
472 0.5 0.56 3 2.4 1.2 R2
52 0.487538090401277 0.32 8 5.63636363636364 4.8481060458085 R2
70 0.487090052438387 0 8 5.86666666666667 4.37975138817516 R1
61 0.471404520791032 0.32 4 3.33333333333333 1.41421356237309 R2
327 0.453989945074786 0.197530864197531 8 5.75 4.95605690039975 R2
394 0.447213595499958 0.32 4 3.5 1.11803398874989 R2
511 0.440812804508488 0 12 8.76923076923077 7.32911838704772 R1
637 0.430774895170643 0 6 4.5 3.48209706929603 R1
636 0.430774895170643 0 6 4.5 3.48209706929603 R1
441 0.424334212395753 0.5625 5 4.15384615384615 1.99407406104857 R2
250 0.40365404577946 0.687277051129607 14 10.7368421052632 8.08404605095843 R3
120 0.395875641243405 0.277777777777778 10 7.57894736842105 6.11568982616528 R2
493 0.390434404721515 0 6 4.33333333333333 4.2687494916219 R1
492 0.390434404721515 0 6 4.33333333333333 4.2687494916219 R1
491 0.390434404721515 0 6 4.33333333333333 4.2687494916219 R1
220 0.384900179459751 0 5 4 2.59807621135332 R1
580 0.335061355972473 0 6 4.8 3.58143360495021 R1
581 0.335061355972473 0 6 4.8 3.58143360495021 R1
270 0.333333333333333 0.32 4 3.5 1.5 R2
271 0.333333333333333 0 4 3.5 1.5 R1
196 0.304370745970146 0.587257617728532 11 8.76923076923077 7.32911838704772 R2
138 0.301511344577764 0.32 4 3.5 1.6583123951777 R2
586 0.300187675964556 0 10 9.07692307692308 3.07499939866257 R1
590 0.300187675964556 0 10 9.07692307692308 3.07499939866257 R1
588 0.300187675964556 0 10 9.07692307692308 3.07499939866257 R1
589 0.300187675964556 0 10 9.07692307692308 3.07499939866257 R1
583 0.300187675964556 0 10 9.07692307692308 3.07499939866257 R1
584 0.300187675964556 0 10 9.07692307692308 3.07499939866257 R1
585 0.300187675964556 0 10 9.07692307692308 3.07499939866257 R1
587 0.300187675964556 0 10 9.07692307692308 3.07499939866257 R1
162 0.288107434665659 0.21875 7 5.55555555555556 5.01356185452377 R2
395 0.282842712474619 0 6 5 3.53553390593274 R1
378 0.279953612395432 0 13 10.7368421052632 8.08404605095843 R1
224 0.276124633595064 0 7 5.6 5.07017422448841 R1
223 0.276124633595064 0 7 5.6 5.07017422448841 R1
238 0.276124633595064 0 7 5.6 5.07017422448841 R1
316 0.267261241912424 0 8 7.2 2.99332590941915 R1
6 0.267261241912424 0.197530864197531 8 7.2 2.99332590941915 R2
71 0.258766590357893 0 7 5.86666666666667 4.37975138817516 R1
346 0.258766590357893 0 7 5.86666666666667 4.37975138817516 R1
399 0.256073759865792 0.244897959183674 6 5.6 1.56204993518134 R2
400 0.256073759865792 0 6 5.6 1.56204993518134 R1
402 0.256073759865792 0 6 5.6 1.56204993518134 R1
398 0.256073759865792 0 6 5.6 1.56204993518134 R1
401 0.256073759865792 0 6 5.6 1.56204993518134 R1
403 0.256073759865792 0 6 5.6 1.56204993518134 R1
498 0.252216636152659 0.21875 7 5.75 4.95605690039975 R2
86 0.252216636152659 0.21875 7 5.75 4.95605690039975 R2
8 0.250872603002127 0.685121107266436 6 5.25 2.98956518577535 R3
9 0.250872603002127 0 6 5.25 2.98956518577535 R1
11 0.250872603002127 0 6 5.25 2.98956518577535 R1
540 0.25 0 5 4.5 2 R1
541 0.25 0 5 4.5 2 R1
542 0.25 0 5 4.5 2 R1
543 0.25 0 5 4.5 2 R1
539 0.25 0 5 4.5 2 R1
644 0.22519581195983 0.18 9 7.66666666666667 5.9207732227772 R2
642 0.22519581195983 0 9 7.66666666666667 5.9207732227772 R1
160 0.225183169468408 0 9 7.05263157894737 8.64793059645532 R1
137 0.225183169468408 0 9 7.05263157894737 8.64793059645532 R1
181 0.225183169468408 0.18 9 7.05263157894737 8.64793059645532 R2
420 0.204124145231931 0 3 2.8 0.979795897113271 R1
419 0.204124145231931 0 3 2.8 0.979795897113271 R1
421 0.204124145231931 0 3 2.8 0.979795897113271 R1
87 0.186907725406399 0 8 7.33333333333333 3.56682242650545 R1
89 0.186907725406399 0 8 7.33333333333333 3.56682242650545 R1
41 0.186907725406399 0 8 7.33333333333333 3.56682242650545 R1
88 0.186907725406399 0 8 7.33333333333333 3.56682242650545 R1
332 0.176776695296637 0.448979591836735 5 4.5 2.82842712474619 R2
82 0.156253179011404 0 12 10.7368421052632 8.08404605095843 R1
83 0.156253179011404 0 12 10.7368421052632 8.08404605095843 R1
283 0.149812850831677 0 8 7.4 4.00499687890016 R1
720 0.145864991497895 0 3 2.75 1.71391365010026 R1
262 0.145864991497895 0.375 3 2.75 1.71391365010026 R2
57 0.128501165510857 0.660493827160494 9 8.44444444444444 4.32335032407638 R3
59 0.128501165510857 0.314049586776859 9 8.44444444444444 4.32335032407638 R2
381 0.114707866935281 0.375 3 2.85714285714286 1.24539969815448 R2
383 0.114707866935281 0.375 3 2.85714285714286 1.24539969815448 R2
268 0.109548568930577 0.32 8 7.05263157894737 8.64793059645532 R2
372 0.0945380237494882 0 7 6.625 3.96665791315561 R1
51 0.075005860061735 0.708333333333333 6 5.63636363636364 4.8481060458085 R3
189 0.072932495748947 0.56 3 2.88888888888889 1.52347880008912 R2
188 0.072932495748947 0.56 3 2.88888888888889 1.52347880008912 R2
619 0.0688479376075486 0 8 7.57894736842105 6.11568982616528 R1
615 0.062622429108515 0 6 5.75 3.99217985566783 R1
211 0.0564332647983102 0 5 4.85714285714286 2.53143502095276 R1
453 0.0564332647983102 0 5 4.85714285714286 2.53143502095276 R1
452 0.0564332647983102 0 5 4.85714285714286 2.53143502095276 R1
602 0.0564332647983102 0 5 4.85714285714286 2.53143502095276 R1
601 0.0564332647983102 0 5 4.85714285714286 2.53143502095276 R1
35 0.0325527456273759 0 11 10.7368421052632 8.08404605095843 R1
36 0.0325527456273759 0 11 10.7368421052632 8.08404605095843 R1
598 0.032308533487562 0 7 6.85714285714286 4.42165358301205 R1
80 0.032308533487562 0 7 6.85714285714286 4.42165358301205 R1
582 0.0314866288934633 0 9 8.76923076923077 7.32911838704772 R1
67 0.0314866288934633 0.18 9 8.76923076923077 7.32911838704772 R2
385 0.0304431282773993 0.244897959183674 6 5.86666666666667 4.37975138817516 R2
526 2.71947991102104e-16 0.444444444444444 2 2 0.816496580927726 R2
347 2.71947991102104e-16 0.444444444444444 2 2 0.816496580927726 R2
135 0 0.5 4 4 2.3741027013092 R2
23 0 0 10 10 1.19209289550781e-07 R1
716 0 0 2 2 0.632455532033675 R1
686 0 0.277777777777778 5 5 5.96046447753906e-08 R2
21 0 0 10 10 1.19209289550781e-07 R1
690 0 0.277777777777778 5 5 5.96046447753906e-08 R2
64 0 0.65625 4 4 2.3741027013092 R3
144 0 0 2 2 0.816496580927726 R1
661 0 0 4 4 2.59807621135332 R1
22 0 0 10 10 1.19209289550781e-07 R1
445 0 0 2 2 0.707106781186548 R1
20 0 0 10 10 1.19209289550781e-07 R1
691 0 0.277777777777778 5 5 5.96046447753906e-08 R2
191 0 0 2 2 0.707106781186548 R1
446 0 0 2 2 0.707106781186548 R1
717 0 0 2 2 0.632455532033675 R1
671 0 0 2 2 0.707106781186548 R1
192 0 0 2 2 0.707106781186548 R1
687 0 0.277777777777778 5 5 5.96046447753906e-08 R2
689 0 0.277777777777778 5 5 5.96046447753906e-08 R2
688 0 0.53125 5 5 5.96046447753906e-08 R2
503 0 0.65625 4 4 2.59807621135332 R3
407 0 0 4 4 2.3741027013092 R1
18 0 0 10 10 1.19209289550781e-07 R1
639 0 0 2 2 0.632455532033675 R1
670 0 0 2 2 0.707106781186548 R1
406 0 0 4 4 2.3741027013092 R1
19 0 0 10 10 1.19209289550781e-07 R1
408 0 0 4 4 2.3741027013092 R1
418 -2.6539406435475e-16 0 3 3 1.67332005306815 R1
106 -2.6539406435475e-16 0.5 3 3 1.67332005306815 R2
136 -0.00608603160725425 0 7 7.05263157894737 8.64793059645532 R1
44 -0.00608603160725425 0 7 7.05263157894737 8.64793059645532 R1
324 -0.030015011259383 0.375 3 3.09090909090909 3.02878749981049 R2
322 -0.030015011259383 0.375 3 3.09090909090909 3.02878749981049 R2
523 -0.0771516749810462 0 4 4.15384615384615 1.99407406104857 R1
104 -0.0771516749810462 0.74074074074074 4 4.15384615384615 1.99407406104857 R3
26 -0.0780868809443032 0 4 4.33333333333333 4.2687494916219 R1
28 -0.0780868809443032 0.444444444444444 4 4.33333333333333 4.2687494916219 R2
31 -0.0823386969592623 0.32 4 4.18181818181818 2.20817414572566 R2
415 -0.0823386969592623 0.736111111111111 4 4.18181818181818 2.20817414572566 R3
666 -0.0823386969592623 0.5 4 4.18181818181818 2.20817414572566 R2
668 -0.0823386969592623 0.32 4 4.18181818181818 2.20817414572566 R2
667 -0.0823386969592623 0.59375 4 4.18181818181818 2.20817414572566 R2
551 -0.0911476877566523 0 10 10.7368421052632 8.08404605095843 R1
148 -0.0946659142103795 0.21875 7 7.57894736842105 6.11568982616528 R2
96 -0.0998752338877845 0.21875 7 7.4 4.00499687890016 R2
92 -0.0998752338877845 0.345679012345679 7 7.4 4.00499687890016 R2
161 -0.110810551794484 0 5 5.55555555555556 5.01356185452377 R1
284 -0.118339128683599 0 5 5.6 5.07017422448841 R1
547 -0.12700012700019 0.345679012345679 7 7.14285714285714 1.12485826771597 R2
48 -0.131260255108036 0.46875 5 5.63636363636364 4.8481060458085 R2
742 -0.143591631723548 0 4 4.5 3.48209706929603 R1
150 -0.143591631723548 0 4 4.5 3.48209706929603 R1
622 -0.143591631723548 0 4 4.5 3.48209706929603 R1
325 -0.151329981691595 0.277777777777778 5 5.75 4.95605690039975 R2
5 -0.151329981691595 0 5 5.75 4.95605690039975 R1
269 -0.151329981691595 0.448979591836735 5 5.75 4.95605690039975 R2
311 -0.157563372915814 0 6 6.625 3.96665791315561 R1
312 -0.157563372915814 0 6 6.625 3.96665791315561 R1
310 -0.157563372915814 0 6 6.625 3.96665791315561 R1
314 -0.157563372915814 0 6 6.625 3.96665791315561 R1
315 -0.157563372915814 0 6 6.625 3.96665791315561 R1
480 -0.176776695296637 0 4 4.5 2.82842712474619 R1
496 -0.181071492085037 0.32 4 4.57142857142857 3.15581743348207 R2
497 -0.181071492085037 0.32 4 4.57142857142857 3.15581743348207 R2
113 -0.187867287325545 0.408163265306122 5 5.75 3.99217985566783 R2
391 -0.195848886135805 0 5 5.86666666666667 4.42518047340696 R1
390 -0.195848886135805 0 5 5.86666666666667 4.42518047340696 R1
303 -0.197880333803094 0 5 5.86666666666667 4.37975138817516 R1
305 -0.197880333803094 0 5 5.86666666666667 4.37975138817516 R1
537 -0.197880333803094 0 5 5.86666666666667 4.37975138817516 R1
304 -0.197880333803094 0 5 5.86666666666667 4.37975138817516 R1
333 -0.204124145231932 0 3 3.2 0.979795897113271 R1
335 -0.204124145231932 0 3 3.2 0.979795897113271 R1
334 -0.204124145231932 0 3 3.2 0.979795897113271 R1
550 -0.21484812114068 0 9 10.7368421052632 8.08404605095843 R1
214 -0.223374237314982 0 4 4.8 3.58143360495021 R1
183 -0.223374237314982 0 4 4.8 3.58143360495021 R1
660 -0.235702260395516 0 3 3.33333333333333 1.41421356237309 R1
659 -0.235702260395516 0 3 3.33333333333333 1.41421356237309 R1
409 -0.235702260395516 0.375 3 3.33333333333333 1.41421356237309 R2
484 -0.235702260395516 0.48 3 3.33333333333333 1.41421356237309 R2
84 -0.237355232682917 0 5 7.05263157894737 8.64793059645532 R1
43 -0.237355232682917 0 5 7.05263157894737 8.64793059645532 R1
180 -0.237355232682917 0 5 7.05263157894737 8.64793059645532 R1
205 -0.237355232682917 0 5 7.05263157894737 8.64793059645532 R1
85 -0.237355232682917 0 5 7.05263157894737 8.64793059645532 R1
646 -0.281494764949788 0 6 7.66666666666667 5.9207732227772 R1
645 -0.281494764949788 0 6 7.66666666666667 5.9207732227772 R1
643 -0.281494764949788 0 6 7.66666666666667 5.9207732227772 R1
172 -0.301511344577764 0.617283950617284 5 5.66666666666667 2.21108319357027 R2
77 -0.301511344577764 0 3 3.33333333333333 1.10554159678513 R1
538 -0.31557100982293 0 4 5.6 5.07017422448841 R1
240 -0.31557100982293 0 4 5.6 5.07017422448841 R1
239 -0.31557100982293 0 4 5.6 5.07017422448841 R1
299 -0.334103030328228 0.37037037037037 7 8.44444444444444 4.32335032407638 R2
349 -0.338548554524709 0.197530864197531 8 10.7368421052632 8.08404605095843 R2
450 -0.338548554524709 0.429752066115702 8 10.7368421052632 8.08404605095843 R2
653 -0.352989833220748 0 4 7.05263157894737 8.64793059645532 R1
752 -0.352989833220748 0 4 7.05263157894737 8.64793059645532 R1
751 -0.352989833220748 0 4 7.05263157894737 8.64793059645532 R1
753 -0.352989833220748 0 4 7.05263157894737 8.64793059645532 R1
654 -0.352989833220748 0 4 7.05263157894737 8.64793059645532 R1
655 -0.352989833220748 0 4 7.05263157894737 8.64793059645532 R1
656 -0.353103290613723 0.32 4 5.75 4.95605690039975 R2
680 -0.35921060405355 0 6 7 2.78388218141501 R1
101 -0.360180135112598 0.444444444444444 2 3.09090909090909 3.02878749981049 R2
568 -0.360180135112598 0 2 3.09090909090909 3.02878749981049 R1
632 -0.360180135112598 0 2 3.09090909090909 3.02878749981049 R1
631 -0.360180135112598 0 2 3.09090909090909 3.02878749981049 R1
430 -0.365148371670111 0 4 5 2.73861278752583 R1
737 -0.384900179459751 0.375 3 4 2.59807621135332 R2
704 -0.384900179459751 0 3 4 2.59807621135332 R1
625 -0.384900179459751 0.73469387755102 3 4 2.59807621135332 R3
569 -0.409664769581115 0 5 6.625 3.96665791315561 R1
123 -0.409664769581115 0.694444444444444 5 6.625 3.96665791315561 R3
664 -0.418121005003545 0 4 5.25 2.98956518577535 R1
663 -0.418121005003545 0 4 5.25 2.98956518577535 R1
364 -0.421828370138657 0 4 5.86666666666667 4.42518047340696 R1
367 -0.421828370138657 0 4 5.86666666666667 4.42518047340696 R1
366 -0.421828370138657 0 4 5.86666666666667 4.42518047340696 R1
365 -0.421828370138657 0 4 5.86666666666667 4.42518047340696 R1
634 -0.426203795883588 0 4 5.86666666666667 4.37975138817516 R1
633 -0.426203795883588 0 4 5.86666666666667 4.37975138817516 R1
635 -0.426203795883588 0 4 5.86666666666667 4.37975138817516 R1
200 -0.430774895170643 0 3 4.5 3.48209706929603 R1
294 -0.430774895170643 0 3 4.5 3.48209706929603 R1
199 -0.430774895170643 0 3 4.5 3.48209706929603 R1
264 -0.437594974493684 0 2 2.75 1.71391365010026 R1
474 -0.437594974493684 0 2 2.75 1.71391365010026 R1
721 -0.437594974493684 0 2 2.75 1.71391365010026 R1
473 -0.437594974493684 0 2 2.75 1.71391365010026 R1
534 -0.438357003759605 0.32 4 5.75 3.99217985566783 R2
359 -0.447213595499958 0 3 3.5 1.11803398874989 R1
130 -0.450391623919661 0 5 7.66666666666667 5.9207732227772 R1
437 -0.46862443375858 0 3 7.05263157894737 8.64793059645532 R1
168 -0.46862443375858 0 3 7.05263157894737 8.64793059645532 R1
341 -0.46862443375858 0.375 3 7.05263157894737 8.64793059645532 R2
436 -0.46862443375858 0 3 7.05263157894737 8.64793059645532 R1
109 -0.46862443375858 0 3 7.05263157894737 8.64793059645532 R1
169 -0.46862443375858 0 3 7.05263157894737 8.64793059645532 R1
435 -0.46862443375858 0 3 7.05263157894737 8.64793059645532 R1
330 -0.497946603233852 0.375 3 4.57142857142857 3.15581743348207 R2
529 -0.5 0 2 2.4 0.8 R1
165 -0.5 0 2 2.4 0.8 R1
530 -0.5 0 2 2.4 0.8 R1
166 -0.5 0 2 2.4 0.8 R1
33 -0.50259203395871 0 3 4.8 3.58143360495021 R1
34 -0.50259203395871 0 3 4.8 3.58143360495021 R1
494 -0.509728538254627 0.611111111111111 3 5.55555555555556 5.01356185452377 R2
306 -0.512802890962262 0 3 5.6 5.07017422448841 R1
351 -0.530330085889911 0 3 4.5 2.82842712474619 R1
481 -0.530330085889911 0 3 4.5 2.82842712474619 R1
482 -0.530330085889911 0 3 4.5 2.82842712474619 R1
29 -0.535201530235203 0 3 4.18181818181818 2.20817414572566 R1
694 -0.535201530235203 0.375 3 4.18181818181818 2.20817414572566 R2
692 -0.535201530235203 0.375 3 4.18181818181818 2.20817414572566 R2
693 -0.535201530235203 0.375 3 4.18181818181818 2.20817414572566 R2
30 -0.535201530235203 0 3 4.18181818181818 2.20817414572566 R1
375 -0.543792485447578 0 3 5.63636363636364 4.8481060458085 R1
273 -0.543792485447578 0 3 5.63636363636364 4.8481060458085 R1
567 -0.546608166610121 0.5 2 4.33333333333333 4.2687494916219 R2
724 -0.546608166610121 0 2 4.33333333333333 4.2687494916219 R1
725 -0.546608166610121 0 2 4.33333333333333 4.2687494916219 R1
326 -0.55487659953585 0.375 3 5.75 4.95605690039975 R2
591 -0.56540512824777 0.40625 6 8.44444444444444 4.32335032407638 R2
329 -0.577350269189626 0 2 2.5 0.866025403784439 R1
202 -0.577350269189626 0 2 2.5 0.866025403784439 R1
328 -0.577350269189626 0 2 2.5 0.866025403784439 R1
337 -0.578637562357845 0 3 4.15384615384615 1.99407406104857 R1
338 -0.578637562357845 0 3 4.15384615384615 1.99407406104857 R1
336 -0.578637562357845 0 3 4.15384615384615 1.99407406104857 R1
163 -0.583459965991578 0 2 2.88888888888889 1.52347880008912 R1
554 -0.583459965991578 0.444444444444444 2 2.88888888888889 1.52347880008912 R2
683 -0.584259034296411 0 2 7.05263157894737 8.64793059645532 R1
672 -0.584259034296411 0 2 7.05263157894737 8.64793059645532 R1
682 -0.584259034296411 0 2 7.05263157894737 8.64793059645532 R1
267 -0.584259034296411 0 2 7.05263157894737 8.64793059645532 R1
179 -0.584259034296411 0 2 7.05263157894737 8.64793059645532 R1
620 -0.585207469664164 0 4 7.57894736842105 6.11568982616528 R1
621 -0.585207469664164 0 4 7.57894736842105 6.11568982616528 R1
618 -0.585207469664164 0.32 4 7.57894736842105 6.11568982616528 R2
570 -0.585949421292765 0 6 10.7368421052632 8.08404605095843 R1
233 -0.597614304667197 0 2 3 1.67332005306815 R1
754 -0.597614304667197 0 2 3 1.67332005306815 R1
755 -0.597614304667197 0 2 3 1.67332005306815 R1
411 -0.599251403326707 0 5 7.4 4.00499687890016 R1
282 -0.599251403326707 0 5 7.4 4.00499687890016 R1
629 -0.632455532033674 0.444444444444444 2 2.57142857142857 0.903507902905252 R2
255 -0.632455532033674 0 2 2.57142857142857 0.903507902905252 R1
732 -0.632455532033674 0 2 2.57142857142857 0.903507902905252 R1
628 -0.632455532033674 0.444444444444444 2 2.57142857142857 0.903507902905252 R2
253 -0.632455532033674 0 2 2.57142857142857 0.903507902905252 R1
739 -0.647807854141508 0 3 5.86666666666667 4.42518047340696 R1
501 -0.647807854141508 0 3 5.86666666666667 4.42518047340696 R1
759 -0.650723663798244 0 4 8.76923076923077 7.32911838704772 R1
25 -0.650723663798244 0.32 4 8.76923076923077 7.32911838704772 R2
434 -0.654177038922398 0 5 7.33333333333333 3.56682242650545 R1
433 -0.654177038922398 0 5 7.33333333333333 3.56682242650545 R1
748 -0.654527257964082 0 3 5.86666666666667 4.37975138817516 R1
517 -0.661766166246417 0.819444444444445 4 6.625 3.96665791315561 R4
706 -0.661766166246417 0.716049382716049 4 6.625 3.96665791315561 R3
750 -0.661766166246417 0.612244897959184 4 6.625 3.96665791315561 R2
124 -0.688247201611685 0.625 2 2.85714285714286 1.24539969815448 R3
122 -0.688247201611685 0.625 2 2.85714285714286 1.24539969815448 R3
614 -0.688846720193664 0 3 5.75 3.99217985566783 R1
613 -0.688846720193664 0 3 5.75 3.99217985566783 R1
438 -0.690345258965814 0.75 1 3.09090909090909 3.02878749981049 R3
513 -0.690345258965814 0.5 1 3.09090909090909 3.02878749981049 R2
201 -0.690345258965814 0 1 3.09090909090909 3.02878749981049 R1
1 -0.699893634834242 0 1 7.05263157894737 8.64793059645532 R1
708 -0.699893634834242 0 1 7.05263157894737 8.64793059645532 R1
483 -0.699893634834242 0 1 7.05263157894737 8.64793059645532 R1
630 -0.699893634834242 0 1 7.05263157894737 8.64793059645532 R1
62 -0.709187531484698 0.444444444444444 2 5.55555555555556 5.01356185452377 R2
139 -0.709187531484698 0.625 2 5.55555555555556 5.01356185452377 R3
574 -0.709187531484698 0 2 5.55555555555556 5.01356185452377 R1
740 -0.709187531484698 0.444444444444444 2 5.55555555555556 5.01356185452377 R2
178 -0.710034772101593 0 2 5.6 5.07017422448841 R1
285 -0.710034772101593 0 2 5.6 5.07017422448841 R1
159 -0.710034772101593 0 2 5.6 5.07017422448841 R1
158 -0.710034772101593 0 2 5.6 5.07017422448841 R1
293 -0.717958158617738 0 2 4.5 3.48209706929603 R1
701 -0.717958158617738 0 2 4.5 3.48209706929603 R1
624 -0.717958158617738 0 2 4.5 3.48209706929603 R1
149 -0.717958158617738 0 2 4.5 3.48209706929603 R1
428 -0.7184212081071 0 5 7 2.78388218141501 R1
429 -0.7184212081071 0 5 7 2.78388218141501 R1
512 -0.73363244237803 0.48 3 4.85714285714286 2.53143502095276 R2
454 -0.73363244237803 0 3 4.85714285714286 2.53143502095276 R1
710 -0.73363244237803 0 3 4.85714285714286 2.53143502095276 R1
709 -0.73363244237803 0 3 4.85714285714286 2.53143502095276 R1
711 -0.73363244237803 0 3 4.85714285714286 2.53143502095276 R1
380 -0.748721321482092 0.375 3 7.57894736842105 6.11568982616528 R2
727 -0.748721321482092 0 3 7.57894736842105 6.11568982616528 R1
726 -0.748721321482092 0 3 7.57894736842105 6.11568982616528 R1
376 -0.750058600617349 0 2 5.63636363636364 4.8481060458085 R1
216 -0.750058600617349 0 2 5.63636363636364 4.8481060458085 R1
141 -0.750058600617349 0.444444444444444 2 5.63636363636364 4.8481060458085 R2
500 -0.756649908457977 0 2 5.75 4.95605690039975 R1
442 -0.756649908457977 0 2 5.75 4.95605690039975 R1
499 -0.756649908457977 0 2 5.75 4.95605690039975 R1
221 -0.769800358919501 0 2 4 2.59807621135332 R1
361 -0.769800358919501 0.5 2 4 2.59807621135332 R2
362 -0.769800358919501 0 2 4 2.59807621135332 R1
219 -0.769800358919501 0 2 4 2.59807621135332 R1
509 -0.780868809443031 0 1 4.33333333333333 4.2687494916219 R1
681 -0.780868809443031 0 1 4.33333333333333 4.2687494916219 R1
277 -0.780868809443031 0 1 4.33333333333333 4.2687494916219 R1
45 -0.781809830602437 0.444444444444444 2 4.8 3.58143360495021 R2
215 -0.781809830602437 0 2 4.8 3.58143360495021 R1
746 -0.788185341859406 0 3 7.66666666666667 5.9207732227772 R1
747 -0.788185341859406 0 3 7.66666666666667 5.9207732227772 R1
698 -0.788185341859406 0.48 3 7.66666666666667 5.9207732227772 R2
575 -0.814821714382667 0.444444444444444 2 4.57142857142857 3.15581743348207 R2
118 -0.82502864732539 0 2 3.8 2.18174242292714 R1
377 -0.833350288060821 0 4 10.7368421052632 8.08404605095843 R1
515 -0.842423539174232 0 2 4 2.3741027013092 R1
565 -0.842423539174232 0 2 4 2.3741027013092 R1
516 -0.842423539174232 0 2 4 2.3741027013092 R1
652 -0.848528137423857 0 2 5 3.53553390593274 R1
423 -0.848528137423857 0 2 5 3.53553390593274 R1
422 -0.848528137423857 0 2 5 3.53553390593274 R1
579 -0.872330404164172 0.375 3 6.85714285714286 4.42165358301205 R2
207 -0.872330404164172 0 3 6.85714285714286 4.42165358301205 R1
599 -0.87378733814436 0 2 5.86666666666667 4.42518047340696 R1
600 -0.87378733814436 0 2 5.86666666666667 4.42518047340696 R1
184 -0.882850720044576 0 2 5.86666666666667 4.37975138817516 R1
384 -0.882850720044576 0 2 5.86666666666667 4.37975138817516 R1
292 -0.904534033733291 0 2 3.5 1.6583123951777 R1
576 -0.904534033733291 0 2 3.5 1.6583123951777 R1
758 -0.907266653240924 0 1 5.6 5.07017422448841 R1
194 -0.91223517330002 0 2 7.57894736842105 6.11568982616528 R1
195 -0.91223517330002 0 2 7.57894736842105 6.11568982616528 R1
146 -0.91223517330002 0 2 7.57894736842105 6.11568982616528 R1
757 -0.913867562911719 0 3 6.625 3.96665791315561 R1
208 -0.923607780874927 0 2 8.76923076923077 7.32911838704772 R1
443 -0.934538627031997 0 4 7.33333333333333 3.56682242650545 R1
42 -0.934538627031997 0.32 4 7.33333333333333 3.56682242650545 R2
573 -0.942809041582065 0.444444444444444 2 3.33333333333333 1.41421356237309 R2
272 -0.95632471578712 0 1 5.63636363636364 4.8481060458085 R1
53 -0.957082200829279 0 2 7.66666666666667 5.9207732227772 R1
308 -0.958423217380105 0 1 5.75 4.95605690039975 R1
760 -0.958423217380105 0 1 5.75 4.95605690039975 R1
756 -1 0 2 3 1 R1
317 -1 0 2 3 1 R1
525 -1.00514142206483 0 1 4.5 3.48209706929603 R1
460 -1.01600101600152 0.611111111111111 6 7.14285714285714 1.12485826771597 R2
545 -1.01600101600152 0 6 7.14285714285714 1.12485826771597 R1
546 -1.01600101600152 0.375 6 7.14285714285714 1.12485826771597 R2
705 -1.02105494048526 0.5 1 2.75 1.71391365010026 R2
142 -1.02429503946316 0 4 5.6 1.56204993518134 R1
143 -1.02429503946316 0 4 5.6 1.56204993518134 R1
495 -1.02800932408685 0.59375 4 8.44444444444444 4.32335032407638 R2
490 -1.06004983941327 0 1 8.76923076923077 7.32911838704772 R1
68 -1.06004983941327 0 1 8.76923076923077 7.32911838704772 R1
714 -1.06004983941327 0 1 8.76923076923077 7.32911838704772 R1
100 -1.06102762724616 0 1 4.8 3.58143360495021 R1
182 -1.06102762724616 0 1 4.8 3.58143360495021 R1
736 -1.06102762724616 0 1 4.8 3.58143360495021 R1
69 -1.0690449676497 0 4 7.2 2.99332590941915 R1
733 -1.0690449676497 0 4 7.2 2.99332590941915 R1
379 -1.07574902511795 0 1 7.57894736842105 6.11568982616528 R1
416 -1.08012344973464 0.444444444444444 2 4.15384615384615 1.99407406104857 R2
524 -1.08012344973464 0.625 2 4.15384615384615 1.99407406104857 R3
350 -1.08075115482888 0 2 10.7368421052632 8.08404605095843 R1
14 -1.08075115482888 0.5 2 10.7368421052632 8.08404605095843 R2
564 -1.08711461300922 0 2 5.25 2.98956518577535 R1
563 -1.08711461300922 0 2 5.25 2.98956518577535 R1
577 -1.09849013857711 0.72 2 6.85714285714286 4.42165358301205 R3
249 -1.09862757276563 0.56 3 7.4 4.00499687890016 R2
518 -1.09976682214721 0 1 5.86666666666667 4.42518047340696 R1
451 -1.13137084989848 0 1 5 3.53553390593274 R1
707 -1.13169682553148 0 1 4.57142857142857 3.15581743348207 R1
535 -1.15470053837925 0 1 4 2.59807621135332 R1
609 -1.15470053837925 0 1 4 2.59807621135332 R1
371 -1.16596895957702 0 2 6.625 3.96665791315561 R1
471 -1.16666666666667 0.666666666666667 1 2.4 1.2 R3
404 -1.16666666666667 0 1 2.4 1.2 R1
557 -1.1766968108291 0 4 8 3.39934634239519 R1
556 -1.1766968108291 0 4 8 3.39934634239519 R1
713 -1.18982615306178 0 1 5.75 3.99217985566783 R1
578 -1.19522860933439 0 1 3 1.67332005306815 R1
743 -1.19522860933439 0.5 1 3 1.67332005306815 R2
342 -1.20445158821291 0 1 10.7368421052632 8.08404605095843 R1
703 -1.20445158821291 0 1 10.7368421052632 8.08404605095843 R1
176 -1.20604537831106 0 2 3.33333333333333 1.10554159678513 R1
175 -1.20604537831106 0 2 3.33333333333333 1.10554159678513 R1
266 -1.22474487139159 0.666666666666667 1 2 0.816496580927726 R3
741 -1.22474487139159 0 1 2 0.816496580927726 R1
358 -1.22474487139159 0 1 2 0.816496580927726 R1
217 -1.22474487139159 0 2 3.2 0.979795897113271 R1
477 -1.22474487139159 0 4 5.2 0.97979589711327 R1
476 -1.22474487139159 0 4 5.2 0.97979589711327 R1
677 -1.23743686707646 0 1 4.5 2.82842712474619 R1
728 -1.2398524277321 0 1 2.88888888888889 1.52347880008912 R1
274 -1.2398524277321 0 1 2.88888888888889 1.52347880008912 R1
502 -1.25 0.722222222222222 2 4.5 2 R3
566 -1.26363530876135 0 1 4 2.3741027013092 R1
665 -1.2833778958395 0 1 3.8 2.18174242292714 R1
697 -1.2833778958395 0 1 3.8 2.18174242292714 R1
117 -1.2833778958395 0 1 3.8 2.18174242292714 R1
651 -1.34164078649987 0.444444444444444 2 3.5 1.11803398874989 R2
307 -1.41421356237309 0 2 2.66666666666667 0.471404520791032 R1
519 -1.41421356237309 0 1 2 0.707106781186548 R1
738 -1.41421356237309 0.5 1 2 0.707106781186548 R2
749 -1.41421356237309 0 1 2 0.707106781186548 R1
555 -1.46059348668044 0.666666666666667 1 5 2.73861278752583 R3
702 -1.49120227015865 0 1 2.85714285714286 1.24539969815448 R1
210 -1.49526180325119 0.444444444444444 2 7.33333333333333 3.56682242650545 R2
257 -1.52369814955437 0 1 4.85714285714286 2.53143502095276 R1
662 -1.58113883008419 0 1 2 0.632455532033675 R1
440 -1.58160933711144 0.75 1 4.15384615384615 1.99407406104857 R3
412 -1.59800374220455 0 1 7.4 4.00499687890016 R1
410 -1.64991582276861 0 1 3.33333333333333 1.41421356237309 R1
369 -1.66447943912764 0 3 5.6 1.56204993518134 R1
762 -1.66666666666667 0 1 3.5 1.5 R1
712 -1.72191561784548 0 1 8.44444444444444 4.32335032407638 R1
761 -1.73205080756888 0 3 4.5 0.866025403784439 R1
626 -1.75 0.5 1 4.5 2 R2
616 -1.76504521624366 0 2 8 3.39934634239519 R1
715 -1.79605302026775 0 2 7 2.78388218141501 R1
119 -1.83711730708738 0.5 1 2.8 0.979795897113271 R2
459 -2.11057941204435 0.5 1 5.66666666666667 2.21108319357027 R2
695 -2.30143884906159 0 2 9.07692307692308 3.07499939866257 R1
696 -2.30143884906159 0 2 9.07692307692308 3.07499939866257 R1
