*Vertices 120
0.0628743
0.0511477
0.0399202
0.0356786
0.0351796
0.0329341
0.0306886
0.0304391
0.0291916
0.0266966
0.0266966
0.0266966
0.0247006
0.0244511
0.0229541
0.0219561
0.0217066
0.0212076
0.0199601
0.0197106
0.0194611
0.0177146
0.0162176
0.0157186
0.0147206
0.0147206
0.0134731
0.0127246
0.0122255
0.0112275
0.010978
0.0107285
0.010479
0.00998004
0.00973054
0.00973054
0.00873253
0.00798403
0.00773453
0.00748503
0.00748503
0.00748503
0.00723553
0.00673653
0.00673653
0.00648703
0.00598802
0.00548902
0.00399202
0.00399202
0.00399202
0.00399202
0.00374251
0.00349301
0.00299401
0.00299401
0.00299401
0.00299401
0.00299401
0.00274451
0.00249501
0.00249501
0.00199601
0.00199601
0.00174651
0.00149701
0.00149701
0.00149701
0.00149701
0.00149701
0.00149701
0.00149701
0.00149701
0.00149701
0.00149701
0.00149701
0.00149701
0.00149701
0.00149701
0.00149701
0.00149701
0.00149701
0.00149701
0.0012475
0.000998004
0.000998004
0.000998004
0.000998004
0.000499002
0.000499002
0.000499002
0.000499002
0.000499002
0.000499002
0.000499002
0.000499002
0.000499002
0.000499002
0.000499002
0.000499002
0.000499002
0.000499002
0.000499002
0.000499002
0.000499002
0.000499002
0.000499002
0.000499002
0.000499002
0.000499002
0.000499002
0.000499002
0.000499002
0.000499002
0.000499002
0.000499002
0.000499002
0.000499002
0.000499002
0.000499002
