*Vertices 721
17
6
23
6
13
1
32
33
4
14
6
14
5
5
5
5
5
5
18
5
2
37
4
3
3
3
11
3
3
11
11
24
3
2
7
4
6
4
5
2
4
3
11
2
2
7
35
11
10
8
4
4
4
4
23
7
16
2
22
22
15
14
25
11
3
3
20
5
8
4
13
7
26
14
15
30
1
1
4
4
4
5
4
15
8
27
3
3
3
3
23
3
7
11
6
23
6
3
3
3
1
1
10
7
8
1
1
5
11
5
5
1
2
4
2
41
9
11
2
15
5
4
4
3
5
12
10
6
3
3
6
2
4
4
4
7
7
3
3
40
11
9
1
1
1
2
2
29
8
12
8
5
1
1
7
5
5
5
6
8
2
16
16
10
10
14
2
2
2
7
6
25
7
2
2
2
29
2
2
6
4
6
24
2
2
4
16
13
6
4
5
13
3
3
7
7
10
7
7
9
16
2
2
17
6
17
9
12
5
10
5
5
13
10
12
9
14
9
9
9
9
1
2
2
2
2
4
13
16
14
14
1
3
1
1
10
4
4
4
6
6
10
4
10
5
5
5
2
2
2
20
2
2
14
9
1
4
6
4
7
7
2
5
9
4
2
1
2
5
2
2
2
1
7
7
19
24
21
12
2
2
2
22
3
7
8
7
4
2
6
7
1
1
4
4
10
1
5
29
10
15
2
2
2
2
20
1
1
1
1
1
4
2
3
3
2
8
7
3
4
4
1
3
3
1
4
4
4
4
5
9
8
3
2
11
11
1
1
5
2
5
6
4
1
1
2
2
2
10
1
1
12
9
2
2
2
10
10
10
3
2
1
13
6
6
14
6
6
18
14
11
9
18
4
1
1
6
4
2
4
2
7
3
3
3
1
3
3
3
1
1
1
4
1
2
4
3
9
2
4
1
1
2
1
1
4
2
9
10
5
2
2
1
7
4
5
1
1
1
12
3
3
3
3
3
3
2
2
9
14
9
9
5
5
2
2
2
18
4
4
1
1
1
1
2
12
2
2
2
1
1
2
2
2
3
8
2
4
4
2
2
6
4
4
6
6
4
3
3
1
5
4
4
4
1
6
6
6
1
5
4
3
3
2
2
3
3
4
1
2
2
4
2
2
2
3
3
1
17
12
10
1
1
1
1
1
2
2
2
2
1
9
2
4
5
5
5
5
5
6
8
9
8
8
9
9
9
9
9
1
7
2
3
1
1
3
3
4
1
1
4
4
2
2
1
1
1
4
1
1
2
2
2
8
6
1
1
3
3
3
2
2
2
1
4
6
6
3
2
9
5
10
10
10
10
10
10
10
8
9
9
4
6
1
1
1
6
2
2
2
7
7
1
2
2
5
5
2
3
3
8
1
4
2
4
4
1
5
3
2
1
1
9
6
10
6
6
3
3
3
3
3
3
4
2
1
1
3
3
4
5
1
4
4
1
6
5
2
1
1
2
6
3
2
1
2
2
2
1
8
8
8
8
8
1
1
1
6
2
1
3
5
1
5
2
1
1
2
2
3
1
2
2
2
1
1
2
1
1
3
3
3
1
1
1
2
2
2
1
1
3
2
1
1
1
4
3
3
1
4
4
2
3
1
3
2
2
4
2
2
1
3
3
4
4
4
3
3
3
3
1
