coauthor;frequency
6;3
7;3
8;5
9;15
10;18
11;22
12;15
13;21
14;14
15;29
16;32
17;25
18;21
19;27
20;31
21;19
22;26
23;20
24;21
25;16
26;14
27;19
28;20
29;19
30;20
31;14
32;18
33;13
34;19
35;7
36;18
37;10
38;12
39;17
40;19
41;12
42;5
43;5
44;7
45;15
46;14
47;12
48;8
49;12
50;8
51;2
52;10
53;6
54;6
55;4
56;7
57;5
58;2
59;3
60;2
61;2
62;9
63;6
64;1
65;1
66;5
67;4
68;2
69;1
70;2
71;4
72;4
73;2
75;4
76;2
77;3
78;5
79;5
80;1
81;1
82;3
83;1
84;3
86;2
87;4
88;2
89;3
90;1
94;3
95;2
97;2
100;1
101;2
102;1
103;2
104;2
105;2
106;1
107;1
109;1
110;1
111;1
117;1
118;1
122;1
127;1
130;1
133;1
144;2
145;1
152;1
160;1
245;1
