127 20
1801 6
71 29
1648 5
1481 9
2927 3
1178 6
2915 4
1387 8
6862 3
512 15
1932 6
463 16
517 10
458 13
1785 7
4361 3
1250 9
722 11
1363 9
6642 3
1109 8
2067 6
1630 5
4340 3
728 20
1244 9
1638 9
4171 5
742 19
29 38
350 19
1969 6
1810 6
2203 5
58 37
4358 3
153 38
2932 4
2754 4
1546 8
101 44
4362 3
2994 4
340 28
311 19
4537 3
825 13
4012 4
917 9
495 19
1703 7
2086 6
1322 10
1816 5
4519 3
1172 7
2510 5
4293 4
2699 4
1259 8
834 14
285 11
4397 3
2976 4
4319 4
1216 6
2274 5
2194 5
4423 4
2285 8
1135 6
2002 7
2864 4
4198 5
1203 14
4261 5
96 38
2088 5
1068 9
6726 3
1667 7
4429 3
2114 6
486 21
1354 6
2134 6
4066 4
569 14
4213 3
8 44
2359 5
4269 4
2045 5
6727 3
1396 7
686 16
1760 6
2033 9
391 21
4335 3
943 6
2676 4
1887 8
2907 5
1375 11
180 22
4258 5
4353 3
1585 6
2939 3
1877 6
246 27
6631 3
4474 3
2705 5
690 17
1168 8
61 17
4475 4
4323 3
536 14
1767 6
1653 6
2237 5
1688 6
1266 8
2654 4
4209 3
2958 3
1458 9
444 27
508 21
1336 9
39 38
1089 12
558 24
12 42
1554 8
2168 5
573 14
2710 4
1084 13
638 15
4036 4
2350 4
875 15
3467 4
1522 7
1 104
506 13
136 33
116 25
1197 9
4390 4
4184 5
2146 5
2937 4
661 11
2845 7
2719 4
1935 4
2690 5
581 13
2727 4
308 10
4200 3
678 8
4328 4
6676 3
3862 4
1517 7
5843 3
6097 4
6780 3
2808 6
1975 5
3004 5
6867 3
1973 6
1991 7
927 18
301 13
2302 7
4272 4
51 41
1758 6
1822 5
456 14
2745 4
652 9
1033 11
2736 4
2034 8
4445 3
4405 3
1539 10
2029 9
796 11
2349 4
366 13
844 8
1541 10
4447 3
2723 5
4218 3
272 21
2343 5
775 8
4113 4
2108 3
20 37
2376 5
888 8
1011 7
1983 4
4515 3
1754 6
6770 3
4304 4
1627 11
4180 5
1161 10
468 11
2093 5
1019 6
6628 4
700 10
1927 5
78 29
1380 6
2853 5
294 9
413 14
990 11
2218 5
2316 4
1442 10
764 13
1614 9
349 19
1743 7
2075 6
1981 6
4401 3
2081 6
1383 8
606 14
137 36
1414 9
4416 4
1855 5
4504 3
666 17
432 21
860 7
1074 7
4235 3
2308 8
3884 4
1063 17
1776 8
2565 6
2158 5
2576 7
2362 5
708 14
2583 4
2796 6
2589 4
710 10
2814 4
1656 6
323 7
856 7
6904 3
1834 5
1664 5
112 30
545 8
191 22
2733 5
187 25
588 16
1684 9
756 12
2326 6
1283 12
262 27
1944 6
212 20
4422 3
1331 8
2590 4
542 16
1305 4
961 15
2686 4
2099 5
2882 4
1662 7
2988 4
574 19
170 28
1921 7
660 15
26 41
2116 6
977 13
6813 3
566 16
526 19
1901 7
359 22
2765 6
1229 9
2299 7
108 35
2820 5
604 13
2608 5
2614 5
1001 14
232 20
477 17
1338 8
1182 6
2623 5
225 17
207 24
1447 8
330 17
142 42
1510 6
48 26
1857 5
360 21
4491 3
2321 5
1988 9
1076 11
766 17
4343 4
449 11
4376 3
4243 3
659 12
2774 6
2763 6
1141 6
4484 3
682 13
2971 5
353 17
375 10
2989 3
984 9
2833 5
1155 8
4189 5
1485 9
3914 4
788 9
128 30
6630 3
501 20
4115 4
2944 3
1313 9
278 18
1617 9
1843 6
2650 5
155 27
387 16
2626 5
1913 8
1112 6
626 8
1294 8
461 19
2712 4
1426 6
257 23
1358 5
782 16
951 15
85 26
809 15
2200 5
1156 8
1557 8
2281 8
1486 10
425 24
2056 6
736 6
539 6
2876 5
781 17
3015 5
1950 4
4369 4
2865 5
520 15
1698 9
2782 6
4533 3
2037 8
532 12
1193 6
55 50
1890 8
1681 8
57 27
2642 5
872 10
2354 7
1146 6
395 16
89 29
175 19
584 19
988 12
35 46
4342 4
2295 7
1882 7
1550 8
1421 6
1454 10
2827 3
665 12
2758 5
1476 9
1207 11
2641 4
2670 4
3007 5
1584 6
4434 4
904 10
6739 3
930 15
1675 9
649 19
2972 4
2150 5
642 9
648 17
1318 11
2006 5
2245 5
6627 4
1764 6
4453 3
2130 7
1028 10
1908 8
198 25
4291 4
1718 7
2792 6
1098 17
1059 12
2683 4
6748 3
3003 5
913 10
2019 5
2665 4
4313 4
202 14
361 22
4436 4
184 28
776 10
2183 5
1819 7
1459 7
1570 8
2673 5
1984 8
1269 7
181 23
412 21
307 25
1671 7
4242 3
1463 6
830 7
1467 9
2041 6
154 17
2893 4
2062 6
4324 3
3935 4
1101 6
2801 5
704 11
326 32
1165 7
1462 7
2886 3
681 12
3940 4
335 14
1029 10
2715 4
5 28
2694 4
2105 6
4287 3
1957 6
554 9
2791 6
2657 4
552 13
4481 4
1867 5
1623 8
74 34
890 6
2936 4
440 18
3699 4
1926 6
1289 9
299 14
2024 4
2525 5
1282 11
1694 10
841 13
1898 7
1044 11
1350 7
1751 6
91 25
2137 5
1240 6
2815 5
467 22
481 11
2121 6
474 21
867 7
1976 5
3669 4
817 14
563 12
2919 3
2953 3
229 24
6715 3
673 14
4204 4
68 21
2059 5
315 20
1827 7
4176 5
1947 6
2366 6
2501 5
1347 9
222 12
2911 4
1504 5
25 44
2270 4
305 15
1253 10
928 13
6460 3
1644 7
1526 8
4276 4
217 15
2648 4
1730 6
158 20
281 26
5314 3
4479 3
46 40
1851 6
1316 7
2630 4
1418 7
2373 6
36 60
4163 5
748 8
1368 12
472 18
1655 4
1943 5
317 25
711 18
132 29
1791 4
1254 9
1642 7
892 9
2180 6
1428 5
2071 5
2769 6
546 14
537 19
1018 7
1125 11
1007 6
4072 4
2279 6
1443 7
741 15
1833 7
4441 4
1186 6
998 14
6792 3
2806 6
1789 9
2076 5
4294 3
529 10
1545 8
4309 4
1838 6
4222 5
1773 8
1058 12
2573 5
987 14
2984 3
1150 14
2860 5
4347 4
1535 6
4314 4
4239 3
2390 5
4253 5
1335 6
908 12
2580 4
3974 4
284 15
1340 6
903 12
247 11
4490 3
4389 4
289 13
165 20
729 10
2351 6
4509 3
2119 6
4411 4
2 58
4229 3
808 14
845 10
2125 8
1847 7
1231 16
2979 4
147 23
1249 14
973 12
2961 3
2569 8
1046 12
1142 5
6846 3
1291 9
2095 5
2601 5
2599 5
319 14
2960 4
2571 5
1179 6
2857 5
1052 10
1922 6
4522 3
735 8
4188 5
4250 4
1493 11
2948 5
4298 4
974 8
2629 4
1271 8
1668 7
1715 7
344 18
1613 9
2103 5
4247 3
2949 3
636 15
1710 7
1406 9
1104 14
1133 6
209 15
2837 3
1905 7
4456 3
1118 9
117 23
4460 3
2207 6
600 10
4191 5
80 29
336 25
6806 3
457 12
1301 5
821 18
696 16
383 27
1873 5
3651 4
2179 5
4157 5
2172 6
1431 10
92 26
1489 9
1212 15
2253 5
1805 5
2787 7
1164 6
1477 5
2922 4
6808 3
2824 6
505 11
2739 4
670 16
1094 8
419 26
995 9
1225 14
837 11
2909 5
2015 6
290 21
625 6
4521 4
149 20
712 12
210 27
6706 3
406 22
6722 3
2560 6
2289 7
2312 6
19 42
2702 5
1030 9
365 26
4529 3
2730 5
763 13
2593 4
2021 6
1895 7
2920 3
570 11
2038 8
4465 3
4283 4
1880 7
252 25
6684 3
4399 4
883 13
1159 13
2048 6
4512 4
655 10
421 14
1998 7
2930 3
2332 5
1367 9
6199 3
271 26
1024 15
1070 9
2867 4
1863 7
4495 3
4332 4
13 63
105 26
1514 7
840 13
1647 8
597 17
4500 4
2380 8
111 28
4372 3
1411 6
408 15
1480 9
2777 6
242 19
559 18
32 40
5655 3
443 10
2234 5
1795 5
580 16
2800 6
6869 3
4391 3
846 8
1257 13
31 48
1689 6
1861 6
2307 8
2706 4
2825 3
1296 8
1553 6
4439 4
2161 6
4160 5
2897 4
5444 4
1303 5
4195 5
1654 5
6740 3
968 14
675 17
15 58
431 12
382 22
2236 4
3487 4
2846 4
1506 7
4208 3
2855 5
4329 3
139 19
129 21
926 11
3008 6
859 7
4377 3
1246 11
4284 4
739 17
1083 14
1293 7
4507 3
876 15
2890 4
662 21
168 17
135 24
6489 3
145 23
1518 8
178 21
2674 4
1131 11
1876 6
772 13
124 30
1759 7
4514 4
1429 6
6775 3
4259 4
1974 6
2032 8
2536 4
2483 4
4350 4
1374 9
1528 6
2807 6
2303 7
1692 7
2259 5
2677 5
4273 4
509 19
1015 9
2212 4
6834 3
6790 3
976 18
367 18
716 21
1886 9
1821 4
1972 5
940 6
5741 3
743 10
685 21
2265 6
21 45
4169 5
523 10
4360 3
2377 7
2129 7
1460 6
453 16
723 15
1202 9
351 19
1040 6
595 7
2838 4
1755 6
1138 8
488 18
2926 5
1854 7
1012 8
1498 5
835 12
2182 5
1267 7
1032 13
901 11
113 23
152 27
2931 5
342 18
862 8
1419 6
341 8
1056 7
2883 4
2287 7
2540 4
2284 7
64 36
4285 3
4365 4
4085 4
1473 8
2753 4
881 10
6880 3
45 35
507 17
405 26
4426 3
4172 5
1173 6
1963 5
309 14
3843 4
1734 7
2085 5
1733 8
2113 5
2153 5
1258 8
824 15
120 34
4030 4
2568 7
1148 11
2841 5
2386 5
254 15
392 14
1321 10
2442 5
4214 4
2254 6
1987 8
6615 3
2014 7
2602 4
644 15
2477 4
6810 3
6641 3
851 12
1820 7
399 22
2296 7
1811 6
2110 7
436 17
1342 6
4412 4
1802 5
4359 3
1968 5
213 20
94 18
4185 5
2775 6
1450 6
2668 4
2863 5
568 11
4334 3
791 10
1129 8
1143 7
1355 7
2848 4
6802 3
916 7
1961 6
386 12
2043 5
1457 8
200 27
1261 12
1352 7
329 15
525 13
4467 3
787 7
2970 4
4476 3
27 33
1621 9
2331 5
161 38
1902 8
1866 5
2001 8
3731 3
4394 4
1310 7
109 26
4464 4
2115 7
4357 3
4234 3
2318 3
6670 3
2651 4
1239 8
4489 3
2764 6
4526 4
769 17
2797 6
1181 6
1556 6
803 8
1809 7
2744 6
2559 7
1766 7
60 39
1245 7
1067 7
1400 7
691 16
2615 5
3982 4
4454 4
1388 10
1676 7
346 23
911 11
427 13
2072 5
82 27
650 14
1154 5
2624 5
895 12
1763 7
4499 3
2965 4
69 37
4299 3
1157 9
1910 8
1470 7
2762 6
224 14
2711 4
2100 4
1982 4
1006 7
426 13
4531 3
996 14
3005 6
1435 9
1840 6
279 25
2069 6
956 8
629 11
498 22
483 14
2055 5
1487 10
372 15
4311 3
4525 3
2951 3
2028 7
1540 8
1330 8
1661 7
1284 12
2064 5
1160 11
99 38
3553 4
869 11
1933 6
790 9
2022 4
6295 3
533 13
2080 4
4446 4
4448 4
1122 11
2997 5
1697 9
1053 12
462 11
414 14
1770 8
4494 4
2735 5
1209 8
6655 3
6629 3
6923 3
263 24
991 13
4536 3
4385 4
2985 4
2348 6
931 9
2246 4
615 10
476 15
6903 3
4505 3
1198 10
1626 7
1409 9
2219 6
4417 3
2141 6
1077 12
1716 5
293 14
1272 6
2854 5
1299 6
1781 10
1663 7
2888 4
967 17
1611 10
322 24
469 20
635 16
1088 7
575 11
1835 7
979 8
709 13
3603 3
40 24
310 21
192 17
6848 3
6866 3
699 17
1115 10
960 11
818 13
4421 4
1038 6
2363 5
4406 4
4320 4
4262 5
4303 4
2908 4
1707 7
2293 7
267 14
543 12
1892 8
1777 9
2044 4
354 15
4483 3
3878 4
4231 4
1437 9
2813 6
1064 8
2724 6
2517 4
757 10
2577 7
4225 4
9 24
2734 4
1217 7
1740 7
603 12
2750 5
2527 5
4165 5
90 22
1850 7
565 12
1346 6
1964 4
850 12
2818 6
1004 7
891 8
2106 6
1360 6
2696 4
1013 6
233 18
1490 11
2198 4
1693 7
316 31
2947 5
4199 5
4480 3
1806 6
1738 9
2288 7
2025 8
1370 10
4251 3
2954 4
11 47
2649 5
842 13
511 13
4288 3
2367 4
899 14
2000 6
199 22
4254 5
1979 5
1899 10
1929 6
1737 5
1948 4
795 11
4402 3
1609 6
794 14
944 9
1780 7
1113 13
2122 6
674 18
4470 4
2280 6
1317 12
957 7
280 6
273 20
471 14
2943 4
6914 3
1503 10
1509 7
4177 5
1936 6
2912 5
1325 12
1643 5
2512 5
131 40
1565 7
502 14
4277 3
1286 11
314 22
1796 6
2998 5
1502 10
2638 4
1872 5
355 16
553 9
2058 6
1252 12
2643 4
2877 4
555 11
1037 11
2935 4
6879 3
2513 5
4270 4
37 46
4164 5
855 7
195 17
2005 6
1706 6
1839 5
2828 4
1788 8
679 12
680 18
831 6
1147 10
2355 5
1241 7
2783 6
1441 8
647 22
334 15
1206 10
4368 3
2292 7
3582 4
1997 7
1027 11
423 13
1680 10
1953 3
2879 3
1139 9
2757 4
1319 9
1826 5
2077 5
1222 12
3473 4
2036 8
1747 8
820 15
174 39
1799 6
422 17
905 9
1552 9
4433 4
41 36
52 27
2887 5
1451 5
302 9
866 7
1453 9
2223 6
593 16
770 15
188 27
402 18
1940 7
4292 4
641 7
1097 8
1641 7
838 14
2962 4
2664 5
616 18
640 10
6640 3
1121 11
870 13
4245 3
1384 8
896 15
1468 6
2068 6
1726 7
2903 4
1464 7
2347 5
1494 8
4428 4
4354 4
4310 4
777 16
2018 7
1906 7
2786 5
464 9
3968 3
2977 4
1672 8
2325 5
1685 10
2011 7
1891 8
6 35
562 11
2768 6
4435 3
1304 5
2327 6
2269 3
1102 11
183 28
1478 7
2541 4
362 26
439 19
6152 3
1379 7
1593 6
2607 5
705 8
1720 5
4381 4
2206 4
4471 3
2496 5
2177 4
407 24
4374 3
18 63
912 9
376 12
785 6
4511 4
1432 10
1930 6
599 7
609 9
1393 6
1167 7
587 11
1235 9
6252 3
6705 3
95 28
298 19
923 13
243 14
3835 4
2051 5
2682 5
148 17
753 13
1343 8
2655 5
726 8
2509 6
2955 3
2703 4
2171 5
2611 4
6659 3
106 15
4425 3
4110 4
4210 4
157 18
964 9
2009 5
65 22
1909 8
935 11
4192 5
203 16
2627 4
4373 3
1213 5
1093 10
81 22
1023 13
2742 4
1300 6
2473 5
1199 9
2084 6
624 15
86 37
2598 4
1158 12
656 11
371 18
204 20
2335 6
6872 3
1041 11
2921 4
1990 8
435 21
814 9
1482 9
2109 7
885 18
1412 9
884 11
1709 7
339 11
228 14
749 9
268 22
829 13
345 19
596 23
1297 8
4408 3
2090 5
1521 8
1862 5
2352 6
613 15
1082 8
1066 8
121 42
952 13
2691 5
4498 3
1071 7
6758 3
494 23
487 24
3333 3
1956 4
2235 5
4331 4
238 21
2778 6
873 13
253 22
448 14
4158 5
2631 4
2278 6
4152 5
63 47
1637 7
179 14
1532 7
1105 9
713 9
1334 7
2096 5
2805 6
1784 7
4233 3
938 9
3882 4
4532 4
1679 9
1830 5
4238 3
4346 4
1620 8
4215 4
2241 5
6845 3
1262 6
1290 9
1527 6
2162 6
4203 3
1132 10
4308 3
2370 4
929 11
1925 6
3847 4
2554 6
2916 3
2574 6
631 11
547 15
1583 6
1616 9
1544 8
1538 9
258 24
396 20
1422 9
482 8
2620 4
949 10
499 15
1047 11
1055 13
6695 3
6479 4
1276 8
141 26
909 12
4315 4
2618 5
2981 5
4228 3
1124 10
4520 4
1230 5
75 29
4266 4
2793 6
2993 5
2588 4
1917 8
1163 6
450 22
4518 3
1702 6
1405 9
1713 5
1060 9
2104 5
4442 4
2894 4
2126 7
2858 5
4450 4
900 13
4221 3
318 15
1729 8
2526 5
6674 3
972 10
473 14
2572 5
3 73
1774 11
248 20
146 24
1351 6
802 11
356 19
2720 4
2063 5
528 11
6922 3
164 26
4325 4
807 10
2678 4
2632 4
1049 15
2898 5
882 12
2812 6
1488 8
1050 9
560 14
2830 4
898 13
798 11
6928 3
3892 3
2725 5
1031 13
4316 3
1273 8
2942 5
451 14
2616 4
454 9
1364 11
1408 9
4224 3
2969 4
634 14
4249 4
2721 5
578 17
2551 3
4384 3
695 18
4418 4
978 7
2144 5
378 25
325 17
6657 3
889 7
1233 7
540 12
1162 6
1615 9
211 21
684 19
2831 4
2073 6
1732 8
861 9
337 9
3706 4
76 36
1924 6
2718 5
982 7
571 18
1214 10
1190 5
2592 4
389 15
1660 5
1171 6
1345 7
2290 7
6649 3
4431 3
1123 12
966 15
4153 5
2314 4
992 10
1954 6
236 20
758 11
706 6
218 27
2843 5
14 52
2345 5
6902 3
2587 5
2973 4
2328 6
2567 6
2999 5
4321 4
2889 4
234 25
594 16
2924 3
1438 10
1903 6
2188 5
2767 6
4302 3
1778 8
1859 5
2339 6
160 28
98 33
2776 6
2901 5
1048 10
1278 8
4443 3
1381 6
1000 11
1061 12
43 26
2582 4
2054 5
6669 3
1728 6
2785 4
288 25
193 30
119 22
1555 7
586 9
2870 5
4337 4
410 9
2859 4
999 16
1180 6
1185 6
430 28
447 11
1446 5
4438 4
1741 8
2118 6
4211 4
1315 7
415 13
1130 6
189 18
4196 5
2597 4
1292 5
1356 6
2330 5
480 13
107 22
438 19
1871 6
1153 13
2385 4
87 25
1022 11
4339 3
4463 3
1832 6
4395 3
2795 6
2704 5
953 9
221 28
4486 3
1424 5
1560 7
417 14
1762 5
784 10
260 26
2061 5
1844 5
1530 6
4388 3
762 9
1144 6
3819 3
2798 6
734 10
2952 3
1723 6
6750 3
2621 4
144 24
1440 12
2524 3
381 21
1471 6
1814 7
906 7
2205 5
1349 9
2966 3
177 17
4330 3
373 21
2078 6
773 6
1247 10
22 40
205 27
2940 5
4345 4
1752 7
1309 7
4508 4
2874 5
2681 4
6918 3
1622 10
1260 11
874 8
4457 3
975 12
1708 5
493 16
2220 5
1911 8
1436 10
2856 5
1677 7
2199 4
2174 6
1320 12
1026 11
6352 4
3002 5
4493 4
1390 8
4173 5
1993 9
1893 8
1469 8
1646 5
1499 7
3010 4
746 7
400 16
919 10
534 15
4286 3
744 18
1268 10
633 12
1372 11
1977 6
151 17
2023 3
4387 3
1825 5
1669 8
1952 6
1285 10
287 21
475 12
2595 5
932 7
1959 6
1549 9
1525 6
515 22
2545 4
1242 5
2761 6
138 29
2996 6
1107 11
1874 6
1803 7
3542 4
1201 11
724 17
519 11
1195 6
17 46
1327 10
1274 7
2667 5
110 30
333 19
1995 8
2356 5
2658 5
4427 4
646 13
2780 5
446 18
2229 5
1220 11
1582 7
2842 3
3013 4
2306 8
1149 11
2900 5
2652 5
2337 6
4263 4
2603 5
2283 7
2243 6
2695 4
1288 11
1087 8
810 9
1238 8
33 44
4166 5
4351 4
1559 8
2866 5
1793 6
7 77
1701 6
227 17
4256 5
1860 6
2013 6
1937 5
255 20
264 17
806 9
4477 4
4274 4
1885 7
182 19
2905 4
1817 7
2707 5
556 13
717 23
2817 6
815 10
671 19
1511 7
5538 4
167 20
692 8
1605 6
663 9
4301 3
1907 9
854 12
1945 6
969 9
4326 4
1174 8
4295 4
1946 6
510 11
393 16
2276 6
4207 3
1501 9
658 13
274 20
4392 3
549 19
877 13
1508 7
1771 9
1128 8
2891 3
946 13
1724 5
1520 5
250 28
2148 6
303 16
1361 7
614 19
2963 5
1765 6
3864 4
6737 3
2959 3
130 20
53 47
1373 8
2925 4
1465 8
1302 5
2990 5
2239 5
1397 8
4517 3
941 11
583 10
4255 3
1879 5
1824 5
2917 3
1869 5
2342 5
3516 4
2304 8
832 9
2135 4
2341 6
2804 6
828 17
276 22
1920 8
102 14
1831 7
3827 4
2992 3
2639 5
1218 9
4227 3
1404 9
4409 3
1543 10
259 17
424 17
1625 8
163 30
1106 6
1402 8
1836 5
1531 6
2986 4
2731 5
2929 5
1841 5
347 24
2738 5
1333 10
4307 3
2586 5
434 17
1184 6
865 7
6651 3
2770 6
4216 4
442 16
4492 3
2851 4
3129 4
689 17
886 7
1116 15
2835 4
1329 9
4413 4
2869 4
1725 6
4186 5
2379 7
727 7
4220 3
5827 3
320 11
939 9
2619 4
811 7
1670 8
2010 6
249 18
2834 4
465 8
1612 8
819 11
1189 6
1177 8
1127 10
4237 3
1537 7
894 9
4415 4
1748 9
858 7
1298 5
2127 9
140 32
1900 9
954 8
385 11
1359 6
1479 4
4524 3
2578 6
801 9
985 12
971 14
754 22
847 12
479 23
1166 6
1563 6
2166 6
1003 13
1378 6
4355 4
1054 9
1800 7
2101 5
619 12
1717 7
4349 3
2557 7
698 12
1634 7
621 15
524 17
2176 5
1848 6
2714 4
2310 6
4380 3
598 20
2486 4
3395 4
2322 5
780 13
2438 5
2317 6
3246 4
240 15
4179 5
1433 11
1666 5
2209 6
230 14
115 26
377 19
2374 7
2050 5
922 13
602 13
2319 6
1311 7
2628 4
2741 4
1072 11
1787 7
1394 6
612 10
2772 6
936 7
1391 7
1277 6
1086 13
4510 3
2794 6
701 11
214 25
564 22
2708 4
2562 5
1650 6
2789 7
2074 4
731 12
1967 5
2850 5
2779 6
657 17
1865 6
2139 7
4281 4
1783 7
768 15
1928 6
1092 12
503 8
1756 5
2255 5
4181 5
1636 8
1483 9
338 9
576 8
1996 8
761 8
1775 9
738 8
1415 8
484 15
1243 6
2334 7
1036 14
1078 12
2065 5
1265 10
4150 4
623 19
544 19
4370 3
1512 8
4527 3
2956 3
1196 5
1114 8
2389 6
2564 5
2946 4
2382 5
4497 3
4502 3
328 15
239 30
2635 5
122 27
6682 3
4462 3
628 16
1223 11
269 13
878 10
2277 5
363 12
4264 4
2353 6
4271 4
733 16
997 8
630 14
1449 7
608 12
4538 4
2873 5
1649 4
1234 8
4062 4
6757 3
2878 4
1314 6
4535 3
2748 4
1798 5
1474 5
125 24
522 16
1632 7
1423 6
44 35
1687 5
667 16
1188 9
2008 6
2862 5
714 8
1564 7
1280 10
313 22
4364 3
6935 3
2017 6
2663 5
4322 4
2661 4
2884 4
1324 9
397 14
1096 6
2934 3
1657 5
3009 5
4432 3
6794 3
4202 3
1191 5
2717 5
459 15
823 12
3715 4
1495 6
1753 6
771 10
401 15
2688 5
186 18
4367 4
1797 5
1119 13
1914 9
6696 3
1705 7
1919 6
2756 5
1938 6
6940 3
3000 5
4244 3
915 7
2978 4
1986 7
1456 7
2606 4
404 12
516 10
1813 5
2004 7
2060 6
1551 11
702 8
4383 3
2297 7
2163 5
2904 5
2346 6
561 21
2195 5
2112 7
2221 5
357 20
2982 6
1307 5
1812 5
1941 6
1769 8
2826 4
455 10
1875 5
6648 3
1673 10
4472 4
297 31
963 8
6707 3
2612 5
2031 10
1889 8
2692 5
2646 5
10 42
980 10
550 12
2083 5
2097 5
2697 4
1651 6
1081 11
1736 10
958 9
592 17
4420 4
2542 4
2123 8
2364 6
1640 5
173 22
530 13
66 49
2709 5
2675 5
470 15
2026 8
1524 7
6652 3
793 7
2360 4
1287 10
1205 15
1696 8
2261 4
156 30
283 21
3993 4
4178 5
59 26
4278 4
2091 4
1971 4
4161 5
2358 4
1226 10
1949 6
1256 16
1744 9
2247 6
1853 6
864 7
2913 4
219 25
1016 10
2480 5
2300 7
1170 9
799 13
925 11
3382 4
1896 7
390 14
2895 5
1686 5
1515 6
2368 4
1042 8
38 36
1955 4
196 19
945 12
2784 5
206 37
118 14
1674 7
959 11
1065 9
331 15
358 22
1659 7
2746 5
737 8
4338 3
767 12
6638 3
2070 5
4396 3
1020 8
84 29
805 12
2173 6
437 21
194 27
2749 4
1768 7
220 32
4336 4
1312 6
6882 3
4473 4
2365 6
1021 13
6781 3
1263 7
4212 3
934 14
1989 7
4170 5
948 8
2160 5
572 23
1398 7
6639 3
226 22
4296 3
4159 5
1430 6
527 28
1145 9
1870 4
2549 3
1448 5
62 27
833 14
4513 3
1472 7
2743 5
2020 4
548 20
4485 3
3770 4
2575 6
1110 10
2622 4
1999 7
2799 6
1772 9
418 18
3632 6
4466 4
933 5
4174 5
783 13
1357 7
5601 3
2333 6
348 16
1152 10
6735 3
49 47
789 10
2046 5
2052 6
4496 3
2967 3
2868 4
1090 11
627 12
993 13
1308 7
2117 8
4398 3
1934 6
715 12
2201 5
2503 4
4232 3
23 44
4458 3
388 21
364 17
1425 6
950 18
4568 4
2680 4
2957 5
1845 5
1678 9
1025 14
4190 5
1992 8
4375 4
1842 5
1466 8
485 23
4248 4
2340 5
4534 3
778 13
2143 5
720 10
1270 7
4430 4
460 14
1645 5
1389 6
324 21
244 27
637 15
2066 5
4168 5
4223 5
2811 6
2679 4
752 13
1232 10
2899 4
2941 3
379 15
1386 8
1536 6
1639 8
1035 11
2617 5
4187 5
452 15
295 12
579 16
1894 8
535 19
1618 9
77 32
683 18
2260 5
541 12
1215 6
6873 3
4378 3
2995 6
4317 3
1712 6
2344 6
5624 3
765 14
897 13
312 22
1628 7
4452 3
237 9
1002 14
2584 5
370 19
2722 5
2371 8
2923 3
2610 4
567 8
416 25
2950 4
4154 5
100 32
380 15
4407 4
914 9
965 10
300 21
1279 8
1439 10
2079 5
2974 5
4419 4
286 17
1395 7
1075 10
800 14
2232 6
4469 3
6308 3
1365 11
1407 7
496 20
2829 4
6246 3
605 15
2987 4
1779 10
1568 6
2581 4
607 14
1807 6
2902 4
1699 8
42 47
759 10
1228 10
1073 10
235 9
2291 7
1931 6
2591 4
2187 6
694 20
816 13
1103 13
4260 4
4444 4
4268 4
2244 6
296 22
265 18
1062 8
3169 4
171 12
1700 6
6723 3
2609 4
4240 3
4206 4
445 18
4327 4
2131 8
1339 6
2687 4
2012 7
6745 3
4002 4
2338 5
3866 4
582 21
1884 7
2120 6
4167 5
1858 5
557 16
718 11
1507 7
3621 4
441 14
868 11
672 15
1140 8
275 25
983 8
4257 5
2035 8
197 25
4482 3
5858 3
4459 4
1731 8
853 8
751 15
1500 5
1746 6
4275 4
4393 3
4300 4
1980 6
2136 5
4175 5
2685 4
5024 3
1295 13
2832 5
1111 7
677 10
907 7
2238 5
1868 7
1210 12
590 22
6925 3
664 12
1878 6
1790 8
2388 6
4363 4
2938 4
2264 5
2964 4
1690 8
4516 3
79 22
617 16
1420 7
352 18
2918 5
126 16
1034 14
251 30
2803 6
2875 5
369 19
1533 6
1548 10
651 7
176 23
947 10
256 20
1823 7
2267 5
2810 6
6704 3
920 11
428 21
2305 8
887 7
4344 4
72 39
500 13
1221 11
1496 9
1200 12
1757 5
4193 5
918 15
1682 8
2781 6
1413 9
4386 4
2107 5
1275 9
1108 6
1598 6
2282 7
1856 6
843 13
2760 6
1491 11
2529 3
1362 6
4155 5
1804 5
632 14
2357 5
1371 9
394 20
610 7
514 15
2659 4
725 12
513 17
50 35
2645 4
4290 4
1519 6
1994 8
2633 4
3857 4
797 15
2197 6
1136 7
1175 7
4183 5
4318 4
1236 9
1683 7
645 15
1326 14
2566 7
4400 4
6406 3
1382 6
1176 6
1452 11
1815 5
2881 5
1039 11
2384 6
2637 5
1005 7
28 44
4280 4
2089 6
589 11
1337 7
2087 6
215 19
4410 3
2098 4
150 28
2298 7
2336 5
245 23
2604 5
4424 4
2546 4
826 15
1344 6
6946 3
2666 4
332 21
2329 5
1099 8
4437 3
1965 6
745 11
2980 4
34 34
2653 4
2656 4
2548 5
2082 4
2613 5
1410 7
620 10
2693 5
1434 6
4194 5
4449 4
2713 4
2625 4
4182 5
4090 4
1547 12
937 8
1045 8
1619 9
16 48
730 12
4265 4
921 12
2880 5
1069 7
2311 7
1224 10
368 13
2556 7
994 14
1786 7
611 10
1849 7
849 9
2320 6
492 11
2740 4
208 31
2788 6
2440 5
2140 7
1523 6
2271 6
93 30
2773 6
292 19
2445 4
291 30
374 13
2790 6
114 33
1939 6
1306 6
429 20
1328 11
409 21
73 26
1091 14
5784 3
67 29
1958 4
812 7
1962 6
241 23
489 17
2561 5
585 19
6007 3
327 24
1392 9
1970 6
4125 4
1080 14
1281 10
2819 4
732 17
1864 7
3675 4
6906 3
1603 7
1881 4
622 10
970 8
4403 4
2381 5
2771 6
2375 6
24 44
1416 10
2256 4
2759 4
2049 5
1658 6
104 31
4241 3
2057 6
1558 9
1635 7
1237 8
4371 3
2361 6
1513 7
1264 9
4468 3
747 10
159 11
2563 6
1633 7
4333 3
47 35
1427 5
1942 5
4217 3
1484 7
1017 6
4461 3
270 12
6683 3
2042 5
6791 3
1057 10
538 14
2840 5
4226 3
2007 5
521 15
1332 6
1923 6
162 20
433 18
880 12
1399 5
1912 8
786 13
986 9
1117 14
740 12
1008 7
4530 4
103 27
201 15
6742 3
871 11
4297 3
719 12
1529 6
4305 3
902 15
4289 4
827 16
266 25
2039 6
4528 4
1353 7
1742 5
2585 5
4404 3
1624 8
4440 3
2892 3
6773 3
1695 9
1219 11
97 21
2983 4
2378 7
1704 5
6665 3
668 10
1749 6
750 11
688 11
774 21
1126 10
4306 3
6738 3
910 12
2128 7
1341 6
2701 4
693 10
4123 4
2684 5
1534 8
2570 5
893 11
6697 3
1915 7
2309 7
3729 4
4523 3
4348 3
2737 5
83 26
804 9
4414 3
4503 3
1385 9
2558 7
2672 4
4156 5
1818 5
962 10
2094 7
755 9
1085 11
1837 5
1714 4
143 12
1403 8
2323 5
2822 4
1051 10
2268 6
1497 9
518 8
497 17
4236 3
2914 5
2906 5
1211 12
2852 3
2732 4
2155 6
411 20
169 33
2991 4
1711 6
1542 8
2102 4
2836 5
478 16
6370 3
398 21
384 17
836 9
2016 6
942 6
1735 7
955 6
1376 11
1888 8
2286 6
6634 3
2369 3
1595 7
190 22
2816 6
1750 6
1808 7
2802 6
1739 9
822 16
601 10
231 27
1610 7
779 11
551 11
504 8
343 24
3910 3
981 9
697 10
3753 4
2823 5
3001 5
857 10
1010 7
707 16
1966 4
1665 6
261 16
4279 4
1782 7
3873 4
2698 5
2252 6
321 25
792 8
2896 4
1079 13
1248 10
1590 8
1652 7
4205 3
1516 7
2053 5
924 13
2933 5
2301 7
4162 5
760 7
863 8
2027 8
531 18
1745 6
172 28
2594 4
2111 7
1366 11
223 24
2124 7
721 9
1897 7
1043 7
1255 10
2660 4
669 13
282 12
420 20
6916 3
1852 6
639 7
989 12
6668 3
1505 7
1348 6
2372 7
2945 4
1137 8
577 15
2809 6
1227 9
1417 6
216 13
852 9
643 16
4341 3
1951 6
2766 6
1120 10
1475 6
2928 5
1794 5
1187 5
2193 6
2636 4
2968 3
2092 6
676 7
1251 12
277 13
1192 7
879 12
3899 4
2640 4
1095 7
2700 5
1183 6
2975 4
1444 9
2747 4
1883 9
4312 3
1846 5
2671 5
133 28
123 19
304 12
2600 4
2515 5
1631 4
1828 5
2605 5
2294 6
56 32
1369 12
3006 6
1151 11
54 30
4282 4
306 16
1204 11
70 37
839 22
166 26
88 31
1009 6
30 33
4352 4
6728 3
403 17
466 19
134 45
618 19
848 9
1829 6
1904 10
1761 6
1629 8
2755 4
1918 6
1323 12
4197 5
1455 6
6856 3
4487 4
2662 5
1492 9
2729 5
703 9
4366 4
1134 7
4382 3
6626 4
4455 3
1100 8
2885 4
2861 5
1377 13
2488 3
1461 6
185 22
1719 5
2716 4
4 61
1985 7
2669 5
1691 6
2003 7
