65 3.12277312231268 0.212244897959184 31 9.76 6.80164685940104 R5
72 3.01948618386111 0.115702479338843 31 9.125 7.24461006542105 R5
64 2.72480483769183 0.659279778393352 10 3.42857142857143 2.41170614516202 R6
46 2.64481249100627 0.402777777777778 9 3.09090909090909 2.23421922317173 R6
80 2.53961895360903 0.165289256198347 10 3.8 2.44131112314674 R5
53 2.46735156738365 0.068877551020408 27 9.125 7.24461006542105 R2
205 2.44948974278318 0.21875 7 4 1.22474487139159 R2
233 2.38765703890574 0.0713305898491086 26 9.76 6.80164685940104 R2
8 2.37854126799093 0.435555555555556 11 4.6 2.69072480941474 R2
14 2.22692246687427 0.152777777777778 11 4.25 3.03108891324554 R2
49 1.95859633029939 0.260355029585799 11 4.85714285714286 3.13635691430002 R2
55 1.89143494004002 0.3203125 13 5.6 3.91237353363232 R2
22 1.87082869338697 0.32 4 2 1.0690449676497 R2
116 1.78885438199983 0.48 7 3 2.23606797749979 R2
195 1.76776695296637 0.277777777777778 5 3.33333333333333 0.942809041582063 R2
76 1.73925271309261 0.277777777777778 5 3.42857142857143 0.903507902905251 R2
33 1.69774937525433 0.448979591836735 5 2.66666666666667 1.37436854187255 R2
74 1.6273613872603 0.728888888888889 7 3.42857142857143 2.1946130708196 R3
236 1.61795811489002 0.578512396694215 9 4.28571428571429 2.91372543633873 R2
99 1.58113883008419 0.277777777777778 5 2.5 1.58113883008419 R2
62 1.57841037450494 0.53125 5 3.11111111111111 1.19670329047434 R2
149 1.54348726628258 0.448979591836735 5 3.2 1.16619037896906 R2
25 1.4142135623731 0.444444444444444 2 1.33333333333333 0.471404520791032 R2
150 1.41421356237309 0.625 2 1.33333333333333 0.471404520791032 R3
54 1.38023630759677 0.152777777777778 11 5.6 3.91237353363232 R2
51 1.36308233442873 0.428994082840237 19 9.125 7.24461006542105 R2
126 1.30558241966773 0.355029585798816 10 5.71428571428571 3.28260722659316 R2
103 1.27994921262284 0.3648 19 10.6666666666667 6.51067499487487 R2
21 1.25496289989346 0.244897959183674 12 7.14285714285714 3.8703477668983 R2
98 1.22620463933689 0.332409972299169 15 10.4444444444444 3.71516744384455 R2
27 1.22504868030936 0.416666666666667 18 9.125 7.24461006542105 R2
134 1.22474487139159 0.571428571428571 4 2.8 0.979795897113272 R2
238 1.17170019882741 0.375 6 3.42857142857143 2.1946130708196 R2
60 1.1263553071081 0.413194444444444 18 10.6666666666667 6.51067499487487 R2
66 1.12463699137515 0.378698224852071 10 5.6 3.91237353363232 R2
326 1.06444808877325 0.104938271604938 17 9.76 6.80164685940104 R2
59 1.06444808877325 0.73241288625904 17 9.76 6.80164685940104 R3
20 0.996588185209509 0.512110726643599 11 7.14285714285714 3.8703477668983 R2
408 0.948981372070635 0.110726643598616 16 9.125 7.24461006542105 R2
73 0.948683298050514 0.777777777777778 4 2.5 1.58113883008419 R3
101 0.948683298050514 0.32 4 2.5 1.58113883008419 R2
42 0.917662935482248 0.244897959183674 6 4.4 1.74355957741627 R2
83 0.901155112570945 0.40625 6 3.8 2.44131112314674 R2
115 0.894427190999916 0.68 5 3 2.23606797749979 R3
35 0.869037675153521 0.402777777777778 9 5.6 3.91237353363232 R2
63 0.742781352708207 0.32 4 3.11111111111111 1.19670329047434 R2
133 0.707106781186548 0.375 3 2.66666666666667 0.471404520791032 R2
374 0.651583765535002 0.448979591836735 5 3.42857142857143 2.41170614516202 R2
341 0.651583765535002 0.448979591836735 5 3.42857142857143 2.41170614516202 R2
373 0.651583765535002 0.68 5 3.42857142857143 2.41170614516202 R3
231 0.651583765535002 0.46875 5 3.42857142857143 2.41170614516202 R2
224 0.632455532033676 0.65625 4 3.42857142857143 0.903507902905251 R3
318 0.632455532033676 0.32 4 3.42857142857143 0.903507902905251 R2
18 0.577350269189626 0.375 6 4.25 3.03108891324554 R2
380 0.520305902373016 0.375 6 4.6 2.69072480941474 R2
68 0.40689422938558 0.612244897959184 4 3.09090909090909 2.23421922317173 R2
95 0.357839042710273 0.37037037037037 7 5.6 3.91237353363232 R2
333 0.357839042710273 0.21875 7 5.6 3.91237353363232 R2
69 0.357839042710273 0.46 7 5.6 3.91237353363232 R2
332 0.357839042710273 0.21875 7 5.6 3.91237353363232 R2
41 0.344123600805843 0.277777777777778 5 4.4 1.74355957741627 R2
100 0.316227766016838 0.375 3 2.5 1.58113883008419 R2
113 0.260377821961648 0.625 4 3.42857142857143 2.1946130708196 R3
15 0.247435829652697 0.277777777777778 5 4.25 3.03108891324554 R2
118 0.189511747871654 0.244897959183674 6 5.38461538461539 3.24721091064699 R2
232 0.182308788684921 0.152777777777778 11 9.76 6.80164685940104 R2
316 0.120779447354444 0.277777777777778 10 9.125 7.24461006542105 R2
81 0.081923192051904 0.32 4 3.8 2.44131112314674 R2
48 0.0455487518674278 0.408163265306122 5 4.85714285714286 3.13635691430002 R2
307 0.0352855720035329 0.165289256198347 10 9.76 6.80164685940104 R2
306 0.0352855720035329 0.165289256198347 10 9.76 6.80164685940104 R2
405 0 0.277777777777778 5 5 5.96046447753906e-08 R2
402 0 0.277777777777778 5 5 5.96046447753906e-08 R2
407 0 0.277777777777778 5 5 5.96046447753906e-08 R2
404 0 0.277777777777778 5 5 5.96046447753906e-08 R2
406 0 0.277777777777778 5 5 5.96046447753906e-08 R2
403 0 0.277777777777778 5 5 5.96046447753906e-08 R2
254 -0.0172542067649206 0.314049586776859 9 9.125 7.24461006542105 R2
203 -0.0172542067649206 0.375 9 9.125 7.24461006542105 R2
249 -0.0928476690885255 0.611111111111111 3 3.11111111111111 1.19670329047434 R2
61 -0.0928476690885255 0.375 3 3.11111111111111 1.19670329047434 R2
317 -0.171498585142509 0.375 3 3.2 1.16619037896906 R2
109 -0.22298824387415 0.444444444444444 4 4.6 2.69072480941474 R2
378 -0.258760861359243 0.197530864197531 8 9.76 6.80164685940104 R2
379 -0.258760861359243 0.197530864197531 8 9.76 6.80164685940104 R2
199 -0.488273075262696 0.444444444444444 2 3.09090909090909 2.23421922317173 R2
198 -0.488273075262696 0.444444444444444 2 3.09090909090909 2.23421922317173 R2
308 -0.488273075262696 0.5 2 3.09090909090909 2.23421922317173 R2
70 -0.650944554904119 0.48 2 3.42857142857143 2.1946130708196 R2
447 -0.699830511403407 0.448979591836735 5 9.76 6.80164685940104 R2
151 -0.707106781186547 0.5 1 1.33333333333333 0.471404520791032 R2
71 -0.707422477361746 0.65625 4 9.125 7.24461006542105 R3
119 -0.734358023002658 0.375 3 5.38461538461539 3.24721091064699 R2
312 -0.737308728467137 0.444444444444444 2 3.8 2.44131112314674 R2
491 -0.737308728467137 0.444444444444444 2 3.8 2.44131112314674 R2
276 -0.784464540552737 0.625 2 4.28571428571429 2.91372543633873 R3
206 -0.816496580927726 0.375 3 4 1.22474487139159 R2
204 -0.816496580927726 0.375 3 4 1.22474487139159 R2
207 -0.816496580927726 0.375 3 4 1.22474487139159 R2
376 -0.894427190999916 0.5 1 3 2.23606797749979 R2
358 -0.935414346693485 0.5 1 2 1.0690449676497 R2
289 -0.935856727586833 0.5 1 3.09090909090909 2.23421922317173 R2
346 -0.948683298050514 0.5 1 2.5 1.58113883008419 R2
114 -1.07222192849502 0.5 1 4.25 3.03108891324554 R2
377 -1.14090016144757 0.444444444444444 2 9.76 6.80164685940104 R2
311 -1.21267812518167 0.5 1 2.66666666666667 1.37436854187255 R2
107 -1.21267812518167 0.5 1 2.66666666666667 1.37436854187255 R2
478 -1.4847410866425 0.5 1 10.6666666666667 6.51067499487487 R2
463 -1.83711730708738 0.5 1 2.8 0.979795897113272 R2
