65 3.12277312231268 0.212244897959184 31 9.76 6.80164685940104 R5
72 3.01948618386111 0.115702479338843 31 9.125 7.24461006542105 R5
64 2.72480483769183 0.659279778393352 10 3.42857142857143 2.41170614516202 R6
121 2.65316447020315 0 14 5.38461538461539 3.24721091064699 R5
46 2.64481249100627 0.402777777777778 9 3.09090909090909 2.23421922317173 R6
80 2.53961895360903 0.165289256198347 10 3.8 2.44131112314674 R5
53 2.46735156738365 0.068877551020408 27 9.125 7.24461006542105 R2
205 2.44948974278318 0.21875 7 4 1.22474487139159 R2
233 2.38765703890574 0.0713305898491086 26 9.76 6.80164685940104 R2
8 2.37854126799093 0.435555555555556 11 4.6 2.69072480941474 R2
14 2.22692246687427 0.152777777777778 11 4.25 3.03108891324554 R2
130 2.18187153157139 0 16 7.33333333333333 3.97212509593766 R1
172 2.03701381619181 0 9 4.25 2.3318447632722 R1
49 1.95859633029939 0.260355029585799 11 4.85714285714286 3.13635691430002 R2
55 1.89143494004002 0.3203125 13 5.6 3.91237353363232 R2
22 1.87082869338697 0.32 4 2 1.0690449676497 R2
116 1.78885438199983 0.48 7 3 2.23606797749979 R2
195 1.76776695296637 0.277777777777778 5 3.33333333333333 0.942809041582063 R2
76 1.73925271309261 0.277777777777778 5 3.42857142857143 0.903507902905251 R2
33 1.69774937525433 0.448979591836735 5 2.66666666666667 1.37436854187255 R2
74 1.6273613872603 0.728888888888889 7 3.42857142857143 2.1946130708196 R3
236 1.61795811489002 0.578512396694215 9 4.28571428571429 2.91372543633873 R2
99 1.58113883008419 0.277777777777778 5 2.5 1.58113883008419 R2
62 1.57841037450494 0.53125 5 3.11111111111111 1.19670329047434 R2
248 1.57841037450494 0 5 3.11111111111111 1.19670329047434 R1
149 1.54348726628258 0.448979591836735 5 3.2 1.16619037896906 R2
415 1.5011159885481 0 20 9.125 7.24461006542105 R1
25 1.4142135623731 0.444444444444444 2 1.33333333333333 0.471404520791032 R2
310 1.41421356237309 0 2 1.33333333333333 0.471404520791032 R1
150 1.41421356237309 0.625 2 1.33333333333333 0.471404520791032 R3
361 1.41421356237309 0 10 6.66666666666667 2.35702260395516 R1
359 1.41421356237309 0 10 6.66666666666667 2.35702260395516 R1
360 1.41421356237309 0 10 6.66666666666667 2.35702260395516 R1
54 1.38023630759677 0.152777777777778 11 5.6 3.91237353363232 R2
51 1.36308233442873 0.428994082840237 19 9.125 7.24461006542105 R2
243 1.31558702896054 0 7 4 2.28035085019828 R1
126 1.30558241966773 0.355029585798816 10 5.71428571428571 3.28260722659316 R2
103 1.27994921262284 0.3648 19 10.6666666666667 6.51067499487487 R2
237 1.2747548783982 0 8 4.28571428571429 2.91372543633873 R1
21 1.25496289989346 0.244897959183674 12 7.14285714285714 3.8703477668983 R2
98 1.22620463933689 0.332409972299169 15 10.4444444444444 3.71516744384455 R2
266 1.22620463933689 0 15 10.4444444444444 3.71516744384455 R1
27 1.22504868030936 0.416666666666667 18 9.125 7.24461006542105 R2
163 1.22474487139159 0 3 2 0.816496580927726 R1
134 1.22474487139159 0.571428571428571 4 2.8 0.979795897113272 R2
173 1.17932378832157 0 7 4.25 2.3318447632722 R1
238 1.17170019882741 0.375 6 3.42857142857143 2.1946130708196 R2
87 1.12815214963553 0 10 8 1.77281052085584 R1
86 1.12815214963553 0 10 8 1.77281052085584 R1
60 1.1263553071081 0.413194444444444 18 10.6666666666667 6.51067499487487 R2
66 1.12463699137515 0.378698224852071 10 5.6 3.91237353363232 R2
185 1.09830016743475 0 34 20.6363636363636 12.1675628938937 R1
277 1.0690449676497 0 4 2.66666666666667 1.24721912892465 R1
326 1.06444808877325 0.104938271604938 17 9.76 6.80164685940104 R2
59 1.06444808877325 0.73241288625904 17 9.76 6.80164685940104 R3
125 1.00094652174526 0 9 5.71428571428571 3.28260722659316 R1
128 1.00094652174526 0 9 5.71428571428571 3.28260722659316 R1
280 1 0 4 3.5 0.5 R1
281 1 0 4 3.5 0.5 R1
384 1 0 4 3.5 0.5 R1
383 1 0 4 3.5 0.5 R1
20 0.996588185209509 0.512110726643599 11 7.14285714285714 3.8703477668983 R2
261 0.957037767287328 0 14 10.4444444444444 3.71516744384455 R1
352 0.953462589245591 0 6 4.57142857142857 1.49829835452879 R1
408 0.948981372070635 0.110726643598616 16 9.125 7.24461006542105 R2
73 0.948683298050514 0.777777777777778 4 2.5 1.58113883008419 R3
101 0.948683298050514 0.32 4 2.5 1.58113883008419 R2
89 0.935414346693485 0 3 2 1.0690449676497 R1
301 0.933928713805062 0 32 20.6363636363636 12.1675628938937 R1
42 0.917662935482248 0.244897959183674 6 4.4 1.74355957741627 R2
83 0.901155112570945 0.40625 6 3.8 2.44131112314674 R2
115 0.894427190999916 0.68 5 3 2.23606797749979 R3
381 0.8919529754966 0 7 4.6 2.69072480941474 R1
242 0.877058019307029 0 6 4 2.28035085019828 R1
35 0.869037675153521 0.402777777777778 9 5.6 3.91237353363232 R2
110 0.854477881709717 0 5 3.09090909090909 2.23421922317173 R1
221 0.805424928454528 0 8 5.38461538461539 3.24721091064699 R1
223 0.805424928454528 0 8 5.38461538461539 3.24721091064699 R1
295 0.769557260175371 0 30 20.6363636363636 12.1675628938937 R1
63 0.742781352708207 0.32 4 3.11111111111111 1.19670329047434 R2
19 0.738213470525562 0 10 7.14285714285714 3.8703477668983 R1
197 0.707106781186548 0 4 3.33333333333333 0.942809041582063 R1
131 0.707106781186548 0 3 2.66666666666667 0.471404520791032 R1
468 0.707106781186548 0 3 2.66666666666667 0.471404520791032 R1
133 0.707106781186548 0.375 3 2.66666666666667 0.471404520791032 R2
466 0.707106781186548 0 3 2.66666666666667 0.471404520791032 R1
274 0.687371533360526 0 29 20.6363636363636 12.1675628938937 R1
38 0.685994340570035 0 4 3.2 1.16619037896906 R1
228 0.683231278011415 0 7 4.85714285714286 3.13635691430002 R1
129 0.671345086637351 0 10 7.33333333333333 3.97212509593766 R1
374 0.651583765535002 0.448979591836735 5 3.42857142857143 2.41170614516202 R2
341 0.651583765535002 0.448979591836735 5 3.42857142857143 2.41170614516202 R2
373 0.651583765535002 0.68 5 3.42857142857143 2.41170614516202 R3
231 0.651583765535002 0.46875 5 3.42857142857143 2.41170614516202 R2
224 0.632455532033676 0.65625 4 3.42857142857143 0.903507902905251 R3
318 0.632455532033676 0.32 4 3.42857142857143 0.903507902905251 R2
292 0.60518580654568 0 28 20.6363636363636 12.1675628938937 R1
291 0.60518580654568 0 28 20.6363636363636 12.1675628938937 R1
299 0.60518580654568 0 28 20.6363636363636 12.1675628938937 R1
302 0.60518580654568 0 28 20.6363636363636 12.1675628938937 R1
300 0.60518580654568 0 28 20.6363636363636 12.1675628938937 R1
296 0.60518580654568 0 28 20.6363636363636 12.1675628938937 R1
298 0.60518580654568 0 28 20.6363636363636 12.1675628938937 R1
294 0.60518580654568 0 28 20.6363636363636 12.1675628938937 R1
297 0.60518580654568 0 28 20.6363636363636 12.1675628938937 R1
290 0.60518580654568 0 28 20.6363636363636 12.1675628938937 R1
293 0.60518580654568 0 28 20.6363636363636 12.1675628938937 R1
18 0.577350269189626 0.375 6 4.25 3.03108891324554 R2
84 0.564076074817765 0 9 8 1.77281052085584 R1
85 0.564076074817765 0 9 8 1.77281052085584 R1
44 0.53488040971254 0 13 9.125 7.24461006542105 R1
380 0.520305902373016 0.375 6 4.6 2.69072480941474 R2
154 0.511979685049138 0 14 10.6666666666667 6.51067499487487 R1
159 0.511979685049138 0 14 10.6666666666667 6.51067499487487 R1
158 0.511979685049138 0 14 10.6666666666667 6.51067499487487 R1
157 0.511979685049138 0 14 10.6666666666667 6.51067499487487 R1
156 0.511979685049138 0 14 10.6666666666667 6.51067499487487 R1
155 0.511979685049138 0 14 10.6666666666667 6.51067499487487 R1
145 0.5 0 7 6.4 1.2 R1
144 0.5 0 7 6.4 1.2 R1
147 0.5 0 7 6.4 1.2 R1
146 0.5 0 7 6.4 1.2 R1
337 0.497468338163091 0 7 5.38461538461539 3.24721091064699 R1
140 0.419590679148344 0 9 7.33333333333333 3.97212509593766 R1
262 0.418704023188206 0 12 10.4444444444444 3.71516744384455 R1
264 0.418704023188206 0 12 10.4444444444444 3.71516744384455 R1
47 0.40689422938558 0 4 3.09090909090909 2.23421922317173 R1
68 0.40689422938558 0.612244897959184 4 3.09090909090909 2.23421922317173 R2
124 0.396846755593175 0 12 9.125 7.24461006542105 R1
52 0.396846755593175 0 12 9.125 7.24461006542105 R1
95 0.357839042710273 0.37037037037037 7 5.6 3.91237353363232 R2
333 0.357839042710273 0.21875 7 5.6 3.91237353363232 R2
69 0.357839042710273 0.46 7 5.6 3.91237353363232 R2
332 0.357839042710273 0.21875 7 5.6 3.91237353363232 R2
39 0.344123600805843 0 5 4.4 1.74355957741627 R1
41 0.344123600805843 0.277777777777778 5 4.4 1.74355957741627 R2
40 0.344123600805843 0 5 4.4 1.74355957741627 R1
327 0.329332005366309 0 12 9.76 6.80164685940104 R1
100 0.316227766016838 0.375 3 2.5 1.58113883008419 R2
355 0.286038776773678 0 5 4.57142857142857 1.49829835452879 R1
351 0.286038776773678 0 5 4.57142857142857 1.49829835452879 R1
353 0.286038776773678 0 5 4.57142857142857 1.49829835452879 R1
354 0.286038776773678 0 5 4.57142857142857 1.49829835452879 R1
356 0.286038776773678 0 5 4.57142857142857 1.49829835452879 R1
278 0.267261241912425 0 3 2.66666666666667 1.24721912892465 R1
113 0.260377821961648 0.625 4 3.42857142857143 2.1946130708196 R3
15 0.247435829652697 0.277777777777778 5 4.25 3.03108891324554 R2
234 0.24514516892273 0 5 4.28571428571429 2.91372543633873 R1
32 0.242535625036333 0 3 2.66666666666667 1.37436854187255 R1
31 0.242535625036333 0 3 2.66666666666667 1.37436854187255 R1
30 0.242535625036333 0 3 2.66666666666667 1.37436854187255 R1
219 0.236939551103637 0 4 3.42857142857143 2.41170614516202 R1
139 0.221464041157669 0 8 7.14285714285714 3.8703477668983 R1
135 0.204124145231932 0 3 2.8 0.979795897113272 R1
136 0.204124145231932 0 3 2.8 0.979795897113272 R1
137 0.204124145231932 0 3 2.8 0.979795897113272 R1
118 0.189511747871654 0.244897959183674 6 5.38461538461539 3.24721091064699 R2
122 0.189511747871654 0 6 5.38461538461539 3.24721091064699 R1
232 0.182308788684921 0.152777777777778 11 9.76 6.80164685940104 R2
385 0.167836271659338 0 8 7.33333333333333 3.97212509593766 R1
6 0.148658829249433 0 5 4.6 2.69072480941474 R1
316 0.120779447354444 0.277777777777778 10 9.125 7.24461006542105 R2
202 0.120779447354444 0 10 9.125 7.24461006542105 R1
201 0.120779447354444 0 10 9.125 7.24461006542105 R1
81 0.081923192051904 0.32 4 3.8 2.44131112314674 R2
82 0.081923192051904 0 4 3.8 2.44131112314674 R1
79 0.081923192051904 0 4 3.8 2.44131112314674 R1
160 0.0455487518674278 0 5 4.85714285714286 3.13635691430002 R1
48 0.0455487518674278 0.408163265306122 5 4.85714285714286 3.13635691430002 R2
307 0.0352855720035329 0.165289256198347 10 9.76 6.80164685940104 R2
323 0.0352855720035329 0 10 9.76 6.80164685940104 R1
306 0.0352855720035329 0.165289256198347 10 9.76 6.80164685940104 R2
322 0.0352855720035329 0 10 9.76 6.80164685940104 R1
193 1.05367121277235e-08 0 6 6 8.42936970217881e-08 R1
189 1.05367121277235e-08 0 6 6 8.42936970217881e-08 R1
188 1.05367121277235e-08 0 6 6 8.42936970217881e-08 R1
190 1.05367121277235e-08 0 6 6 8.42936970217881e-08 R1
191 1.05367121277235e-08 0 6 6 8.42936970217881e-08 R1
187 1.05367121277235e-08 0 6 6 8.42936970217881e-08 R1
192 1.05367121277235e-08 0 6 6 8.42936970217881e-08 R1
388 2.71947991102104e-16 0 2 2 0.816496580927726 R1
24 2.07703709052761e-16 0 2 2 1.0690449676497 R1
23 2.07703709052761e-16 0 2 2 1.0690449676497 R1
424 0 0 5 5 5.96046447753906e-08 R1
347 0 0 4 4 1.22474487139159 R1
350 0 0 4 4 1.22474487139159 R1
429 0 0 5 5 5.96046447753906e-08 R1
348 0 0 4 4 1.22474487139159 R1
244 0 0 4 4 2.28035085019828 R1
405 0 0.277777777777778 5 5 5.96046447753906e-08 R2
402 0 0.277777777777778 5 5 5.96046447753906e-08 R2
407 0 0.277777777777778 5 5 5.96046447753906e-08 R2
349 0 0 4 4 1.22474487139159 R1
427 0 0 5 5 5.96046447753906e-08 R1
404 0 0.277777777777778 5 5 5.96046447753906e-08 R2
426 0 0 5 5 5.96046447753906e-08 R1
428 0 0 5 5 5.96046447753906e-08 R1
406 0 0.277777777777778 5 5 5.96046447753906e-08 R2
403 0 0.277777777777778 5 5 5.96046447753906e-08 R2
425 0 0 5 5 5.96046447753906e-08 R1
254 -0.0172542067649206 0.314049586776859 9 9.125 7.24461006542105 R2
203 -0.0172542067649206 0.375 9 9.125 7.24461006542105 R2
17 -0.0824786098842323 0 4 4.25 3.03108891324554 R1
249 -0.0928476690885255 0.611111111111111 3 3.11111111111111 1.19670329047434 R2
61 -0.0928476690885255 0.375 3 3.11111111111111 1.19670329047434 R2
174 -0.107211253483779 0 4 4.25 2.3318447632722 R1
256 -0.107211253483779 0 4 4.25 2.3318447632722 R1
325 -0.111737644677855 0 9 9.76 6.80164685940104 R1
324 -0.111737644677855 0 9 9.76 6.80164685940104 R1
328 -0.111737644677855 0 9 9.76 6.80164685940104 R1
329 -0.111737644677855 0 9 9.76 6.80164685940104 R1
439 -0.118444842419784 0 5 5.38461538461539 3.24721091064699 R1
437 -0.155287860884286 0 8 9.125 7.24461006542105 R1
438 -0.155287860884286 0 8 9.125 7.24461006542105 R1
317 -0.171498585142509 0.375 3 3.2 1.16619037896906 R2
96 -0.177704663327728 0 3 3.42857142857143 2.41170614516202 R1
371 -0.177704663327728 0 3 3.42857142857143 2.41170614516202 R1
255 -0.195283366471235 0 3 3.42857142857143 2.1946130708196 R1
109 -0.22298824387415 0.444444444444444 4 4.6 2.69072480941474 R2
108 -0.22298824387415 0 4 4.6 2.69072480941474 R1
378 -0.258760861359243 0.197530864197531 8 9.76 6.80164685940104 R2
379 -0.258760861359243 0.197530864197531 8 9.76 6.80164685940104 R2
455 -0.258760861359243 0 8 9.76 6.80164685940104 R1
50 -0.293321515003651 0 7 9.125 7.24461006542105 R1
479 -0.335672543318675 0 6 7.33333333333333 3.97212509593766 R1
480 -0.335672543318675 0 6 7.33333333333333 3.97212509593766 R1
481 -0.335672543318675 0 6 7.33333333333333 3.97212509593766 R1
194 -0.353553390593274 0 3 3.33333333333333 0.942809041582063 R1
170 -0.353553390593274 0 3 3.33333333333333 0.942809041582063 R1
196 -0.353553390593274 0 3 3.33333333333333 0.942809041582063 R1
180 -0.408958905954599 0 4 5.6 3.91237353363232 R1
16 -0.412393049421161 0 3 4.25 3.03108891324554 R1
13 -0.412393049421161 0 3 4.25 3.03108891324554 R1
235 -0.441261304060915 0 3 4.28571428571429 2.91372543633873 R1
288 -0.447213595499958 0 2 3 2.23606797749979 R1
117 -0.447213595499958 0 2 3 2.23606797749979 R1
77 -0.474341649025257 0 3 3.42857142857143 0.903507902905251 R1
78 -0.474341649025257 0 3 3.42857142857143 0.903507902905251 R1
75 -0.474341649025257 0 3 3.42857142857143 0.903507902905251 R1
199 -0.488273075262696 0.444444444444444 2 3.09090909090909 2.23421922317173 R2
198 -0.488273075262696 0.444444444444444 2 3.09090909090909 2.23421922317173 R2
308 -0.488273075262696 0.5 2 3.09090909090909 2.23421922317173 R2
269 -0.488273075262696 0 2 3.09090909090909 2.23421922317173 R1
268 -0.488273075262696 0 2 3.09090909090909 2.23421922317173 R1
492 -0.522232967867094 0 4 5.71428571428571 3.28260722659316 R1
493 -0.522232967867094 0 4 5.71428571428571 3.28260722659316 R1
175 -0.536056267418897 0 3 4.25 2.3318447632722 R1
176 -0.536056267418897 0 3 4.25 2.3318447632722 R1
473 -0.552807294722019 0 6 9.76 6.80164685940104 R1
416 -0.569388823242381 0 5 9.125 7.24461006542105 R1
200 -0.569388823242381 0 5 9.125 7.24461006542105 R1
487 -0.569388823242381 0 5 9.125 7.24461006542105 R1
372 -0.569388823242381 0 5 9.125 7.24461006542105 R1
414 -0.569388823242381 0 5 9.125 7.24461006542105 R1
229 -0.59213377427656 0 3 4.85714285714286 3.13635691430002 R1
220 -0.592348877759093 0 2 3.42857142857143 2.41170614516202 R1
370 -0.592348877759093 0 2 3.42857142857143 2.41170614516202 R1
382 -0.594635316997734 0 3 4.6 2.69072480941474 R1
70 -0.650944554904119 0.48 2 3.42857142857143 2.1946130708196 R2
423 -0.664558222176223 0 3 5.6 3.91237353363232 R1
451 -0.699830511403407 0 5 9.76 6.80164685940104 R1
454 -0.699830511403407 0 5 9.76 6.80164685940104 R1
447 -0.699830511403407 0.448979591836735 5 9.76 6.80164685940104 R2
450 -0.699830511403407 0 5 9.76 6.80164685940104 R1
443 -0.707106781186547 0 5 6.66666666666667 2.35702260395516 R1
442 -0.707106781186547 0 5 6.66666666666667 2.35702260395516 R1
364 -0.707106781186547 0 5 6.66666666666667 2.35702260395516 R1
363 -0.707106781186547 0 5 6.66666666666667 2.35702260395516 R1
362 -0.707106781186547 0 5 6.66666666666667 2.35702260395516 R1
441 -0.707106781186547 0 5 6.66666666666667 2.35702260395516 R1
309 -0.707106781186547 0 1 1.33333333333333 0.471404520791032 R1
151 -0.707106781186547 0.5 1 1.33333333333333 0.471404520791032 R2
435 -0.707106781186547 0 1 1.33333333333333 0.471404520791032 R1
498 -0.707106781186547 0 1 1.33333333333333 0.471404520791032 R1
395 -0.707106781186548 0 1 1.33333333333333 0.471404520791032 R1
26 -0.707106781186548 0 1 1.33333333333333 0.471404520791032 R1
71 -0.707422477361746 0.65625 4 9.125 7.24461006542105 R3
43 -0.707422477361746 0 4 9.125 7.24461006542105 R1
391 -0.707422477361746 0 4 9.125 7.24461006542105 R1
123 -0.707422477361746 0 4 9.125 7.24461006542105 R1
418 -0.734358023002658 0 3 5.38461538461539 3.24721091064699 R1
119 -0.734358023002658 0.375 3 5.38461538461539 3.24721091064699 R2
417 -0.734358023002658 0 3 5.38461538461539 3.24721091064699 R1
222 -0.734358023002658 0 3 5.38461538461539 3.24721091064699 R1
312 -0.737308728467137 0.444444444444444 2 3.8 2.44131112314674 R2
484 -0.737308728467137 0 2 3.8 2.44131112314674 R1
483 -0.737308728467137 0 2 3.8 2.44131112314674 R1
482 -0.737308728467137 0 2 3.8 2.44131112314674 R1
491 -0.737308728467137 0.444444444444444 2 3.8 2.44131112314674 R2
276 -0.784464540552737 0.625 2 4.28571428571429 2.91372543633873 R3
305 -0.784464540552737 0 2 4.28571428571429 2.91372543633873 R1
320 -0.812034817578119 0 4 7.14285714285714 3.8703477668983 R1
138 -0.812034817578119 0 4 7.14285714285714 3.8703477668983 R1
206 -0.816496580927726 0.375 3 4 1.22474487139159 R2
204 -0.816496580927726 0.375 3 4 1.22474487139159 R2
207 -0.816496580927726 0.375 3 4 1.22474487139159 R2
127 -0.826868865789565 0 3 5.71428571428571 3.28260722659316 R1
389 -0.839181358296689 0 4 7.33333333333333 3.97212509593766 R1
29 -0.845456131481111 0 3 9.125 7.24461006542105 R1
28 -0.845456131481111 0 3 9.125 7.24461006542105 R1
241 -0.877058019307029 0 2 4 2.28035085019828 R1
376 -0.894427190999916 0.5 1 3 2.23606797749979 R2
390 -0.894427190999916 0 1 3 2.23606797749979 R1
409 -0.910975037348554 0 2 4.85714285714286 3.13635691430002 R1
34 -0.920157538397847 0 2 5.6 3.91237353363232 R1
265 -0.9271303370596 0 7 10.4444444444444 3.71516744384455 R1
263 -0.9271303370596 0 7 10.4444444444444 3.71516744384455 R1
267 -0.9271303370596 0 7 10.4444444444444 3.71516744384455 R1
471 -0.928476690885258 0 2 3.11111111111111 1.19670329047434 R1
472 -0.928476690885258 0 2 3.11111111111111 1.19670329047434 R1
247 -0.928476690885258 0 2 3.11111111111111 1.19670329047434 R1
357 -0.928476690885258 0 2 3.11111111111111 1.19670329047434 R1
358 -0.935414346693485 0.5 1 2 1.0690449676497 R2
287 -0.935414346693485 0 1 2 1.0690449676497 R1
88 -0.935414346693485 0 1 2 1.0690449676497 R1
289 -0.935856727586833 0.5 1 3.09090909090909 2.23421922317173 R2
375 -0.935856727586833 0 1 3.09090909090909 2.23421922317173 R1
346 -0.948683298050514 0.5 1 2.5 1.58113883008419 R2
225 -0.948683298050514 0 1 2.5 1.58113883008419 R1
393 -0.948683298050514 0 1 2.5 1.58113883008419 R1
250 -0.948683298050514 0 1 2.5 1.58113883008419 R1
186 -0.964901281354015 0 2 4.25 2.3318447632722 R1
477 -0.964901281354015 0 2 4.25 2.3318447632722 R1
445 -0.966282390121317 0 2 4.6 2.69072480941474 R1
446 -0.966282390121317 0 2 4.6 2.69072480941474 R1
7 -0.966282390121317 0 2 4.6 2.69072480941474 R1
45 -0.983489785600476 0 2 9.125 7.24461006542105 R1
504 -0.983489785600476 0 2 9.125 7.24461006542105 R1
465 -1 0 3 3.5 0.5 R1
464 -1 0 3 3.5 0.5 R1
386 -1 0 3 3.5 0.5 R1
387 -1 0 3 3.5 0.5 R1
340 -1.00699309219046 0 1 3.42857142857143 2.41170614516202 R1
489 -1.00699309219046 0 1 3.42857142857143 2.41170614516202 R1
230 -1.00699309219046 0 1 3.42857142857143 2.41170614516202 R1
97 -1.00699309219046 0 1 3.42857142857143 2.41170614516202 R1
37 -1.02899151085505 0 2 3.2 1.16619037896906 R1
36 -1.02899151085505 0 2 3.2 1.16619037896906 R1
338 -1.0423146132941 0 2 5.38461538461539 3.24721091064699 R1
120 -1.0423146132941 0 2 5.38461538461539 3.24721091064699 R1
114 -1.07222192849502 0.5 1 4.25 3.03108891324554 R2
490 -1.07222192849502 0 1 4.25 3.03108891324554 R1
413 -1.106605743337 0 1 3.42857142857143 2.1946130708196 R1
111 -1.106605743337 0 1 3.42857142857143 2.1946130708196 R1
342 -1.12152343971984 0 1 9.125 7.24461006542105 R1
321 -1.12152343971984 0 1 9.125 7.24461006542105 R1
448 -1.12766777704456 0 1 4.28571428571429 2.91372543633873 R1
104 -1.12815214963553 0 6 8 1.77281052085584 R1
106 -1.12815214963553 0 6 8 1.77281052085584 R1
105 -1.12815214963553 0 6 8 1.77281052085584 R1
377 -1.14090016144757 0.444444444444444 2 9.76 6.80164685940104 R2
67 -1.17575685461947 0 1 5.6 3.91237353363232 R1
240 -1.17575685461947 0 1 5.6 3.91237353363232 R1
488 -1.17575685461947 0 1 5.6 3.91237353363232 R1
394 -1.17575685461947 0 1 5.6 3.91237353363232 R1
184 -1.20290018338092 0 6 20.6363636363636 12.1675628938937 R1
311 -1.21267812518167 0.5 1 2.66666666666667 1.37436854187255 R2
107 -1.21267812518167 0.5 1 2.66666666666667 1.37436854187255 R2
164 -1.22474487139159 0 1 2 0.816496580927726 R1
410 -1.22981630042055 0 1 4.85714285714286 3.13635691430002 R1
339 -1.28792337812896 0 1 9.76 6.80164685940104 R1
279 -1.28792337812896 0 1 9.76 6.80164685940104 R1
459 -1.31558702896054 0 1 4 2.28035085019828 R1
102 -1.33114718112776 0 2 10.6666666666667 6.51067499487487 R1
168 -1.33114718112776 0 2 10.6666666666667 6.51067499487487 R1
169 -1.33114718112776 0 2 10.6666666666667 6.51067499487487 R1
474 -1.33630620956212 0 1 2.66666666666667 1.24721912892465 R1
495 -1.36727163701061 0 4 20.6363636363636 12.1675628938937 R1
494 -1.36727163701061 0 4 20.6363636363636 12.1675628938937 R1
467 -1.41421356237309 0 2 2.66666666666667 0.471404520791032 R1
132 -1.41421356237309 0 2 2.66666666666667 0.471404520791032 R1
171 -1.4142135623731 0 2 3.33333333333333 0.942809041582063 R1
436 -1.43614066163451 0 1 5.71428571428571 3.28260722659316 R1
440 -1.46546408115872 0 5 10.4444444444444 3.71516744384455 R1
478 -1.4847410866425 0.5 1 10.6666666666667 6.51067499487487 R2
434 -1.5316430906403 0 2 20.6363636363636 12.1675628938937 R1
433 -1.5316430906403 0 2 20.6363636363636 12.1675628938937 R1
183 -1.5316430906403 0 2 20.6363636363636 12.1675628938937 R1
319 -1.58113883008419 0 2 3.42857142857143 0.903507902905251 R1
112 -1.58715896162996 0 1 7.14285714285714 3.8703477668983 R1
444 -1.59444458076371 0 1 7.33333333333333 3.97212509593766 R1
275 -1.61382881745515 0 1 20.6363636363636 12.1675628938937 R1
463 -1.83711730708738 0.5 1 2.8 0.979795897113272 R2
499 -1.95003373789978 0 1 4.4 1.74355957741627 R1
148 -2 0 4 6.4 1.2 R1
449 -2.38365647311398 0 1 4.57142857142857 1.49829835452879 R1
