127 2
1801 0
71 2
1648 0
1481 0
2266 0
1178 0
1387 1
512 0
1932 0
463 0
517 0
458 1
1785 0
2634 0
1250 0
1363 0
722 1
2507 0
1109 0
2067 0
3957 0
1630 0
4060 0
1597 1
3919 0
728 0
1244 0
2154 0
4171 0
1638 0
742 1
3936 0
29 0
350 0
4087 0
1969 0
1810 0
2203 0
58 2
153 1
2754 0
4086 0
1546 0
101 1
340 1
311 0
4003 0
3906 0
825 0
917 0
4012 0
6003 0
495 0
1703 0
3889 0
1322 0
2086 0
1816 0
4018 0
2460 0
2510 0
1172 0
2699 0
2458 0
1259 0
834 0
285 0
2414 0
1216 0
3879 0
2274 0
2285 0
2194 0
1135 0
2002 0
1203 0
96 0
2088 0
1068 0
1667 0
3836 0
2114 0
486 0
1354 0
4066 0
569 1
8 2
686 0
1396 0
1760 0
391 0
2033 0
943 0
1887 0
180 0
1375 1
1585 0
4097 0
1877 0
246 1
2705 0
4001 0
2227 0
690 1
5825 0
1168 1
61 2
4102 0
536 0
1767 0
4094 0
1653 0
3540 0
2237 0
1688 0
2394 0
1266 0
2654 0
1458 0
444 0
508 0
1336 0
4025 0
39 2
558 0
1089 0
12 2
1554 0
2168 0
4137 0
573 1
3518 0
1084 0
638 1
4036 0
875 0
2479 0
1522 0
1 4
116 0
506 1
136 1
1197 0
1580 0
2419 0
661 1
2845 0
2482 0
1935 0
2719 0
2690 0
581 0
2727 0
308 0
3485 0
4046 0
678 1
3802 0
2808 0
1975 0
1973 0
1991 0
927 0
301 0
51 1
1758 0
456 0
1822 0
2745 0
652 0
1033 0
4059 0
2736 0
2034 0
2258 0
1539 0
2029 0
796 0
6081 0
366 2
844 0
1541 0
2723 0
272 2
775 1
4113 0
2108 0
20 3
2376 0
888 0
1983 0
1011 0
6172 0
1754 0
1627 0
4180 0
3683 0
4139 0
468 0
1161 0
2093 0
1019 0
700 1
1927 0
78 2
6274 0
1380 0
2853 0
990 0
413 0
294 0
1442 0
2218 0
764 0
1614 0
349 1
1743 0
3970 0
6044 0
2075 0
1981 0
4109 0
606 0
1383 0
137 1
1414 0
1855 0
2522 0
666 0
432 1
1074 0
860 1
3884 0
1063 0
1567 0
1776 0
2565 0
2158 0
2576 0
708 0
3829 0
2583 0
2796 0
2589 0
1601 0
2814 0
710 0
1656 0
323 0
856 0
1834 0
2142 0
112 0
1664 0
545 0
191 1
2733 0
2467 0
187 0
588 0
1684 0
756 1
1283 0
262 0
1944 0
212 1
1331 0
4019 0
2590 0
2383 0
542 0
1305 0
961 0
2686 0
1662 0
2476 0
574 1
170 0
1921 0
660 0
26 2
2116 0
977 0
2250 0
526 0
566 0
1901 0
3928 0
4067 0
359 1
2765 0
5687 0
1229 0
108 1
2820 0
604 0
2614 0
2608 0
1001 0
3694 0
232 0
477 0
1338 0
6207 0
6008 0
2623 0
225 1
1447 0
330 1
142 1
207 1
1510 0
5734 0
48 1
1857 0
360 1
3641 0
5288 0
1988 0
3923 0
4128 0
1076 0
766 1
449 0
1574 0
1579 0
659 0
2763 0
2774 0
1141 0
682 0
353 0
375 1
984 1
3944 0
2409 0
2833 0
1155 0
1485 0
3914 0
788 0
128 1
501 0
4115 0
278 0
1313 0
1617 0
490 0
1843 0
2650 0
155 0
387 1
1913 0
2626 0
1112 0
1294 0
461 0
2712 0
1562 0
1426 0
257 1
1358 0
951 0
782 0
85 1
809 0
1156 0
2200 0
2281 0
1557 0
1486 0
425 0
736 2
539 1
781 0
2847 0
3233 0
1950 0
520 0
1698 0
2782 0
2037 0
532 0
1193 0
3820 0
3963 0
2455 0
55 1
1890 0
1681 0
57 1
2642 0
872 0
395 0
1146 0
89 2
175 0
584 0
988 0
35 2
2453 0
1550 0
1882 0
1454 0
1421 0
4033 0
2827 0
665 0
1476 0
2758 0
1207 0
2533 0
3960 0
2641 0
2670 0
1584 0
904 0
930 1
1675 0
649 1
3903 0
1318 0
642 0
648 0
2006 0
2245 0
1764 0
1908 0
1028 0
1589 0
198 1
2550 0
1718 0
2792 0
1098 0
1059 0
2683 0
6242 0
913 0
3983 0
2019 0
2665 0
202 0
361 0
2468 0
184 0
776 1
1819 0
2183 0
1459 0
1570 0
1984 0
2673 0
1269 0
412 0
181 1
307 0
1671 0
1463 0
2041 0
1467 0
830 0
154 1
1101 0
3935 0
2801 0
704 1
326 1
1462 0
1165 0
2543 0
681 0
3940 0
335 0
1029 1
2715 0
5 2
2694 0
554 0
2791 0
1957 0
2657 0
552 0
1867 0
4006 0
3969 0
1623 0
2505 0
74 2
440 0
890 0
3699 0
1926 0
1289 0
299 0
2024 0
1282 0
2525 0
841 0
1694 0
1898 0
1044 0
6266 0
1350 0
1751 0
4029 0
91 1
2137 0
4116 0
1240 0
2815 0
467 1
474 0
481 1
867 0
3442 0
6024 0
817 0
563 0
2751 0
4058 0
229 0
673 0
68 1
2059 0
4106 0
315 2
1827 0
2514 0
4176 0
2501 0
1947 0
2366 0
1347 0
3995 0
222 2
3971 0
1504 0
25 1
2270 0
305 0
1253 0
928 1
1644 0
3245 0
217 1
2648 0
3932 0
4076 0
1730 0
281 0
158 1
3784 0
3623 0
46 1
1851 0
1316 0
2630 0
1418 0
36 2
2263 0
4163 0
1368 0
472 0
748 1
317 0
1943 0
711 1
132 1
1254 0
1791 0
1642 0
3779 0
892 0
2180 0
2769 0
2071 0
546 0
1428 0
537 0
4081 0
1018 0
1125 0
4072 0
2279 0
1007 0
3896 0
1443 0
741 0
1833 0
998 0
2806 0
1789 0
2240 0
3880 0
3947 0
529 0
1838 0
1773 0
1058 0
3883 0
2573 0
987 0
1150 0
3988 0
4122 0
6167 0
2860 0
1535 0
1335 0
908 0
2580 0
3974 0
284 0
3870 0
903 0
247 1
1340 1
3927 0
289 1
165 1
729 0
2 1
3891 0
808 1
845 0
1847 0
2553 0
1231 0
1249 0
147 1
973 0
2446 0
2569 0
1046 0
1142 1
1291 0
2601 0
2599 0
319 0
2571 0
4021 0
1179 0
1052 0
2857 0
1922 0
735 1
1493 0
974 0
2629 0
1271 0
1668 0
1715 0
344 1
1613 0
2103 0
6278 0
636 0
1710 0
1406 0
1104 0
1133 0
2224 0
209 1
2837 0
1905 0
1118 0
4132 0
1575 0
117 0
2207 0
600 0
80 1
336 2
2472 0
457 0
1301 0
821 0
696 0
383 0
2532 0
1721 0
1873 0
2497 0
4157 0
2172 0
1431 0
92 1
1489 0
1212 0
2253 0
2433 0
2787 0
1805 0
1727 0
1164 0
1477 0
2824 0
505 0
2739 0
670 0
1094 0
419 0
995 0
2178 0
837 0
6203 0
1225 0
290 0
2015 0
6066 0
625 0
149 2
712 0
210 1
406 1
2560 0
2289 0
19 2
2702 0
365 0
1030 1
763 0
2730 0
2593 0
6070 0
2021 0
1895 0
2038 0
570 0
1880 0
252 0
883 0
1159 0
655 1
421 0
1998 0
6058 0
1367 0
271 1
1024 0
1070 0
491 0
1863 0
2463 0
13 2
2493 0
105 1
4098 0
840 0
1647 0
597 1
2380 0
111 1
1411 0
408 0
1480 0
2777 0
242 1
559 0
1588 0
32 2
4138 0
443 0
6213 0
2234 0
1795 0
580 0
2800 0
2523 0
1257 0
846 0
31 1
1689 0
4093 0
1861 0
2706 0
1296 0
1553 0
4160 0
4051 0
1303 0
2133 0
1654 0
968 0
675 0
15 2
431 0
382 0
2236 0
2846 0
1506 0
4026 0
2855 0
139 1
129 1
6033 0
926 0
1246 0
859 1
1083 0
739 1
4000 0
1293 0
876 0
6137 0
1792 0
662 0
3967 0
168 0
135 1
3913 0
145 0
178 0
2674 0
1131 0
2728 0
3992 0
1876 0
3803 0
124 0
772 0
1759 0
1429 0
1974 0
2032 1
2536 0
2483 0
1374 0
6098 0
2807 0
653 1
1692 0
2259 0
2677 0
509 1
1015 0
976 0
367 0
716 0
1886 0
1821 0
1972 0
940 0
3589 0
685 0
743 1
4169 0
2265 0
21 1
523 1
3975 0
1460 0
723 1
453 1
2500 0
1202 0
3937 0
351 1
3895 0
1040 0
2838 0
595 0
1755 0
488 0
1854 0
1012 1
835 0
1498 0
2182 0
1267 0
1032 0
4071 0
4015 0
113 2
901 0
2191 0
152 0
3855 0
342 1
1419 0
862 0
341 0
1056 0
2189 0
2287 0
2540 0
2284 0
64 2
4085 0
2753 0
1473 0
881 0
2461 0
45 1
405 1
507 0
4172 0
1173 0
309 1
1963 0
6110 0
1734 0
2085 0
1733 0
2113 0
1258 0
824 0
120 2
4030 0
2568 0
1148 0
392 1
254 0
2841 0
1321 0
2242 0
3945 0
1987 0
2254 0
813 1
2014 0
2602 0
644 1
2477 0
851 1
1820 0
399 1
2110 0
1811 1
436 0
1342 0
1968 0
94 1
213 2
1802 0
2457 0
2775 0
1450 0
4065 0
4009 0
2668 0
568 0
2273 0
3476 0
3905 0
1129 0
791 1
1143 0
1355 0
2231 0
2848 0
3617 0
1961 0
916 0
386 0
6256 0
2043 0
1457 0
200 1
1261 1
1352 0
329 1
525 0
787 0
2970 0
1621 0
27 2
1902 0
1561 0
161 0
3909 0
1866 0
2001 0
1310 0
109 1
6168 0
2115 0
1239 0
2651 0
2764 0
2797 0
769 0
1181 0
1556 1
803 1
1809 0
2744 0
2559 0
4133 0
1766 0
60 1
1245 0
1400 0
1067 0
691 0
2615 0
4034 0
3982 0
6004 0
1676 0
1388 0
346 0
911 0
427 0
2072 0
6253 0
82 1
650 1
2202 0
1154 0
2624 0
895 0
1763 0
4079 0
69 2
1157 0
1910 0
1470 0
2762 0
224 0
6050 0
2711 0
1982 0
1006 1
3813 0
426 1
4127 0
996 0
1435 0
1840 0
279 1
956 0
3933 0
629 0
483 0
498 1
4145 0
1487 0
372 1
1540 0
2028 0
1284 0
1330 0
1661 0
1606 0
1160 1
99 0
3553 0
869 0
1592 0
1933 0
790 0
2022 0
533 2
2080 0
4114 0
1122 0
5474 0
1697 0
1053 1
462 0
414 1
1770 0
1209 0
6159 0
6275 0
263 1
991 0
931 1
2246 0
476 0
1198 0
1626 0
1409 0
2219 0
2141 0
2464 0
1077 0
1716 0
293 0
1272 0
2854 0
6122 0
6178 0
6202 0
1299 0
1781 0
1663 0
967 0
1611 0
322 0
469 1
635 0
1088 0
575 1
1835 0
4101 0
1566 0
979 0
3950 0
709 0
310 0
40 2
192 2
699 1
1115 0
960 0
818 0
2363 0
1038 0
1707 0
267 1
543 1
1892 0
1777 0
2044 0
354 0
1437 0
3878 0
2813 0
1064 0
2724 0
2517 0
757 1
2577 0
9 2
2734 0
1217 0
1740 0
1600 0
603 0
2750 0
2527 0
4165 0
90 1
1850 0
565 0
1964 1
850 0
2818 0
1004 0
891 0
2106 0
4057 0
2696 0
1360 0
1013 1
233 0
1490 0
2198 0
1693 0
316 1
1806 0
4013 0
4105 0
1738 0
2288 0
2025 0
1370 0
3920 0
11 2
4117 0
2649 0
3804 0
842 0
511 1
899 0
2000 0
2437 0
2531 0
2689 0
199 1
1979 0
1899 0
1929 0
2485 0
1737 0
1948 0
795 0
794 0
1609 0
944 0
1780 0
1113 0
2122 0
674 0
2280 0
1317 0
957 1
280 0
273 0
471 0
2596 0
3996 0
1503 0
3498 0
1509 0
2262 0
1936 0
1325 1
2512 0
131 0
1643 0
1565 0
502 0
314 1
1796 0
4075 0
6248 0
1502 0
2638 0
1872 0
355 0
553 1
1252 0
3488 0
555 0
2643 0
1037 0
4164 0
2513 0
37 2
3875 0
855 1
195 0
2005 0
1706 0
1839 0
1788 0
2828 0
6282 0
679 0
680 0
2186 0
3962 0
831 0
1147 0
1241 0
2783 0
1441 0
647 1
1206 0
334 0
3902 0
1997 0
1027 1
1680 0
423 0
1953 0
1139 0
2757 0
1319 0
1826 0
4043 0
2454 0
1222 0
2036 0
1747 0
820 0
174 0
1799 1
1571 0
422 0
905 0
1552 0
1194 0
41 2
3681 0
52 1
1451 0
302 0
1453 0
866 0
2452 0
2223 0
770 1
593 1
188 1
402 1
1940 0
1097 0
641 0
1641 0
838 0
616 1
2664 0
640 0
1121 0
870 0
1384 0
896 0
1468 0
1726 0
1464 0
1494 0
777 0
2018 0
6129 0
1906 0
2786 0
464 0
1672 0
1685 0
2011 0
1891 0
6 2
3941 0
2768 0
562 0
1304 0
1102 0
2269 0
183 1
3179 0
2544 0
1478 0
439 0
362 0
1379 0
1593 0
2607 0
705 0
1720 0
5953 0
2206 0
2496 0
407 0
3686 0
18 2
376 0
912 0
1432 0
785 0
599 0
1930 0
587 0
1393 0
609 0
1167 0
1235 0
95 0
298 0
923 1
243 0
2051 0
2682 0
148 0
753 0
1343 0
6089 0
2655 0
726 0
2509 0
2703 0
2171 0
2611 0
106 1
4110 0
964 0
157 1
2009 0
65 1
1909 0
935 0
203 1
2627 0
1213 0
1093 0
1023 0
81 1
2742 0
2473 0
1199 0
624 0
86 0
1300 0
2598 0
1158 0
2170 0
371 1
656 1
6209 0
204 2
1041 0
1990 0
435 1
814 0
2492 0
1482 0
885 0
1412 0
884 0
1709 0
339 0
228 0
749 0
268 0
829 1
345 1
596 1
1297 0
1521 0
1862 0
613 0
1082 0
1066 0
121 2
952 0
2691 0
494 1
487 1
1071 0
1956 0
2778 0
2235 0
238 1
873 0
253 0
4158 0
448 0
2631 0
2278 0
4152 0
63 2
5817 0
1637 0
179 2
1105 0
713 0
1334 0
3948 0
2499 0
2805 0
6214 0
1784 0
938 0
2839 0
1679 0
4016 0
3882 0
1830 0
1620 0
2241 0
3917 0
1262 0
1290 0
2162 0
1132 0
6142 0
929 0
2554 0
1925 0
2574 0
547 0
631 0
1583 0
1544 0
1538 0
1616 0
258 0
396 1
1422 0
482 1
2620 0
949 0
499 0
4022 0
1047 0
1055 0
2138 0
4050 0
2447 0
1276 0
141 2
909 1
4121 0
1124 0
2618 0
1230 1
75 1
2793 0
2588 0
1917 0
1163 0
450 0
1702 0
1405 0
1713 0
1060 0
2420 0
4141 0
900 0
318 0
1729 0
473 0
2572 0
1774 0
3 4
248 2
146 1
3888 0
1351 0
356 0
802 0
2720 0
3924 0
528 0
2063 0
164 1
3897 0
807 0
2040 0
2632 0
2678 0
1049 0
882 0
2812 0
1488 0
1050 0
560 0
2830 0
4054 0
798 0
898 0
5936 0
3892 0
2725 0
1031 0
1273 0
451 0
2516 0
454 0
2616 0
2538 0
1364 0
6227 0
1408 0
2448 0
634 0
2721 0
578 0
2551 0
695 0
978 0
2144 0
325 1
378 1
889 1
1233 0
6121 0
540 1
3972 0
1615 0
1162 0
211 1
684 0
2831 0
2073 0
1732 0
861 0
6041 0
337 0
6188 0
76 2
1924 0
2718 0
982 0
571 0
1214 0
1190 0
2592 0
389 0
1660 0
6091 0
6177 0
1345 0
1171 0
3887 0
966 0
4153 0
1123 0
2314 0
2216 0
992 0
758 1
236 1
1954 0
218 2
2843 0
706 0
14 3
2587 0
1608 1
2567 0
2474 0
234 0
594 0
1438 0
6052 0
1903 0
2767 0
2188 0
1778 0
1859 0
160 1
6276 0
98 0
2776 0
1048 0
1278 0
1000 0
1381 1
43 1
1061 0
2582 0
6012 0
3792 0
2054 0
1728 0
2785 0
3955 0
288 1
193 0
119 1
1555 0
586 0
3925 0
2859 0
410 1
3193 0
999 0
1185 0
430 0
447 1
1446 0
1741 0
2118 0
1130 0
415 0
1315 0
189 0
1292 0
3987 0
1356 0
2849 0
5208 0
480 0
1871 0
107 1
1153 0
438 0
87 1
4099 0
1022 0
1832 0
2795 0
2704 0
953 0
221 1
1424 0
6031 0
1560 0
3912 0
417 1
784 0
1762 0
260 1
1844 0
1530 0
762 0
2504 0
1144 0
734 1
2798 0
1723 0
2621 0
2047 0
144 1
1440 0
2524 0
3696 0
381 0
1471 0
1814 0
906 0
1349 0
2205 0
177 1
2213 0
373 0
773 0
1247 0
22 2
205 0
1752 0
1309 0
1576 0
2681 0
1622 0
1260 0
874 0
6255 0
975 0
1708 0
493 1
1436 0
1911 0
2220 0
1591 0
2856 0
6021 0
1677 0
2199 0
1320 0
1026 0
2752 0
4173 0
1993 0
6084 0
1893 0
1469 0
1499 0
1646 0
534 1
400 0
746 0
919 0
744 0
1268 0
633 0
1372 0
1977 0
151 1
2023 0
1825 0
1669 0
1285 0
1952 0
287 0
475 1
3908 0
2595 0
932 0
3594 0
1549 0
1959 0
1525 0
515 0
2545 0
1242 0
2761 0
138 1
1208 0
1107 0
1874 0
1803 0
1201 0
724 0
4104 0
519 0
3958 0
1195 0
17 1
4092 0
2451 0
1327 0
1274 1
2192 0
2667 0
110 0
1995 0
333 0
4080 0
2210 0
2658 0
3985 0
2780 0
646 1
446 0
3901 0
2181 0
2229 0
4005 0
1220 0
1582 0
2842 0
1599 0
1149 0
2652 0
2283 0
2243 0
2407 0
1288 0
1087 0
810 0
1238 0
1587 0
33 2
4166 0
1559 0
7 1
1793 0
227 1
1701 0
1860 0
2443 0
2013 0
1937 0
264 1
255 2
806 0
2230 0
6099 0
1885 0
6026 0
182 2
4146 0
1817 0
2707 0
556 1
717 0
3998 0
2817 0
815 1
671 0
1511 1
2249 0
167 1
692 1
1605 0
663 1
2431 0
1907 0
854 1
1945 0
969 0
1174 0
1946 0
4023 0
510 1
393 0
2276 0
4089 0
1501 0
658 0
274 0
549 1
877 0
1508 0
1128 0
1771 0
3930 0
946 0
4074 0
1724 0
4056 0
3965 0
2148 0
250 1
2644 0
303 0
1361 0
614 0
1765 0
130 0
6005 0
53 0
1373 0
1465 0
1302 0
2239 0
1397 0
941 0
583 0
1879 0
3436 0
1824 0
4135 0
1869 0
591 0
832 1
2135 0
2804 0
3916 0
828 0
4078 0
4149 0
276 0
102 1
1920 0
6006 0
1831 0
2465 0
3949 0
6247 0
2639 0
1218 0
3868 0
1404 0
1543 0
259 0
424 0
1625 0
4124 0
163 1
4070 0
1106 0
1402 0
1836 0
1531 0
2402 0
3976 0
1841 0
347 1
3558 0
1333 0
2586 0
434 0
865 0
2770 0
442 0
4044 0
4134 0
1577 0
1572 0
2851 0
689 0
3929 0
886 0
1116 0
1329 0
2835 0
1725 0
727 1
939 0
320 1
2619 0
4095 0
811 1
1670 0
2010 0
2834 0
465 0
249 0
1612 0
819 0
1189 0
1177 1
1127 0
894 0
1748 0
1298 0
858 0
2127 0
140 1
1900 0
6154 0
954 0
385 0
1479 0
1359 0
2578 0
801 0
985 0
754 0
479 0
847 0
1166 1
2166 0
1563 0
1003 0
1378 0
4147 0
1054 0
1800 0
2821 0
619 1
2101 0
1717 0
2557 0
698 1
1634 0
621 0
524 0
1848 0
2176 0
598 0
2486 0
3395 0
780 0
3490 0
4179 0
240 0
1433 0
1666 1
2209 0
230 1
115 1
377 0
602 0
922 0
2050 0
3815 0
1311 0
2628 0
2741 0
1072 0
2470 0
1787 0
6035 0
612 1
2772 0
936 0
1391 0
1277 0
2251 0
1086 0
701 0
2794 0
214 1
564 0
2562 0
2708 0
3951 0
2789 0
1650 0
2074 0
2539 0
2547 0
731 1
2850 0
1967 0
2779 0
657 0
1865 0
2139 0
1783 0
768 0
1928 0
1092 0
503 0
4181 0
1756 0
2255 0
3877 0
2491 0
4126 0
1483 0
4069 0
338 0
1996 0
761 1
576 0
1775 0
738 0
1415 0
484 1
1078 1
1243 0
2334 0
1036 0
2530 0
1265 1
2065 0
544 2
623 1
4150 0
3885 0
4091 0
1512 0
3253 0
1196 0
1114 0
2564 0
328 1
239 1
122 1
2635 0
6144 0
269 1
1223 0
628 0
878 0
363 1
2277 0
4014 0
4140 0
733 0
2159 0
630 1
997 0
6161 0
1449 0
608 0
1649 0
4062 0
1234 0
6036 0
2226 0
1314 0
4108 0
2748 0
1798 0
1474 0
2535 0
522 1
125 1
1632 0
1423 0
44 0
1687 0
3352 0
2152 0
667 0
1188 0
2008 0
2862 0
714 1
1564 0
1280 0
313 1
2017 0
2663 0
4031 0
2661 0
1324 0
397 0
1096 0
3305 0
1657 0
2185 0
1191 0
2717 0
459 0
823 0
1495 0
1753 0
771 0
401 0
2688 0
186 2
1797 0
1119 0
1914 0
1938 0
2756 0
1705 0
1919 0
915 1
1586 0
4037 0
1986 0
1456 0
2606 0
404 1
516 0
2004 0
1813 0
2060 0
1551 0
6128 0
3981 0
702 0
2214 0
561 1
2195 0
2555 0
2221 0
357 1
1307 0
1812 0
4008 0
1941 0
1769 0
2826 0
2475 0
455 0
1875 0
1673 0
4472 0
4084 0
963 0
297 0
4027 0
2612 0
3751 0
2031 0
1889 0
2272 0
2692 0
2646 0
10 3
1596 0
980 0
550 0
2697 0
1081 1
1651 0
1736 0
958 0
1569 0
592 1
4111 0
2542 0
2123 0
1978 0
1640 0
4118 0
173 1
530 1
66 2
2709 0
2675 0
470 1
2026 0
4142 0
793 0
1205 0
1287 0
1696 0
654 1
2261 0
3469 0
156 1
283 0
3993 0
4178 0
59 2
4161 0
1971 0
6103 0
1226 0
1949 0
2498 0
1256 0
2247 0
1744 0
1853 0
864 0
1016 0
219 0
2480 0
799 0
1170 0
925 0
1896 0
390 1
1515 0
1042 0
1686 0
38 1
3874 0
1955 0
196 1
945 0
4143 0
1169 0
2784 0
118 0
206 1
959 1
1674 0
358 0
331 1
1065 0
1659 0
2746 0
3606 0
737 0
767 0
3037 0
2228 0
2070 0
2173 0
805 0
84 0
1020 0
437 1
4068 0
194 1
4112 0
3503 0
1768 0
2749 0
220 0
1312 0
4129 0
1021 0
1263 0
934 0
1989 0
4035 0
4170 0
4017 0
948 0
4120 0
2160 0
572 1
2450 0
1398 0
3984 0
3986 0
226 1
4159 0
1430 0
527 0
1145 0
1870 0
1448 0
2549 0
62 1
2466 0
833 1
1472 0
1573 1
2743 0
3649 0
548 1
2020 0
2575 0
1110 0
2622 0
1999 0
2204 0
2799 0
1772 0
418 0
3632 0
2324 0
933 0
783 0
4174 0
1357 1
348 1
1152 0
49 0
789 0
2052 0
627 1
993 0
1090 0
1308 0
2117 0
1934 0
715 0
1916 0
2201 0
2503 0
1722 0
4100 0
23 2
388 1
364 0
3931 0
1425 0
950 0
2680 0
1845 0
1445 0
1678 0
1025 0
1992 0
1842 0
2478 0
1466 0
485 0
778 0
2143 0
3555 0
720 0
3881 0
1270 0
460 1
2449 0
1645 0
1389 0
324 0
244 1
4107 0
637 1
5566 0
4168 0
2811 0
752 1
2679 0
1232 0
1607 0
379 0
1386 0
1639 0
3872 0
1035 0
2617 0
3893 0
452 0
3964 0
579 0
295 1
1894 0
3956 0
535 0
6260 0
1618 0
3138 0
77 0
683 0
2260 0
541 0
1215 0
3886 0
3890 0
1712 0
6176 0
765 0
2552 0
2521 0
897 0
312 1
1628 0
3871 0
3911 0
1002 0
237 1
2584 0
370 0
2722 0
2610 0
567 1
416 1
4154 0
380 1
100 1
914 0
1279 0
965 0
300 1
1439 0
2079 0
1395 1
286 2
1075 0
2426 0
800 0
2232 0
1365 0
1407 0
496 1
3946 0
2829 0
605 0
1779 0
1568 0
607 1
1807 0
1699 0
42 1
759 0
2508 0
1228 0
1073 0
235 1
6106 0
2591 0
2187 0
1931 0
694 0
2844 0
816 1
1103 0
2244 0
4010 0
296 1
1062 0
265 0
171 2
1700 0
2609 0
3999 0
445 1
1339 0
2687 0
6079 0
2338 0
2012 0
4002 0
582 0
1884 0
2120 0
4167 0
1858 0
557 0
718 0
2147 0
1581 0
3997 0
1507 0
1604 0
2726 0
441 1
868 0
4041 0
4096 0
672 0
1140 0
983 0
275 1
2035 0
3806 0
197 1
2208 0
1731 0
4024 0
853 1
751 0
1500 0
1746 0
2136 0
1980 0
2275 0
4103 0
4175 0
4004 0
2685 0
4073 0
1295 0
2832 0
3978 0
677 0
1111 0
907 0
4055 0
2238 0
1868 0
590 0
1210 0
664 1
1878 0
1790 0
6219 0
2264 0
1690 0
3915 0
617 0
79 2
4136 0
3943 0
1420 0
4061 0
3437 0
352 0
2502 0
126 1
251 0
1594 0
1034 0
2803 0
369 0
1533 0
3900 0
651 1
176 1
4053 0
947 0
1823 0
256 0
2537 0
2267 0
2810 0
5999 0
920 0
428 1
887 0
72 2
500 0
1221 0
1496 0
1200 1
1757 0
918 0
1682 0
1413 0
1108 0
1275 0
1598 1
2282 0
1014 1
1856 0
843 0
2760 0
2529 0
1491 0
1362 0
4155 0
1804 0
632 0
1371 0
394 0
2484 0
2257 0
610 1
514 0
3973 0
2444 0
2659 0
725 0
3921 0
513 0
4088 0
50 1
3938 0
2645 0
1994 0
2633 0
3907 0
797 0
2459 0
2197 0
4048 0
3543 0
1136 0
1175 0
1236 0
4011 0
1683 0
2413 0
645 1
1326 0
2566 0
1382 1
1452 0
1176 0
1815 0
1039 0
2637 0
1005 0
28 3
2089 0
4130 0
589 0
1337 0
215 1
687 0
2184 1
150 1
5509 0
2336 0
245 1
2604 0
2511 0
2190 0
2546 0
826 1
1344 0
2494 0
3990 0
2666 0
332 1
1099 0
1965 0
34 2
745 0
2653 0
2548 0
2656 0
1410 0
2613 0
620 0
2693 0
1434 0
2713 0
2625 0
4182 0
6279 0
4090 0
2471 0
1045 0
937 1
1619 0
16 0
730 0
921 0
1069 0
1224 0
368 1
4007 0
5998 0
2556 0
994 0
611 0
1786 0
1849 0
849 1
492 0
2740 0
208 0
2440 0
2788 0
1523 0
2271 0
93 1
2773 0
292 0
2445 0
4039 0
291 0
374 0
2790 0
114 0
1306 0
429 0
1939 0
3876 0
1328 0
1091 0
409 0
73 1
4049 0
67 0
1958 0
241 1
1962 0
812 0
2561 0
489 0
585 0
327 1
6112 0
1392 0
1970 0
4125 0
1080 0
1281 0
732 0
2819 0
1864 0
3675 0
1603 0
2233 0
1881 0
622 0
3952 0
970 0
2375 0
24 1
1416 0
2771 0
2256 0
2759 0
1658 0
2049 0
104 0
1558 1
2057 0
1237 1
1635 0
1513 0
2175 0
1264 0
2490 0
159 1
747 1
2563 0
1633 0
47 1
3991 0
1427 0
1942 0
1484 0
1017 0
270 0
1057 1
538 0
2840 0
1602 0
521 0
2007 0
1332 0
162 1
433 0
880 0
2164 0
1912 0
1399 0
786 0
986 0
740 0
1117 0
1008 0
103 1
4148 0
4082 0
201 1
871 0
1401 0
719 0
902 0
827 0
266 0
2039 0
6039 0
1742 0
1353 0
2585 0
3826 0
4042 0
1624 0
1695 0
1219 0
2534 0
97 1
2378 0
1704 0
3645 0
668 0
1749 0
750 0
688 0
1126 0
774 0
910 1
2128 0
6224 0
1341 0
3926 0
693 0
4123 0
2684 0
2570 0
893 1
1915 0
3979 0
3959 0
2737 0
83 1
804 0
1385 0
2558 0
2672 0
1818 0
962 0
2094 0
1085 0
755 0
1837 0
1714 0
143 1
3942 0
4020 0
1403 0
6068 0
2822 0
1051 0
2268 0
1497 0
497 0
518 0
1211 0
2852 0
6025 0
2732 0
169 1
411 0
1711 0
2102 0
2836 0
2579 0
478 0
398 0
384 0
836 0
2016 0
4028 0
3934 0
1735 0
3989 0
942 0
955 0
1376 0
1888 0
2030 0
2286 0
4119 0
2647 0
1595 0
190 0
2816 0
1750 0
1808 0
2802 0
601 0
822 0
1739 0
231 0
1610 0
779 0
551 0
343 1
504 1
3910 0
981 1
697 0
2823 0
3894 0
6230 0
857 0
707 0
1010 0
1966 0
1665 1
3310 0
4077 0
261 1
4083 0
1782 0
3873 0
2698 0
2439 0
2252 0
2506 0
321 0
792 0
1248 0
1079 1
1590 0
3994 0
3980 0
924 0
2053 0
2462 0
4064 0
760 0
4162 0
863 0
2481 0
2027 0
531 1
2469 0
172 2
1745 0
4045 0
2594 0
3922 0
3966 0
2111 0
1366 0
223 1
1897 0
721 1
1043 0
1255 0
6014 0
669 0
2660 0
282 1
420 1
1852 0
639 0
989 0
1505 0
1348 0
2248 0
1137 0
577 0
2809 0
1227 0
1417 0
216 0
852 0
643 0
1951 0
2766 0
1120 0
4032 0
1475 0
1794 0
2193 0
2636 0
676 0
1251 0
277 2
2456 0
3904 0
1192 0
879 0
3899 0
2640 0
1095 0
2700 0
3961 0
1444 0
2747 0
1883 0
1846 0
2215 0
133 1
123 0
304 0
2515 0
2600 0
1631 0
1828 0
2605 0
56 2
1369 0
3977 0
1151 0
54 2
306 0
1204 0
70 2
839 0
4038 0
2520 0
166 1
2225 0
88 1
1578 0
1009 0
30 2
6087 0
403 0
466 1
134 1
2151 0
618 1
848 0
1829 0
1904 0
1761 0
1629 0
2755 0
2196 0
1918 0
1323 0
1455 0
2662 0
1492 1
703 1
2729 0
1134 0
4131 0
1100 0
1377 0
2488 0
1461 0
185 2
2487 0
1719 0
3869 0
4 2
2716 0
1985 0
1691 0
3567 0
2003 0
