127 34
1801 7
71 45
1648 6
1481 6
2266 5
1178 8
1387 12
512 10
1932 5
463 10
517 8
458 19
1785 5
2634 6
1250 7
1363 10
722 16
2507 5
1109 9
2067 6
3957 3
1630 6
4060 3
1597 10
3919 3
728 9
1244 8
2154 5
4171 3
1638 8
742 15
3936 3
29 16
350 12
4087 4
1969 6
1810 8
2203 8
58 34
153 35
2754 4
4086 3
1546 8
101 28
340 16
311 11
4003 4
3906 3
825 13
917 10
4012 4
6003 3
495 18
1703 7
3889 5
1322 5
2086 6
1816 10
4018 3
2460 7
2510 4
1172 9
2699 3
2458 7
1259 11
834 10
285 15
2414 5
1216 11
3879 5
2274 5
2285 5
2194 6
1135 7
2002 5
1203 6
96 12
2088 5
1068 11
1667 7
3836 3
2114 4
486 8
1354 11
4066 4
569 22
8 50
686 8
1396 9
1760 6
391 16
2033 7
943 7
1887 5
180 16
1375 10
1585 5
4097 4
1877 6
246 22
2705 5
4001 3
2227 5
690 16
5825 3
1168 10
61 47
4102 3
536 9
1767 5
4094 3
1653 6
3540 4
2237 6
1688 5
2394 5
1266 12
2654 6
1458 7
444 9
508 20
1336 5
4025 3
39 46
558 6
1089 8
12 66
1554 8
2168 6
4137 4
573 13
3518 4
1084 8
638 17
4036 3
875 9
2479 4
1522 5
1 76
116 12
506 15
136 33
1197 11
1580 6
2419 4
661 14
2845 6
2482 5
1935 5
2719 5
2690 3
581 10
2727 5
308 14
3485 4
4046 4
678 21
3802 4
2808 4
1975 5
1973 4
1991 5
927 8
301 16
51 36
1758 4
456 18
1822 8
2745 4
652 12
1033 9
4059 3
2736 5
2034 6
2258 6
1539 7
2029 7
796 10
6081 3
366 25
844 7
1541 7
2723 5
272 22
775 14
4113 3
2108 6
20 42
2376 5
888 6
1983 5
1011 9
6172 3
1754 6
1627 7
4180 3
3683 4
4139 3
468 7
1161 12
2093 6
1019 9
700 17
1927 6
78 44
6274 3
1380 9
2853 4
990 8
413 10
294 12
1442 7
2218 6
764 8
1614 7
349 19
1743 6
3970 3
6044 3
2075 5
1981 5
4109 4
606 8
1383 12
137 19
1414 6
1855 5
2522 5
666 14
432 17
1074 11
860 15
3884 5
1063 6
1567 8
1776 5
2565 5
2158 6
2576 4
708 9
3829 3
2583 4
2796 5
2589 4
1601 10
2814 3
710 11
1656 6
323 9
856 9
1834 6
2142 5
112 15
1664 8
545 20
191 26
2733 4
2467 5
187 21
588 7
1684 6
756 12
1283 6
262 18
1944 8
212 27
1331 6
4019 3
2590 4
2383 5
542 16
1305 5
961 12
2686 5
1662 9
2476 4
574 19
170 22
1921 9
660 19
26 44
2116 6
977 9
2250 6
526 11
566 18
1901 5
3928 3
4067 4
359 17
2765 4
5687 3
1229 9
108 26
2820 5
604 16
2614 4
2608 4
1001 6
3694 4
232 31
477 25
1338 7
6207 3
6008 3
2623 6
225 32
1447 7
330 20
142 26
207 21
1510 9
5734 3
48 49
1857 6
360 14
3641 4
5288 3
1988 5
3923 3
4128 3
1076 9
766 12
449 17
1574 5
1579 5
659 12
2763 4
2774 4
1141 8
682 14
353 15
375 18
984 11
3944 3
2409 5
2833 5
1155 6
1485 6
3914 4
788 12
128 28
501 18
4115 4
278 16
1313 10
1617 8
490 8
1843 6
2650 6
155 15
387 21
1913 10
2626 6
1112 7
1294 5
461 16
2712 3
1562 9
1426 9
257 24
1358 11
951 6
782 13
85 28
809 10
1156 8
2200 7
2281 4
1557 7
1486 7
425 19
736 20
539 14
781 13
2847 6
3233 4
1950 7
520 14
1698 8
2782 3
2037 8
532 15
1193 9
3820 4
3963 4
2455 5
55 47
1890 6
1681 6
57 27
2642 6
872 10
395 16
1146 13
89 35
175 15
584 11
988 12
35 46
2453 7
1550 6
1882 4
1454 7
1421 10
4033 3
2827 5
665 15
1476 5
2758 4
1207 5
2533 5
3960 4
2641 7
2670 5
1584 6
904 12
930 15
1675 10
649 18
3903 4
1318 8
642 15
648 11
2006 4
2245 4
1764 5
1908 6
1028 12
1589 9
198 21
2550 4
1718 5
2792 4
1098 8
1059 8
2683 3
6242 3
913 16
3983 3
2019 7
2665 6
202 17
361 17
2468 4
184 23
776 12
1819 9
2183 8
1459 7
1570 8
1984 5
2673 5
1269 8
412 13
181 26
307 17
1671 6
1463 6
2041 7
1467 7
830 14
154 23
1101 10
3935 4
2801 4
704 13
326 27
1462 8
1165 14
2543 5
681 7
3940 3
335 14
1029 12
2715 4
5 55
2694 4
554 8
2791 5
1957 7
2657 5
552 12
1867 6
4006 4
3969 4
1623 7
2505 5
74 35
440 12
890 8
3699 4
1926 7
1289 6
299 17
2024 8
1282 6
2525 4
841 9
1694 9
1898 6
1044 14
6266 3
1350 10
1751 6
4029 4
91 22
2137 5
4116 4
1240 11
2815 4
467 19
474 12
481 18
867 11
3442 4
6024 3
817 7
563 7
2751 5
4058 4
229 15
673 8
68 35
2059 5
4106 4
315 29
1827 6
2514 4
4176 3
2501 5
1947 7
2366 7
1347 9
3995 4
222 29
3971 3
1504 9
25 38
2270 6
305 25
1253 7
928 11
1644 6
3245 4
217 18
2648 6
3932 3
4076 4
1730 6
281 18
158 16
3784 4
3623 4
46 37
1851 6
1316 13
2630 6
1418 6
36 40
2263 6
4163 3
1368 6
472 16
748 15
317 8
1943 5
711 16
132 22
1254 5
1791 4
1642 6
3779 4
892 11
2180 5
2769 4
2071 6
546 11
1428 7
537 12
4081 3
1018 8
1125 5
4072 3
2279 5
1007 10
3896 5
1443 7
741 8
1833 6
998 9
2806 4
1789 6
2240 6
3880 5
3947 4
529 16
1838 6
1773 5
1058 13
3883 5
2573 5
987 11
1150 9
3988 4
4122 3
6167 3
2860 4
1535 5
1335 7
908 6
2580 5
3974 4
284 28
3870 5
903 14
247 26
1340 8
3927 3
289 35
165 36
729 9
2 46
3891 5
808 19
845 11
1847 6
2553 5
1231 7
1249 7
147 19
973 8
2446 5
2569 4
1046 10
1142 14
1291 7
2601 4
2599 5
319 16
2571 4
4021 3
1179 9
1052 6
2857 4
1922 7
735 15
1493 9
974 6
2629 5
1271 6
1668 10
1715 6
344 24
1613 8
2103 5
6278 3
636 17
1710 6
1406 8
1104 9
1133 8
2224 6
209 27
2837 5
1905 7
1118 6
4132 3
1575 6
117 23
2207 7
600 15
80 35
336 27
2472 4
457 23
1301 6
821 9
696 18
383 17
2532 4
1721 5
1873 5
2497 5
4157 3
2172 5
1431 8
92 34
1489 8
1212 6
2253 5
2433 3
2787 4
1805 7
1727 5
1164 11
1477 6
2824 5
505 13
2739 4
670 8
1094 9
419 13
995 6
2178 5
837 7
6203 3
1225 12
290 12
2015 6
6066 3
625 16
149 31
712 10
210 19
406 20
2560 4
2289 6
19 37
2702 3
365 20
1030 14
763 8
2730 5
2593 5
6070 3
2021 6
1895 5
2038 8
570 14
1880 5
252 21
883 15
1159 13
655 16
421 9
1998 5
6058 3
1367 7
271 21
1024 12
1070 10
491 9
1863 5
2463 7
13 70
2493 5
105 32
4098 4
840 8
1647 5
597 14
2380 4
111 27
1411 6
408 11
1480 7
2777 5
242 19
559 10
1588 7
32 42
4138 3
443 17
6213 3
2234 5
1795 8
580 9
2800 4
2523 4
1257 7
846 10
31 27
1689 5
4093 4
1861 5
2706 5
1296 7
1553 8
4160 3
4051 3
1303 6
2133 4
1654 8
968 7
675 8
15 36
431 14
382 12
2236 6
2846 6
1506 7
4026 3
2855 6
139 34
129 34
6033 3
926 9
1246 7
859 14
1083 7
739 17
4000 4
1293 9
876 10
6137 3
1792 7
662 19
3967 4
168 18
135 32
3913 3
145 20
178 26
2674 5
1131 9
2728 5
3992 3
1876 5
3803 4
124 16
772 15
1759 5
1429 10
1974 5
2032 9
2536 4
2483 4
1374 9
6098 3
2807 5
653 20
1692 9
2259 6
2677 4
509 19
1015 8
976 11
367 21
716 8
1886 6
1821 6
1972 6
940 8
3589 4
685 9
743 20
4169 3
2265 4
21 40
523 16
3975 4
1460 8
723 16
453 22
2500 4
1202 6
3937 3
351 20
3895 5
1040 8
2838 5
595 9
1755 6
488 10
1854 4
1012 14
835 8
1498 8
2182 7
1267 11
1032 6
4071 3
4015 4
113 32
901 15
2191 7
152 17
3855 4
342 21
1419 6
862 19
341 10
1056 10
2189 6
2287 6
2540 5
2284 4
64 30
4085 4
2753 5
1473 5
881 14
2461 8
45 34
405 19
507 17
4172 3
1173 5
309 14
1963 6
6110 3
1734 5
2085 6
1733 5
2113 6
1258 10
824 12
120 26
4030 4
2568 5
1148 10
392 12
254 25
2841 5
1321 8
2242 5
3945 5
1987 5
2254 6
813 17
2014 7
2602 5
644 20
2477 4
851 14
1820 6
399 24
2110 5
1811 9
436 19
1342 7
1968 4
94 42
213 22
1802 7
2457 6
2775 5
1450 7
4065 3
4009 3
2668 5
568 12
2273 7
3476 4
3905 3
1129 6
791 17
1143 9
1355 10
2231 6
2848 5
3617 3
1961 6
916 16
386 9
6256 3
2043 7
1457 6
200 21
1261 8
1352 8
329 20
525 21
787 7
2970 4
1621 7
27 45
1902 6
1561 8
161 30
3909 3
1866 4
2001 6
1310 7
109 34
6168 3
2115 5
1239 7
2651 6
2764 5
2797 3
769 10
1181 7
1556 9
803 15
1809 8
2744 5
2559 4
4133 3
1766 5
60 32
1245 7
1400 7
1067 12
691 12
2615 5
4034 4
3982 3
6004 3
1676 7
1388 7
346 10
911 13
427 12
2072 5
6253 3
82 28
650 16
2202 7
1154 7
2624 6
895 14
1763 5
4079 3
69 39
1157 10
1910 7
1470 7
2762 5
224 15
6050 3
2711 5
1982 5
1006 17
3813 3
426 18
4127 3
996 8
1435 5
1840 6
279 30
956 11
3933 3
629 15
483 14
498 19
4145 4
1487 9
372 17
1540 8
2028 7
1284 6
1330 7
1661 8
1606 8
1160 14
99 29
3553 4
869 11
1592 8
1933 7
790 10
2022 5
533 19
2080 4
4114 3
1122 7
5474 3
1697 7
1053 13
462 8
414 14
1770 5
1209 10
6159 3
6275 3
263 17
991 12
931 14
2246 5
476 14
1198 13
1626 6
1409 6
2219 5
2141 6
2464 6
1077 11
1716 5
293 11
1272 10
2854 6
6122 3
6178 3
6202 3
1299 8
1781 7
1663 9
967 7
1611 8
322 24
469 18
635 15
1088 9
575 21
1835 6
4101 3
1566 10
979 13
3950 4
709 18
310 13
40 31
192 24
699 13
1115 7
960 6
818 8
2363 4
1038 7
1707 7
267 24
543 12
1892 6
1777 5
2044 6
354 14
1437 5
3878 5
2813 4
1064 9
2724 5
2517 5
757 12
2577 5
9 40
2734 4
1217 5
1740 5
1600 8
603 16
2750 5
2527 4
4165 4
90 25
1850 5
565 13
1964 8
850 13
2818 5
1004 10
891 12
2106 4
4057 4
2696 3
1360 8
1013 14
233 18
1490 7
2198 7
1693 9
316 22
1806 9
4013 3
4105 3
1738 5
2288 5
2025 8
1370 6
3920 4
11 36
4117 3
2649 6
3804 4
842 6
511 16
899 13
2000 6
2437 4
2531 4
2689 3
199 18
1979 6
1899 7
1929 4
2485 5
1737 7
1948 6
795 10
794 8
1609 9
944 8
1780 6
1113 10
2122 5
674 9
2280 4
1317 9
957 13
280 26
273 18
471 21
2596 5
3996 4
1503 7
3498 4
1509 5
2262 5
1936 4
1325 10
2512 4
131 13
1643 7
1565 10
502 11
314 24
1796 8
4075 3
6248 3
1502 10
2638 6
1872 4
355 12
553 25
1252 6
3488 4
555 16
2643 6
1037 6
4164 3
2513 5
37 43
3875 5
855 15
195 21
2005 5
1706 6
1839 6
1788 6
2828 5
6282 3
679 13
680 10
2186 7
3962 4
831 13
1147 10
1241 6
2783 3
1441 8
647 15
1206 7
334 13
3902 3
1997 5
1027 15
1680 7
423 18
1953 8
1139 7
2757 5
1319 8
1826 6
4043 3
2454 5
1222 8
2036 7
1747 6
820 10
174 28
1799 9
1571 9
422 13
905 8
1552 10
1194 12
41 42
3681 4
52 27
1451 7
302 16
1453 8
866 10
2452 6
2223 6
770 13
593 15
188 24
402 14
1940 5
1097 8
641 13
1641 7
838 7
616 15
2664 6
640 9
1121 7
870 11
1384 8
896 10
1468 7
1726 5
1464 6
1494 9
777 14
2018 7
6129 3
1906 7
2786 3
464 13
1672 5
1685 8
2011 7
1891 4
6 54
3941 5
2768 5
562 18
1304 7
1102 7
2269 5
183 25
3179 4
2544 4
1478 6
439 15
362 13
1379 9
1593 7
2607 5
705 12
1720 6
5953 3
2206 5
2496 4
407 22
3686 4
18 41
376 9
912 15
1432 9
785 13
599 14
1930 5
587 14
1393 8
609 10
1167 11
1235 7
95 13
298 12
923 11
243 32
2051 5
2682 4
148 19
753 14
1343 4
6089 3
2655 6
726 11
2509 4
2703 3
2171 6
2611 5
106 34
4110 3
964 11
157 28
2009 7
65 32
1909 8
935 9
203 27
2627 6
1213 7
1093 6
1023 8
81 20
2742 5
2473 4
1199 13
624 19
86 26
1300 9
2598 5
1158 10
2170 5
371 20
656 19
6209 3
204 30
1041 12
1990 5
435 13
814 11
2492 4
1482 7
885 8
1412 7
884 12
1709 5
339 14
228 14
749 17
268 16
829 14
345 17
596 15
1297 7
1521 6
1862 6
613 14
1082 8
1066 11
121 27
952 10
2691 4
494 15
487 23
1071 12
1956 8
2778 4
2235 5
238 30
873 11
253 21
4158 3
448 10
2631 5
2278 6
4152 3
63 35
5817 3
1637 5
179 30
1105 11
713 15
1334 7
3948 5
2499 5
2805 4
6214 3
1784 6
938 15
2839 6
1679 6
4016 4
3882 5
1830 6
1620 9
2241 5
3917 3
1262 8
1290 6
2162 5
1132 6
6142 3
929 9
2554 4
1925 7
2574 4
547 9
631 13
1583 6
1544 7
1538 7
1616 8
258 12
396 22
1422 8
482 23
2620 4
949 8
499 6
4022 3
1047 13
1055 9
2138 6
4050 3
2447 7
1276 6
141 38
909 16
4121 3
1124 6
2618 4
1230 13
75 33
2793 3
2588 5
1917 10
1163 12
450 18
1702 5
1405 6
1713 7
1060 7
2420 4
4141 5
900 11
318 17
1729 5
473 17
2572 4
1774 7
3 70
248 20
146 17
3888 5
1351 8
356 15
802 12
2720 5
3924 4
528 11
2063 6
164 36
3897 6
807 22
2040 7
2632 6
2678 5
1049 8
882 15
2812 3
1488 9
1050 6
560 13
2830 4
4054 3
798 13
898 12
5936 3
3892 5
2725 4
1031 10
1273 11
451 13
2516 4
454 12
2616 5
2538 4
1364 5
6227 3
1408 7
2448 5
634 14
2721 5
578 21
2551 4
695 12
978 11
2144 3
325 26
378 13
889 13
1233 12
6121 3
540 18
3972 3
1615 8
1162 8
211 25
684 12
2831 5
2073 5
1732 7
861 10
6041 3
337 12
6188 3
76 42
1924 6
2718 5
982 8
571 16
1214 6
1190 13
2592 4
389 19
1660 8
6091 3
6177 3
1345 5
1171 10
3887 5
966 7
4153 3
1123 8
2314 5
2216 5
992 15
758 16
236 23
1954 8
218 22
2843 5
706 10
14 67
2587 5
1608 9
2567 4
2474 5
234 20
594 11
1438 6
6052 3
1903 6
2767 4
2188 7
1778 4
1859 6
160 24
6276 3
98 19
2776 5
1048 9
1278 8
1000 10
1381 8
43 47
1061 10
2582 5
6012 3
3792 4
2054 7
1728 5
2785 4
3955 4
288 20
193 24
119 35
1555 8
586 17
3925 4
2859 3
410 24
3193 4
999 9
1185 6
430 11
447 26
1446 9
1741 6
2118 4
1130 6
415 15
1315 9
189 21
1292 9
3987 4
1356 9
2849 6
5208 3
480 8
1871 6
107 32
1153 7
438 21
87 22
4099 3
1022 6
1832 6
2795 4
2704 5
953 5
221 20
1424 8
6031 3
1560 8
3912 3
417 18
784 12
1762 6
260 23
1844 6
1530 6
762 7
2504 4
1144 11
734 17
2798 5
1723 7
2621 4
2047 5
144 36
1440 9
2524 4
3696 4
381 9
1471 6
1814 8
906 6
1349 8
2205 7
177 25
2213 3
373 15
773 10
1247 6
22 37
205 12
1752 6
1309 6
1576 5
2681 6
1622 7
1260 8
874 18
6255 3
975 11
1708 5
493 17
1436 6
1911 7
2220 5
1591 7
2856 5
6021 3
1677 6
2199 7
1320 7
1026 11
2752 4
4173 3
1993 5
6084 3
1893 6
1469 6
1499 8
1646 6
534 21
400 12
746 10
919 9
744 8
1268 8
633 15
1372 10
1977 5
151 20
2023 8
1825 6
1669 7
1285 6
1952 9
287 12
475 25
3908 3
2595 5
932 9
3594 3
1549 3
1959 5
1525 6
515 6
2545 4
1242 6
2761 4
138 30
1208 11
1107 9
1874 6
1803 7
1201 11
724 14
4104 3
519 19
3958 3
1195 10
17 25
4092 3
2451 6
1327 10
1274 10
2192 7
2667 4
110 16
1995 5
333 17
4080 4
2210 4
2658 6
3985 3
2780 4
646 19
446 16
3901 3
2181 6
2229 5
4005 4
1220 6
1582 5
2842 5
1599 10
1149 10
2652 6
2283 5
2243 6
2407 6
1288 7
1087 7
810 10
1238 14
1587 7
33 49
4166 4
1559 8
7 48
1793 8
227 15
1701 5
1860 4
2443 4
2013 7
1937 5
264 18
255 27
806 14
2230 6
6099 3
1885 6
6026 3
182 28
4146 3
1817 7
2707 6
556 14
717 9
3998 4
2817 5
815 16
671 16
1511 11
2249 6
167 17
692 14
1605 9
663 13
2431 4
1907 6
854 13
1945 7
969 6
1174 8
1946 8
4023 4
510 18
393 13
2276 6
4089 4
1501 7
658 11
274 16
549 18
877 9
1508 6
1128 7
1771 7
3930 3
946 8
4074 4
1724 7
4056 3
3965 4
2148 4
250 16
2644 6
303 19
1361 7
614 13
1765 5
130 20
6005 3
53 28
1373 8
1465 8
1302 7
2239 5
1397 8
941 8
583 15
1879 5
3436 4
1824 6
4135 3
1869 6
591 16
832 15
2135 5
2804 4
3916 4
828 17
4078 4
4149 3
276 13
102 19
1920 6
6006 3
1831 6
2465 7
3949 4
6247 3
2639 7
1218 10
3868 5
1404 8
1543 6
259 15
424 13
1625 7
4124 4
163 22
4070 3
1106 13
1402 7
1836 6
1531 6
2402 4
3976 4
1841 6
347 16
3558 4
1333 8
2586 4
434 12
865 10
2770 3
442 14
4044 3
4134 4
1577 6
1572 7
2851 5
689 17
3929 3
886 11
1116 9
1329 6
2835 3
1725 6
727 17
939 7
320 20
2619 3
4095 3
811 14
1670 6
2010 7
2834 4
465 14
249 10
1612 8
819 7
1189 7
1177 15
1127 6
894 12
1748 7
1298 6
858 10
2127 6
140 27
1900 6
6154 3
954 13
385 14
1479 4
1359 7
2578 4
801 13
985 13
754 8
479 11
847 9
1166 11
2166 4
1563 10
1003 11
1378 7
4147 3
1054 9
1800 6
2821 4
619 15
2101 6
1717 6
2557 4
698 16
1634 7
621 12
524 15
1848 6
2176 6
598 19
2486 4
3395 4
780 8
3490 4
4179 3
240 20
1433 9
1666 9
2209 4
230 25
115 36
377 11
602 11
922 8
2050 6
3815 4
1311 9
2628 6
2741 5
1072 9
2470 6
1787 5
6035 3
612 15
2772 5
936 10
1391 5
1277 6
2251 6
1086 8
701 8
2794 5
214 21
564 13
2562 4
2708 6
3951 4
2789 4
1650 6
2074 6
2539 5
2547 4
731 15
2850 6
1967 5
2779 3
657 9
1865 6
2139 6
1783 7
768 9
1928 8
1092 6
503 12
4181 3
1756 6
2255 6
3877 5
2491 4
4126 3
1483 7
4069 3
338 10
1996 5
761 17
576 19
1775 4
738 14
1415 6
484 22
1078 13
1243 8
2334 4
1036 8
2530 4
1265 13
2065 5
544 18
623 18
4150 4
3885 5
4091 4
1512 7
3253 4
1196 9
1114 12
2564 4
328 23
239 28
122 30
2635 6
6144 3
269 23
1223 10
628 18
878 10
363 17
2277 5
4014 4
4140 4
733 16
2159 6
630 12
997 7
6161 3
1449 7
608 16
1649 4
4062 3
1234 9
6036 3
2226 5
1314 10
4108 4
2748 3
1798 9
1474 7
2535 4
522 16
125 27
1632 7
1423 9
44 25
1687 4
3352 4
2152 5
667 16
1188 7
2008 7
2862 3
714 18
1564 9
1280 8
313 20
2017 6
2663 6
4031 3
2661 6
1324 8
397 14
1096 10
3305 4
1657 7
2185 7
1191 9
2717 5
459 10
823 6
1495 9
1753 6
771 9
401 8
2688 4
186 23
1797 9
1119 6
1914 8
1938 5
2756 4
1705 6
1919 8
915 14
1586 5
4037 3
1986 5
1456 7
2606 4
404 19
516 14
2004 5
1813 8
2060 6
1551 6
6128 3
3981 3
702 17
2214 4
561 15
2195 8
2555 4
2221 6
357 20
1307 6
1812 8
4008 3
1941 7
1769 5
2826 3
2475 4
455 20
1875 6
1673 8
4472 3
4084 4
963 7
297 13
4027 4
2612 4
3751 4
2031 7
1889 6
2272 7
2692 5
2646 6
10 45
1596 7
980 11
550 13
2697 5
1081 13
1651 6
1736 5
958 13
1569 8
592 17
4111 3
2542 3
2123 7
1978 6
1640 4
4118 3
173 26
530 20
66 35
2709 4
2675 5
470 20
2026 7
4142 4
793 11
1205 4
1287 9
1696 8
654 18
2261 6
3469 4
156 40
283 14
3993 3
4178 4
59 41
4161 3
1971 6
6103 3
1226 9
1949 10
2498 4
1256 8
2247 6
1744 9
1853 5
864 7
1016 7
219 22
2480 4
799 14
1170 10
925 6
1896 6
390 23
1515 6
1042 10
1686 5
38 43
3874 5
1955 8
196 22
945 8
4143 3
1169 12
2784 4
118 22
206 35
959 14
1674 9
358 19
331 18
1065 10
1659 8
2746 4
3606 4
737 12
767 9
3037 4
2228 5
2070 5
2173 5
805 13
84 15
1020 9
437 20
4068 4
194 26
4112 3
3503 4
1768 7
2749 5
220 13
1312 13
4129 3
1021 10
1263 10
934 13
1989 5
4035 3
4170 3
4017 3
948 9
4120 3
2160 5
572 22
2450 6
1398 5
3984 3
3986 4
226 24
4159 3
1430 9
527 11
1145 9
1870 6
1448 7
2549 5
62 48
2466 6
833 17
1472 7
1573 9
2743 5
3649 4
548 21
2020 6
2575 5
1110 7
2622 4
1999 5
2204 5
2799 5
1772 6
418 13
3632 4
2324 5
933 11
783 15
4174 4
1357 11
348 13
1152 6
49 25
789 15
2052 7
627 15
993 14
1090 7
1308 5
2117 5
1934 5
715 11
1916 6
2201 7
2503 5
1722 5
4100 3
23 45
388 22
364 17
3931 3
1425 8
950 8
2680 5
1845 6
1445 8
1678 7
1025 11
1992 5
1842 6
2478 4
1466 8
485 15
778 9
2143 6
3555 4
720 12
3881 5
1270 8
460 13
2449 7
1645 5
1389 6
324 9
244 27
4107 3
637 14
5566 3
4168 3
2811 5
752 21
2679 3
1232 11
1607 10
379 18
1386 8
1639 5
3872 5
1035 8
2617 5
3893 5
452 14
3964 4
579 17
295 20
1894 4
3956 3
535 10
6260 3
1618 9
3138 4
77 35
683 14
2260 6
541 12
1215 6
3886 5
3890 5
1712 7
6176 3
765 10
2552 5
2521 5
897 11
312 23
1628 7
3871 5
3911 4
1002 13
237 23
2584 4
370 15
2722 5
2610 4
567 16
416 24
4154 3
380 23
100 26
914 12
1279 6
965 6
300 21
1439 9
2079 5
1395 9
286 33
1075 7
2426 4
800 12
2232 6
1365 5
1407 7
496 19
3946 5
2829 3
605 18
1779 5
1568 8
607 16
1807 8
1699 9
42 46
759 13
2508 4
1228 10
1073 15
235 26
6106 3
2591 5
2187 7
1931 6
694 14
2844 6
816 12
1103 14
2244 6
4010 4
296 21
1062 9
265 20
171 33
1700 5
2609 4
3999 3
445 17
1339 6
2687 3
6079 3
2338 5
2012 8
4002 4
582 21
1884 6
2120 6
4167 3
1858 5
557 10
718 9
2147 5
1581 7
3997 3
1507 9
1604 7
2726 5
441 15
868 10
4041 4
4096 3
672 12
1140 6
983 11
275 22
2035 7
3806 3
197 30
2208 7
1731 5
4024 3
853 12
751 15
1500 10
1746 4
2136 5
1980 4
2275 6
4103 3
4175 3
4004 4
2685 5
4073 3
1295 6
2832 4
3978 4
677 13
1111 7
907 11
4055 4
2238 4
1868 5
590 13
1210 8
664 13
1878 6
1790 5
6219 3
2264 6
1690 9
3915 3
617 12
79 34
4136 3
3943 3
1420 10
4061 3
3437 4
352 11
2502 4
126 35
251 21
1594 8
1034 7
2803 3
369 12
1533 6
3900 3
651 20
176 27
4053 3
947 6
1823 8
256 22
2537 4
2267 5
2810 5
5999 3
920 7
428 24
887 10
72 33
500 20
1221 14
1496 9
1200 14
1757 7
918 14
1682 5
1413 6
1108 6
1275 9
1598 10
2282 5
1014 11
1856 6
843 10
2760 5
2529 4
1491 7
1362 6
4155 3
1804 7
632 13
1371 8
394 19
2484 5
2257 7
610 18
514 10
3973 4
2444 5
2659 6
725 14
3921 3
513 10
4088 4
50 24
3938 4
2645 6
1994 5
2633 6
3907 4
797 11
2459 6
2197 5
4048 3
3543 4
1136 5
1175 8
1236 6
4011 4
1683 6
2413 4
645 14
1326 10
2566 4
1382 10
1452 6
1176 9
1815 8
1039 6
2637 7
1005 12
28 49
2089 4
4130 3
589 15
1337 6
215 29
687 15
2184 8
150 40
5509 4
2336 4
245 27
2604 4
2511 4
2190 7
2546 4
826 15
1344 5
2494 5
3990 4
2666 4
332 17
1099 7
1965 7
34 34
745 10
2653 6
2548 4
2656 6
1410 7
2613 5
620 15
2693 4
1434 10
2713 4
2625 6
4182 5
6279 3
4090 3
2471 5
1045 9
937 11
1619 8
16 24
730 8
921 9
1069 14
1224 11
368 23
4007 3
5998 4
2556 4
994 10
611 9
1786 5
1849 5
849 13
492 13
2740 4
208 17
2440 4
2788 5
1523 6
2271 6
93 32
2773 3
292 15
2445 7
4039 4
291 10
374 17
2790 4
114 17
1306 6
429 9
1939 5
3876 5
1328 6
1091 6
409 16
73 25
4049 4
67 34
1958 8
241 16
1962 6
812 11
2561 5
489 10
585 12
327 23
6112 3
1392 6
1970 5
4125 3
1080 11
1281 6
732 7
2819 4
1864 6
3675 4
1603 10
2233 5
1881 6
622 14
3952 4
970 6
2375 5
24 48
1416 7
2771 5
2256 5
2759 5
1658 10
2049 5
104 33
1558 9
2057 6
1237 11
1635 5
1513 6
2175 5
1264 10
2490 6
159 28
747 15
2563 4
1633 7
47 38
3991 4
1427 11
1942 7
1484 8
1017 6
270 14
1057 15
538 13
2840 5
1602 9
521 15
2007 5
1332 6
162 35
433 10
880 9
2164 4
1912 9
1399 7
786 7
986 14
740 11
1117 9
1008 11
103 26
4148 4
4082 3
201 23
871 11
1401 7
719 8
902 11
827 13
266 13
2039 7
6039 3
1742 6
1353 5
2585 4
3826 4
4042 3
1624 8
1695 8
1219 9
2534 4
97 27
2378 4
1704 4
3645 4
668 10
1749 5
750 13
688 15
1126 6
774 17
910 12
2128 4
6224 3
1341 4
3926 5
693 16
4123 3
2684 4
2570 5
893 13
1915 7
3979 4
3959 4
2737 4
83 35
804 11
1385 10
2558 5
2672 6
1818 8
962 19
2094 6
1085 7
755 10
1837 6
1714 6
143 23
3942 3
4020 3
1403 6
6068 3
2822 5
1051 8
2268 6
1497 10
497 9
518 12
1211 12
2852 5
6025 3
2732 5
169 21
411 16
1711 6
2102 7
2836 5
2579 5
478 14
398 15
384 18
836 7
2016 7
4028 4
3934 4
1735 5
3989 3
942 9
955 13
1376 8
1888 4
2030 7
2286 7
4119 3
2647 6
1595 8
190 9
2816 4
1750 6
1808 8
2802 4
601 13
822 10
1739 7
231 18
1610 9
779 7
551 20
343 18
504 21
3910 3
981 11
697 11
2823 4
3894 5
6230 3
857 11
707 9
1010 6
1966 6
1665 10
3310 4
4077 3
261 26
4083 3
1782 6
3873 5
2698 4
2439 5
2252 3
2506 5
321 12
792 10
1248 5
1079 12
1590 8
3994 4
3980 3
924 9
2053 7
2462 7
4064 3
760 11
4162 4
863 8
2481 4
2027 7
531 16
2469 4
172 31
1745 7
4045 3
2594 4
3922 5
3966 4
2111 6
1366 8
223 26
1897 6
721 17
1043 13
1255 10
6014 3
669 7
2660 6
282 22
420 14
1852 6
639 17
989 12
1505 9
1348 5
2248 6
1137 7
577 15
2809 4
1227 9
1417 7
216 21
852 12
643 11
1951 6
2766 4
1120 6
4032 4
1475 8
1794 6
2193 7
2636 6
676 12
1251 7
277 24
2456 7
3904 3
1192 9
879 11
3899 4
2640 7
1095 7
2700 5
3961 4
1444 8
2747 5
1883 7
1846 4
2215 7
133 25
123 12
304 14
2515 4
2600 5
1631 7
1828 6
2605 5
56 47
1369 6
3977 4
1151 12
54 30
306 19
1204 7
70 46
839 7
4038 3
2520 5
166 30
2225 4
88 24
1578 6
1009 9
30 26
6087 3
403 14
466 25
134 22
2151 5
618 14
848 12
1829 6
1904 6
1761 6
1629 8
2755 4
2196 7
1918 8
1323 5
1455 7
2662 6
1492 8
703 17
2729 5
1134 6
4131 3
1100 8
1377 8
2488 4
1461 6
185 34
2487 4
1719 5
3869 5
4 47
2716 5
1985 6
1691 10
3567 3
2003 6
