*Vertices 195
0.0548804
0.0510257
0.0386123
0.0350843
0.0312296
0.0277016
0.0263295
0.0261335
0.0254802
0.0246309
0.0235202
0.0209068
0.0202535
0.0194042
0.0190122
0.0182281
0.0165295
0.0164641
0.0155495
0.0149615
0.0147655
0.0144388
0.0114988
0.0109108
0.0107148
0.0103881
0.00973474
0.00966941
0.00940808
0.00914674
0.00908141
0.0088854
0.00875474
0.00862407
0.00862407
0.00855874
0.00836273
0.00816673
0.00803606
0.00738273
0.00738273
0.00666405
0.00614138
0.00594538
0.00588005
0.00574938
0.00568405
0.00561871
0.00561871
0.00561871
0.00548804
0.00509604
0.00490004
0.00483471
0.00483471
0.00476937
0.00470404
0.0046387
0.00457337
0.00437737
0.00431203
0.0042467
0.0042467
0.00418137
0.00418137
0.0040507
0.00398537
0.00392003
0.0038547
0.00378936
0.0036587
0.00352803
0.00352803
0.00346269
0.00339736
0.00300536
0.00300536
0.00280936
0.00274402
0.00274402
0.00267869
0.00261335
0.00261335
0.00241735
0.00235202
0.00235202
0.00228668
0.00228668
0.00222135
0.00215602
0.00209068
0.00196002
0.00189468
0.00189468
0.00189468
0.00182935
0.00182935
0.00182935
0.00182935
0.00182935
0.00176401
0.00169868
0.00163335
0.00156801
0.00156801
0.00143734
0.00143734
0.00143734
0.00143734
0.00137201
0.00130668
0.00130668
0.00130668
0.00124134
0.00124134
0.00117601
0.00117601
0.00117601
0.00117601
0.00117601
0.00111068
0.00104534
0.00084934
0.00084934
0.000784006
0.000784006
0.000784006
0.000718672
0.000718672
0.000653339
0.000653339
0.000653339
0.000653339
0.000653339
0.000653339
0.000653339
0.000588005
0.000588005
0.000522671
0.000522671
0.000457337
0.000392003
0.000392003
0.000392003
0.000392003
0.000392003
0.000392003
0.000392003
0.000392003
0.000392003
0.000392003
0.000392003
0.000392003
0.000392003
0.000392003
0.000392003
0.000392003
0.000392003
0.000326669
0.000261335
0.000261335
0.000261335
0.000261335
0.000261335
0.000130668
0.000130668
0.000130668
0.000130668
0.000130668
0.000130668
0.000130668
0.000130668
0.000130668
0.000130668
0.000130668
0.000130668
0.000130668
0.000130668
0.000130668
0.000130668
0.000130668
0.000130668
0.000130668
0.000130668
0.000130668
0.000130668
0.000130668
0.000130668
0.000130668
0.000130668
0.000130668
0.000130668
0.000130668
0.000130668
0.000130668
