2 5.26952738251287 0.427156614985315 91 10.6885245901639 15.2407359484178 R6
552 4.99604105063242 0.0688775510204081 54 8 9.20729023917391 R5
447 4.44664289479863 0.177287290850837 48 7.92857142857143 9.0116138218118 R5
104 4.44359550618552 0.523076923076923 44 6 8.55163345698404 R6
482 4.41899873808872 0.514974433893353 51 10.5090909090909 9.16291483450888 R6
29 4.04855531009265 0.529730902777778 65 11.7241379310345 13.1592279191923 R6
183 3.90926606576648 0.636316872427984 64 11.6 13.4040505605049 R6
172 3.90760385814852 0.699154147203636 47 10.1714285714286 9.42484774954168 R6
295 3.71339867040458 0.432355555555555 56 11.7894736842105 11.9056773160779 R6
156 3.69684550213647 0.779092702169625 33 7.375 6.93158531650589 R7
209 3.69632690668401 0.524029903880385 36 6.24 8.05123592996752 R6
126 3.68855740841272 0.671714440237966 24 6.125 4.84606799374503 R6
133 3.6345101746541 0.632373113854595 32 6.6 6.98856208386246 R6
185 3.41493721629889 0.7644672796106 38 8.81481481481481 8.54633140717478 R7
47 3.38692735927186 0.582726326742976 39 8.41379310344828 9.03066515814716 R6
222 3.3011185011088 0.144168962350781 61 10.6885245901639 15.2407359484178 R5
175 3.22363165936631 0.30991124260355 43 13.0909090909091 9.27807332521678 R6
123 3.20572137578881 0.55801652892562 36 9.57894736842105 8.24184310936183 R6
10 3.19230769230769 0.283038501560874 26 6.47058823529412 6.11764705882353 R5
430 3.09597373709515 0.734545454545454 27 8.72727272727273 5.90209375931979 R6
4 3.03488372093023 0.582644628099174 27 6.92307692307692 6.61538461538461 R6
135 3.03468323315324 0.758264462809917 18 6 3.95428421289665 R7
168 3.00896327064545 0.323731138545953 22 6.625 5.10973335899242 R6
98 3.00860833907158 0.71301775147929 13 3.45454545454545 3.17271424847548 R6
897 3.00166343234295 0.1789802289282 28 10.1875 5.93420961459907 R5
122 2.94690013589244 0.715526843394966 34 8.81481481481481 8.54633140717478 R6
220 2.88369506602218 0.513888888888889 33 8.35294117647059 8.54704060562408 R6
115 2.80236701193209 0.110726643598616 16 4.66666666666667 4.04420023682749 R5
206 2.77620946606771 0.238645525396399 53 10.6885245901639 15.2407359484178 R5
62 2.77350098112615 0.849253055681304 28 8 7.21110255092798 R7
184 2.73283652308595 0.8371875 28 8.8 7.02566722810012 R7
48 2.72252447256013 0.528946272386506 33 8.41379310344828 9.03066515814716 R6
197 2.67827550036058 0.50887573964497 27 8.15384615384616 7.03667484678724 R6
339 2.6499947000159 0.673469387755102 15 4.28571428571429 4.0431347708814 R6
18 2.63620645768396 0.344489795918367 28 9.33333333333333 7.08088192874933 R6
179 2.49612011742204 0.249702734839477 25 10.1875 5.93420961459907 R2
1228 2.46120338937963 0.095 19 6.66666666666667 5.01109879279097 R2
511 2.4545583471108 0.530437878248487 33 10.5090909090909 9.16291483450888 R2
139 2.45428157513696 0.698216735253772 26 6.24 8.05123592996752 R3
659 2.44948974278314 0 4 3.14285714285714 0.349927106111888 R1
155 2.40039679259592 0.595555555555556 9 3.5 2.29128784747792 R2
41 2.39844122821537 0.835548502281293 24 7.375 6.93158531650589 R4
343 2.37860337397709 0.231111111111111 13 5.33333333333333 3.22317993430229 R2
352 2.36785938778328 0.0739644970414202 25 13.1111111111111 5.02094379008667 R2
559 2.33533097679906 0.41141498216409 22 7.45454545454545 6.22843386653114 R2
163 2.31606621227732 0.505671077504726 32 10.1714285714286 9.42484774954168 R2
75 2.27958921475231 0.670701317194731 29 8.41379310344828 9.03066515814716 R3
39 2.26797115265842 0.590830449826989 42 11.6 13.4040505605049 R2
15 2.25130043102663 0.5933571026459 45 10.6885245901639 15.2407359484178 R2
1066 2.23606797749979 0.277777777777778 5 3.33333333333333 0.74535599249993 R2
200 2.21359436211787 0.589774078478002 17 7.66666666666667 4.21637021355784 R2
54 2.2125304198419 0.297777777777778 25 9.33333333333333 7.08088192874933 R2
95 2.19848432637882 0.603550295857988 7 2.85714285714286 1.88441513689613 R2
150 2.15727748652002 0.444444444444444 6 2.85714285714286 1.45686271816937 R2
360 2.1380899352994 0.277777777777778 5 2.33333333333333 1.24721912892465 R2
361 2.11136381110815 0.706666666666667 15 6.22222222222222 4.15739709641549 R3
998 2.09019904287485 0 8 3.71428571428571 2.05038572777248 R1
362 2.08866889773139 0.683127572016461 14 6.4 3.63868107973205 R3
872 2.08471382833034 0.277008310249308 16 6.75 4.43705983732471 R2
17 2.07130507389454 0.58125 24 9.33333333333333 7.08088192874933 R2
1194 2.06691845478581 0 10 4.70588235294118 2.56135777142085 R1
746 2.04688727422627 0 16 7.29411764705882 4.25322999588829 R1
748 2.04688727422627 0 16 7.29411764705882 4.25322999588829 R1
314 2.02776776413453 0.68678459937565 16 7.66666666666667 4.10960933531265 R3
690 2.02081924160471 0.426666666666667 11 4.66666666666667 3.13404247294484 R2
820 2 0.408163265306122 5 3 1 R2
236 1.99007438041998 0.517361111111111 16 6 5.02493781056044 R2
758 1.97829483782291 0.5078125 11 4.30769230769231 3.38286668112247 R2
459 1.96703374834172 0 15 8.23529411764706 3.43903905464552 R1
1236 1.94028500029066 0.21875 7 3 2.06155281280883 R2
531 1.94008776101652 0.739669421487603 9 4.90909090909091 2.10862063722604 R3
525 1.93777369355073 0.467120181405896 15 6 4.64450520200253 R2
303 1.93649167310371 0.665 11 6 2.58198889747161 R3
557 1.92304789528165 0.513888888888889 8 3.33333333333333 2.42670329642684 R2
247 1.91154188953244 0.455 13 5.25 4.05431868505671 R2
433 1.90995394726268 0.298611111111111 20 8.72727272727273 5.90209375931979 R2
312 1.90888046072804 0.750873421123354 28 10.5090909090909 9.16291483450888 R3
293 1.90888046072804 0.1789802289282 28 10.5090909090909 9.16291483450888 R2
598 1.90799618401145 0.337777777777778 12 4.28571428571429 4.0431347708814 R2
1155 1.89350623280161 0.527777777777778 8 4.5 1.84842275106824 R2
449 1.87733594327239 0 5 2.57142857142857 1.29362644830535 R1
355 1.87082869338697 0.56 3 2 0.534522483824849 R2
1337 1.86253229466567 0.110726643598616 16 6.66666666666667 5.01109879279097 R2
365 1.84530662431836 0.142011834319526 12 6.625 2.91279504943276 R2
180 1.83711730708738 0.277777777777778 5 3.2 0.979795897113271 R2
125 1.82574185835055 0.882352941176471 6 4 1.09544511501033 R4
195 1.82247868888187 0.291666666666667 30 13.0909090909091 9.27807332521678 R2
1186 1.78240734542281 0.63905325443787 7 3.09090909090909 2.19315237851179 R3
666 1.78237468118581 0.682222222222223 16 7.14285714285714 4.96929346597888 R3
736 1.76878630052591 0 35 11.7241379310345 13.1592279191923 R1
27 1.76776695296637 0.875283446712018 4 2.33333333333333 0.942809041582064 R4
654 1.76776695296637 0.444444444444444 4 2.33333333333333 0.942809041582064 R2
56 1.74574095303312 0.669349112426036 35 11.6 13.4040505605049 R3
494 1.74052254871519 0.640955004591368 19 8.72727272727273 5.90209375931979 R3
813 1.73205080756888 0 4 2 1.15470053837925 R1
524 1.72246550537842 0.304498269896194 14 6 4.64450520200253 R2
307 1.7169312044273 0.37037037037037 7 4.18181818181818 1.64140637138798 R2
383 1.7169312044273 0.75 7 4.18181818181818 1.64140637138798 R3
7 1.71601618245911 0.15625 22 10.3333333333333 6.79869268479038 R2
424 1.71480594836834 0.165289256198347 10 5.85714285714286 2.41593350361254 R2
329 1.70927997620004 0.477508650519031 24 11.2258064516129 7.47343543846213 R2
252 1.70174251924607 0 10 4.66666666666667 3.13404247294484 R1
213 1.68348745736951 0.3488 20 8.15384615384616 7.03667484678724 R2
315 1.67945115392884 0.585365853658537 26 10.1714285714286 9.42484774954168 R2
1005 1.67619599913701 0.42 7 3.81818181818182 1.89823754707465 R2
517 1.66666666666667 0.7265625 6 3.5 1.5 R3
474 1.66666666666667 0.277777777777778 5 2.5 1.5 R2
286 1.65144564768954 0.731301939058172 9 4 3.02765035409749 R3
281 1.64646389984535 0.459183673469388 10 5.71428571428571 2.60298102261266 R2
398 1.63902877344102 0.569444444444444 15 6.625 5.10973335899242 R2
266 1.62746694241347 0.260355029585799 11 5.4 3.44093010681705 R2
218 1.59669989335834 0 22 8.35294117647059 8.54704060562408 R1
1264 1.59544807043493 0.446280991735537 8 4 2.50713268211204 R2
376 1.58147372889839 0.400367309458218 25 10.5090909090909 9.16291483450888 R2
802 1.58113883008419 0 5 3.33333333333333 1.05409255338946 R1
848 1.58113883008419 0 3 2 0.632455532033676 R1
634 1.58113883008415 0.497777777777778 7 6.28571428571428 0.451753951452637 R2
397 1.58113883008415 0.462809917355372 7 6.28571428571428 0.451753951452637 R2
349 1.57648156273616 0.429752066115702 8 3.66666666666667 2.74873708374511 R2
1375 1.5754727053359 0.0798611111111109 23 11.2258064516129 7.47343543846213 R2
87 1.5754727053359 0.210059171597633 23 11.2258064516129 7.47343543846213 R2
740 1.56892908110547 0.446280991735537 8 4.8 2.03960780543711 R2
431 1.56892908110547 0.592592592592593 4 2.4 1.01980390271856 R2
227 1.5556349186104 0.63905325443787 7 3.33333333333333 2.35702260395516 R3
228 1.5556349186104 0.765625 7 3.33333333333333 2.35702260395516 R3
345 1.55065968366546 0.84297520661157 7 3.71428571428571 2.1189138534559 R4
891 1.51121930366965 0.314049586776859 9 4.66666666666667 2.86744175568087 R2
234 1.50755672288882 0.493827160493827 5 3.33333333333333 1.10554159678513 R2
204 1.50208188857998 0.653061224489796 14 7.66666666666667 4.21637021355784 R3
401 1.50199376398006 0 11 6.625 2.91279504943276 R1
390 1.5 0.551020408163265 9 6 2 R2
1200 1.5 0 9 6 2 R1
452 1.46584408610137 0.544378698224852 8 4.90909090909091 2.10862063722604 R2
791 1.46481709925035 0 31 11.7241379310345 13.1592279191923 R1
1227 1.46341823152303 0.124444444444444 14 6.66666666666667 5.01109879279097 R2
622 1.44672440363159 0 38 21.4545454545455 11.4364937122246 R1
90 1.44166543447175 0.6725 22 11.2258064516129 7.47343543846213 R3
317 1.42947691667937 0.27 17 8.83333333333333 5.7130455003342 R2
1086 1.4142135623731 0.32 4 2.66666666666667 0.942809041582063 R2
965 1.4142135623731 0 2 1.33333333333333 0.471404520791032 R1
843 1.41421356237309 0.6484375 8 4 2.82842712474619 R3
565 1.41421356237309 0 2 1.33333333333333 0.471404520791032 R1
495 1.38857123738785 0.5216 17 7.375 6.93158531650589 R2
161 1.38708028858848 0.18 9 4.30769230769231 3.38286668112247 R2
61 1.38675049056307 0.185 18 8 7.21110255092798 R2
64 1.38675049056307 0.0997229916897508 18 8 7.21110255092798 R2
148 1.38574011662584 0.775034293552812 21 9.57894736842105 8.24184310936183 R3
458 1.38547594448417 0 13 8.23529411764706 3.43903905464552 R1
1348 1.38547594448417 0 13 8.23529411764706 3.43903905464552 R1
259 1.38266579688743 0.18 9 4.66666666666667 3.13404247294484 R2
932 1.38086192684749 0 5 2.85714285714286 1.55182578445717 R1
1134 1.38086192684749 0.277777777777778 5 2.85714285714286 1.55182578445717 R2
14 1.3727193818722 0.5888 30 11.6 13.4040505605049 R2
949 1.36320257434528 0.266117969821674 23 10.5090909090909 9.16291483450888 R2
66 1.35680105059994 0.693877551020408 5 3.2 1.32664991614216 R3
1156 1.35250445200115 0 7 4.5 1.84842275106824 R1
1500 1.34164078649987 0 4 2.5 1.11803398874989 R1
521 1.3395412642085 0.32 20 7.92857142857143 9.0116138218118 R2
785 1.33630620956212 0.5625 5 3.33333333333333 1.24721912892465 R2
378 1.33333333333333 0.394557823129252 16 10.6666666666667 4 R2
916 1.33333333333333 0.110726643598616 16 10.6666666666667 4 R2
165 1.32644267566348 0.754325259515571 6 3.09090909090909 2.19315237851179 R3
316 1.32644267566348 0.896449704142012 6 3.09090909090909 2.19315237851179 R4
186 1.31651904927323 0.4672 18 10.1875 5.93420961459907 R2
560 1.31355623230602 0.0950000000000001 19 13.1111111111111 4.48316466707378 R2
561 1.31355623230602 0.0950000000000001 19 13.1111111111111 4.48316466707378 R2
273 1.30785816360761 0 21 11.2258064516129 7.47343543846213 R1
850 1.29184912903382 0.142011834319526 12 6 4.64450520200253 R2
632 1.28608259408895 0.197530864197531 8 4.70588235294118 2.56135777142085 R2
944 1.26491106406735 0 13 7.66666666666667 4.21637021355784 R1
337 1.26491106406735 0.244897959183674 6 4 1.58113883008419 R2
384 1.25443892688189 0.532235939643347 16 8.83333333333333 5.7130455003342 R2
45 1.24939009510885 0.21875 7 4.33333333333333 2.13437474581095 R2
445 1.24570120990457 0 19 8.35294117647059 8.54704060562408 R1
681 1.22474487139159 0.567901234567901 5 4 0.816496580927725 R2
386 1.22474487139159 0 3 2 0.816496580927726 R1
1034 1.22474487139159 0.375 3 2 0.816496580927726 R2
1011 1.22474487139159 0 5 4.4 0.489897948556638 R1
811 1.22474487139159 0.7 5 4.4 0.489897948556638 R3
212 1.22395299821041 0.0997229916897509 18 9.33333333333333 7.08088192874933 R2
244 1.21846730636777 0.375 6 3.55555555555556 2.00616334280753 R2
245 1.21846730636777 0.518518518518518 6 3.55555555555556 2.00616334280753 R2
704 1.21355975243384 0 6 3.75 1.85404962177392 R1
705 1.21355975243384 0 6 3.75 1.85404962177392 R1
102 1.21267812518166 0.765432098765432 7 3.66666666666667 2.74873708374511 R3
132 1.2019639947675 0.721453287197232 15 6.6 6.98856208386246 R3
131 1.2019639947675 0.802721088435374 15 6.6 6.98856208386246 R4
583 1.1965860528262 0.37037037037037 7 4 2.50713268211204 R2
546 1.1935924297729 0.185493460166468 26 11.7894736842105 11.9056773160779 R2
322 1.19207912135854 0 9 6 2.51661147842358 R1
873 1.18321595661992 0.142011834319526 12 6.75 4.43705983732471 R2
88 1.17405089274346 0.601108033240997 20 11.2258064516129 7.47343543846213 R2
1083 1.17159019035859 0.459183673469388 10 5.25 4.05431868505671 R2
223 1.16714893173462 0.703673469387755 17 8.8 7.02566722810012 R3
110 1.165997668007 0 11 7.33333333333333 3.1446603773522 R1
366 1.15868090364176 0 10 6.625 2.91279504943276 R1
367 1.15868090364176 0 10 6.625 2.91279504943276 R1
645 1.14922334022343 0.614958448753463 11 6.22222222222222 4.15739709641549 R2
1309 1.14800461096625 0 17 10.1875 5.93420961459907 R1
483 1.14493141979218 0.229166666666667 21 10.5090909090909 9.16291483450888 R2
1205 1.13759291798904 0.18 9 5.33333333333333 3.22317993430229 R2
1206 1.13759291798904 0.18 9 5.33333333333333 3.22317993430229 R2
793 1.10642555363582 0 12 7.29411764705882 4.25322999588829 R1
40 1.10003695429427 0.584022038567493 15 7.375 6.93158531650589 R2
160 1.09147301397126 0.527777777777778 8 4.30769230769231 3.38286668112247 R2
766 1.08803171043521 0.290123456790123 15 6.24 8.05123592996752 R2
385 1.07871977994119 0.836565096952909 6 3.71428571428571 2.1189138534559 R4
128 1.07149326926815 0.314049586776859 9 4.66666666666667 4.04420023682749 R2
113 1.07149326926815 0.297520661157025 9 4.66666666666667 4.04420023682749 R2
137 1.0690449676497 0.32 4 2.66666666666667 1.24721912892465 R2
589 1.06801170477486 0 23 13.0909090909091 9.27807332521678 R1
9 1.06730769230769 0 13 6.47058823529412 6.11764705882353 R1
534 1.06321906614239 0 22 13.3333333333333 8.15134617375833 R1
100 1.06066017177982 0.37037037037037 7 4 2.82842712474619 R2
267 1.04622874869437 0.18 9 5.4 3.44093010681705 R2
268 1.04622874869437 0.18 9 5.4 3.44093010681705 R2
73 1.04418512757325 0.498269896193772 9 5.75 3.11247489949718 R2
188 1.04418512757325 0 9 5.75 3.11247489949718 R1
821 1.04283609558036 0.621913580246914 20 10.1714285714286 9.42484774954168 R3
1517 1.04024362187932 0 19 11.2258064516129 7.47343543846213 R1
1516 1.04024362187932 0 19 11.2258064516129 7.47343543846213 R1
107 1.02174386479325 0.4672 18 9.57894736842105 8.24184310936183 R2
34 1.008863297337 0.534626038781163 25 11.7241379310345 13.1592279191923 R2
568 1.00663751807384 0 17 7.92857142857143 9.0116138218118 R1
1408 1 0.444444444444444 4 3.5 0.5 R2
391 1 0.375 3 2.5 0.5 R2
711 1 0 4 3.5 0.5 R1
1075 1 0 3 2.5 0.5 R1
1210 1 0 4 3 1 R1
327 1 0.489795918367347 4 3.5 0.5 R2
1211 1 0 4 3 1 R1
1405 1 0.444444444444444 4 3.5 0.5 R2
845 0.995037190209989 0 11 6 5.02493781056044 R1
530 0.991600411186222 0.512396694214876 7 4.90909090909091 2.10862063722604 R2
614 0.990867388613725 0 7 4 3.02765035409749 R1
612 0.990867388613725 0 7 4 3.02765035409749 R1
611 0.990867388613725 0 7 4 3.02765035409749 R1
613 0.990867388613725 0 7 4 3.02765035409749 R1
884 0.97949017265928 0.480151228733459 16 10.1875 5.93420961459907 R2
643 0.97949017265928 0.433884297520661 16 10.1875 5.93420961459907 R2
617 0.977486292515038 0 17 8 9.20729023917391 R1
765 0.977431276779317 0 12 7.14285714285714 4.96929346597888 R1
285 0.970142500145332 0.277777777777778 5 3 2.06155281280883 R2
1117 0.955769812747478 0.304498269896194 14 7.375 6.93158531650589 R2
533 0.94053994312596 0 21 13.3333333333333 8.15134617375833 R1
760 0.936733585855618 0.671296296296296 19 10.1714285714286 9.42484774954168 R3
1025 0.922088081435521 0 32 21.4545454545455 11.4364937122246 R1
1458 0.906436351015174 0 18 11.2258064516129 7.47343543846213 R1
1150 0.904534033733291 0 7 5.5 1.6583123951777 R1
1151 0.904534033733291 0 7 5.5 1.6583123951777 R1
630 0.895664663740519 0.21875 7 4.70588235294118 2.56135777142085 R2
1126 0.895664663740519 0 7 4.70588235294118 2.56135777142085 R1
562 0.895664663740519 0.21875 7 4.70588235294118 2.56135777142085 R2
631 0.895664663740519 0.21875 7 4.70588235294118 2.56135777142085 R2
487 0.886968593983625 0.197530864197531 8 5.85714285714286 2.41593350361254 R2
795 0.871310123488209 0 11 7.29411764705882 4.25322999588829 R1
812 0.866025403784439 0.819444444444445 3 2 1.15470053837925 R4
1333 0.864747136809061 0.152777777777778 11 6.66666666666667 5.01109879279097 R2
30 0.85687869669922 0.1472 23 11.7241379310345 13.1592279191923 R2
911 0.833333333333333 0 14 10.6666666666667 4 R1
170 0.830631076130872 0.537722908093279 18 10.1714285714286 9.42484774954168 R2
687 0.81786082010953 0 20 13.3333333333333 8.15134617375833 R1
85 0.817524687962529 0.258503401360544 18 10.5090909090909 9.16291483450888 R2
667 0.817524687962529 0.0997229916897508 18 10.5090909090909 9.16291483450888 R2
207 0.816496580927726 0.568047337278107 6 5 1.22474487139159 R2
853 0.816496580927726 0.244897959183674 6 5 1.22474487139159 R2
606 0.816496580927725 0.777777777777778 4 3.2 0.979795897113273 R3
1128 0.816496580927725 0 4 3.2 0.979795897113273 R1
1129 0.816496580927725 0 4 3.2 0.979795897113273 R1
364 0.815368043303462 0.5 9 6.625 2.91279504943276 R2
1106 0.813733471206735 0 7 4.66666666666667 2.86744175568087 R1
642 0.810975734352307 0.365650969529086 15 10.1875 5.93420961459907 R2
1677 0.803918140626615 0 11 8.23529411764706 3.43903905464552 R1
159 0.795865739354044 0 7 4.30769230769231 3.38286668112247 R1
201 0.790569415042095 0 11 7.66666666666667 4.21637021355784 R1
46 0.78086880944303 0.755102040816327 6 4.33333333333333 2.13437474581095 R3
249 0.775884868014722 0.486328125 22 11.6 13.4040505605049 R2
38 0.775884868014722 0.0831758034026464 22 11.6 13.4040505605049 R2
225 0.774533444602008 0.326530612244898 17 13.1111111111111 5.02094379008667 R2
1456 0.772629080151029 0 17 11.2258064516129 7.47343543846213 R1
1457 0.772629080151029 0 17 11.2258064516129 7.47343543846213 R1
309 0.767441860465116 0.498614958448754 12 6.92307692307692 6.61538461538461 R2
553 0.760267116400585 0 15 8 9.20729023917391 R1
1046 0.744512352170155 0.21875 7 4.66666666666667 3.13404247294484 R2
633 0.742186955283504 0 22 10.6885245901639 15.2407359484178 R1
535 0.740384615384615 0.426666666666667 11 6.47058823529412 6.11764705882353 R2
140 0.729790930249708 0.6976 12 7.45454545454545 6.22843386653114 R3
699 0.729790930249708 0.790657439446367 12 7.45454545454545 6.22843386653114 R3
1278 0.729324957489473 0 13 8.83333333333333 5.7130455003342 R1
1041 0.72372400396182 0.296296296296296 15 8.81481481481481 8.54633140717478 R2
242 0.722897396012249 0 8 5.75 3.11247489949718 R1
243 0.722897396012249 0 8 5.75 3.11247489949718 R1
493 0.720003408308225 0.5625 5 3.55555555555556 2.00616334280753 R2
789 0.720003408308225 0.408163265306122 5 3.55555555555556 2.00616334280753 R2
1247 0.714544622908107 0 9 6.4 3.63868107973205 R1
1246 0.714544622908107 0 9 6.4 3.63868107973205 R1
1245 0.714544622908107 0 9 6.4 3.63868107973205 R1
1048 0.708389110685977 0.331065759637188 17 10.5090909090909 9.16291483450888 R2
906 0.707106781186548 0 3 2.66666666666667 0.471404520791032 R1
301 0.707106781186548 0.73469387755102 3 2.33333333333333 0.942809041582064 R3
776 0.707106781186548 0.375 3 2.66666666666667 0.471404520791032 R2
908 0.707106781186548 0.56 3 2.66666666666667 0.471404520791032 R2
406 0.707106781186548 0 3 2.66666666666667 0.471404520791032 R1
374 0.707106781186548 0.56 3 2.66666666666667 0.471404520791032 R2
777 0.707106781186548 0.375 3 2.66666666666667 0.471404520791032 R2
497 0.707106781186548 0.375 3 2.66666666666667 0.471404520791032 R2
499 0.707106781186548 0.375 3 2.66666666666667 0.471404520791032 R2
325 0.707106781186547 0 5 3.33333333333333 2.35702260395516 R1
1471 0.707106781186547 0 3 2.33333333333333 0.942809041582064 R1
1402 0.707106781186547 0 4 3.33333333333333 0.942809041582064 R1
1401 0.707106781186547 0 4 3.33333333333333 0.942809041582064 R1
686 0.695181697093101 0.534859521331946 19 13.3333333333333 8.15134617375833 R2
688 0.695181697093101 0 19 13.3333333333333 8.15134617375833 R1
63 0.693375245281536 0.13265306122449 13 8 7.21110255092798 R2
703 0.674199862463242 0.617283950617284 5 3.75 1.85404962177392 R2
1530 0.6672355296539 0.255102040816327 12 7.375 6.93158531650589 R2
714 0.6672355296539 0.652892561983471 12 7.375 6.93158531650589 R3
1105 0.66070340414828 0 14 8.35294117647059 8.54704060562408 R1
1020 0.659769920337485 0.0644444444444445 29 21.4545454545455 11.4364937122246 R2
394 0.659769920337485 0 29 21.4545454545455 11.4364937122246 R1
551 0.651657528343359 0 14 8 9.20729023917391 R1
698 0.645924564516908 0.665289256198347 9 6 4.64450520200253 R3
1287 0.644386076225593 0 16 13.1111111111111 4.48316466707378 R1
968 0.642461296045334 0.43213296398892 14 10.1875 5.93420961459907 R2
590 0.636887713856567 0 19 13.0909090909091 9.27807332521678 R1
788 0.636194693340597 0.355029585798817 10 7.29411764705882 4.25322999588829 R2
798 0.632455532033676 0 4 3.33333333333333 1.05409255338946 R1
801 0.632455532033676 0 4 3.33333333333333 1.05409255338946 R1
799 0.632455532033676 0.489795918367347 4 3.33333333333333 1.05409255338946 R2
800 0.632455532033676 0 4 3.33333333333333 1.05409255338946 R1
336 0.632455532033676 0.277777777777778 5 4 1.58113883008419 R2
1481 0.627059712862456 0 5 3.71428571428571 2.05038572777248 R1
248 0.626676239550353 0.433470507544582 20 11.6 13.4040505605049 R2
1354 0.622587085393748 0 5 3.81818181818182 1.89823754707465 R1
1356 0.622587085393748 0 5 3.81818181818182 1.89823754707465 R1
1358 0.622587085393748 0 5 3.81818181818182 1.89823754707465 R1
1357 0.622587085393748 0 5 3.81818181818182 1.89823754707465 R1
1355 0.622587085393748 0 5 3.81818181818182 1.89823754707465 R1
346 0.610959696523232 0.369822485207101 20 10.6885245901639 15.2407359484178 R2
410 0.606779876216918 0.710059171597633 5 3.71428571428571 2.1189138534559 R3
471 0.606478434863123 0 4 2.85714285714286 1.88441513689613 R1
233 0.603022689155528 0 4 3.33333333333333 1.10554159678513 R1
231 0.603022689155528 0 4 3.33333333333333 1.10554159678513 R1
1169 0.603022689155527 0.805555555555556 4 3.2 1.32664991614216 R4
738 0.588348405414552 0 6 4.8 2.03960780543711 R1
966 0.588348405414552 0.375 3 2.4 1.01980390271856 R2
696 0.584683619234937 0.152777777777778 11 6 8.55163345698404 R2
1000 0.577350269189626 0 8 7.5 0.866025403784439 R1
1580 0.577350269189626 0 5 4.5 0.866025403784439 R1
1579 0.577350269189626 0 5 4.5 0.866025403784439 R1
1003 0.577350269189626 0 8 7.5 0.866025403784439 R1
1002 0.577350269189626 0 8 7.5 0.866025403784439 R1
1581 0.577350269189626 0 5 4.5 0.866025403784439 R1
129 0.576957914221314 0 7 4.66666666666667 4.04420023682749 R1
166 0.576923076923077 0.448979591836735 10 6.47058823529412 6.11764705882353 R2
1022 0.572330533304806 0 28 21.4545454545455 11.4364937122246 R1
1026 0.572330533304806 0 28 21.4545454545455 11.4364937122246 R1
1019 0.572330533304806 0 28 21.4545454545455 11.4364937122246 R1
930 0.572330533304806 0.0665873959571937 28 21.4545454545455 11.4364937122246 R2
1018 0.572330533304806 0 28 21.4545454545455 11.4364937122246 R1
1024 0.572330533304806 0 28 21.4545454545455 11.4364937122246 R1
1016 0.572330533304806 0 28 21.4545454545455 11.4364937122246 R1
1021 0.572330533304806 0 28 21.4545454545455 11.4364937122246 R1
1015 0.572330533304806 0.0665873959571937 28 21.4545454545455 11.4364937122246 R2
1017 0.572330533304806 0 28 21.4545454545455 11.4364937122246 R1
1023 0.572330533304806 0 28 21.4545454545455 11.4364937122246 R1
1123 0.569236925594772 0 11 7.45454545454545 6.22843386653114 R1
19 0.562765856560968 0.623818525519849 13 7.92857142857143 9.0116138218118 R3
1282 0.554286967691999 0 12 8.83333333333333 5.7130455003342 R1
1280 0.554286967691999 0 12 8.83333333333333 5.7130455003342 R1
1279 0.554286967691999 0 12 8.83333333333333 5.7130455003342 R1
1281 0.554286967691999 0 12 8.83333333333333 5.7130455003342 R1
1614 0.553398590529467 0.165289256198347 10 7.66666666666667 4.21637021355784 R2
1613 0.553398590529467 0.165289256198347 10 7.66666666666667 4.21637021355784 R2
80 0.553398590529467 0.378698224852071 10 7.66666666666667 4.21637021355784 R2
477 0.545346067143096 0 19 10.6885245901639 15.2407359484178 R1
1112 0.539319371630006 0 14 10.3333333333333 6.79869268479038 R1
108 0.52999894000318 0 9 7.33333333333333 3.1446603773522 R1
111 0.52999894000318 0 9 7.33333333333333 3.1446603773522 R1
109 0.52999894000318 0 9 7.33333333333333 3.1446603773522 R1
742 0.499999999999998 0.345679012345679 7 6.4 1.20000000000001 R2
744 0.499999999999998 0.345679012345679 7 6.4 1.20000000000001 R2
741 0.499999999999998 0.345679012345679 7 6.4 1.20000000000001 R2
743 0.499999999999998 0.345679012345679 7 6.4 1.20000000000001 R2
724 0.49846389805954 0 5 4.18181818181818 1.64140637138798 R1
1052 0.493939169953606 0 7 5.71428571428571 2.60298102261266 R1
1040 0.493939169953606 0.4921875 7 5.71428571428571 2.60298102261266 R2
1051 0.493939169953606 0 7 5.71428571428571 2.60298102261266 R1
953 0.490117956132875 0.555765595463138 15 10.5090909090909 9.16291483450888 R2
701 0.490117956132875 0.682520808561236 15 10.5090909090909 9.16291483450888 R3
827 0.490117956132875 0.214532871972318 15 10.5090909090909 9.16291483450888 R2
99 0.487108016802065 0.68 5 3.45454545454545 3.17271424847548 R3
1235 0.485071250072666 0 4 3 2.06155281280883 R1
221 0.47973243776296 0.318181818181818 18 10.6885245901639 15.2407359484178 R2
641 0.473946857738361 0 13 10.1875 5.93420961459907 R1
425 0.473049916791266 0 7 5.85714285714286 2.41593350361254 R1
419 0.473049916791266 0 7 5.85714285714286 2.41593350361254 R1
421 0.473049916791266 0 7 5.85714285714286 2.41593350361254 R1
426 0.473049916791266 0 7 5.85714285714286 2.41593350361254 R1
423 0.473049916791266 0 7 5.85714285714286 2.41593350361254 R1
422 0.473049916791266 0 7 5.85714285714286 2.41593350361254 R1
420 0.473049916791266 0 7 5.85714285714286 2.41593350361254 R1
1010 0.472055182965162 0.692041522491349 8 6.625 2.91279504943276 R3
695 0.467746895387949 0 10 6 8.55163345698404 R1
310 0.465116279069767 0.390532544378698 10 6.92307692307692 6.61538461538461 R2
1080 0.464990554975277 0 6 4.66666666666667 2.86744175568087 R1
177 0.464990554975277 0.706611570247934 7 5.4 3.44093010681705 R3
775 0.464990554975277 0.627218934911243 7 5.4 3.44093010681705 R3
946 0.464799204408647 0.314049586776859 9 6.625 5.10973335899242 R2
512 0.455472753847658 0.244897959183674 12 8.8 7.02566722810012 R2
515 0.455472753847658 0.475308641975309 12 8.8 7.02566722810012 R2
516 0.455472753847658 0.244897959183674 12 8.8 7.02566722810012 R2
514 0.455472753847658 0.244897959183674 12 8.8 7.02566722810012 R2
513 0.455472753847658 0.244897959183674 12 8.8 7.02566722810012 R2
174 0.451797941182749 0 12 7.92857142857143 9.0116138218118 R1
1598 0.447213595499958 0 3 2.5 1.11803398874989 R1
262 0.437650557583397 0.535502958579882 17 11.7894736842105 11.9056773160779 R2
586 0.430616376344606 0.396694214876033 8 6 4.64450520200253 R2
689 0.425435629811517 0.244897959183674 6 4.66666666666667 3.13404247294484 R2
176 0.421325718397421 0.27 17 13.0909090909091 9.27807332521678 R2
437 0.416025147168922 0.260355029585799 11 8 7.21110255092798 R2
436 0.416025147168922 0.336734693877551 11 8 7.21110255092798 R2
12 0.415083445072256 0.638941398865784 13 9.57894736842105 8.24184310936183 R3
105 0.415083445072256 0.603305785123967 13 9.57894736842105 8.24184310936183 R2
1314 0.414513336144839 0.444444444444444 4 3.09090909090909 2.19315237851179 R2
58 0.414118808382824 0.491083676268861 17 10.6885245901639 15.2407359484178 R2
536 0.413461538461539 0.459183673469388 9 6.47058823529412 6.11764705882353 R2
1418 0.406221037231886 0.311418685121107 14 10.1714285714286 9.42484774954168 R2
756 0.400924894785874 0 17 11.7241379310345 13.1592279191923 R1
1263 0.398862017608733 0.277777777777778 5 4 2.50713268211204 R2
320 0.397359707119513 0 7 6 2.51661147842358 R1
319 0.397359707119513 0 7 6 2.51661147842358 R1
321 0.397359707119513 0 7 6 2.51661147842358 R1
305 0.387298334620742 0 7 6 2.58198889747161 R1
302 0.387298334620742 0 7 6 2.58198889747161 R1
304 0.387298334620742 0.21875 7 6 2.58198889747161 R2
1618 0.378701246560322 0.291666666666667 10 7.375 6.93158531650589 R2
733 0.37620195880669 0.1171875 15 13.1111111111111 5.02094379008667 R2
1043 0.372696193656985 0.255102040816327 12 8.81481481481481 8.54633140717478 R2
467 0.353657016229008 0.644470868014269 16 11.7894736842105 11.9056773160779 R3
1061 0.353553390593274 0 5 4 2.82842712474619 R1
867 0.350810171540962 0 9 6 8.55163345698404 R1
647 0.348505179002689 0.5664 16 10.6885245901639 15.2407359484178 R2
938 0.348505179002689 0.203703703703704 16 10.6885245901639 15.2407359484178 R2
914 0.333333333333333 0 12 10.6666666666667 4 R1
912 0.333333333333333 0 12 10.6666666666667 4 R1
1225 0.33129457822454 0 3 2.57142857142857 1.29362644830535 R1
448 0.33129457822454 0 3 2.57142857142857 1.29362644830535 R1
450 0.33129457822454 0.375 3 2.57142857142857 1.29362644830535 R2
127 0.329690236697893 0.694444444444445 6 4.66666666666667 4.04420023682749 R3
246 0.328258982621613 0.46124763705104 16 11.6 13.4040505605049 R2
500 0.324442842261525 0 9 7.66666666666667 4.10960933531265 R1
142 0.312347523777212 0 5 4.33333333333333 2.13437474581095 R1
143 0.312347523777212 0 5 4.33333333333333 2.13437474581095 R1
26 0.30011852750714 0.45983379501385 13 10.1714285714286 9.42484774954168 R2
443 0.30011852750714 0.462962962962963 13 10.1714285714286 9.42484774954168 R2
1444 0.30011852750714 0.545 13 10.1714285714286 9.42484774954168 R2
288 0.293751361128058 0.484429065743945 12 9.57894736842105 8.24184310936183 R2
74 0.286380554617124 0.630385487528345 11 8.41379310344828 9.03066515814716 R3
646 0.282891549622553 0 15 10.6885245901639 15.2407359484178 R1
226 0.282842712474619 0.59375 4 3.33333333333333 2.35702260395516 R2
65 0.277350098112615 0.165289256198347 10 8 7.21110255092798 R2
556 0.274721127897378 0 4 3.33333333333333 2.42670329642684 R1
555 0.274721127897378 0 4 3.33333333333333 2.42670329642684 R1
86 0.271846801579773 0.401234567901235 13 10.5090909090909 9.16291483450888 R2
1153 0.27050089040023 0 5 4.5 1.84842275106824 R1
278 0.27050089040023 0 5 4.5 1.84842275106824 R1
1154 0.27050089040023 0 5 4.5 1.84842275106824 R1
1157 0.27050089040023 0 5 4.5 1.84842275106824 R1
279 0.27050089040023 0 5 4.5 1.84842275106824 R1
1158 0.27050089040023 0 5 4.5 1.84842275106824 R1
258 0.269663474874619 0.296296296296296 15 11.7894736842105 11.9056773160779 R2
990 0.267261241912425 0 3 2.66666666666667 1.24721912892465 R1
1335 0.266076042095096 0.551111111111111 8 6.66666666666667 5.01109879279097 R2
1042 0.255686923555374 0.152777777777778 11 8.81481481481481 8.54633140717478 R2
67 0.253654668389429 0.214532871972318 15 11.6 13.4040505605049 R2
8 0.25 0.714876033057851 8 6.47058823529412 6.11764705882353 R3
1124 0.248128916284901 0 9 7.45454545454545 6.22843386653114 R1
1028 0.237399996694451 0 13 11.2258064516129 7.47343543846213 R1
52 0.235375576578925 0 11 9.33333333333333 7.08088192874933 R1
770 0.235375576578925 0.546712802768166 11 9.33333333333333 7.08088192874933 R2
164 0.235375576578925 0.519031141868512 11 9.33333333333333 7.08088192874933 R2
485 0.234434105013532 0.561224489795919 9 7.375 6.93158531650589 R2
446 0.229862110426311 0.277777777777778 10 7.92857142857143 9.0116138218118 R2
1681 0.222360336769064 0 9 8.23529411764706 3.43903905464552 R1
1678 0.222360336769064 0 9 8.23529411764706 3.43903905464552 R1
1682 0.222360336769064 0 9 8.23529411764706 3.43903905464552 R1
1683 0.222360336769064 0 9 8.23529411764706 3.43903905464552 R1
1680 0.222360336769064 0 9 8.23529411764706 3.43903905464552 R1
1679 0.222360336769064 0 9 8.23529411764706 3.43903905464552 R1
1551 0.221539510248684 0.625 4 3.55555555555556 2.00616334280753 R3
393 0.21859997835228 0.703125 8 6.24 8.05123592996752 R3
607 0.21859997835228 0.604444444444444 8 6.24 8.05123592996752 R2
208 0.21859997835228 0.527777777777778 8 6.24 8.05123592996752 R2
154 0.218217890235992 0.5 4 3.5 2.29128784747792 R2
1665 0.218217890235992 0.65625 4 3.5 2.29128784747792 R3
672 0.217219176114453 0 10 8 9.20729023917391 R1
1301 0.215639961787722 0.165289256198347 10 8.72727272727273 5.90209375931979 R2
1303 0.215639961787722 0.165289256198347 10 8.72727272727273 5.90209375931979 R2
1304 0.215639961787722 0.469387755102041 10 8.72727272727273 5.90209375931979 R2
1300 0.215639961787722 0.165289256198347 10 8.72727272727273 5.90209375931979 R2
357 0.205763722938276 0.1171875 15 13.0909090909091 9.27807332521678 R2
158 0.204651190119611 0 5 4.30769230769231 3.38286668112247 R1
1032 0.204651190119611 0.448979591836735 5 4.30769230769231 3.38286668112247 R2
455 0.20032733246125 0.197530864197531 8 6.6 6.98856208386246 R2
1541 0.199007438041998 0 7 6 5.02493781056044 R1
235 0.199007438041998 0 7 6 5.02493781056044 R1
1104 0.192705159543248 0 10 8.35294117647059 8.54704060562408 R1
347 0.187082869338697 0.48 7 6.22222222222222 4.15739709641549 R2
348 0.187082869338697 0.704081632653061 7 6.22222222222222 4.15739709641549 R3
580 0.185669933520229 0.124444444444444 14 11.7894736842105 11.9056773160779 R2
250 0.184987924793462 0.48 6 5.25 4.05431868505671 R2
663 0.180558754257965 0 7 6.125 4.84606799374503 R1
886 0.180558754257965 0.21875 7 6.125 4.84606799374503 R2
887 0.180558754257965 0.21875 7 6.125 4.84606799374503 R2
253 0.179050354157244 0.530612244897959 14 11.6 13.4040505605049 R2
1144 0.176666313334393 0.277777777777778 5 4.28571428571429 4.0431347708814 R2
1403 0.176666313334393 0 5 4.28571428571429 4.0431347708814 R1
481 0.172487872372821 0.5 8 7.14285714285714 4.96929346597888 R2
149 0.17241927718386 0.592592592592592 11 9.57894736842105 8.24184310936183 R2
794 0.165963833045373 0 8 7.29411764705882 4.25322999588829 R1
880 0.162711224303222 0.244897959183674 12 10.5090909090909 9.16291483450888 R2
1520 0.139346602858324 0 4 3.71428571428571 2.05038572777248 R1
120 0.138677653453762 0.165289256198347 10 8.81481481481481 8.54633140717478 R2
803 0.138677653453762 0.291666666666667 10 8.81481481481481 8.54633140717478 R2
1038 0.138677653453762 0.692307692307692 10 8.81481481481481 8.54633140717478 R3
121 0.138677653453762 0.390532544378698 10 8.81481481481481 8.54633140717478 R2
1251 0.136917981124415 0.539792387543252 11 10.1875 5.93420961459907 R2
706 0.134839972492648 0 4 3.75 1.85404962177392 R1
707 0.134839972492648 0 4 3.75 1.85404962177392 R1
103 0.116936723846987 0 7 6 8.55163345698404 R1
1648 0.114828803043656 0 5 4.70588235294118 2.56135777142085 R1
1650 0.114828803043656 0 5 4.70588235294118 2.56135777142085 R1
1649 0.114828803043656 0 5 4.70588235294118 2.56135777142085 R1
961 0.108609588057227 0 9 8 9.20729023917391 R1
550 0.108609588057227 0 9 8 9.20729023917391 R1
577 0.108609588057227 0 9 8 9.20729023917391 R1
261 0.106358907452879 0.727272727272727 5 4.66666666666667 3.13404247294484 R3
237 0.104446039925059 0.24 13 11.6 13.4040505605049 R2
1488 0.0980580675690922 0.612244897959184 3 2.85714285714286 1.45686271816937 R2
1489 0.0980580675690922 0 3 2.85714285714286 1.45686271816937 R1
1490 0.0980580675690922 0 3 2.85714285714286 1.45686271816937 R1
6 0.0980580675690919 0.152777777777778 11 10.3333333333333 6.79869268479038 R2
588 0.0979827252087028 0 14 13.0909090909091 9.27807332521678 R1
677 0.0979827252087028 0 14 13.0909090909091 9.27807332521678 R1
893 0.0979827252087028 0 14 13.0909090909091 9.27807332521678 R1
796 0.0957826285221154 0.32 4 3.81818181818182 1.89823754707465 R2
1192 0.0943954451975753 0 7 6.24 8.05123592996752 R1
1133 0.0920574617898323 0 3 2.85714285714286 1.55182578445717 R1
1132 0.0920574617898323 0 3 2.85714285714286 1.55182578445717 R1
1116 0.0901669634667432 0.197530864197531 8 7.375 6.93158531650589 R2
157 0.0901669634667432 0.429752066115702 8 7.375 6.93158531650589 R2
1391 0.0879135080576473 0.152777777777778 11 10.1714285714286 9.42484774954168 R2
608 0.0879135080576473 0.62 11 10.1714285714286 9.42484774954168 R3
475 0.0860506614821453 0 12 10.6885245901639 15.2407359484178 R1
1612 0.0790569415042096 0 8 7.66666666666667 4.21637021355784 R1
942 0.0790569415042096 0.396694214876033 8 7.66666666666667 4.21637021355784 R2
465 0.0733893480645231 0.561224489795918 7 6.625 5.10973335899242 R2
903 0.0733893480645231 0.46 7 6.625 5.10973335899242 R2
958 0.0733893480645231 0.21875 7 6.625 5.10973335899242 R2
1336 0.0665190105237739 0.21875 7 6.66666666666667 5.01109879279097 R2
229 0.0665190105237739 0.37037037037037 7 6.66666666666667 5.01109879279097 R2
1334 0.0665190105237739 0.21875 7 6.66666666666667 5.01109879279097 R2
1340 0.0649129257132148 0 9 8.41379310344828 9.03066515814716 R1
579 0.0649129257132148 0.548476454293629 9 8.41379310344828 9.03066515814716 R2
1339 0.0649129257132148 0 9 8.41379310344828 9.03066515814716 R1
454 0.0572363807032143 0.21875 7 6.6 6.98856208386246 R2
335 0.0572363807032143 0 7 6.6 6.98856208386246 R1
334 0.0572363807032143 0 7 6.6 6.98856208386246 R1
828 0.0535756470266707 0 11 10.5090909090909 9.16291483450888 R1
342 0.0535756470266707 0.684027777777778 11 10.5090909090909 9.16291483450888 R3
405 0.0535756470266707 0.702947845804988 11 10.5090909090909 9.16291483450888 R3
292 0.0535756470266707 0.4609375 11 10.5090909090909 9.16291483450888 R2
952 0.0535756470266707 0.60387811634349 11 10.5090909090909 9.16291483450888 R2
1109 0.0462085632402263 0.56 9 8.72727272727273 5.90209375931979 R2
529 0.0431130613559226 0 5 4.90909090909091 2.10862063722604 R1
527 0.0431130613559226 0 5 4.90909090909091 2.10862063722604 R1
528 0.0431130613559226 0 5 4.90909090909091 2.10862063722604 R1
1188 0.0298417256928741 0.142011834319526 12 11.6 13.4040505605049 R2
470 0.0216683833521505 0.473372781065089 9 8.81481481481481 8.54633140717478 R2
469 0.0216683833521505 0.540816326530612 9 8.81481481481481 8.54633140717478 R2
1039 0.0216683833521505 0.18 9 8.81481481481481 8.54633140717478 R2
1504 0.0209633931914181 0 12 11.7241379310345 13.1592279191923 R1
5 0.0116279069767441 0.631111111111111 7 6.92307692307692 6.61538461538461 R3
241 0.0116279069767441 0.21875 7 6.92307692307692 6.61538461538461 R2
3 0.0116279069767441 0.63905325443787 7 6.92307692307692 6.61538461538461 R3
1525 0.00792627966987285 0.581632653061225 8 7.92857142857143 9.0116138218118 R2
988 0.00792627966987285 0 8 7.92857142857143 9.0116138218118 R1
1526 0.00792627966987285 0.197530864197531 8 7.92857142857143 9.0116138218118 R2
570 0.00792627966987285 0 8 7.92857142857143 9.0116138218118 R1
567 0.00792627966987285 0 8 7.92857142857143 9.0116138218118 R1
1415 4.49223359718751e-16 0 6 6 3.95428421289665 R1
1416 4.49223359718751e-16 0 6 6 3.95428421289665 R1
134 4.49223359718751e-16 0.775086505190311 6 6 3.95428421289665 R3
1550 4.05396129632541e-16 0.840236686390532 4 4 1.09544511501033 R4
759 4.05396129632541e-16 0.809917355371901 4 4 1.09544511501033 R4
960 3.85858769139796e-16 0 8 8 9.20729023917391 R1
866 3.85858769139796e-16 0 8 8 9.20729023917391 R1
728 0 0 6 6 2.58198889747161 R1
540 0 0 6 6 8.55163345698404 R1
1259 0 0.375 3 3 2.06155281280883 R2
1197 0 0 6 6 2 R1
22 0 0 10 10 1.19209289550781e-07 R1
20 0 0.408163265306122 10 10 1.19209289550781e-07 R2
1201 0 0 6 6 2 R1
1664 0 0 2 2 0.632455532033676 R1
1510 0 0.165289256198347 10 10 1.19209289550781e-07 R2
274 0 0.244897959183674 6 6 8.55163345698404 R2
1508 0 0.165289256198347 10 10 1.19209289550781e-07 R2
682 0 0.32 4 4 0.816496580927725 R2
1361 0 0 3 3 1 R1
387 0 0 2 2 0.816496580927726 R1
276 0 0 2 2 0.534522483824849 R1
1476 0 0 5 5 5.96046447753906e-08 R1
727 0 0 6 6 2.58198889747161 R1
1479 0 0.46875 5 5 5.96046447753906e-08 R2
847 0 0 2 2 0.632455532033676 R1
25 0 0 10 10 1.19209289550781e-07 R1
1474 0 0 5 5 5.96046447753906e-08 R1
1477 0 0 5 5 5.96046447753906e-08 R1
837 0 0 2 2 0.534522483824849 R1
1506 0 0.165289256198347 10 10 1.19209289550781e-07 R2
23 0 0 10 10 1.19209289550781e-07 R1
21 0 0 10 10 1.19209289550781e-07 R1
1173 0 0.444444444444444 6 6 2 R2
1507 0 0.165289256198347 10 10 1.19209289550781e-07 R2
1420 0 0.444444444444444 2 2 0.816496580927726 R2
372 0 0 2 2 0.534522483824849 R1
1362 0 0 3 3 1 R1
1198 0 0 6 6 2 R1
1663 0 0 2 2 0.632455532033676 R1
354 0 0.625 2 2 0.534522483824849 R3
1360 0 0 3 3 1 R1
1509 0 0.165289256198347 10 10 1.19209289550781e-07 R2
24 0 0.64819944598338 10 10 1.19209289550781e-07 R3
719 0 0 6 6 4.64450520200253 R1
1478 0 0 5 5 5.96046447753906e-08 R1
726 0 0 6 6 2.58198889747161 R1
1199 0 0 6 6 2 R1
814 0 0 2 2 1.15470053837925 R1
1505 0 0.165289256198347 10 10 1.19209289550781e-07 R2
852 0 0 5 5 1.22474487139159 R1
1475 0 0 5 5 5.96046447753906e-08 R1
277 0 0 2 2 0.534522483824849 R1
379 -2.93355677117109e-16 0.612244897959184 4 4 3.02765035409749 R2
375 -0.0218634734723315 0.446280991735537 8 8.15384615384616 7.03667484678724 R2
313 -0.0218634734723315 0.6875 8 8.15384615384616 7.03667484678724 R3
152 -0.0218634734723315 0.579881656804734 8 8.15384615384616 7.03667484678724 R2
1229 -0.0221295269886287 0 13 13.1111111111111 5.02094379008667 R1
1288 -0.0247840798548308 0 13 13.1111111111111 4.48316466707378 R1
1289 -0.0247840798548308 0 13 13.1111111111111 4.48316466707378 R1
1291 -0.0247840798548308 0 13 13.1111111111111 4.48316466707378 R1
1290 -0.0247840798548308 0 13 13.1111111111111 4.48316466707378 R1
665 -0.0257941077511379 0 6 6.125 4.84606799374503 R1
1342 -0.0257941077511379 0 6 6.125 4.84606799374503 R1
1343 -0.0257941077511379 0 6 6.125 4.84606799374503 R1
326 -0.0302145450338387 0.435555555555556 11 11.2258064516129 7.47343543846213 R2
328 -0.0302145450338387 0.152777777777778 11 11.2258064516129 7.47343543846213 R2
412 -0.0315964571825574 0.378698224852071 10 10.1875 5.93420961459907 R2
356 -0.0315964571825574 0.578125 10 10.1875 5.93420961459907 R2
1313 -0.0414513336144837 0 3 3.09090909090909 2.19315237851179 R1
238 -0.0447625885393107 0.152777777777778 11 11.6 13.4040505605049 R2
205 -0.0451765972781263 0.378698224852071 10 10.6885245901639 15.2407359484178 R2
1584 -0.0451765972781263 0 10 10.6885245901639 15.2407359484178 R1
715 -0.0451765972781263 0 10 10.6885245901639 15.2407359484178 R1
59 -0.0458208887387399 0.197530864197531 8 8.41379310344828 9.03066515814716 R2
1131 -0.0458208887387399 0.197530864197531 8 8.41379310344828 9.03066515814716 R2
456 -0.0470751153157852 0.702479338842975 9 9.33333333333333 7.08088192874933 R3
53 -0.0470751153157852 0 9 9.33333333333333 7.08088192874933 R1
1179 -0.0490290337845461 0 10 10.3333333333333 6.79869268479038 R1
1095 -0.0541001780800459 0.37037037037037 7 7.375 6.93158531650589 R2
735 -0.055028907127473 0 11 11.7241379310345 13.1592279191923 R1
429 -0.0555599302498804 0.53125 10 10.5090909090909 9.16291483450888 R2
587 -0.0555599302498804 0.408163265306122 10 10.5090909090909 9.16291483450888 R2
669 -0.0555599302498804 0.165289256198347 10 10.5090909090909 9.16291483450888 R2
1082 -0.0616626415978207 0 5 5.25 4.05431868505671 R1
1145 -0.0706665253337573 0.32 4 4.28571428571429 4.0431347708814 R2
787 -0.0706665253337573 0.444444444444444 4 4.28571428571429 4.0431347708814 R2
1004 -0.0769230769230765 0 6 6.47058823529412 6.11764705882353 R1
11 -0.0769230769230765 0 6 6.47058823529412 6.11764705882353 R1
332 -0.0858545710548213 0.569444444444444 6 6.6 6.98856208386246 R2
196 -0.090956084497605 0.5 4 4.30769230769231 3.38286668112247 R2
1029 -0.0953408867494611 0.429752066115702 8 8.81481481481481 8.54633140717478 R2
1044 -0.0953408867494611 0.197530864197531 8 8.81481481481481 8.54633140717478 R2
1030 -0.0953408867494611 0.429752066115702 8 8.81481481481481 8.54633140717478 R2
542 -0.103041635708346 0 7 7.92857142857143 9.0116138218118 R1
1498 -0.103417537999004 0 5 5.33333333333333 3.22317993430229 R1
1496 -0.103417537999004 0 5 5.33333333333333 3.22317993430229 R1
1497 -0.103417537999004 0 5 5.33333333333333 3.22317993430229 R1
951 -0.108609588057226 0 7 8 9.20729023917391 R1
1428 -0.108609588057226 0 7 8 9.20729023917391 R1
1429 -0.108609588057226 0 7 8 9.20729023917391 R1
950 -0.108609588057226 0 7 8 9.20729023917391 R1
970 -0.108609588057226 0 7 8 9.20729023917391 R1
1615 -0.109929941985863 0 6 6.4 3.63868107973205 R1
823 -0.110769755124342 0.32 4 4.18181818181818 1.64140637138798 R2
723 -0.110769755124342 0.59375 4 4.18181818181818 1.64140637138798 R2
824 -0.110769755124342 0 4 4.18181818181818 1.64140637138798 R1
725 -0.110769755124342 0.612244897959184 4 4.18181818181818 1.64140637138798 R2
870 -0.110769755124342 0 4 4.18181818181818 1.64140637138798 R1
619 -0.110790226658262 0 9 10.6885245901639 15.2407359484178 R1
628 -0.110790226658262 0 9 10.6885245901639 15.2407359484178 R1
476 -0.110790226658262 0 9 10.6885245901639 15.2407359484178 R1
1512 -0.116936723846987 0.277777777777778 5 6 8.55163345698404 R2
1143 -0.116936723846987 0 5 6 8.55163345698404 R1
359 -0.117579270250443 0 12 13.0909090909091 9.27807332521678 R1
358 -0.117579270250443 0 12 13.0909090909091 9.27807332521678 R1
676 -0.117579270250443 0 12 13.0909090909091 9.27807332521678 R1
55 -0.119366902771496 0.716553287981859 10 11.6 13.4040505605049 R3
37 -0.119366902771496 0.165289256198347 10 11.6 13.4040505605049 R2
581 -0.122315580107539 0 6 6.625 5.10973335899242 R1
178 -0.122315580107539 0.56 6 6.625 5.10973335899242 R2
995 -0.12322283530727 0.429752066115702 8 8.72727272727273 5.90209375931979 R2
496 -0.12322283530727 0.197530864197531 8 8.72727272727273 5.90209375931979 R2
1175 -0.12322283530727 0.396694214876033 8 8.72727272727273 5.90209375931979 R2
994 -0.12322283530727 0 8 8.72727272727273 5.90209375931979 R1
353 -0.124291511391846 0.615916955017301 9 10.1714285714286 9.42484774954168 R2
490 -0.124291511391846 0.314049586776859 9 10.1714285714286 9.42484774954168 R2
171 -0.124291511391846 0.551020408163265 9 10.1714285714286 9.42484774954168 R2
984 -0.131021207446364 0 10 11.7241379310345 13.1592279191923 R1
985 -0.131021207446364 0 10 11.7241379310345 13.1592279191923 R1
1326 -0.131021207446364 0 10 11.7241379310345 13.1592279191923 R1
146 -0.138675049056307 0.21875 7 8 7.21110255092798 R2
381 -0.143267063765313 0.78 3 3.45454545454545 3.17271424847548 R3
1499 -0.143267063765313 0.48 3 3.45454545454545 3.17271424847548 R2
919 -0.143267063765313 0.48 3 3.45454545454545 3.17271424847548 R2
1296 -0.150755672288882 0.375 3 3.2 1.32664991614216 R2
838 -0.150755672288882 0.375 3 3.2 1.32664991614216 R2
1193 -0.154013621111834 0.493827160493827 5 6.24 8.05123592996752 R2
392 -0.154013621111834 0.448979591836735 5 6.24 8.05123592996752 R2
77 -0.156554703190695 0.46 7 8.41379310344828 9.03066515814716 R2
937 -0.156554703190695 0.556213017751479 7 8.41379310344828 9.03066515814716 R2
1578 -0.156554703190695 0.46 7 8.41379310344828 9.03066515814716 R2
219 -0.158293523910526 0 7 8.35294117647059 8.54704060562408 R1
839 -0.162221421130763 0 7 7.66666666666667 4.10960933531265 R1
198 -0.163976051042485 0.345679012345679 7 8.15384615384616 7.03667484678724 R2
1514 -0.164021815897983 0 10 11.2258064516129 7.47343543846213 R1
1515 -0.164021815897983 0 10 11.2258064516129 7.47343543846213 R1
1013 -0.164021815897983 0.438775510204082 10 11.2258064516129 7.47343543846213 R2
954 -0.164695507526432 0.402777777777778 9 10.5090909090909 9.16291483450888 R2
878 -0.164695507526432 0 9 10.5090909090909 9.16291483450888 R1
94 -0.164695507526432 0.530612244897959 9 10.5090909090909 9.16291483450888 R2
879 -0.164695507526432 0.18 9 10.5090909090909 9.16291483450888 R2
1047 -0.164695507526432 0 9 10.5090909090909 9.16291483450888 R1
116 -0.164845118348947 0 4 4.66666666666667 4.04420023682749 R1
130 -0.164845118348947 0 4 4.66666666666667 4.04420023682749 R1
114 -0.164845118348947 0.32 4 4.66666666666667 4.04420023682749 R2
874 -0.169030850945703 0 6 6.75 4.43705983732471 R1
1170 -0.169030850945703 0.244897959183674 6 6.75 4.43705983732471 R2
784 -0.176403856038398 0.396694214876033 8 10.6885245901639 15.2407359484178 R2
717 -0.176403856038398 0 8 10.6885245901639 15.2407359484178 R1
649 -0.176403856038398 0.197530864197531 8 10.6885245901639 15.2407359484178 R2
1414 -0.18830046126314 0.197530864197531 8 9.33333333333333 7.08088192874933 R2
769 -0.18830046126314 0.197530864197531 8 9.33333333333333 7.08088192874933 R2
597 -0.191576974648734 0.34 8 9.57894736842105 8.24184310936183 R2
1262 -0.191576974648734 0.622222222222222 8 9.57894736842105 8.24184310936183 R3
1624 -0.19397121700368 0.18 9 11.6 13.4040505605049 R2
1619 -0.198367319626835 0 6 7.375 6.93158531650589 R1
413 -0.20011089548953 0.18 9 10.1875 5.93420961459907 R2
1311 -0.20011089548953 0 9 10.1875 5.93420961459907 R1
1394 -0.20011089548953 0.18 9 10.1875 5.93420961459907 R2
1312 -0.20011089548953 0.375 9 10.1875 5.93420961459907 R2
1308 -0.20011089548953 0 9 10.1875 5.93420961459907 R1
1310 -0.20011089548953 0 9 10.1875 5.93420961459907 R1
896 -0.20011089548953 0.297520661157025 9 10.1875 5.93420961459907 R2
373 -0.204124145231932 0 3 3.2 0.979795897113271 R1
182 -0.204124145231932 0.611111111111111 3 3.2 0.979795897113271 R2
181 -0.204124145231932 0.56 3 3.2 0.979795897113271 R2
790 -0.207013507765255 0 9 11.7241379310345 13.1592279191923 R1
986 -0.207013507765255 0 9 11.7241379310345 13.1592279191923 R1
251 -0.212717814905759 0 4 4.66666666666667 3.13404247294484 R1
764 -0.214009551086565 0 6 7.92857142857143 9.0116138218118 R1
1352 -0.214009551086565 0 6 7.92857142857143 9.0116138218118 R1
543 -0.214009551086565 0 6 7.92857142857143 9.0116138218118 R1
1317 -0.214009551086565 0 6 7.92857142857143 9.0116138218118 R1
1620 -0.214009551086565 0 6 7.92857142857143 9.0116138218118 R1
400 -0.214570537711437 0 6 6.625 2.91279504943276 R1
402 -0.214570537711437 0 6 6.625 2.91279504943276 R1
1376 -0.214570537711437 0.244897959183674 6 6.625 2.91279504943276 R2
865 -0.217219176114452 0 6 8 9.20729023917391 R1
962 -0.217219176114452 0 6 8 9.20729023917391 R1
618 -0.217219176114452 0 6 8 9.20729023917391 R1
153 -0.218217890235992 0 3 3.5 2.29128784747792 R1
656 -0.218217890235992 0 3 3.5 2.29128784747792 R1
333 -0.228945522812857 0 5 6.6 6.98856208386246 R1
331 -0.228945522812857 0 5 6.6 6.98856208386246 R1
920 -0.228945522812857 0.277777777777778 5 6.6 6.98856208386246 R2
849 -0.229983829830428 0.628099173553719 6 7.14285714285714 4.96929346597888 R3
442 -0.230394021116592 0 8 10.1714285714286 9.42484774954168 R1
1493 -0.230394021116592 0.197530864197531 8 10.1714285714286 9.42484774954168 R2
1513 -0.230394021116592 0.197530864197531 8 10.1714285714286 9.42484774954168 R2
900 -0.230394021116592 0.446280991735537 8 10.1714285714286 9.42484774954168 R2
694 -0.232146969760241 0.493827160493827 5 6.125 4.84606799374503 R2
1370 -0.232146969760241 0.46875 5 6.125 4.84606799374503 R2
1369 -0.232146969760241 0 5 6.125 4.84606799374503 R1
753 -0.233533097679906 0.244897959183674 6 7.45454545454545 6.22843386653114 R2
1364 -0.233873447693975 0 4 6 8.55163345698404 R1
1448 -0.233873447693975 0 4 6 8.55163345698404 R1
1600 -0.233873447693975 0 4 6 8.55163345698404 R1
255 -0.234297773251717 0.18 9 11.7894736842105 11.9056773160779 R2
1065 -0.240384615384615 0.5625 5 6.47058823529412 6.11764705882353 R2
1254 -0.24096579867075 0 5 5.75 3.11247489949718 R1
1255 -0.24096579867075 0 5 5.75 3.11247489949718 R1
57 -0.242017485418534 0 7 10.6885245901639 15.2407359484178 R1
1101 -0.242017485418534 0 7 10.6885245901639 15.2407359484178 R1
783 -0.242017485418534 0 7 10.6885245901639 15.2407359484178 R1
79 -0.242017485418534 0 7 10.6885245901639 15.2407359484178 R1
478 -0.242017485418534 0 7 10.6885245901639 15.2407359484178 R1
1438 -0.252890269429436 0 5 6 3.95428421289665 R1
1436 -0.252890269429436 0 5 6 3.95428421289665 R1
1118 -0.252890269429436 0.617283950617284 5 6 3.95428421289665 R2
1437 -0.252890269429436 0 5 6 3.95428421289665 R1
1380 -0.267261241912425 0.444444444444444 2 2.33333333333333 1.24721912892465 R2
751 -0.267261241912425 0 2 2.33333333333333 1.24721912892465 R1
750 -0.267261241912425 0 2 2.33333333333333 1.24721912892465 R1
935 -0.267261241912425 0 3 3.33333333333333 1.24721912892465 R1
1631 -0.267261241912425 0 2 2.33333333333333 1.24721912892465 R1
76 -0.267288517642649 0.375 6 8.41379310344828 9.03066515814716 R2
193 -0.267288517642649 0 6 8.41379310344828 9.03066515814716 R1
858 -0.267288517642649 0.244897959183674 6 8.41379310344828 9.03066515814716 R2
1417 -0.267288517642649 0 6 8.41379310344828 9.03066515814716 R1
792 -0.268575531235865 0 8 11.6 13.4040505605049 R1
484 -0.273831084802983 0.5 8 10.5090909090909 9.16291483450888 R2
291 -0.273831084802983 0.698961937716263 8 10.5090909090909 9.16291483450888 R3
668 -0.273831084802983 0.197530864197531 8 10.5090909090909 9.16291483450888 R2
1139 -0.275293085061784 0.244897959183674 6 8.35294117647059 8.54704060562408 R2
592 -0.275589127304775 0.5 4 4.70588235294118 2.56135777142085 R2
629 -0.275589127304775 0.32 4 4.70588235294118 2.56135777142085 R2
1451 -0.276924387810856 0.375 3 3.55555555555556 2.00616334280753 R2
408 -0.278218154266539 0 4 6.24 8.05123592996752 R1
909 -0.278218154266539 0 4 6.24 8.05123592996752 R1
1461 -0.278218154266539 0 4 6.24 8.05123592996752 R1
33 -0.283005808084146 0.197530864197531 8 11.7241379310345 13.1592279191923 R2
1119 -0.290697674418605 0.277777777777778 5 6.92307692307692 6.61538461538461 R2
762 -0.293987366103667 0.277777777777778 5 6.22222222222222 4.15739709641549 R2
1152 -0.301511344577764 0 5 5.5 1.6583123951777 R1
232 -0.301511344577764 0.611111111111111 3 3.33333333333333 1.10554159678513 R2
1078 -0.30426702724985 0 6 7.29411764705882 4.25322999588829 R1
683 -0.30426702724985 0.63905325443787 6 7.29411764705882 4.25322999588829 R3
1181 -0.30426702724985 0.244897959183674 6 7.29411764705882 4.25322999588829 R2
1079 -0.30426702724985 0 6 7.29411764705882 4.25322999588829 R1
1096 -0.306088628612638 0.40625 6 8.15384615384616 7.03667484678724 R2
199 -0.306088628612638 0.244897959183674 6 8.15384615384616 7.03667484678724 R2
1097 -0.306088628612638 0.40625 6 8.15384615384616 7.03667484678724 R2
806 -0.30763111479867 0 6 10.6885245901639 15.2407359484178 R1
716 -0.30763111479867 0 6 10.6885245901639 15.2407359484178 R1
441 -0.30763111479867 0 6 10.6885245901639 15.2407359484178 R1
1222 -0.308313207989104 0.32 4 5.25 4.05431868505671 R2
1440 -0.312909058592932 0.21875 7 9.57894736842105 8.24184310936183 R2
124 -0.312909058592932 0.711111111111111 7 9.57894736842105 8.24184310936183 R3
1439 -0.312909058592932 0.21875 7 9.57894736842105 8.24184310936183 R2
1261 -0.312909058592932 0.21875 7 9.57894736842105 8.24184310936183 R2
1611 -0.316227766016839 0.375 3 3.33333333333333 1.05409255338946 R2
340 -0.317999364001908 0.611111111111111 3 4.28571428571429 4.0431347708814 R2
600 -0.317999364001908 0.73469387755102 3 4.28571428571429 4.0431347708814 R3
599 -0.317999364001908 0 3 4.28571428571429 4.0431347708814 R1
167 -0.3180205082796 0.408163265306122 5 6.625 5.10973335899242 R2
959 -0.3180205082796 0 5 6.625 5.10973335899242 R1
596 -0.3180205082796 0.448979591836735 5 6.625 5.10973335899242 R2
191 -0.318291314606107 0.549382716049383 8 11.7894736842105 11.9056773160779 R2
257 -0.318291314606107 0 8 11.7894736842105 11.9056773160779 R1
91 -0.318291314606107 0.513888888888889 8 11.7894736842105 11.9056773160779 R2
737 -0.318291314606107 0.197530864197531 8 11.7894736842105 11.9056773160779 R2
1092 -0.324977466464784 0 5 7.92857142857143 9.0116138218118 R1
692 -0.325828764171679 0 5 8 9.20729023917391 R1
673 -0.325828764171679 0 5 8 9.20729023917391 R1
674 -0.325828764171679 0 5 8 9.20729023917391 R1
1589 -0.329359426952684 0 6 8.81481481481481 8.54633140717478 R1
1162 -0.329525807210496 0.556213017751479 7 9.33333333333333 7.08088192874933 R2
211 -0.329525807210496 0 7 9.33333333333333 7.08088192874933 R1
210 -0.329525807210496 0 7 9.33333333333333 7.08088192874933 R1
1064 -0.329525807210496 0 7 9.33333333333333 7.08088192874933 R1
1585 -0.33259505261887 0 5 6.66666666666667 5.01109879279097 R1
675 -0.333141265709588 0.560553633217993 10 13.0909090909091 9.27807332521678 R2
825 -0.333333333333333 0 3 3.5 1.5 R1
826 -0.333333333333333 0 3 3.5 1.5 R1
1167 -0.333333333333333 0 2 2.5 1.5 R1
473 -0.333333333333333 0.444444444444444 2 2.5 1.5 R2
489 -0.336496530841338 0 7 10.1714285714286 9.42484774954168 R1
1494 -0.336496530841338 0.21875 7 10.1714285714286 9.42484774954168 R2
169 -0.336496530841338 0 7 10.1714285714286 9.42484774954168 R1
697 -0.336496530841338 0.611111111111111 7 10.1714285714286 9.42484774954168 R2
901 -0.337099931231621 0.375 3 3.71428571428571 2.1189138534559 R2
1216 -0.342634461173624 0.277777777777778 5 7.375 6.93158531650589 R2
652 -0.342634461173624 0.64 5 7.375 6.93158531650589 R3
1409 -0.342634461173624 0 5 7.375 6.93158531650589 R1
1521 -0.348366507145809 0 3 3.71428571428571 2.05038572777248 R1
1141 -0.350810171540962 0 3 6 8.55163345698404 R1
522 -0.350810171540962 0.48 3 6 8.55163345698404 R2
1140 -0.350810171540962 0 3 6 8.55163345698404 R1
1545 -0.353553390593273 0 2 2.33333333333333 0.942809041582064 R1
655 -0.353553390593273 0.5 2 2.33333333333333 0.942809041582064 R2
653 -0.353553390593273 0.5 2 2.33333333333333 0.942809041582064 R2
700 -0.353553390593273 0.64 2 2.33333333333333 0.942809041582064 R3
702 -0.353553390593273 0.625 2 2.33333333333333 0.942809041582064 R3
1164 -0.353553390593273 0.625 2 2.33333333333333 0.942809041582064 R3
772 -0.35478743759345 0.277777777777778 5 5.85714285714286 2.41593350361254 R2
1234 -0.358998108403037 0 7 11.7241379310345 13.1592279191923 R1
32 -0.358998108403037 0 7 11.7241379310345 13.1592279191923 R1
31 -0.358998108403037 0 7 11.7241379310345 13.1592279191923 R1
1366 -0.358998108403037 0 7 11.7241379310345 13.1592279191923 R1
461 -0.359197467088488 0 7 8.23529411764706 3.43903905464552 R1
462 -0.359197467088488 0 7 8.23529411764706 3.43903905464552 R1
1240 -0.368625333796503 0.513888888888889 8 10.1875 5.93420961459907 R2
640 -0.368625333796503 0 8 10.1875 5.93420961459907 R1
1033 -0.372036474570893 0.722222222222222 4 6.6 6.98856208386246 R3
1591 -0.373244744178805 0.277777777777778 5 10.6885245901639 15.2407359484178 R2
844 -0.373244744178805 0 5 10.6885245901639 15.2407359484178 R1
78 -0.373244744178805 0 5 10.6885245901639 15.2407359484178 R1
604 -0.373244744178805 0 5 10.6885245901639 15.2407359484178 R1
648 -0.373244744178805 0 5 10.6885245901639 15.2407359484178 R1
479 -0.373244744178805 0.277777777777778 5 10.6885245901639 15.2407359484178 R2
240 -0.373244744178805 0 5 10.6885245901639 15.2407359484178 R1
936 -0.373244744178805 0 5 10.6885245901639 15.2407359484178 R1
239 -0.373244744178805 0 5 10.6885245901639 15.2407359484178 R1
297 -0.373244744178805 0 5 10.6885245901639 15.2407359484178 R1
603 -0.373244744178805 0 5 10.6885245901639 15.2407359484178 R1
1102 -0.373244744178805 0.46875 5 10.6885245901639 15.2407359484178 R2
466 -0.373244744178805 0.617283950617284 5 10.6885245901639 15.2407359484178 R2
1050 -0.378022332094604 0.58 5 8.41379310344828 9.03066515814716 R2
571 -0.378022332094604 0.448979591836735 5 8.41379310344828 9.03066515814716 R2
1577 -0.378022332094604 0.277777777777778 5 8.41379310344828 9.03066515814716 R2
1166 -0.378022332094604 0 5 8.41379310344828 9.03066515814716 R1
1165 -0.378022332094604 0 5 8.41379310344828 9.03066515814716 R1
572 -0.378022332094604 0.567901234567901 5 8.41379310344828 9.03066515814716 R2
1267 -0.382966662079534 0.7578125 7 10.5090909090909 9.16291483450888 R3
1538 -0.382966662079534 0.21875 7 10.5090909090909 9.16291483450888 R2
1249 -0.384754796950519 0 5 6.4 3.63868107973205 R1
1248 -0.384754796950519 0 5 6.4 3.63868107973205 R1
1576 -0.392232270276369 0 2 2.4 1.01980390271856 R1
1656 -0.392232270276369 0 2 2.4 1.01980390271856 R1
739 -0.392232270276369 0 4 4.8 2.03960780543711 R1
967 -0.392232270276369 0.32 4 4.8 2.03960780543711 R2
805 -0.392292646213042 0.277777777777778 5 8.35294117647059 8.54704060562408 R2
202 -0.395284707521047 0 6 7.66666666666667 4.21637021355784 R1
203 -0.395284707521047 0 6 7.66666666666667 4.21637021355784 R1
1480 -0.397359707119514 0 5 6 2.51661147842358 R1
1568 -0.398862017608733 0 3 4 2.50713268211204 R1
545 -0.402284855960496 0.21875 7 11.7894736842105 11.9056773160779 R2
782 -0.402284855960496 0.7109375 7 11.7894736842105 11.9056773160779 R3
547 -0.402284855960496 0 7 11.7894736842105 11.9056773160779 R1
890 -0.402422687421243 0.48 3 6.24 8.05123592996752 R2
767 -0.402422687421243 0.611111111111111 3 6.24 8.05123592996752 R2
1377 -0.402422687421243 0.48 3 6.24 8.05123592996752 R2
404 -0.403846153846153 0.65625 4 6.47058823529412 6.11764705882353 R3
1115 -0.404519917477945 0.375 3 3.75 1.85404962177392 R2
657 -0.405553552826906 0 6 7.66666666666667 4.10960933531265 R1
428 -0.406866735603368 0.571428571428572 4 5.4 3.44093010681705 R2
661 -0.408248290463855 0 3 3.14285714285714 0.349927106111888 R1
660 -0.408248290463855 0 3 3.14285714285714 0.349927106111888 R1
658 -0.408248290463855 0 3 3.14285714285714 0.349927106111888 R1
862 -0.408248290463855 0 3 3.14285714285714 0.349927106111888 R1
863 -0.408248290463855 0 3 3.14285714285714 0.349927106111888 R1
1455 -0.408248290463855 0.611111111111111 3 3.14285714285714 0.349927106111888 R2
972 -0.408930410054765 0 10 13.3333333333333 8.15134617375833 R1
885 -0.412112795872367 0 3 4.66666666666667 4.04420023682749 R1
1208 -0.413670151996015 0.32 4 5.33333333333333 3.22317993430229 R2
1207 -0.413670151996015 0.32 4 5.33333333333333 3.22317993430229 R2
435 -0.416025147168922 0 5 8 7.21110255092798 R1
1626 -0.417784159700235 0 6 11.6 13.4040505605049 R1
351 -0.420461012783947 0.152777777777778 11 13.1111111111111 5.02094379008667 R2
584 -0.430616376344606 0 4 6 4.64450520200253 R1
1344 -0.430616376344606 0 4 6 4.64450520200253 R1
591 -0.431219680932052 0.578512396694215 5 7.14285714285714 4.96929346597888 R2
520 -0.431636357626273 0.32 8 11.2258064516129 7.47343543846213 R2
1459 -0.431636357626273 0 8 11.2258064516129 7.47343543846213 R1
1460 -0.431636357626273 0 8 11.2258064516129 7.47343543846213 R1
971 -0.434438352228905 0 4 8 9.20729023917391 R1
1502 -0.434438352228905 0 4 8 9.20729023917391 R1
693 -0.434438352228905 0 4 8 9.20729023917391 R1
1393 -0.434438352228905 0.32 4 8 9.20729023917391 R2
1367 -0.434990408721929 0 6 11.7241379310345 13.1592279191923 R1
757 -0.434990408721929 0 6 11.7241379310345 13.1592279191923 R1
898 -0.435945381843003 0.32 4 7.92857142857143 9.0116138218118 R2
569 -0.435945381843003 0 4 7.92857142857143 9.0116138218118 R1
1363 -0.438499831769344 0.5 4 6.125 4.84606799374503 R2
889 -0.438499831769344 0.65625 4 6.125 4.84606799374503 R3
888 -0.438499831769344 0 4 6.125 4.84606799374503 R1
480 -0.438858373558941 0.32 4 10.6885245901639 15.2407359484178 R2
1087 -0.438858373558941 0.444444444444444 4 10.6885245901639 15.2407359484178 R2
817 -0.438858373558941 0.641975308641975 4 10.6885245901639 15.2407359484178 R3
544 -0.438858373558941 0 4 10.6885245901639 15.2407359484178 R1
963 -0.438858373558941 0.32 4 10.6885245901639 15.2407359484178 R2
678 -0.440922263439161 0 9 13.0909090909091 9.27807332521678 R1
894 -0.440922263439161 0 9 13.0909090909091 9.27807332521678 R1
680 -0.440922263439161 0 9 13.0909090909091 9.27807332521678 R1
679 -0.440922263439161 0 9 13.0909090909091 9.27807332521678 R1
1638 -0.441726104299386 0 2 2.57142857142857 1.29362644830535 R1
1063 -0.441860465116279 0.571428571428572 4 6.92307692307692 6.61538461538461 R2
1218 -0.441860465116279 0.32 4 6.92307692307692 6.61538461538461 R2
16 -0.446368697054296 0.592592592592593 5 8.81481481481481 8.54633140717478 R2
518 -0.446368697054296 0.408163265306122 5 8.81481481481481 8.54633140717478 R2
1599 -0.447213595499958 0 2 2.5 1.11803398874989 R1
1068 -0.447213595499958 0 3 3.33333333333333 0.74535599249993 R1
1570 -0.447213595499958 0 3 3.33333333333333 0.74535599249993 R1
1067 -0.447213595499958 0 3 3.33333333333333 0.74535599249993 R1
1069 -0.447213595499958 0 3 3.33333333333333 0.74535599249993 R1
1571 -0.447213595499958 0 3 3.33333333333333 0.74535599249993 R1
96 -0.454858826147342 0.444444444444444 2 2.85714285714286 1.88441513689613 R2
1184 -0.454858826147342 0 2 2.85714285714286 1.88441513689613 R1
472 -0.454858826147342 0 2 2.85714285714286 1.88441513689613 R1
93 -0.454858826147342 0.444444444444444 2 2.85714285714286 1.88441513689613 R2
382 -0.458454604049002 0.625 2 3.45454545454545 3.17271424847548 R3
918 -0.458454604049002 0.5 2 3.45454545454545 3.17271424847548 R2
921 -0.458454604049002 0 2 3.45454545454545 3.17271424847548 R1
1695 -0.458454604049002 0.444444444444444 2 3.45454545454545 3.17271424847548 R2
97 -0.458454604049002 0 2 3.45454545454545 3.17271424847548 R1
993 -0.462085632402261 0.444444444444444 6 8.72727272727273 5.90209375931979 R2
523 -0.462085632402261 0.622448979591837 6 8.72727272727273 5.90209375931979 R3
311 -0.467746895387949 0 2 6 8.55163345698404 R1
119 -0.467746895387949 0.444444444444444 2 6 8.55163345698404 R2
1142 -0.467746895387949 0 2 6 8.55163345698404 R1
541 -0.467746895387949 0.444444444444444 2 6 8.55163345698404 R2
947 -0.467746895387949 0.444444444444444 2 6 8.55163345698404 R2
1332 -0.467746895387949 0 2 6 8.55163345698404 R1
1260 -0.485071250072666 0 2 3 2.06155281280883 R1
43 -0.486901602720413 0 4 7.375 6.93158531650589 R1
1642 -0.486901602720413 0 4 7.375 6.93158531650589 R1
44 -0.486901602720413 0 4 7.375 6.93158531650589 R1
42 -0.486901602720413 0.444444444444444 4 7.375 6.93158531650589 R2
797 -0.486901602720413 0.65625 4 7.375 6.93158531650589 R3
856 -0.488756146546559 0.444444444444444 4 8.41379310344828 9.03066515814716 R2
1054 -0.492102239356085 0.666666666666667 6 10.5090909090909 9.16291483450888 R3
377 -0.492102239356085 0.58 6 10.5090909090909 9.16291483450888 R2
1691 -0.49238847393242 0 5 11.6 13.4040505605049 R1
1220 -0.497416003373806 0 2 3.09090909090909 2.19315237851179 R1
670 -0.497416003373806 0.444444444444444 2 3.09090909090909 2.19315237851179 R2
1316 -0.504472002939077 0 3 10.6885245901639 15.2407359484178 R1
1256 -0.504472002939077 0 3 10.6885245901639 15.2407359484178 R1
1257 -0.504472002939077 0 3 10.6885245901639 15.2407359484178 R1
610 -0.504472002939077 0 3 10.6885245901639 15.2407359484178 R1
609 -0.504472002939077 0 3 10.6885245901639 15.2407359484178 R1
1137 -0.504472002939077 0.375 3 10.6885245901639 15.2407359484178 R2
136 -0.505780538858872 0 4 6 3.95428421289665 R1
1298 -0.505780538858872 0.5 4 6 3.95428421289665 R2
594 -0.5092922073643 0.32 4 8.35294117647059 8.54704060562408 R2
1653 -0.5092922073643 0 4 8.35294117647059 8.54704060562408 R1
1435 -0.5092922073643 0.32 4 8.35294117647059 8.54704060562408 R2
905 -0.5092922073643 0.571428571428572 4 8.35294117647059 8.54704060562408 R2
1645 -0.51098270904082 0 5 11.7241379310345 13.1592279191923 R1
755 -0.51098270904082 0 5 11.7241379310345 13.1592279191923 R1
399 -0.513725436451662 0.612244897959184 4 6.625 5.10973335899242 R2
1381 -0.515127426328928 0.48 3 6.6 6.98856208386246 R2
1575 -0.515127426328928 0 3 6.6 6.98856208386246 R1
768 -0.526627220575948 0.444444444444444 2 6.24 8.05123592996752 R2
948 -0.526627220575948 0 2 6.24 8.05123592996752 R1
1573 -0.526627220575948 0 2 6.24 8.05123592996752 R1
1548 -0.526627220575948 0 2 6.24 8.05123592996752 R1
1547 -0.526627220575948 0.444444444444444 2 6.24 8.05123592996752 R2
910 -0.526627220575948 0 2 6.24 8.05123592996752 R1
407 -0.526627220575948 0 2 6.24 8.05123592996752 R1
260 -0.531794537264396 0 3 4.66666666666667 3.13404247294484 R1
1324 -0.531794537264396 0 3 4.66666666666667 3.13404247294484 R1
925 -0.531794537264396 0 3 4.66666666666667 3.13404247294484 R1
1325 -0.531794537264396 0 3 4.66666666666667 3.13404247294484 R1
1630 -0.532152084190191 0 4 6.66666666666667 5.01109879279097 R1
685 -0.532152084190191 0.6875 4 6.66666666666667 5.01109879279097 R3
644 -0.534522483824849 0.32 4 6.22222222222222 4.15739709641549 R2
508 -0.537139772103476 0 7 10.1875 5.93420961459907 R1
506 -0.537139772103476 0 7 10.1875 5.93420961459907 R1
507 -0.537139772103476 0 7 10.1875 5.93420961459907 R1
1395 -0.537139772103476 0.37037037037037 7 10.1875 5.93420961459907 R2
1180 -0.539382457397462 0 5 7.29411764705882 4.25322999588829 R1
1294 -0.539382457397462 0 5 7.29411764705882 4.25322999588829 R1
1293 -0.539382457397462 0 5 7.29411764705882 4.25322999588829 R1
1295 -0.539382457397462 0.277777777777778 5 7.29411764705882 4.25322999588829 R2
747 -0.539382457397462 0 5 7.29411764705882 4.25322999588829 R1
1196 -0.540873895194093 0.58 5 8.8 7.02566722810012 R2
1328 -0.540873895194093 0.277777777777778 5 8.8 7.02566722810012 R2
1392 -0.543047940286132 0 3 8 9.20729023917391 R1
173 -0.546913297221222 0 3 7.92857142857143 9.0116138218118 R1
573 -0.549442255794756 0.5 2 3.33333333333333 2.42670329642684 R2
931 -0.552344770738994 0 2 2.85714285714286 1.55182578445717 R1
558 -0.554641106989778 0.571428571428572 4 7.45454545454545 6.22843386653114 R2
144 -0.554700196225229 0.444444444444444 4 8 7.21110255092798 R2
147 -0.554700196225229 0.444444444444444 4 8 7.21110255092798 R2
145 -0.554700196225229 0 4 8 7.21110255092798 R1
899 -0.555573226481328 0 5 9.57894736842105 8.24184310936183 R1
1554 -0.557883398049737 0 5 6.625 2.91279504943276 R1
1553 -0.557883398049737 0 5 6.625 2.91279504943276 R1
1552 -0.557883398049737 0 5 6.625 2.91279504943276 R1
519 -0.563377967155907 0 4 8.81481481481481 8.54633140717478 R1
1371 -0.563377967155907 0.32 4 8.81481481481481 8.54633140717478 R2
1572 -0.565332202670059 0 2 4.28571428571429 4.0431347708814 R1
1338 -0.565685424949238 0.64 2 3.33333333333333 2.35702260395516 R3
1202 -0.565685424949238 0.444444444444444 2 3.33333333333333 2.35702260395516 R2
112 -0.566992788164604 0 4 11.6 13.4040505605049 R1
264 -0.566992788164604 0.612244897959184 4 11.6 13.4040505605049 R2
1625 -0.566992788164604 0.32 4 11.6 13.4040505605049 R2
974 -0.566992788164604 0.32 4 11.6 13.4040505605049 R2
1187 -0.566992788164604 0.5 4 11.6 13.4040505605049 R2
1049 -0.567307692307692 0.666666666666667 3 6.47058823529412 6.11764705882353 R3
1036 -0.570085632319213 0 2 10.6885245901639 15.2407359484178 R1
1136 -0.570085632319213 0 2 10.6885245901639 15.2407359484178 R1
1590 -0.570085632319213 0.444444444444444 2 10.6885245901639 15.2407359484178 R2
810 -0.570271938669275 0.58 5 11.7894736842105 11.9056773160779 R2
809 -0.570271938669275 0.408163265306122 5 11.7894736842105 11.9056773160779 R2
1323 -0.581238193719097 0 3 4.66666666666667 2.86744175568087 R1
1667 -0.584683619234937 0 1 6 8.55163345698404 R1
1586 -0.584683619234937 0 1 6 8.55163345698404 R1
754 -0.586975009359711 0 4 11.7241379310345 13.1592279191923 R1
28 -0.586975009359711 0 4 11.7241379310345 13.1592279191923 R1
834 -0.588348405414552 0 2 2.85714285714286 1.45686271816937 R1
833 -0.588348405414552 0 2 2.85714285714286 1.45686271816937 R1
1559 -0.590313783752945 0.444444444444444 4 8.15384615384616 7.03667484678724 R2
1219 -0.593023255813954 0 3 6.92307692307692 6.61538461538461 R1
846 -0.597022314125993 0 3 6 5.02493781056044 R1
1195 -0.601237816632636 0 5 10.5090909090909 9.16291483450888 R1
1644 -0.601237816632636 0.46875 5 10.5090909090909 9.16291483450888 R2
1239 -0.601237816632636 0.567901234567901 5 10.5090909090909 9.16291483450888 R2
902 -0.601237816632636 0.769230769230769 5 10.5090909090909 9.16291483450888 R3
350 -0.606339062590833 0 2 3.66666666666667 2.74873708374511 R1
468 -0.606339062590833 0.48 2 3.66666666666667 2.74873708374511 R2
265 -0.606339062590833 0.64 2 3.66666666666667 2.74873708374511 R3
51 -0.611976499105206 0 5 9.33333333333333 7.08088192874933 R1
1373 -0.611976499105206 0 5 9.33333333333333 7.08088192874933 R1
734 -0.619626755681606 0.165289256198347 10 13.1111111111111 5.02094379008667 R2
732 -0.619626755681606 0.444444444444444 10 13.1111111111111 5.02094379008667 R2
882 -0.619779786800912 0.444444444444444 4 6.75 4.43705983732471 R2
881 -0.619779786800912 0.444444444444444 4 6.75 4.43705983732471 R2
444 -0.626291768515558 0 3 8.35294117647059 8.54704060562408 R1
983 -0.626291768515558 0 3 8.35294117647059 8.54704060562408 R1
1469 -0.631168744267203 0 3 7.375 6.93158531650589 R1
1411 -0.631168744267203 0 3 7.375 6.93158531650589 R1
1410 -0.631168744267203 0 3 7.375 6.93158531650589 R1
1468 -0.631168744267203 0 3 7.375 6.93158531650589 R1
713 -0.631168744267203 0.375 3 7.375 6.93158531650589 R2
1110 -0.631517030949757 0.277777777777778 5 8.72727272727273 5.90209375931979 R2
1111 -0.631517030949757 0.277777777777778 5 8.72727272727273 5.90209375931979 R2
1108 -0.631517030949757 0.277777777777778 5 8.72727272727273 5.90209375931979 R2
1565 -0.631517030949757 0 5 8.72727272727273 5.90209375931979 R1
638 -0.632455532033657 0 6 6.28571428571428 0.451753951452637 R1
636 -0.632455532033657 0 6 6.28571428571428 0.451753951452637 R1
637 -0.632455532033657 0 6 6.28571428571428 0.451753951452637 R1
635 -0.632455532033657 0 6 6.28571428571428 0.451753951452637 R1
639 -0.632455532033657 0 6 6.28571428571428 0.451753951452637 R1
943 -0.632455532033676 0.277777777777778 5 7.66666666666667 4.21637021355784 R2
84 -0.632455532033676 0 5 7.66666666666667 4.21637021355784 R1
554 -0.632455532033676 0 3 4 1.58113883008419 R1
1 -0.635699261699349 0 1 10.6885245901639 15.2407359484178 R1
440 -0.635699261699349 0 1 10.6885245901639 15.2407359484178 R1
1639 -0.635699261699349 0 1 10.6885245901639 15.2407359484178 R1
1346 -0.635699261699349 0 1 10.6885245901639 15.2407359484178 R1
438 -0.641597102396789 0.375 3 11.6 13.4040505605049 R2
1056 -0.641597102396789 0.611111111111111 3 11.6 13.4040505605049 R2
1368 -0.644852693778447 0 3 6.125 4.84606799374503 R1
664 -0.644852693778447 0 3 6.125 4.84606799374503 R1
1345 -0.645924564516908 0 3 6 4.64450520200253 R1
1163 -0.645924564516908 0 3 6 4.64450520200253 R1
460 -0.649976369017264 0 6 8.23529411764706 3.43903905464552 R1
1539 -0.650831753730652 0 1 6.24 8.05123592996752 R1
1399 -0.650831753730652 0 1 6.24 8.05123592996752 R1
1353 -0.650831753730652 0 1 6.24 8.05123592996752 R1
578 -0.651657528343358 0 2 8 9.20729023917391 R1
1423 -0.651657528343358 0 2 8 9.20729023917391 R1
940 -0.651657528343358 0 2 8 9.20729023917391 R1
939 -0.654653670707977 0 2 3.5 2.29128784747792 R1
1690 -0.654653670707977 0.5 2 3.5 2.29128784747792 R2
973 -0.654804060015577 0.32 4 10.1714285714286 9.42484774954168 R2
1217 -0.654804060015577 0.571428571428571 4 10.1714285714286 9.42484774954168 R2
284 -0.657881212599441 0.444444444444444 2 7.92857142857143 9.0116138218118 R2
1091 -0.657881212599441 0 2 7.92857142857143 9.0116138218118 R1
1646 -0.658218378086964 0.444444444444444 2 6.6 6.98856208386246 R2
289 -0.658218378086964 0.444444444444444 2 6.6 6.98856208386246 R2
1491 -0.658218378086964 0 2 6.6 6.98856208386246 R1
1643 -0.658218378086964 0 2 6.6 6.98856208386246 R1
1404 -0.658585559938142 0 4 5.71428571428571 2.60298102261266 R1
975 -0.659380473395787 0 2 4.66666666666667 4.04420023682749 R1
1238 -0.659380473395787 0 2 4.66666666666667 4.04420023682749 R1
380 -0.660578259075817 0.722222222222222 2 4 3.02765035409749 R3
1608 -0.662967309678602 0.611111111111111 3 11.7241379310345 13.1592279191923 R2
318 -0.670978960890315 0.5625 5 8.83333333333333 5.7130455003342 R2
1558 -0.680387237257519 0.611111111111111 3 8.81481481481481 8.54633140717478 R2
626 -0.682170633732038 0 2 4.30769230769231 3.38286668112247 R1
1327 -0.683209130771486 0 4 8.8 7.02566722810012 R1
781 -0.683209130771486 0.32 4 8.8 7.02566722810012 R2
396 -0.683209130771486 0 4 8.8 7.02566722810012 R1
230 -0.693375245281536 0.375 3 8 7.21110255092798 R2
1322 -0.707106781186547 0.5 1 1.33333333333333 0.471404520791032 R2
566 -0.707106781186547 0 1 1.33333333333333 0.471404520791032 R1
1090 -0.707106781186547 0 2 4 2.82842712474619 R1
1159 -0.707106781186548 0.444444444444444 2 2.66666666666667 0.942809041582063 R2
1085 -0.707106781186548 0 2 2.66666666666667 0.942809041582063 R1
964 -0.707106781186548 0 1 1.33333333333333 0.471404520791032 R1
141 -0.707106781186548 0.666666666666667 1 1.33333333333333 0.471404520791032 R3
904 -0.709430364623724 0.611111111111111 3 6.625 5.10973335899242 R2
595 -0.709430364623724 0 3 6.625 5.10973335899242 R1
1546 -0.710223775450468 0 2 8.41379310344828 9.03066515814716 R1
1059 -0.710223775450468 0 2 8.41379310344828 9.03066515814716 R1
1127 -0.710223775450468 0.625 2 8.41379310344828 9.03066515814716 R3
1365 -0.710223775450468 0 2 8.41379310344828 9.03066515814716 R1
1031 -0.710373393909187 0 4 10.5090909090909 9.16291483450888 R1
294 -0.710373393909187 0.444444444444444 4 10.5090909090909 9.16291483450888 R2
1537 -0.710373393909187 0.444444444444444 4 10.5090909090909 9.16291483450888 R2
192 -0.710373393909187 0.32 4 10.5090909090909 9.16291483450888 R2
752 -0.715195111644713 0.666666666666667 3 7.45454545454545 6.22843386653114 R3
1185 -0.716201416628974 0 2 11.6 13.4040505605049 R1
330 -0.716201416628974 0 2 11.6 13.4040505605049 R1
731 -0.716201416628974 0.444444444444444 2 11.6 13.4040505605049 R2
344 -0.716201416628974 0.444444444444444 2 11.6 13.4040505605049 R2
254 -0.716201416628974 0 2 11.6 13.4040505605049 R1
774 -0.716201416628974 0.444444444444444 2 11.6 13.4040505605049 R2
439 -0.716201416628974 0 2 11.6 13.4040505605049 R1
1662 -0.720003408308225 0 3 4.18181818181818 1.64140637138798 R1
1574 -0.720003408308225 0 3 4.18181818181818 1.64140637138798 R1
1242 -0.723922765993027 0 3 5.33333333333333 3.22317993430229 R1
1243 -0.723922765993027 0 3 5.33333333333333 3.22317993430229 R1
1241 -0.723922765993027 0 3 5.33333333333333 3.22317993430229 R1
457 -0.73076923076923 0.777777777777778 2 6.47058823529412 6.11764705882353 R3
996 -0.73076923076923 0 2 6.47058823529412 6.11764705882353 R1
1055 -0.73076923076923 0 2 6.47058823529412 6.11764705882353 R1
1372 -0.731709115761513 0 3 6.66666666666667 5.01109879279097 R1
1669 -0.731709115761513 0 3 6.66666666666667 5.01109879279097 R1
1670 -0.731709115761513 0 3 6.66666666666667 5.01109879279097 R1
1668 -0.731709115761513 0 3 6.66666666666667 5.01109879279097 R1
1226 -0.731709115761513 0 3 6.66666666666667 5.01109879279097 R1
602 -0.732426361323099 0.375 3 8.15384615384616 7.03667484678724 R2
256 -0.738259021378053 0 3 11.7894736842105 11.9056773160779 R1
263 -0.738259021378053 0.611111111111111 3 11.7894736842105 11.9056773160779 R2
593 -0.743291329666816 0 2 8.35294117647059 8.54704060562408 R1
851 -0.744186046511628 0.814814814814815 2 6.92307692307692 6.61538461538461 R4
1522 -0.753201845052561 0 4 9.33333333333333 7.08088192874933 R1
927 -0.753201845052561 0 4 9.33333333333333 7.08088192874933 R1
922 -0.753201845052561 0 4 9.33333333333333 7.08088192874933 R1
1057 -0.753201845052561 0.571428571428571 4 9.33333333333333 7.08088192874933 R2
1463 -0.760267116400585 0.5 1 8 9.20729023917391 R2
749 -0.760267116400585 0 1 8 9.20729023917391 R1
992 -0.760906569740324 0.56 3 10.1714285714286 9.42484774954168 R2
491 -0.760906569740324 0 3 10.1714285714286 9.42484774954168 R1
1450 -0.760906569740324 0.375 3 10.1714285714286 9.42484774954168 R2
1037 -0.760906569740324 0 3 10.1714285714286 9.42484774954168 R1
162 -0.760906569740324 0.56 3 10.1714285714286 9.42484774954168 R2
1027 -0.760906569740324 0.375 3 10.1714285714286 9.42484774954168 R2
194 -0.76426525662788 0.56 6 13.0909090909091 9.27807332521678 R2
1434 -0.768706114785808 0 4 5.85714285714286 2.41593350361254 R1
1671 -0.76884912797766 0 1 7.92857142857143 9.0116138218118 R1
1419 -0.76884912797766 0 1 7.92857142857143 9.0116138218118 R1
1147 -0.76884912797766 0 1 7.92857142857143 9.0116138218118 R1
1379 -0.76884912797766 0 1 7.92857142857143 9.0116138218118 R1
1652 -0.76884912797766 0 1 7.92857142857143 9.0116138218118 R1
1265 -0.773642144332691 0 1 3.45454545454545 3.17271424847548 R1
1172 -0.775057601546031 0.375 3 6.22222222222222 4.15739709641549 R2
363 -0.775057601546031 0.56 3 6.22222222222222 4.15739709641549 R2
486 -0.775435885813992 0.625 2 7.375 6.93158531650589 R3
1215 -0.775435885813992 0 2 7.375 6.93158531650589 R1
691 -0.775435885813992 0.444444444444444 2 7.375 6.93158531650589 R2
1697 -0.775435885813992 0 2 7.375 6.93158531650589 R1
1014 -0.775435885813992 0.5 2 7.375 6.93158531650589 R2
532 -0.776967779104054 0 7 13.3333333333333 8.15134617375833 R1
1359 -0.790805730861159 0 1 11.6 13.4040505605049 R1
1138 -0.790805730861159 0 1 11.6 13.4040505605049 R1
1511 -0.796029752167991 0.625 2 6 5.02493781056044 R3
761 -0.797396507359131 0.5 2 8.81481481481481 8.54633140717478 R2
987 -0.797396507359131 0.444444444444444 2 8.81481481481481 8.54633140717478 R2
840 -0.797396507359131 0 2 8.81481481481481 8.54633140717478 R1
190 -0.797396507359131 0 2 8.81481481481481 8.54633140717478 R1
934 -0.797724035217465 0.775510204081633 2 4 2.50713268211204 R3
1473 -0.797724035217465 0.444444444444444 2 4 2.50713268211204 R2
763 -0.798237394369724 0.48 3 9.57894736842105 8.24184310936183 R2
106 -0.798237394369724 0.56 3 9.57894736842105 8.24184310936183 R2
1302 -0.800948429497253 0.32 4 8.72727272727273 5.90209375931979 R2
1676 -0.801309329844999 0 1 6.6 6.98856208386246 R1
981 -0.801309329844999 0 1 6.6 6.98856208386246 R1
624 -0.80161434077167 0 2 5.25 4.05431868505671 R1
1190 -0.80903983495589 0 2 3.71428571428571 2.1189138534559 R1
409 -0.80903983495589 0.777777777777778 2 3.71428571428571 2.1189138534559 R3
282 -0.811502671200688 0.375 3 4.5 1.84842275106824 R2
861 -0.812665041338209 0.5 1 4.28571428571429 4.0431347708814 R2
1149 -0.812665041338209 0 1 4.28571428571429 4.0431347708814 R1
1465 -0.812665041338209 0 1 4.28571428571429 4.0431347708814 R1
1160 -0.812665041338209 0 1 4.28571428571429 4.0431347708814 R1
1390 -0.814951910316384 0 1 11.7241379310345 13.1592279191923 R1
1081 -0.814951910316384 0 1 11.7241379310345 13.1592279191923 R1
290 -0.814951910316384 0 1 11.7241379310345 13.1592279191923 R1
1616 -0.814951910316384 0 1 11.7241379310345 13.1592279191923 R1
1634 -0.816496580927722 0 4 4.4 0.489897948556638 R1
1636 -0.816496580927722 0 4 4.4 0.489897948556638 R1
1635 -0.816496580927722 0 4 4.4 0.489897948556638 R1
1449 -0.818792498579265 0 9 13.1111111111111 5.02094379008667 R1
1168 -0.819508971185738 0 3 10.5090909090909 9.16291483450888 R1
1307 -0.819508971185738 0.48 3 10.5090909090909 9.16291483450888 R2
1258 -0.819508971185738 0.611111111111111 3 10.5090909090909 9.16291483450888 R2
1604 -0.819508971185738 0.666666666666667 3 10.5090909090909 9.16291483450888 R3
1533 -0.819508971185738 0.48 3 10.5090909090909 9.16291483450888 R2
1583 -0.819508971185738 0 3 10.5090909090909 9.16291483450888 R1
60 -0.820957589902423 0 1 8.41379310344828 9.03066515814716 R1
857 -0.820957589902423 0 1 8.41379310344828 9.03066515814716 R1
1121 -0.822252562732443 0.625 2 11.7894736842105 11.9056773160779 R3
1269 -0.825544366348879 0 3 8.8 7.02566722810012 R1
415 -0.832050294337844 0 2 8 7.21110255092798 R1
662 -0.832050294337844 0 2 8 7.21110255092798 R1
627 -0.832050294337844 0.64 2 8 7.21110255092798 R3
1233 -0.833058170218707 0 5 11.2258064516129 7.47343543846213 R1
1130 -0.833058170218707 0.277777777777778 5 11.2258064516129 7.47343543846213 R2
89 -0.833058170218707 0.828125 5 11.2258064516129 7.47343543846213 R4
1231 -0.833058170218707 0 5 11.2258064516129 7.47343543846213 R1
1232 -0.833058170218707 0 5 11.2258064516129 7.47343543846213 R1
999 -0.836079617149941 0.625 2 3.71428571428571 2.05038572777248 R3
997 -0.836079617149941 0 2 3.71428571428571 2.05038572777248 R1
1482 -0.836079617149941 0 2 3.71428571428571 2.05038572777248 R1
1171 -0.845154254728517 0.375 3 6.75 4.43705983732471 R2
1675 -0.845154254728517 0 3 6.75 4.43705983732471 R1
1161 -0.850871259623034 0 2 4.66666666666667 3.13404247294484 R1
941 -0.850871259623034 0.5 2 4.66666666666667 3.13404247294484 R2
1561 -0.851205555787551 0 2 6.125 4.84606799374503 R1
982 -0.860290890818074 0 1 8.35294117647059 8.54704060562408 R1
1492 -0.860290890818074 0 1 8.35294117647059 8.54704060562408 R1
718 -0.861232752689211 0 2 6 4.64450520200253 R1
829 -0.861232752689211 0 2 6 4.64450520200253 R1
926 -0.866025403784439 0.5 1 2 1.15470053837925 R2
1148 -0.866025403784439 0 1 2 1.15470053837925 R1
1606 -0.866025403784439 0 1 2 1.15470053837925 R1
1466 -0.86700907946507 0.444444444444444 2 10.1714285714286 9.42484774954168 R2
855 -0.86700907946507 0 2 10.1714285714286 9.42484774954168 R1
82 -0.869626356546304 0 4 7.66666666666667 4.21637021355784 R1
83 -0.869626356546304 0 4 7.66666666666667 4.21637021355784 R1
81 -0.869626356546304 0 4 7.66666666666667 4.21637021355784 R1
1396 -0.874168648717422 0.448979591836735 5 10.1875 5.93420961459907 R2
883 -0.874168648717422 0.62 5 10.1875 5.93420961459907 R2
895 -0.874168648717422 0 5 10.1875 5.93420961459907 R1
151 -0.874538938893252 0 2 8.15384615384616 7.03667484678724 R1
1430 -0.892217816219194 0 4 7.66666666666667 4.10960933531265 R1
1120 -0.892217816219194 0 4 7.66666666666667 4.10960933531265 R1
1250 -0.894230769230768 0 1 6.47058823529412 6.11764705882353 R1
1053 -0.894230769230768 0 1 6.47058823529412 6.11764705882353 R1
804 -0.894230769230768 0.75 1 6.47058823529412 6.11764705882353 R3
35 -0.894427190999916 0 3 9.33333333333333 7.08088192874933 R1
36 -0.894427190999916 0.375 3 9.33333333333333 7.08088192874933 R2
1107 -0.895348837209302 0 1 6.92307692307692 6.61538461538461 R1
1062 -0.895348837209302 0 1 6.92307692307692 6.61538461538461 R1
877 -0.901196258388037 0.32 4 6.625 2.91279504943276 R2
876 -0.901196258388037 0.32 4 6.625 2.91279504943276 R2
451 -0.905374288474376 0.819444444444445 3 4.90909090909091 2.10862063722604 R4
308 -0.905374288474376 0.56 3 4.90909090909091 2.10862063722604 R2
1329 -0.905374288474376 0.375 3 4.90909090909091 2.10862063722604 R2
453 -0.905374288474376 0.48 3 4.90909090909091 2.10862063722604 R2
1330 -0.905374288474376 0.375 3 4.90909090909091 2.10862063722604 R2
1651 -0.906648150919207 0 1 4.66666666666667 4.04420023682749 R1
1398 -0.906648150919207 0.5 1 4.66666666666667 4.04420023682749 R2
1472 -0.906648150919207 0 1 4.66666666666667 4.04420023682749 R1
411 -0.906648150919207 0.5 1 4.66666666666667 4.04420023682749 R2
1567 -0.912870929175275 0.693877551020408 3 4 1.09544511501033 R3
1534 -0.912870929175275 0.790123456790123 3 4 1.09544511501033 R3
1627 -0.914405777460742 0 1 8.81481481481481 8.54633140717478 R1
1122 -0.914405777460742 0 1 8.81481481481481 8.54633140717478 R1
917 -0.916666666666667 0 7 10.6666666666667 4 R1
913 -0.916666666666667 0 7 10.6666666666667 4 R1
915 -0.916666666666667 0 7 10.6666666666667 4 R1
1183 -0.919703027360781 0 1 7.375 6.93158531650589 R1
815 -0.928644548462289 0 2 10.5090909090909 9.16291483450888 R1
1182 -0.928644548462289 0.444444444444444 2 10.5090909090909 9.16291483450888 R2
1467 -0.928644548462289 0 2 10.5090909090909 9.16291483450888 R1
816 -0.928644548462289 0.72 2 10.5090909090909 9.16291483450888 R3
1540 -0.928644548462289 0.625 2 10.5090909090909 9.16291483450888 R3
1566 -0.928644548462289 0.72 2 10.5090909090909 9.16291483450888 R3
892 -0.929981109950555 0.625 2 4.66666666666667 2.86744175568087 R3
117 -0.931266147332835 0 2 6.66666666666667 5.01109879279097 R1
214 -0.931551641906374 0 4 10.3333333333333 6.79869268479038 R1
1623 -0.934404506879832 0.375 3 6.4 3.63868107973205 R2
1315 -0.953380673133129 0 1 3.09090909090909 2.19315237851179 R1
1641 -0.953380673133129 0.5 1 3.09090909090909 2.19315237851179 R2
779 -0.953380673133129 0 1 3.09090909090909 2.19315237851179 R1
1637 -0.953380673133129 0 1 3.09090909090909 2.19315237851179 R1
1006 -0.95782628522115 0 2 3.81818181818182 1.89823754707465 R1
1672 -0.95782628522115 0 2 3.81818181818182 1.89823754707465 R1
1424 -0.961523947640823 0 1 3.33333333333333 2.42670329642684 R1
991 -0.961523947640823 0 1 3.33333333333333 2.42670329642684 R1
1374 -0.966865441082851 0.32 4 11.2258064516129 7.47343543846213 R2
510 -0.970142500145332 0 1 3 2.06155281280883 R1
1518 -0.970142500145332 0.666666666666667 1 3 2.06155281280883 R3
1503 -0.970142500145332 0 1 3 2.06155281280883 R1
601 -0.970142500145332 0.5 1 3.66666666666667 2.74873708374511 R2
432 -0.970379828044749 0.56 3 8.72727272727273 5.90209375931979 R2
1174 -0.970379828044749 0.666666666666667 3 8.72727272727273 5.90209375931979 R3
434 -0.970379828044749 0.375 3 8.72727272727273 5.90209375931979 R2
416 -0.970725343394151 0 1 8 7.21110255092798 R1
1487 -0.970725343394151 0 1 8 7.21110255092798 R1
875 -0.973111589189817 0 1 10.1714285714286 9.42484774954168 R1
1351 -0.973111589189817 0 1 10.1714285714286 9.42484774954168 R1
1688 -0.977777908349254 0 1 4.30769230769231 3.38286668112247 R1
969 -0.977777908349254 0 1 4.30769230769231 3.38286668112247 R1
92 -0.977777908349254 0.666666666666667 1 4.30769230769231 3.38286668112247 R3
1569 -0.977777908349254 0 1 4.30769230769231 3.38286668112247 R1
625 -0.977777908349254 0 1 4.30769230769231 3.38286668112247 R1
1189 -0.985527456652574 0 1 2.85714285714286 1.88441513689613 R1
1687 -0.988104929322464 0.444444444444444 2 5.4 3.44093010681705 R2
864 -0.988104929322464 0.444444444444444 2 5.4 3.44093010681705 R2
427 -0.988104929322464 0.5 2 5.4 3.44093010681705 R2
1178 -0.989949493661167 0.5 1 3.33333333333333 2.35702260395516 R2
1483 -0.989949493661167 0 1 3.33333333333333 2.35702260395516 R1
324 -0.989949493661167 0 1 3.33333333333333 2.35702260395516 R1
1274 -0.990867388613726 0.5 1 4 3.02765035409749 R2
1605 -0.990867388613726 0.5 1 4 3.02765035409749 R2
1299 -0.990867388613726 0 1 4 3.02765035409749 R1
1602 -0.990867388613726 0 1 4 3.02765035409749 R1
871 -0.990867388613726 0 1 4 3.02765035409749 R1
1601 -0.995037190209989 0 1 6 5.02493781056044 R1
1674 -0.995037190209989 0.5 1 6 5.02493781056044 R2
710 -1 0 3 3.5 0.5 R1
1076 -1 0 2 2.5 0.5 R1
819 -1 0 2 3 1 R1
1406 -1 0.375 3 3.5 0.5 R2
1212 -1 0 2 3 1 R1
712 -1 0 3 3.5 0.5 R1
1445 -1 0.666666666666667 2 3.5 1.5 R3
1407 -1 0.375 3 3.5 0.5 R2
1275 -1 0 2 3 1 R1
1077 -1 0.5 1 2.5 1.5 R2
818 -1 0 2 3 1 R1
280 -1 0.915555555555555 2 2.5 0.5 R4
621 -1.00157843328341 0 10 21.4545454545455 11.4364937122246 R1
1378 -1.01156107771775 0.722222222222222 2 6 3.95428421289665 R3
945 -1.01665151646341 0 1 8.15384615384616 7.03667484678724 R1
224 -1.01795824147692 0 8 13.1111111111111 5.02094379008667 R1
605 -1.03492723423692 0.625 2 7.14285714285714 4.96929346597888 R3
1292 -1.03565253694727 0.444444444444444 2 9.33333333333333 7.08088192874933 R2
1655 -1.03630312095458 0.666666666666667 1 7.45454545454545 6.22843386653114 R3
1058 -1.03630312095458 0.5 1 7.45454545454545 6.22843386653114 R2
1535 -1.03630312095458 0 1 7.45454545454545 6.22843386653114 R1
671 -1.04090156225812 0 1 9.57894736842105 8.24184310936183 R1
13 -1.04090156225812 0 1 9.57894736842105 8.24184310936183 R1
651 -1.04090156225812 0.5 1 9.57894736842105 8.24184310936183 R2
509 -1.0426830870244 0 4 10.1875 5.93420961459907 R1
414 -1.0426830870244 0.612244897959184 4 10.1875 5.93420961459907 R2
369 -1.04276046990206 0 3 5.71428571428571 2.60298102261266 R1
623 -1.04826490716295 0 1 5.25 4.05431868505671 R1
1223 -1.04826490716295 0 1 5.25 4.05431868505671 R1
564 -1.05642498800164 0.444444444444444 2 4.70588235294118 2.56135777142085 R2
563 -1.05642498800164 0.444444444444444 2 4.70588235294118 2.56135777142085 R2
1125 -1.05642498800164 0 2 4.70588235294118 2.56135777142085 R1
283 -1.05642498800164 0.444444444444444 2 4.70588235294118 2.56135777142085 R2
924 -1.05642498800164 0 2 4.70588235294118 2.56135777142085 R1
101 -1.06066017177982 0.666666666666667 1 4 2.82842712474619 R3
1221 -1.06066017177982 0 1 4 2.82842712474619 R1
1331 -1.0690449676497 0 2 3.33333333333333 1.24721912892465 R1
526 -1.0690449676497 0 1 2.33333333333333 1.24721912892465 R1
1382 -1.07654094086151 0.5 1 6 4.64450520200253 R2
585 -1.07654094086151 0.666666666666667 1 6 4.64450520200253 R3
287 -1.0876082498166 0 3 13.0909090909091 9.27807332521678 R1
1347 -1.0876082498166 0.48 3 13.0909090909091 9.27807332521678 R2
1588 -1.0876082498166 0 3 13.0909090909091 9.27807332521678 R1
1524 -1.09108945117996 0 1 3.5 2.29128784747792 R1
403 -1.09321633322024 0.444444444444444 2 4.33333333333333 2.13437474581095 R2
1446 -1.10084022096785 0.5 1 6.625 5.10973335899242 R2
1523 -1.10084022096785 0 1 6.625 5.10973335899242 R1
1266 -1.11021483750367 0.75 1 8.8 7.02566722810012 R3
780 -1.11021483750367 0 1 8.8 7.02566722810012 R1
118 -1.13082317890416 0 1 6.66666666666667 5.01109879279097 R1
808 -1.16994798198167 0.5 1 4.66666666666667 3.13404247294484 R2
807 -1.16994798198167 0 1 4.66666666666667 3.13404247294484 R1
771 -1.18262479197817 0.375 3 5.85714285714286 2.41593350361254 R2
835 -1.19538924754617 0 2 13.0909090909091 9.27807332521678 R1
1283 -1.19609293028274 0 2 8.83333333333333 5.7130455003342 R1
1191 -1.19609293028274 0 2 8.83333333333333 5.7130455003342 R1
1284 -1.19609293028274 0 2 8.83333333333333 5.7130455003342 R1
582 -1.1965860528262 0 1 4 2.50713268211204 R1
1549 -1.19674700326782 0.5 1 2.85714285714286 1.55182578445717 R2
1647 -1.19674700326782 0 1 2.85714285714286 1.55182578445717 R1
615 -1.20604537831106 0.5 2 3.33333333333333 1.10554159678513 R2
616 -1.20604537831106 0 2 3.33333333333333 1.10554159678513 R1
1622 -1.20922936184449 0 2 6.4 3.63868107973205 R1
1621 -1.20922936184449 0 2 6.4 3.63868107973205 R1
1661 -1.21474678682331 0 1 2.57142857142857 1.29362644830535 R1
1224 -1.21474678682331 0 1 2.57142857142857 1.29362644830535 R1
1433 -1.22474487139159 0 2 3.2 0.979795897113273 R1
1341 -1.22474487139159 0 2 3.2 0.979795897113273 R1
1084 -1.22474487139159 0 1 2 0.816496580927726 R1
1035 -1.22474487139159 0.666666666666667 1 2 0.816496580927726 R3
684 -1.22474487139159 0 2 3.2 0.979795897113271 R1
1462 -1.22474487139159 0.375 3 4 0.816496580927725 R2
1349 -1.23153417287482 0 4 8.23529411764706 3.43903905464552 R1
1350 -1.23153417287482 0 4 8.23529411764706 3.43903905464552 R1
272 -1.23447998281114 0 2 11.2258064516129 7.47343543846213 R1
271 -1.23447998281114 0 2 11.2258064516129 7.47343543846213 R1
1244 -1.23616308533855 0.5 1 7.14285714285714 4.96929346597888 R2
1230 -1.24450911872634 0.375 3 6.625 2.91279504943276 R2
1684 -1.2561278369884 0 1 6.22222222222222 4.15739709641549 R1
338 -1.26491106406735 0 2 4 1.58113883008419 R1
1209 -1.26491106406735 0 2 3.33333333333333 1.05409255338946 R1
1609 -1.26491106406735 0 2 3.33333333333333 1.05409255338946 R1
1610 -1.26491106406735 0 2 3.33333333333333 1.05409255338946 R1
1654 -1.27385218392994 0.666666666666667 1 3.55555555555556 2.00616334280753 R3
492 -1.27385218392994 0.75 1 3.55555555555556 2.00616334280753 R3
1237 -1.27385218392994 0 1 3.55555555555556 2.00616334280753 R1
1519 -1.2747548783982 0.5 1 2.85714285714286 1.45686271816937 R2
1321 -1.27872402618201 0.5 1 5.4 3.44093010681705 R2
1564 -1.27872402618201 0 1 4.66666666666667 2.86744175568087 R1
786 -1.28097973868016 0.75 1 3.71428571428571 2.1189138534559 R3
138 -1.33630620956212 0 1 2.66666666666667 1.24721912892465 R1
1501 -1.34164078649987 0 1 2.5 1.11803398874989 R1
1297 -1.34396800557156 0.72 2 7.66666666666667 4.21637021355784 R3
341 -1.34442799398705 0.5 1 5.33333333333333 3.22317993430229 R2
395 -1.35133598141413 0.244897959183674 6 21.4545454545455 11.4364937122246 R2
620 -1.35133598141413 0 6 21.4545454545455 11.4364937122246 R1
187 -1.35250445200115 0.444444444444444 2 4.5 1.84842275106824 R2
1632 -1.35250445200115 0 2 4.5 1.84842275106824 R1
1633 -1.35250445200115 0 2 4.5 1.84842275106824 R1
830 -1.36312439201568 0.653061224489796 7 13.1111111111111 4.48316466707378 R3
1397 -1.36828725367529 0 1 11.2258064516129 7.47343543846213 R1
1146 -1.36828725367529 0.5 1 11.2258064516129 7.47343543846213 R2
1012 -1.36828725367529 0.5 1 11.2258064516129 7.47343543846213 R2
650 -1.37113092008021 0 1 8.83333333333333 5.7130455003342 R1
1452 -1.37281294596729 0 1 10.3333333333333 6.79869268479038 R1
1603 -1.37281294596729 0 1 2.4 1.01980390271856 R1
1135 -1.37281294596729 0.444444444444444 2 4.8 2.03960780543711 R2
841 -1.37799724400827 0.375 3 7.33333333333333 3.1446603773522 R2
842 -1.37799724400827 0.375 3 7.33333333333333 3.1446603773522 R2
1560 -1.37971196363834 0.72 2 10.1875 5.93420961459907 R3
1470 -1.41421356237309 0 1 2.33333333333333 0.942809041582064 R1
1464 -1.41421356237309 0 2 3.33333333333333 0.942809041582064 R1
778 -1.41421356237309 0 2 2.66666666666667 0.471404520791032 R1
300 -1.41421356237309 0 1 2.33333333333333 0.942809041582064 R1
907 -1.41421356237309 0.444444444444444 2 2.66666666666667 0.471404520791032 R2
498 -1.41421356237309 0 2 2.66666666666667 0.471404520791032 R1
1060 -1.41421356237309 0.444444444444444 2 2.66666666666667 0.471404520791032 R2
1495 -1.41666666666667 0 5 10.6666666666667 4 R1
1103 -1.42693537986597 0 2 5.71428571428571 2.60298102261266 R1
299 -1.4387753684468 0.408163265306122 5 21.4545454545455 11.4364937122246 R2
923 -1.44684291835007 0 1 4.70588235294118 2.56135777142085 R1
1617 -1.47984417798791 0 1 7.29411764705882 4.25322999588829 R1
822 -1.47984417798791 0 1 7.29411764705882 4.25322999588829 R1
1587 -1.48323969741913 0 1 3.75 1.85404962177392 R1
1400 -1.48323969741913 0 1 3.75 1.85404962177392 R1
1447 -1.48463074209278 0 1 3.81818181818182 1.89823754707465 R1
1689 -1.48463074209278 0 1 3.81818181818182 1.89823754707465 R1
1596 -1.5 0 3 6 2 R1
1595 -1.5 0 3 6 2 R1
1597 -1.50755672288882 0 3 5.5 1.6583123951777 R1
933 -1.51304251720263 0 1 13.3333333333333 8.15134617375833 R1
1527 -1.51304251720263 0 1 13.3333333333333 8.15134617375833 R1
463 -1.52231307480359 0 3 8.23529411764706 3.43903905464552 R1
464 -1.52231307480359 0 3 8.23529411764706 3.43903905464552 R1
189 -1.52611672491475 0 1 5.75 3.11247489949718 R1
1673 -1.52611672491475 0 1 5.75 3.11247489949718 R1
1696 -1.52621475547948 0 4 21.4545454545455 11.4364937122246 R1
1659 -1.52621475547948 0 4 21.4545454545455 11.4364937122246 R1
989 -1.54822640194531 0 1 10.1875 5.93420961459907 R1
1305 -1.54919333848297 0 2 6 2.58198889747161 R1
1306 -1.54919333848297 0 2 6 2.58198889747161 R1
1666 -1.56173761888606 0.5 1 4.33333333333333 2.13437474581095 R2
1660 -1.58113883008419 0 1 2 0.632455532033676 R1
275 -1.58113883008419 0 1 7.66666666666667 4.21637021355784 R1
1536 -1.58782197906464 0 2 6.625 2.91279504943276 R1
1640 -1.59654346917052 0 2 5.85714285714286 2.41593350361254 R1
854 -1.63299316185545 0 3 5 1.22474487139159 R1
368 -1.6583123951777 0 1 3.2 1.32664991614216 R1
1582 -1.73205080756888 0 3 4.5 0.866025403784439 R1
1001 -1.73205080756888 0 6 7.5 0.866025403784439 R1
298 -1.78853291657752 0 1 21.4545454545455 11.4364937122246 R1
1268 -1.80923782940263 0.277777777777778 5 13.1111111111111 4.48316466707378 R2
836 -1.87082869338697 0 1 2 0.534522483824849 R1
306 -1.93847071467599 0 1 4.18181818181818 1.64140637138798 R1
323 -1.98679853559757 0 1 6 2.51661147842358 R1
745 -1.99999999999999 0.32 4 6.4 1.20000000000001 R2
488 -2.01046214636288 0 1 5.85714285714286 2.41593350361254 R1
