coauthor;frequency
6;1
8;1
9;5
10;6
11;8
12;8
13;10
14;11
15;20
16;14
17;11
18;10
19;15
20;19
21;6
22;12
23;11
24;14
25;9
26;6
27;12
28;7
29;9
30;12
31;7
32;11
33;12
34;12
35;3
36;12
37;6
38;5
39;13
40;15
41;8
42;3
43;1
44;5
45;12
46;5
47;8
48;6
49;8
50;7
51;2
52;8
53;3
54;4
55;4
56;4
57;4
58;2
59;4
60;2
61;2
62;6
63;5
65;1
66;4
67;2
68;1
69;1
70;2
71;5
72;4
73;3
75;4
76;2
77;1
78;4
79;3
80;1
82;2
83;2
84;3
86;2
87;2
88;4
89;2
90;2
94;2
95;1
97;2
98;1
99;1
100;1
101;2
102;1
103;2
104;2
105;2
106;1
107;1
109;1
110;1
111;1
117;1
118;1
122;1
127;1
133;1
140;1
144;2
145;1
152;1
160;1
245;1
