*Vertices 85
0.168679
0.100497
0.0823864
0.0727983
0.0397727
0.0348011
0.0234375
0.0213068
0.0198864
0.0191761
0.0177557
0.0174006
0.0166903
0.0163352
0.0152699
0.0149148
0.0149148
0.0145597
0.0142045
0.0134943
0.0134943
0.0134943
0.0134943
0.0127841
0.0127841
0.0120739
0.0117188
0.0113636
0.0106534
0.0106534
0.0102983
0.00852273
0.0078125
0.00710227
0.00639205
0.00639205
0.00603693
0.0053267
0.00497159
0.00426136
0.00426136
0.00426136
0.00426136
0.00355114
0.00284091
0.00284091
0.0024858
0.0024858
0.0024858
0.0024858
0.00213068
0.00213068
0.00213068
0.00213068
0.00213068
0.00213068
0.00213068
0.00213068
0.00213068
0.00142045
0.00142045
0.00142045
0.00106534
0.000710227
0.000710227
0.000710227
0.000710227
0.000710227
0.000710227
0.000710227
0.000710227
0.000710227
0.000710227
0.000710227
0.000710227
0.000710227
0.000710227
0.000710227
0.000710227
0.000710227
0.000710227
0.000710227
0.000710227
0.000710227
0.000710227
