*Vertices 461
4
4
4
4
5
5
2
12
9
9
11
9
2
12
2
6
8
5
7
6
9
4
13
6
8
4
7
13
7
26
12
29
12
15
4
4
4
45
28
4
6
5
14
35
1
1
1
2
5
5
13
1
10
15
8
11
23
12
20
14
6
10
9
3
6
3
3
4
11
5
9
9
10
10
1
4
1
1
1
1
1
1
2
11
4
2
19
5
4
5
2
2
3
3
11
29
7
2
31
6
6
6
3
3
3
3
5
16
2
4
28
4
8
2
8
2
9
12
4
4
2
8
6
4
12
9
13
3
9
8
17
3
3
3
8
3
3
3
4
4
4
8
2
2
2
7
7
7
7
4
3
4
2
1
1
14
14
14
14
14
14
6
1
1
2
1
2
2
2
2
2
2
2
2
7
7
4
3
4
2
2
2
4
5
5
6
10
38
1
2
1
1
4
9
9
2
6
6
6
6
6
6
6
3
3
6
3
3
10
1
6
2
2
4
6
3
11
5
4
18
6
7
1
1
2
4
1
1
5
4
2
2
2
14
13
13
2
4
5
11
3
2
2
2
2
6
14
12
7
12
7
15
7
2
2
1
1
1
1
29
2
3
4
4
8
2
2
2
2
2
8
8
1
2
2
28
28
28
28
28
30
28
28
28
28
32
28
3
3
1
11
11
1
1
10
9
9
9
18
9
9
9
3
1
1
8
8
4
4
4
7
2
2
2
1
3
2
10
10
10
5
5
5
1
1
2
3
5
3
6
3
3
9
9
5
5
3
3
7
1
1
2
7
1
4
1
4
3
1
1
1
1
1
3
3
3
3
6
6
9
9
6
1
17
2
1
1
1
8
1
1
1
1
1
3
2
2
2
5
5
5
5
5
8
2
2
2
2
1
1
8
8
13
5
5
5
5
5
5
5
1
1
5
5
5
1
1
2
2
4
4
4
2
2
2
5
3
3
2
3
3
3
2
3
1
1
1
1
6
2
2
2
2
2
2
5
5
5
1
1
3
4
4
4
4
1
1
1
1
3
3
2
2
2
4
1
2
2
2
2
4
