*Vertices 4498
0.0194962
0.00922847
0.00770227
0.00758943
0.00755974
0.00618794
0.00615231
0.00585539
0.00571286
0.00484584
0.00475082
0.00463205
0.00450734
0.00434106
0.00432918
0.00429355
0.0041926
0.00418666
0.00418072
0.00404414
0.00402632
0.00394912
0.0039313
0.00386598
0.00381253
0.00371752
0.00370564
0.00369376
0.00368189
0.00367595
0.00361656
0.00361062
0.00351561
0.0034681
0.0033909
0.00337902
0.00337308
0.00331964
0.00329588
0.00327807
0.00318305
0.00317117
0.00315336
0.00314148
0.00309397
0.00305834
0.00302865
0.00302271
0.0029752
0.00294551
0.00292769
0.00290988
0.00285643
0.00285643
0.00285049
0.00280892
0.00280298
0.00278517
0.00277923
0.00276141
0.00275548
0.0027436
0.0027436
0.00270203
0.00269015
0.00267827
0.00267827
0.00261889
0.00258326
0.00252387
0.00251793
0.002512
0.00250606
0.00247043
0.00246449
0.00244073
0.0024348
0.0024348
0.00242886
0.00241698
0.00241698
0.00241698
0.00238135
0.00235166
0.00233384
0.00231602
0.00229821
0.00229227
0.00228633
0.00227445
0.00226852
0.00226852
0.00225664
0.0022507
0.00224476
0.00223882
0.00223882
0.00223882
0.00222101
0.00210818
0.00210224
0.0020963
0.0020963
0.00208442
0.00204879
0.00198347
0.00197159
0.00194784
0.00191814
0.00190627
0.00190033
0.00189439
0.00189439
0.00188845
0.00188251
0.00188251
0.00187064
0.00182907
0.00182907
0.00182313
0.00181719
0.00181125
0.00180531
0.00178156
0.00174593
0.00173405
0.00172217
0.00171623
0.0017103
0.0017103
0.00169842
0.00168654
0.0016806
0.00167466
0.00167466
0.00167466
0.00167466
0.00166873
0.00165091
0.00165091
0.00163903
0.0016034
0.00159152
0.00158559
0.00157371
0.00156183
0.00154995
0.00154995
0.00154402
0.00153214
0.0015262
0.00152026
0.00150839
0.00149057
0.00149057
0.00148463
0.00147869
0.00147869
0.00146088
0.00145494
0.00145494
0.00144306
0.00144306
0.00143712
0.00143118
0.00143118
0.00142525
0.00141931
0.00141337
0.00137774
0.0013718
0.0013718
0.00136586
0.00134211
0.00133617
0.00133023
0.00131835
0.00131835
0.00131835
0.00131241
0.00131241
0.00130648
0.00130054
0.0012946
0.00127084
0.00125897
0.00125303
0.00124709
0.00123521
0.00122927
0.00122927
0.0012174
0.00121146
0.00120552
0.00119364
0.00119364
0.0011877
0.00117583
0.00116989
0.00115207
0.00115207
0.00114614
0.00113426
0.00112832
0.00112832
0.00112832
0.00112238
0.00112238
0.00112238
0.00111644
0.0011105
0.0011105
0.0011105
0.00110457
0.00110457
0.00109863
0.00109863
0.00105706
0.00105706
0.00104518
0.0010333
0.0010333
0.00102736
0.00102736
0.00102143
0.00102143
0.00101549
0.00100955
0.00100955
0.00100955
0.00100361
0.000997672
0.000997672
0.000991734
0.000985795
0.000979857
0.000973918
0.000973918
0.000967979
0.000967979
0.000967979
0.000962041
0.000950164
0.000944225
0.000944225
0.000938287
0.000938287
0.000938287
0.000938287
0.00092641
0.00092641
0.00092641
0.000920471
0.000914533
0.000914533
0.000914533
0.000908594
0.000908594
0.000896717
0.000896717
0.000896717
0.000890779
0.000890779
0.000890779
0.000890779
0.000890779
0.00088484
0.00088484
0.000878902
0.000878902
0.000872963
0.000872963
0.000872963
0.000867025
0.000861086
0.000861086
0.000855148
0.000855148
0.000855148
0.000855148
0.00084327
0.00084327
0.000831393
0.000831393
0.000825455
0.000825455
0.000825455
0.000825455
0.000819516
0.000819516
0.000819516
0.000819516
0.000813578
0.000813578
0.000813578
0.000813578
0.000813578
0.000813578
0.000807639
0.000807639
0.000807639
0.000807639
0.000807639
0.000807639
0.000807639
0.000795762
0.000795762
0.000795762
0.000795762
0.000795762
0.000795762
0.000789824
0.000789824
0.000789824
0.000789824
0.000789824
0.000789824
0.000783885
0.000777947
0.000772008
0.000772008
0.000772008
0.00076607
0.000760131
0.000760131
0.000760131
0.000748254
0.000748254
0.000748254
0.000748254
0.000748254
0.000736377
0.000736377
0.000736377
0.000730439
0.000730439
0.0007245
0.000718561
0.000718561
0.000712623
0.000712623
0.000706684
0.000706684
0.000700746
0.000694807
0.000694807
0.000688869
0.000688869
0.000688869
0.000688869
0.00068293
0.00068293
0.000676992
0.000676992
0.000676992
0.000676992
0.000671053
0.000665115
0.000665115
0.000665115
0.000665115
0.000665115
0.000665115
0.000659176
0.000659176
0.000659176
0.000653238
0.000653238
0.000653238
0.000653238
0.000647299
0.000647299
0.000647299
0.000641361
0.000641361
0.000635422
0.000635422
0.000629484
0.000629484
0.000629484
0.000629484
0.000623545
0.000623545
0.000617607
0.000611668
0.000611668
0.000605729
0.000605729
0.000605729
0.000605729
0.000605729
0.000605729
0.000599791
0.000599791
0.000599791
0.000599791
0.000599791
0.000599791
0.000593852
0.000593852
0.000593852
0.000593852
0.000593852
0.000581975
0.000581975
0.000581975
0.000581975
0.000581975
0.000581975
0.000570098
0.000570098
0.000570098
0.000570098
0.000570098
0.000570098
0.000570098
0.00056416
0.00056416
0.000558221
0.000558221
0.000558221
0.000558221
0.000558221
0.000558221
0.000558221
0.000552283
0.000552283
0.000552283
0.000546344
0.000546344
0.000546344
0.000546344
0.000546344
0.000540406
0.000540406
0.000540406
0.000534467
0.000534467
0.000534467
0.000534467
0.000534467
0.000534467
0.000534467
0.000534467
0.000534467
0.000534467
0.000534467
0.000528529
0.000528529
0.000528529
0.000528529
0.00052259
0.00052259
0.00052259
0.00052259
0.00052259
0.00052259
0.00052259
0.00052259
0.000516652
0.000510713
0.000510713
0.000510713
0.000510713
0.000504775
0.000504775
0.000504775
0.000504775
0.000498836
0.000498836
0.000498836
0.000498836
0.000498836
0.000498836
0.000498836
0.000492898
0.000486959
0.000486959
0.000486959
0.000486959
0.000486959
0.000486959
0.000486959
0.00048102
0.000475082
0.000475082
0.000475082
0.000475082
0.000475082
0.000469143
0.000463205
0.000463205
0.000463205
0.000463205
0.000463205
0.000463205
0.000457266
0.000451328
0.000451328
0.000451328
0.000451328
0.000451328
0.000451328
0.000445389
0.000445389
0.000445389
0.000445389
0.000445389
0.000439451
0.000439451
0.000439451
0.000439451
0.000439451
0.000439451
0.000433512
0.000433512
0.000433512
0.000433512
0.000427574
0.000427574
0.000427574
0.000427574
0.000427574
0.000427574
0.000427574
0.000421635
0.000421635
0.000415697
0.000415697
0.000415697
0.000415697
0.000415697
0.000415697
0.000409758
0.000409758
0.000409758
0.00040382
0.00040382
0.00040382
0.00040382
0.00040382
0.00040382
0.00040382
0.000397881
0.000397881
0.000397881
0.000397881
0.000391943
0.000391943
0.000391943
0.000391943
0.000391943
0.000386004
0.000386004
0.000386004
0.000380066
0.000380066
0.000380066
0.000380066
0.000380066
0.000380066
0.000380066
0.000380066
0.000374127
0.000374127
0.000374127
0.000374127
0.000374127
0.000368189
0.000368189
0.000368189
0.000368189
0.000368189
0.000368189
0.000368189
0.000368189
0.000368189
0.000368189
0.000368189
0.00036225
0.00036225
0.00036225
0.00036225
0.000356311
0.000356311
0.000356311
0.000356311
0.000356311
0.000356311
0.000356311
0.000356311
0.000356311
0.000356311
0.000350373
0.000350373
0.000350373
0.000350373
0.000344434
0.000344434
0.000344434
0.000344434
0.000344434
0.000344434
0.000344434
0.000344434
0.000344434
0.000344434
0.000344434
0.000338496
0.000338496
0.000338496
0.000338496
0.000338496
0.000338496
0.000338496
0.000338496
0.000332557
0.000332557
0.000332557
0.000332557
0.000332557
0.000332557
0.000332557
0.000332557
0.000332557
0.000326619
0.000326619
0.00032068
0.00032068
0.00032068
0.00032068
0.00032068
0.00032068
0.00032068
0.00032068
0.00032068
0.00032068
0.00032068
0.00032068
0.00032068
0.00032068
0.00032068
0.00032068
0.000314742
0.000314742
0.000314742
0.000314742
0.000314742
0.000314742
0.000308803
0.000308803
0.000308803
0.000308803
0.000308803
0.000308803
0.000308803
0.000308803
0.000308803
0.000308803
0.000308803
0.000308803
0.000308803
0.000308803
0.000308803
0.000308803
0.000308803
0.000308803
0.000308803
0.000308803
0.000308803
0.000308803
0.000302865
0.000302865
0.000302865
0.000302865
0.000296926
0.000296926
0.000296926
0.000296926
0.000296926
0.000296926
0.000296926
0.000296926
0.000296926
0.000296926
0.000296926
0.000296926
0.000296926
0.000296926
0.000296926
0.000296926
0.000296926
0.000296926
0.000296926
0.000296926
0.000290988
0.000290988
0.000290988
0.000290988
0.000290988
0.000290988
0.000285049
0.000285049
0.000285049
0.000285049
0.000285049
0.000285049
0.000285049
0.000285049
0.000285049
0.000285049
0.000285049
0.000285049
0.000285049
0.000285049
0.000285049
0.000285049
0.000285049
0.000279111
0.000279111
0.000279111
0.000279111
0.000279111
0.000279111
0.000273172
0.000273172
0.000273172
0.000273172
0.000273172
0.000273172
0.000273172
0.000273172
0.000273172
0.000273172
0.000267234
0.000267234
0.000267234
0.000267234
0.000261295
0.000261295
0.000261295
0.000261295
0.000261295
0.000261295
0.000261295
0.000261295
0.000261295
0.000261295
0.000261295
0.000261295
0.000261295
0.000261295
0.000261295
0.000261295
0.000261295
0.000261295
0.000255357
0.000255357
0.000249418
0.000249418
0.000249418
0.000249418
0.000249418
0.000249418
0.000249418
0.000249418
0.000249418
0.000249418
0.000249418
0.000249418
0.000249418
0.000249418
0.000249418
0.000249418
0.000249418
0.000249418
0.000249418
0.000249418
0.000249418
0.000249418
0.000249418
0.000249418
0.000249418
0.000249418
0.000249418
0.000249418
0.00024348
0.00024348
0.000237541
0.000237541
0.000237541
0.000237541
0.000237541
0.000237541
0.000237541
0.000237541
0.000237541
0.000237541
0.000237541
0.000237541
0.000237541
0.000237541
0.000237541
0.000237541
0.000237541
0.000237541
0.000237541
0.000237541
0.000237541
0.000237541
0.000237541
0.000237541
0.000237541
0.000237541
0.000237541
0.000231602
0.000231602
0.000231602
0.000231602
0.000231602
0.000225664
0.000225664
0.000225664
0.000225664
0.000225664
0.000225664
0.000225664
0.000225664
0.000225664
0.000225664
0.000225664
0.000225664
0.000225664
0.000225664
0.000225664
0.000225664
0.000225664
0.000225664
0.000219725
0.000219725
0.000219725
0.000219725
0.000213787
0.000213787
0.000213787
0.000213787
0.000213787
0.000213787
0.000213787
0.000213787
0.000213787
0.000213787
0.000213787
0.000213787
0.000213787
0.000213787
0.000213787
0.000213787
0.000213787
0.000213787
0.000213787
0.000213787
0.000213787
0.000213787
0.000213787
0.000213787
0.000213787
0.000213787
0.000213787
0.000213787
0.000213787
0.000213787
0.000207848
0.000207848
0.000207848
0.000207848
0.000207848
0.00020191
0.00020191
0.00020191
0.00020191
0.00020191
0.00020191
0.00020191
0.00020191
0.00020191
0.00020191
0.00020191
0.00020191
0.00020191
0.00020191
0.000195971
0.000195971
0.000195971
0.000195971
0.000195971
0.000195971
0.000190033
0.000190033
0.000190033
0.000190033
0.000190033
0.000190033
0.000190033
0.000190033
0.000190033
0.000190033
0.000190033
0.000190033
0.000190033
0.000190033
0.000190033
0.000190033
0.000190033
0.000190033
0.000190033
0.000190033
0.000190033
0.000190033
0.000190033
0.000190033
0.000190033
0.000190033
0.000190033
0.000190033
0.000190033
0.000190033
0.000190033
0.000190033
0.000190033
0.000190033
0.000190033
0.000190033
0.000190033
0.000190033
0.000190033
0.000190033
0.000190033
0.000190033
0.000190033
0.000190033
0.000190033
0.000190033
0.000184094
0.000184094
0.000184094
0.000184094
0.000184094
0.000184094
0.000184094
0.000178156
0.000178156
0.000178156
0.000178156
0.000178156
0.000178156
0.000178156
0.000178156
0.000178156
0.000178156
0.000178156
0.000178156
0.000178156
0.000178156
0.000178156
0.000178156
0.000178156
0.000178156
0.000178156
0.000178156
0.000178156
0.000178156
0.000178156
0.000178156
0.000178156
0.000178156
0.000178156
0.000178156
0.000178156
0.000178156
0.000178156
0.000178156
0.000178156
0.000178156
0.000178156
0.000178156
0.000178156
0.000178156
0.000178156
0.000178156
0.000178156
0.000178156
0.000172217
0.000172217
0.000166279
0.000166279
0.000166279
0.000166279
0.000166279
0.000166279
0.000166279
0.000166279
0.000166279
0.000166279
0.000166279
0.000166279
0.000166279
0.000166279
0.000166279
0.000166279
0.000166279
0.000166279
0.000166279
0.00016034
0.00016034
0.00016034
0.00016034
0.00016034
0.000154402
0.000154402
0.000154402
0.000154402
0.000154402
0.000154402
0.000154402
0.000154402
0.000154402
0.000154402
0.000154402
0.000154402
0.000154402
0.000154402
0.000154402
0.000154402
0.000154402
0.000154402
0.000154402
0.000154402
0.000154402
0.000154402
0.000154402
0.000154402
0.000154402
0.000154402
0.000154402
0.000154402
0.000154402
0.000154402
0.000154402
0.000154402
0.000154402
0.000154402
0.000154402
0.000154402
0.000154402
0.000154402
0.000148463
0.000148463
0.000148463
0.000148463
0.000148463
0.000148463
0.000148463
0.000148463
0.000142525
0.000142525
0.000142525
0.000142525
0.000142525
0.000142525
0.000142525
0.000142525
0.000142525
0.000142525
0.000142525
0.000142525
0.000142525
0.000142525
0.000142525
0.000142525
0.000142525
0.000142525
0.000142525
0.000142525
0.000142525
0.000142525
0.000142525
0.000142525
0.000142525
0.000142525
0.000142525
0.000142525
0.000142525
0.000142525
0.000142525
0.000142525
0.000142525
0.000142525
0.000142525
0.000142525
0.000142525
0.000142525
0.000142525
0.000142525
0.000142525
0.000142525
0.000142525
0.000142525
0.000142525
0.000142525
0.000142525
0.000142525
0.000142525
0.000142525
0.000142525
0.000142525
0.000142525
0.000142525
0.000142525
0.000142525
0.000142525
0.000142525
0.000142525
0.000142525
0.000142525
0.000142525
0.000142525
0.000142525
0.000142525
0.000142525
0.000142525
0.000142525
0.000142525
0.000142525
0.000142525
0.000136586
0.000136586
0.000136586
0.000136586
0.000130648
0.000130648
0.000130648
0.000130648
0.000130648
0.000130648
0.000130648
0.000130648
0.000130648
0.000130648
0.000130648
0.000130648
0.000130648
0.000130648
0.000130648
0.000130648
0.000130648
0.000130648
0.000130648
0.000130648
0.000130648
0.000130648
0.000130648
0.000130648
0.000130648
0.000130648
0.000130648
0.000130648
0.000130648
0.000124709
0.000124709
0.000124709
0.000124709
0.000124709
0.000124709
0.00011877
0.00011877
0.00011877
0.00011877
0.00011877
0.00011877
0.00011877
0.00011877
0.00011877
0.00011877
0.00011877
0.00011877
0.00011877
0.00011877
0.00011877
0.00011877
0.00011877
0.00011877
0.00011877
0.00011877
0.00011877
0.00011877
0.00011877
0.00011877
0.00011877
0.00011877
0.00011877
0.00011877
0.00011877
0.00011877
0.00011877
0.00011877
0.00011877
0.00011877
0.00011877
0.00011877
0.00011877
0.00011877
0.00011877
0.00011877
0.00011877
0.00011877
0.00011877
0.00011877
0.00011877
0.00011877
0.00011877
0.00011877
0.00011877
0.00011877
0.00011877
0.00011877
0.00011877
0.00011877
0.00011877
0.00011877
0.00011877
0.00011877
0.00011877
0.00011877
0.00011877
0.00011877
0.00011877
0.00011877
0.000112832
0.000112832
0.000112832
0.000112832
0.000112832
0.000112832
0.000112832
0.000112832
0.000106893
0.000106893
0.000106893
0.000106893
0.000106893
0.000106893
0.000106893
0.000106893
0.000106893
0.000106893
0.000106893
0.000106893
0.000106893
0.000106893
0.000106893
0.000106893
0.000106893
0.000106893
0.000106893
0.000106893
0.000106893
0.000106893
0.000106893
0.000106893
0.000106893
0.000106893
0.000106893
0.000106893
0.000106893
0.000106893
0.000106893
0.000106893
0.000106893
0.000106893
0.000106893
0.000106893
0.000106893
0.000106893
0.000106893
0.000106893
0.000106893
0.000106893
0.000106893
0.000106893
0.000106893
0.000106893
0.000106893
0.000106893
0.000106893
0.000106893
0.000106893
0.000106893
0.000106893
0.000106893
0.000106893
0.000106893
0.000106893
0.000106893
0.000106893
0.000106893
0.000106893
0.000106893
0.000106893
0.000106893
0.000106893
0.000106893
0.000106893
0.000106893
0.000106893
0.000106893
0.000106893
0.000106893
0.000106893
0.000106893
0.000106893
0.000106893
0.000106893
0.000106893
0.000106893
0.000106893
0.000106893
0.000106893
0.000106893
0.000106893
0.000106893
0.000106893
0.000106893
0.000106893
0.000106893
0.000106893
0.000106893
0.000106893
0.000106893
0.000106893
0.000106893
0.000106893
0.000106893
0.000100955
0.000100955
0.000100955
9.50164e-05
9.50164e-05
9.50164e-05
9.50164e-05
9.50164e-05
9.50164e-05
9.50164e-05
9.50164e-05
9.50164e-05
9.50164e-05
9.50164e-05
9.50164e-05
9.50164e-05
9.50164e-05
9.50164e-05
9.50164e-05
9.50164e-05
9.50164e-05
9.50164e-05
9.50164e-05
9.50164e-05
9.50164e-05
9.50164e-05
9.50164e-05
9.50164e-05
9.50164e-05
9.50164e-05
9.50164e-05
9.50164e-05
9.50164e-05
9.50164e-05
8.90779e-05
8.90779e-05
8.90779e-05
8.90779e-05
8.31393e-05
8.31393e-05
8.31393e-05
8.31393e-05
8.31393e-05
8.31393e-05
8.31393e-05
8.31393e-05
8.31393e-05
8.31393e-05
8.31393e-05
8.31393e-05
8.31393e-05
8.31393e-05
8.31393e-05
8.31393e-05
8.31393e-05
8.31393e-05
8.31393e-05
8.31393e-05
8.31393e-05
8.31393e-05
8.31393e-05
8.31393e-05
8.31393e-05
8.31393e-05
8.31393e-05
8.31393e-05
8.31393e-05
8.31393e-05
8.31393e-05
8.31393e-05
8.31393e-05
8.31393e-05
8.31393e-05
8.31393e-05
8.31393e-05
8.31393e-05
8.31393e-05
8.31393e-05
8.31393e-05
8.31393e-05
8.31393e-05
8.31393e-05
8.31393e-05
8.31393e-05
8.31393e-05
8.31393e-05
8.31393e-05
8.31393e-05
8.31393e-05
8.31393e-05
8.31393e-05
8.31393e-05
8.31393e-05
8.31393e-05
8.31393e-05
8.31393e-05
8.31393e-05
8.31393e-05
8.31393e-05
8.31393e-05
8.31393e-05
8.31393e-05
8.31393e-05
8.31393e-05
8.31393e-05
8.31393e-05
8.31393e-05
8.31393e-05
8.31393e-05
8.31393e-05
8.31393e-05
8.31393e-05
8.31393e-05
8.31393e-05
8.31393e-05
8.31393e-05
8.31393e-05
8.31393e-05
8.31393e-05
7.12623e-05
7.12623e-05
7.12623e-05
7.12623e-05
7.12623e-05
7.12623e-05
7.12623e-05
7.12623e-05
7.12623e-05
7.12623e-05
7.12623e-05
7.12623e-05
7.12623e-05
7.12623e-05
7.12623e-05
7.12623e-05
7.12623e-05
7.12623e-05
7.12623e-05
7.12623e-05
7.12623e-05
7.12623e-05
7.12623e-05
7.12623e-05
7.12623e-05
7.12623e-05
7.12623e-05
7.12623e-05
7.12623e-05
7.12623e-05
7.12623e-05
7.12623e-05
7.12623e-05
7.12623e-05
7.12623e-05
7.12623e-05
7.12623e-05
7.12623e-05
7.12623e-05
7.12623e-05
7.12623e-05
7.12623e-05
7.12623e-05
7.12623e-05
7.12623e-05
7.12623e-05
7.12623e-05
7.12623e-05
7.12623e-05
7.12623e-05
7.12623e-05
7.12623e-05
7.12623e-05
7.12623e-05
7.12623e-05
7.12623e-05
7.12623e-05
7.12623e-05
7.12623e-05
7.12623e-05
7.12623e-05
7.12623e-05
7.12623e-05
7.12623e-05
7.12623e-05
7.12623e-05
7.12623e-05
7.12623e-05
7.12623e-05
7.12623e-05
7.12623e-05
7.12623e-05
7.12623e-05
7.12623e-05
7.12623e-05
7.12623e-05
7.12623e-05
7.12623e-05
7.12623e-05
7.12623e-05
7.12623e-05
7.12623e-05
7.12623e-05
7.12623e-05
7.12623e-05
7.12623e-05
7.12623e-05
7.12623e-05
7.12623e-05
7.12623e-05
7.12623e-05
7.12623e-05
7.12623e-05
7.12623e-05
7.12623e-05
7.12623e-05
7.12623e-05
7.12623e-05
7.12623e-05
7.12623e-05
7.12623e-05
7.12623e-05
7.12623e-05
7.12623e-05
7.12623e-05
7.12623e-05
7.12623e-05
7.12623e-05
7.12623e-05
7.12623e-05
7.12623e-05
7.12623e-05
7.12623e-05
7.12623e-05
7.12623e-05
7.12623e-05
7.12623e-05
7.12623e-05
7.12623e-05
7.12623e-05
7.12623e-05
7.12623e-05
7.12623e-05
7.12623e-05
7.12623e-05
7.12623e-05
7.12623e-05
7.12623e-05
7.12623e-05
7.12623e-05
7.12623e-05
7.12623e-05
7.12623e-05
7.12623e-05
7.12623e-05
7.12623e-05
7.12623e-05
7.12623e-05
7.12623e-05
7.12623e-05
7.12623e-05
7.12623e-05
7.12623e-05
7.12623e-05
7.12623e-05
7.12623e-05
7.12623e-05
7.12623e-05
7.12623e-05
7.12623e-05
7.12623e-05
7.12623e-05
7.12623e-05
7.12623e-05
7.12623e-05
7.12623e-05
7.12623e-05
7.12623e-05
7.12623e-05
7.12623e-05
7.12623e-05
7.12623e-05
7.12623e-05
7.12623e-05
7.12623e-05
7.12623e-05
7.12623e-05
7.12623e-05
7.12623e-05
7.12623e-05
7.12623e-05
7.12623e-05
7.12623e-05
7.12623e-05
7.12623e-05
7.12623e-05
7.12623e-05
7.12623e-05
7.12623e-05
7.12623e-05
7.12623e-05
7.12623e-05
7.12623e-05
7.12623e-05
7.12623e-05
7.12623e-05
7.12623e-05
7.12623e-05
7.12623e-05
7.12623e-05
7.12623e-05
7.12623e-05
7.12623e-05
7.12623e-05
7.12623e-05
7.12623e-05
7.12623e-05
7.12623e-05
7.12623e-05
7.12623e-05
7.12623e-05
7.12623e-05
7.12623e-05
7.12623e-05
7.12623e-05
7.12623e-05
7.12623e-05
7.12623e-05
7.12623e-05
7.12623e-05
7.12623e-05
7.12623e-05
7.12623e-05
7.12623e-05
7.12623e-05
7.12623e-05
7.12623e-05
7.12623e-05
7.12623e-05
7.12623e-05
7.12623e-05
7.12623e-05
7.12623e-05
7.12623e-05
7.12623e-05
7.12623e-05
7.12623e-05
7.12623e-05
7.12623e-05
7.12623e-05
7.12623e-05
7.12623e-05
7.12623e-05
7.12623e-05
7.12623e-05
7.12623e-05
7.12623e-05
7.12623e-05
7.12623e-05
7.12623e-05
7.12623e-05
7.12623e-05
7.12623e-05
7.12623e-05
7.12623e-05
7.12623e-05
7.12623e-05
7.12623e-05
7.12623e-05
7.12623e-05
7.12623e-05
7.12623e-05
7.12623e-05
7.12623e-05
7.12623e-05
7.12623e-05
7.12623e-05
7.12623e-05
7.12623e-05
7.12623e-05
7.12623e-05
7.12623e-05
7.12623e-05
7.12623e-05
7.12623e-05
7.12623e-05
7.12623e-05
7.12623e-05
7.12623e-05
7.12623e-05
7.12623e-05
7.12623e-05
7.12623e-05
7.12623e-05
7.12623e-05
7.12623e-05
7.12623e-05
7.12623e-05
7.12623e-05
7.12623e-05
7.12623e-05
7.12623e-05
7.12623e-05
7.12623e-05
7.12623e-05
7.12623e-05
7.12623e-05
7.12623e-05
7.12623e-05
7.12623e-05
7.12623e-05
7.12623e-05
7.12623e-05
7.12623e-05
7.12623e-05
7.12623e-05
7.12623e-05
7.12623e-05
7.12623e-05
7.12623e-05
7.12623e-05
7.12623e-05
7.12623e-05
7.12623e-05
7.12623e-05
7.12623e-05
7.12623e-05
7.12623e-05
7.12623e-05
7.12623e-05
7.12623e-05
7.12623e-05
7.12623e-05
7.12623e-05
7.12623e-05
7.12623e-05
7.12623e-05
7.12623e-05
7.12623e-05
7.12623e-05
7.12623e-05
7.12623e-05
7.12623e-05
7.12623e-05
7.12623e-05
7.12623e-05
7.12623e-05
7.12623e-05
7.12623e-05
7.12623e-05
7.12623e-05
7.12623e-05
7.12623e-05
7.12623e-05
7.12623e-05
7.12623e-05
7.12623e-05
7.12623e-05
7.12623e-05
7.12623e-05
7.12623e-05
7.12623e-05
7.12623e-05
7.12623e-05
6.53238e-05
5.93852e-05
5.93852e-05
5.93852e-05
5.93852e-05
5.93852e-05
5.93852e-05
5.93852e-05
5.93852e-05
5.93852e-05
5.93852e-05
5.93852e-05
5.93852e-05
5.93852e-05
5.93852e-05
5.93852e-05
5.93852e-05
5.93852e-05
5.93852e-05
5.93852e-05
5.93852e-05
5.93852e-05
5.93852e-05
5.93852e-05
5.93852e-05
5.93852e-05
5.93852e-05
5.93852e-05
5.93852e-05
5.93852e-05
5.93852e-05
5.93852e-05
5.93852e-05
5.93852e-05
5.93852e-05
5.93852e-05
5.93852e-05
5.93852e-05
5.93852e-05
5.93852e-05
5.93852e-05
5.93852e-05
5.93852e-05
5.34467e-05
5.34467e-05
5.34467e-05
4.75082e-05
4.75082e-05
4.75082e-05
4.75082e-05
4.75082e-05
4.75082e-05
4.75082e-05
4.75082e-05
4.75082e-05
4.75082e-05
4.75082e-05
4.75082e-05
4.75082e-05
4.75082e-05
4.75082e-05
4.75082e-05
4.75082e-05
4.75082e-05
4.75082e-05
4.75082e-05
4.75082e-05
4.75082e-05
4.75082e-05
4.75082e-05
4.75082e-05
4.75082e-05
4.75082e-05
4.75082e-05
4.75082e-05
4.75082e-05
4.75082e-05
4.75082e-05
4.75082e-05
4.75082e-05
4.75082e-05
4.75082e-05
4.75082e-05
4.75082e-05
4.75082e-05
4.75082e-05
4.75082e-05
4.75082e-05
4.75082e-05
4.75082e-05
4.75082e-05
4.75082e-05
4.75082e-05
4.75082e-05
4.75082e-05
4.75082e-05
4.75082e-05
4.75082e-05
4.75082e-05
4.75082e-05
4.75082e-05
4.75082e-05
4.75082e-05
4.75082e-05
4.75082e-05
4.75082e-05
4.75082e-05
4.75082e-05
4.75082e-05
4.75082e-05
4.75082e-05
4.75082e-05
4.75082e-05
4.75082e-05
4.75082e-05
4.75082e-05
4.75082e-05
4.75082e-05
4.75082e-05
4.75082e-05
4.75082e-05
4.75082e-05
4.75082e-05
4.75082e-05
4.75082e-05
4.75082e-05
4.75082e-05
4.75082e-05
4.75082e-05
4.75082e-05
4.75082e-05
4.75082e-05
4.75082e-05
4.75082e-05
4.75082e-05
4.75082e-05
4.75082e-05
4.75082e-05
4.75082e-05
4.75082e-05
4.75082e-05
4.75082e-05
4.75082e-05
4.75082e-05
4.75082e-05
4.75082e-05
4.75082e-05
4.75082e-05
4.75082e-05
4.75082e-05
4.75082e-05
4.75082e-05
4.75082e-05
4.75082e-05
4.75082e-05
4.75082e-05
4.75082e-05
4.75082e-05
4.75082e-05
4.75082e-05
4.75082e-05
4.75082e-05
4.75082e-05
4.75082e-05
4.75082e-05
4.75082e-05
4.75082e-05
4.75082e-05
4.75082e-05
4.75082e-05
4.75082e-05
4.75082e-05
4.75082e-05
4.75082e-05
4.75082e-05
4.75082e-05
4.75082e-05
4.75082e-05
4.75082e-05
4.75082e-05
4.75082e-05
4.75082e-05
4.75082e-05
4.75082e-05
4.75082e-05
4.15697e-05
4.15697e-05
4.15697e-05
3.56311e-05
3.56311e-05
3.56311e-05
3.56311e-05
3.56311e-05
3.56311e-05
3.56311e-05
3.56311e-05
3.56311e-05
3.56311e-05
3.56311e-05
3.56311e-05
3.56311e-05
3.56311e-05
3.56311e-05
3.56311e-05
3.56311e-05
3.56311e-05
3.56311e-05
3.56311e-05
3.56311e-05
3.56311e-05
3.56311e-05
3.56311e-05
3.56311e-05
3.56311e-05
3.56311e-05
3.56311e-05
3.56311e-05
3.56311e-05
3.56311e-05
3.56311e-05
3.56311e-05
3.56311e-05
3.56311e-05
3.56311e-05
3.56311e-05
3.56311e-05
3.56311e-05
3.56311e-05
3.56311e-05
3.56311e-05
3.56311e-05
3.56311e-05
3.56311e-05
3.56311e-05
3.56311e-05
3.56311e-05
3.56311e-05
3.56311e-05
3.56311e-05
3.56311e-05
3.56311e-05
3.56311e-05
3.56311e-05
3.56311e-05
3.56311e-05
3.56311e-05
3.56311e-05
3.56311e-05
3.56311e-05
3.56311e-05
3.56311e-05
3.56311e-05
3.56311e-05
3.56311e-05
3.56311e-05
3.56311e-05
3.56311e-05
3.56311e-05
3.56311e-05
3.56311e-05
3.56311e-05
3.56311e-05
3.56311e-05
3.56311e-05
3.56311e-05
3.56311e-05
3.56311e-05
3.56311e-05
3.56311e-05
3.56311e-05
3.56311e-05
3.56311e-05
3.56311e-05
3.56311e-05
3.56311e-05
3.56311e-05
3.56311e-05
3.56311e-05
3.56311e-05
3.56311e-05
3.56311e-05
3.56311e-05
3.56311e-05
3.56311e-05
3.56311e-05
3.56311e-05
3.56311e-05
3.56311e-05
3.56311e-05
3.56311e-05
3.56311e-05
3.56311e-05
3.56311e-05
3.56311e-05
3.56311e-05
3.56311e-05
3.56311e-05
3.56311e-05
3.56311e-05
3.56311e-05
3.56311e-05
3.56311e-05
3.56311e-05
3.56311e-05
3.56311e-05
3.56311e-05
3.56311e-05
3.56311e-05
3.56311e-05
3.56311e-05
3.56311e-05
3.56311e-05
3.56311e-05
3.56311e-05
3.56311e-05
3.56311e-05
3.56311e-05
3.56311e-05
3.56311e-05
3.56311e-05
3.56311e-05
3.56311e-05
3.56311e-05
3.56311e-05
3.56311e-05
3.56311e-05
3.56311e-05
3.56311e-05
3.56311e-05
3.56311e-05
3.56311e-05
3.56311e-05
3.56311e-05
3.56311e-05
3.56311e-05
3.56311e-05
3.56311e-05
3.56311e-05
3.56311e-05
3.56311e-05
3.56311e-05
3.56311e-05
3.56311e-05
3.56311e-05
3.56311e-05
3.56311e-05
3.56311e-05
3.56311e-05
3.56311e-05
3.56311e-05
3.56311e-05
3.56311e-05
3.56311e-05
3.56311e-05
3.56311e-05
3.56311e-05
3.56311e-05
3.56311e-05
3.56311e-05
3.56311e-05
3.56311e-05
3.56311e-05
3.56311e-05
3.56311e-05
3.56311e-05
3.56311e-05
3.56311e-05
3.56311e-05
3.56311e-05
3.56311e-05
3.56311e-05
3.56311e-05
3.56311e-05
3.56311e-05
3.56311e-05
3.56311e-05
3.56311e-05
3.56311e-05
3.56311e-05
3.56311e-05
3.56311e-05
3.56311e-05
3.56311e-05
3.56311e-05
3.56311e-05
3.56311e-05
3.56311e-05
3.56311e-05
3.56311e-05
3.56311e-05
3.56311e-05
3.56311e-05
3.56311e-05
3.56311e-05
3.56311e-05
3.56311e-05
3.56311e-05
3.56311e-05
3.56311e-05
3.56311e-05
3.56311e-05
3.56311e-05
3.56311e-05
3.56311e-05
3.56311e-05
3.56311e-05
3.56311e-05
3.56311e-05
3.56311e-05
3.56311e-05
3.56311e-05
3.56311e-05
3.56311e-05
3.56311e-05
3.56311e-05
3.56311e-05
3.56311e-05
3.56311e-05
3.56311e-05
3.56311e-05
3.56311e-05
3.56311e-05
3.56311e-05
3.56311e-05
3.56311e-05
3.56311e-05
3.56311e-05
3.56311e-05
3.56311e-05
3.56311e-05
3.56311e-05
3.56311e-05
3.56311e-05
3.56311e-05
3.56311e-05
3.56311e-05
3.56311e-05
3.56311e-05
3.56311e-05
3.56311e-05
3.56311e-05
3.56311e-05
3.56311e-05
3.56311e-05
3.56311e-05
3.56311e-05
3.56311e-05
3.56311e-05
3.56311e-05
3.56311e-05
3.56311e-05
3.56311e-05
3.56311e-05
3.56311e-05
3.56311e-05
3.56311e-05
3.56311e-05
3.56311e-05
3.56311e-05
3.56311e-05
3.56311e-05
3.56311e-05
3.56311e-05
3.56311e-05
3.56311e-05
3.56311e-05
3.56311e-05
3.56311e-05
3.56311e-05
3.56311e-05
3.56311e-05
3.56311e-05
3.56311e-05
3.56311e-05
3.56311e-05
3.56311e-05
3.56311e-05
3.56311e-05
3.56311e-05
3.56311e-05
3.56311e-05
3.56311e-05
3.56311e-05
3.56311e-05
3.56311e-05
3.56311e-05
3.56311e-05
3.56311e-05
3.56311e-05
3.56311e-05
3.56311e-05
3.56311e-05
3.56311e-05
3.56311e-05
3.56311e-05
3.56311e-05
3.56311e-05
3.56311e-05
3.56311e-05
3.56311e-05
3.56311e-05
3.56311e-05
3.56311e-05
3.56311e-05
3.56311e-05
3.56311e-05
3.56311e-05
3.56311e-05
3.56311e-05
3.56311e-05
3.56311e-05
3.56311e-05
3.56311e-05
3.56311e-05
3.56311e-05
3.56311e-05
3.56311e-05
3.56311e-05
3.56311e-05
3.56311e-05
3.56311e-05
3.56311e-05
3.56311e-05
3.56311e-05
3.56311e-05
3.56311e-05
3.56311e-05
3.56311e-05
3.56311e-05
3.56311e-05
3.56311e-05
3.56311e-05
3.56311e-05
3.56311e-05
3.56311e-05
3.56311e-05
3.56311e-05
3.56311e-05
3.56311e-05
3.56311e-05
3.56311e-05
3.56311e-05
3.56311e-05
3.56311e-05
3.56311e-05
3.56311e-05
3.56311e-05
3.56311e-05
3.56311e-05
3.56311e-05
3.56311e-05
3.56311e-05
3.56311e-05
3.56311e-05
3.56311e-05
3.56311e-05
3.56311e-05
3.56311e-05
3.56311e-05
3.56311e-05
3.56311e-05
3.56311e-05
3.56311e-05
3.56311e-05
3.56311e-05
3.56311e-05
3.56311e-05
3.56311e-05
3.56311e-05
3.56311e-05
3.56311e-05
3.56311e-05
3.56311e-05
3.56311e-05
3.56311e-05
3.56311e-05
3.56311e-05
3.56311e-05
3.56311e-05
3.56311e-05
3.56311e-05
3.56311e-05
3.56311e-05
3.56311e-05
3.56311e-05
3.56311e-05
3.56311e-05
3.56311e-05
3.56311e-05
3.56311e-05
3.56311e-05
3.56311e-05
3.56311e-05
3.56311e-05
3.56311e-05
3.56311e-05
3.56311e-05
3.56311e-05
3.56311e-05
3.56311e-05
3.56311e-05
3.56311e-05
3.56311e-05
3.56311e-05
3.56311e-05
3.56311e-05
3.56311e-05
3.56311e-05
3.56311e-05
3.56311e-05
3.56311e-05
3.56311e-05
3.56311e-05
3.56311e-05
3.56311e-05
3.56311e-05
3.56311e-05
3.56311e-05
3.56311e-05
3.56311e-05
3.56311e-05
3.56311e-05
3.56311e-05
3.56311e-05
3.56311e-05
3.56311e-05
3.56311e-05
3.56311e-05
3.56311e-05
3.56311e-05
3.56311e-05
3.56311e-05
3.56311e-05
3.56311e-05
3.56311e-05
3.56311e-05
3.56311e-05
3.56311e-05
3.56311e-05
3.56311e-05
3.56311e-05
3.56311e-05
3.56311e-05
3.56311e-05
3.56311e-05
3.56311e-05
3.56311e-05
3.56311e-05
3.56311e-05
3.56311e-05
3.56311e-05
3.56311e-05
3.56311e-05
3.56311e-05
3.56311e-05
3.56311e-05
3.56311e-05
3.56311e-05
3.56311e-05
3.56311e-05
3.56311e-05
3.56311e-05
3.56311e-05
3.56311e-05
3.56311e-05
3.56311e-05
3.56311e-05
3.56311e-05
3.56311e-05
3.56311e-05
3.56311e-05
3.56311e-05
3.56311e-05
3.56311e-05
3.56311e-05
3.56311e-05
3.56311e-05
3.56311e-05
3.56311e-05
3.56311e-05
3.56311e-05
3.56311e-05
3.56311e-05
3.56311e-05
3.56311e-05
3.56311e-05
3.56311e-05
3.56311e-05
3.56311e-05
3.56311e-05
3.56311e-05
3.56311e-05
3.56311e-05
3.56311e-05
3.56311e-05
3.56311e-05
3.56311e-05
3.56311e-05
3.56311e-05
3.56311e-05
3.56311e-05
3.56311e-05
3.56311e-05
3.56311e-05
3.56311e-05
3.56311e-05
3.56311e-05
3.56311e-05
3.56311e-05
3.56311e-05
3.56311e-05
3.56311e-05
3.56311e-05
3.56311e-05
3.56311e-05
3.56311e-05
3.56311e-05
3.56311e-05
3.56311e-05
3.56311e-05
3.56311e-05
3.56311e-05
3.56311e-05
3.56311e-05
3.56311e-05
3.56311e-05
3.56311e-05
3.56311e-05
3.56311e-05
3.56311e-05
3.56311e-05
3.56311e-05
3.56311e-05
3.56311e-05
3.56311e-05
3.56311e-05
3.56311e-05
3.56311e-05
3.56311e-05
3.56311e-05
3.56311e-05
3.56311e-05
3.56311e-05
3.56311e-05
3.56311e-05
3.56311e-05
3.56311e-05
3.56311e-05
3.56311e-05
3.56311e-05
3.56311e-05
3.56311e-05
3.56311e-05
3.56311e-05
3.56311e-05
3.56311e-05
3.56311e-05
3.56311e-05
3.56311e-05
3.56311e-05
3.56311e-05
3.56311e-05
3.56311e-05
3.56311e-05
3.56311e-05
3.56311e-05
3.56311e-05
3.56311e-05
3.56311e-05
3.56311e-05
3.56311e-05
3.56311e-05
3.56311e-05
3.56311e-05
3.56311e-05
3.56311e-05
3.56311e-05
3.56311e-05
3.56311e-05
3.56311e-05
3.56311e-05
3.56311e-05
3.56311e-05
3.56311e-05
3.56311e-05
3.56311e-05
3.56311e-05
3.56311e-05
3.56311e-05
3.56311e-05
3.56311e-05
3.56311e-05
3.56311e-05
3.56311e-05
3.56311e-05
3.56311e-05
3.56311e-05
3.56311e-05
3.56311e-05
3.56311e-05
3.56311e-05
3.56311e-05
3.56311e-05
3.56311e-05
3.56311e-05
3.56311e-05
3.56311e-05
3.56311e-05
3.56311e-05
3.56311e-05
3.56311e-05
3.56311e-05
3.56311e-05
3.56311e-05
3.56311e-05
3.56311e-05
3.56311e-05
3.56311e-05
3.56311e-05
3.56311e-05
3.56311e-05
3.56311e-05
3.56311e-05
3.56311e-05
3.56311e-05
3.56311e-05
3.56311e-05
3.56311e-05
3.56311e-05
3.56311e-05
3.56311e-05
3.56311e-05
3.56311e-05
3.56311e-05
3.56311e-05
3.56311e-05
3.56311e-05
3.56311e-05
3.56311e-05
3.56311e-05
3.56311e-05
3.56311e-05
3.56311e-05
3.56311e-05
3.56311e-05
3.56311e-05
3.56311e-05
3.56311e-05
3.56311e-05
3.56311e-05
3.56311e-05
3.56311e-05
3.56311e-05
3.56311e-05
3.56311e-05
3.56311e-05
3.56311e-05
3.56311e-05
3.56311e-05
3.56311e-05
3.56311e-05
3.56311e-05
3.56311e-05
3.56311e-05
3.56311e-05
3.56311e-05
3.56311e-05
3.56311e-05
3.56311e-05
3.56311e-05
3.56311e-05
3.56311e-05
3.56311e-05
3.56311e-05
3.56311e-05
3.56311e-05
3.56311e-05
3.56311e-05
3.56311e-05
3.56311e-05
3.56311e-05
3.56311e-05
3.56311e-05
3.56311e-05
3.56311e-05
3.56311e-05
3.56311e-05
3.56311e-05
3.56311e-05
3.56311e-05
2.37541e-05
2.37541e-05
2.37541e-05
2.37541e-05
2.37541e-05
2.37541e-05
2.37541e-05
2.37541e-05
2.37541e-05
2.37541e-05
2.37541e-05
2.37541e-05
2.37541e-05
2.37541e-05
2.37541e-05
2.37541e-05
2.37541e-05
2.37541e-05
2.37541e-05
2.37541e-05
2.37541e-05
2.37541e-05
2.37541e-05
2.37541e-05
2.37541e-05
2.37541e-05
2.37541e-05
2.37541e-05
2.37541e-05
2.37541e-05
2.37541e-05
2.37541e-05
2.37541e-05
2.37541e-05
2.37541e-05
2.37541e-05
2.37541e-05
2.37541e-05
2.37541e-05
2.37541e-05
2.37541e-05
2.37541e-05
2.37541e-05
2.37541e-05
2.37541e-05
2.37541e-05
2.37541e-05
2.37541e-05
2.37541e-05
2.37541e-05
2.37541e-05
2.37541e-05
2.37541e-05
2.37541e-05
2.37541e-05
2.37541e-05
2.37541e-05
2.37541e-05
2.37541e-05
2.37541e-05
2.37541e-05
2.37541e-05
2.37541e-05
2.37541e-05
2.37541e-05
2.37541e-05
2.37541e-05
2.37541e-05
2.37541e-05
2.37541e-05
2.37541e-05
2.37541e-05
2.37541e-05
2.37541e-05
2.37541e-05
2.37541e-05
2.37541e-05
2.37541e-05
2.37541e-05
2.37541e-05
2.37541e-05
2.37541e-05
2.37541e-05
2.37541e-05
2.37541e-05
2.37541e-05
2.37541e-05
2.37541e-05
2.37541e-05
2.37541e-05
2.37541e-05
2.37541e-05
2.37541e-05
2.37541e-05
2.37541e-05
2.37541e-05
2.37541e-05
2.37541e-05
2.37541e-05
2.37541e-05
2.37541e-05
2.37541e-05
2.37541e-05
2.37541e-05
2.37541e-05
2.37541e-05
2.37541e-05
2.37541e-05
2.37541e-05
2.37541e-05
2.37541e-05
2.37541e-05
2.37541e-05
2.37541e-05
2.37541e-05
2.37541e-05
2.37541e-05
2.37541e-05
2.37541e-05
2.37541e-05
2.37541e-05
2.37541e-05
2.37541e-05
2.37541e-05
2.37541e-05
2.37541e-05
2.37541e-05
2.37541e-05
2.37541e-05
2.37541e-05
2.37541e-05
2.37541e-05
2.37541e-05
2.37541e-05
2.37541e-05
2.37541e-05
2.37541e-05
2.37541e-05
2.37541e-05
2.37541e-05
2.37541e-05
2.37541e-05
2.37541e-05
2.37541e-05
2.37541e-05
2.37541e-05
2.37541e-05
2.37541e-05
2.37541e-05
2.37541e-05
2.37541e-05
2.37541e-05
2.37541e-05
2.37541e-05
2.37541e-05
2.37541e-05
2.37541e-05
2.37541e-05
2.37541e-05
2.37541e-05
2.37541e-05
2.37541e-05
2.37541e-05
2.37541e-05
2.37541e-05
2.37541e-05
2.37541e-05
2.37541e-05
2.37541e-05
2.37541e-05
2.37541e-05
2.37541e-05
2.37541e-05
2.37541e-05
2.37541e-05
2.37541e-05
2.37541e-05
2.37541e-05
2.37541e-05
2.37541e-05
2.37541e-05
2.37541e-05
2.37541e-05
2.37541e-05
2.37541e-05
2.37541e-05
2.37541e-05
2.37541e-05
2.37541e-05
2.37541e-05
2.37541e-05
2.37541e-05
2.37541e-05
2.37541e-05
2.37541e-05
2.37541e-05
2.37541e-05
2.37541e-05
2.37541e-05
2.37541e-05
2.37541e-05
2.37541e-05
2.37541e-05
2.37541e-05
2.37541e-05
2.37541e-05
2.37541e-05
2.37541e-05
2.37541e-05
2.37541e-05
2.37541e-05
2.37541e-05
2.37541e-05
2.37541e-05
2.37541e-05
2.37541e-05
2.37541e-05
2.37541e-05
2.37541e-05
2.37541e-05
2.37541e-05
2.37541e-05
2.37541e-05
2.37541e-05
2.37541e-05
2.37541e-05
2.37541e-05
2.37541e-05
2.37541e-05
2.37541e-05
2.37541e-05
2.37541e-05
2.37541e-05
2.37541e-05
2.37541e-05
2.37541e-05
2.37541e-05
2.37541e-05
2.37541e-05
2.37541e-05
2.37541e-05
2.37541e-05
2.37541e-05
2.37541e-05
2.37541e-05
2.37541e-05
2.37541e-05
2.37541e-05
2.37541e-05
2.37541e-05
2.37541e-05
2.37541e-05
2.37541e-05
2.37541e-05
2.37541e-05
2.37541e-05
2.37541e-05
2.37541e-05
2.37541e-05
1.1877e-05
1.1877e-05
1.1877e-05
1.1877e-05
1.1877e-05
1.1877e-05
1.1877e-05
1.1877e-05
1.1877e-05
1.1877e-05
1.1877e-05
1.1877e-05
1.1877e-05
1.1877e-05
1.1877e-05
1.1877e-05
1.1877e-05
1.1877e-05
1.1877e-05
1.1877e-05
1.1877e-05
1.1877e-05
1.1877e-05
1.1877e-05
1.1877e-05
1.1877e-05
1.1877e-05
1.1877e-05
1.1877e-05
1.1877e-05
1.1877e-05
1.1877e-05
1.1877e-05
1.1877e-05
1.1877e-05
1.1877e-05
1.1877e-05
1.1877e-05
1.1877e-05
1.1877e-05
1.1877e-05
1.1877e-05
1.1877e-05
1.1877e-05
1.1877e-05
1.1877e-05
1.1877e-05
1.1877e-05
1.1877e-05
1.1877e-05
1.1877e-05
1.1877e-05
1.1877e-05
1.1877e-05
1.1877e-05
1.1877e-05
1.1877e-05
1.1877e-05
1.1877e-05
1.1877e-05
1.1877e-05
1.1877e-05
1.1877e-05
1.1877e-05
1.1877e-05
1.1877e-05
1.1877e-05
1.1877e-05
1.1877e-05
1.1877e-05
1.1877e-05
1.1877e-05
1.1877e-05
1.1877e-05
1.1877e-05
1.1877e-05
1.1877e-05
1.1877e-05
1.1877e-05
1.1877e-05
1.1877e-05
1.1877e-05
1.1877e-05
1.1877e-05
1.1877e-05
1.1877e-05
1.1877e-05
1.1877e-05
1.1877e-05
1.1877e-05
1.1877e-05
1.1877e-05
1.1877e-05
1.1877e-05
1.1877e-05
1.1877e-05
1.1877e-05
1.1877e-05
1.1877e-05
1.1877e-05
1.1877e-05
1.1877e-05
1.1877e-05
1.1877e-05
1.1877e-05
1.1877e-05
1.1877e-05
1.1877e-05
1.1877e-05
1.1877e-05
1.1877e-05
1.1877e-05
1.1877e-05
1.1877e-05
1.1877e-05
1.1877e-05
1.1877e-05
1.1877e-05
1.1877e-05
1.1877e-05
1.1877e-05
1.1877e-05
1.1877e-05
1.1877e-05
1.1877e-05
1.1877e-05
1.1877e-05
1.1877e-05
1.1877e-05
1.1877e-05
1.1877e-05
1.1877e-05
1.1877e-05
1.1877e-05
1.1877e-05
1.1877e-05
1.1877e-05
1.1877e-05
1.1877e-05
1.1877e-05
1.1877e-05
1.1877e-05
1.1877e-05
1.1877e-05
1.1877e-05
1.1877e-05
1.1877e-05
1.1877e-05
1.1877e-05
1.1877e-05
1.1877e-05
1.1877e-05
1.1877e-05
1.1877e-05
1.1877e-05
1.1877e-05
1.1877e-05
1.1877e-05
1.1877e-05
1.1877e-05
1.1877e-05
1.1877e-05
1.1877e-05
1.1877e-05
1.1877e-05
1.1877e-05
1.1877e-05
1.1877e-05
1.1877e-05
1.1877e-05
1.1877e-05
1.1877e-05
1.1877e-05
1.1877e-05
1.1877e-05
1.1877e-05
1.1877e-05
1.1877e-05
1.1877e-05
1.1877e-05
1.1877e-05
1.1877e-05
1.1877e-05
1.1877e-05
1.1877e-05
1.1877e-05
1.1877e-05
1.1877e-05
1.1877e-05
1.1877e-05
1.1877e-05
1.1877e-05
1.1877e-05
1.1877e-05
1.1877e-05
1.1877e-05
1.1877e-05
1.1877e-05
1.1877e-05
1.1877e-05
1.1877e-05
1.1877e-05
1.1877e-05
1.1877e-05
1.1877e-05
1.1877e-05
1.1877e-05
1.1877e-05
1.1877e-05
1.1877e-05
1.1877e-05
1.1877e-05
1.1877e-05
1.1877e-05
1.1877e-05
1.1877e-05
1.1877e-05
1.1877e-05
1.1877e-05
1.1877e-05
1.1877e-05
1.1877e-05
1.1877e-05
1.1877e-05
1.1877e-05
1.1877e-05
1.1877e-05
1.1877e-05
1.1877e-05
1.1877e-05
1.1877e-05
1.1877e-05
1.1877e-05
1.1877e-05
1.1877e-05
1.1877e-05
1.1877e-05
1.1877e-05
1.1877e-05
1.1877e-05
1.1877e-05
1.1877e-05
1.1877e-05
1.1877e-05
1.1877e-05
1.1877e-05
1.1877e-05
1.1877e-05
1.1877e-05
1.1877e-05
1.1877e-05
1.1877e-05
1.1877e-05
1.1877e-05
1.1877e-05
1.1877e-05
1.1877e-05
1.1877e-05
1.1877e-05
1.1877e-05
1.1877e-05
1.1877e-05
1.1877e-05
1.1877e-05
1.1877e-05
1.1877e-05
1.1877e-05
1.1877e-05
1.1877e-05
1.1877e-05
1.1877e-05
1.1877e-05
1.1877e-05
1.1877e-05
1.1877e-05
1.1877e-05
1.1877e-05
1.1877e-05
1.1877e-05
1.1877e-05
1.1877e-05
1.1877e-05
1.1877e-05
1.1877e-05
1.1877e-05
1.1877e-05
1.1877e-05
1.1877e-05
1.1877e-05
1.1877e-05
1.1877e-05
1.1877e-05
1.1877e-05
1.1877e-05
1.1877e-05
1.1877e-05
1.1877e-05
1.1877e-05
1.1877e-05
1.1877e-05
1.1877e-05
1.1877e-05
1.1877e-05
1.1877e-05
1.1877e-05
1.1877e-05
1.1877e-05
1.1877e-05
1.1877e-05
1.1877e-05
1.1877e-05
1.1877e-05
1.1877e-05
1.1877e-05
1.1877e-05
1.1877e-05
1.1877e-05
1.1877e-05
1.1877e-05
1.1877e-05
1.1877e-05
1.1877e-05
1.1877e-05
1.1877e-05
1.1877e-05
1.1877e-05
1.1877e-05
1.1877e-05
1.1877e-05
1.1877e-05
1.1877e-05
1.1877e-05
1.1877e-05
1.1877e-05
1.1877e-05
1.1877e-05
1.1877e-05
1.1877e-05
1.1877e-05
1.1877e-05
1.1877e-05
1.1877e-05
1.1877e-05
1.1877e-05
1.1877e-05
1.1877e-05
1.1877e-05
1.1877e-05
1.1877e-05
1.1877e-05
1.1877e-05
1.1877e-05
1.1877e-05
1.1877e-05
1.1877e-05
1.1877e-05
1.1877e-05
1.1877e-05
1.1877e-05
1.1877e-05
1.1877e-05
1.1877e-05
1.1877e-05
1.1877e-05
1.1877e-05
1.1877e-05
1.1877e-05
1.1877e-05
1.1877e-05
1.1877e-05
1.1877e-05
1.1877e-05
1.1877e-05
1.1877e-05
1.1877e-05
1.1877e-05
1.1877e-05
1.1877e-05
1.1877e-05
1.1877e-05
1.1877e-05
1.1877e-05
1.1877e-05
1.1877e-05
1.1877e-05
1.1877e-05
1.1877e-05
1.1877e-05
1.1877e-05
1.1877e-05
1.1877e-05
1.1877e-05
1.1877e-05
1.1877e-05
1.1877e-05
1.1877e-05
1.1877e-05
1.1877e-05
1.1877e-05
1.1877e-05
1.1877e-05
1.1877e-05
1.1877e-05
1.1877e-05
1.1877e-05
1.1877e-05
1.1877e-05
1.1877e-05
1.1877e-05
1.1877e-05
1.1877e-05
1.1877e-05
1.1877e-05
1.1877e-05
1.1877e-05
1.1877e-05
1.1877e-05
1.1877e-05
1.1877e-05
1.1877e-05
1.1877e-05
1.1877e-05
1.1877e-05
1.1877e-05
1.1877e-05
1.1877e-05
1.1877e-05
1.1877e-05
1.1877e-05
1.1877e-05
1.1877e-05
1.1877e-05
1.1877e-05
1.1877e-05
1.1877e-05
1.1877e-05
1.1877e-05
1.1877e-05
1.1877e-05
1.1877e-05
1.1877e-05
1.1877e-05
1.1877e-05
1.1877e-05
1.1877e-05
1.1877e-05
1.1877e-05
1.1877e-05
1.1877e-05
1.1877e-05
1.1877e-05
1.1877e-05
1.1877e-05
1.1877e-05
1.1877e-05
1.1877e-05
1.1877e-05
1.1877e-05
1.1877e-05
1.1877e-05
1.1877e-05
1.1877e-05
1.1877e-05
1.1877e-05
1.1877e-05
1.1877e-05
1.1877e-05
1.1877e-05
1.1877e-05
1.1877e-05
1.1877e-05
1.1877e-05
1.1877e-05
1.1877e-05
1.1877e-05
1.1877e-05
1.1877e-05
1.1877e-05
1.1877e-05
1.1877e-05
1.1877e-05
1.1877e-05
1.1877e-05
1.1877e-05
1.1877e-05
1.1877e-05
1.1877e-05
1.1877e-05
1.1877e-05
1.1877e-05
1.1877e-05
1.1877e-05
1.1877e-05
1.1877e-05
1.1877e-05
1.1877e-05
1.1877e-05
1.1877e-05
1.1877e-05
1.1877e-05
1.1877e-05
1.1877e-05
1.1877e-05
1.1877e-05
1.1877e-05
1.1877e-05
1.1877e-05
1.1877e-05
1.1877e-05
1.1877e-05
1.1877e-05
1.1877e-05
1.1877e-05
1.1877e-05
1.1877e-05
1.1877e-05
1.1877e-05
1.1877e-05
1.1877e-05
1.1877e-05
1.1877e-05
1.1877e-05
1.1877e-05
1.1877e-05
1.1877e-05
1.1877e-05
1.1877e-05
1.1877e-05
1.1877e-05
1.1877e-05
1.1877e-05
1.1877e-05
1.1877e-05
1.1877e-05
1.1877e-05
1.1877e-05
1.1877e-05
1.1877e-05
1.1877e-05
1.1877e-05
1.1877e-05
1.1877e-05
1.1877e-05
1.1877e-05
1.1877e-05
1.1877e-05
1.1877e-05
1.1877e-05
1.1877e-05
1.1877e-05
1.1877e-05
1.1877e-05
1.1877e-05
1.1877e-05
1.1877e-05
1.1877e-05
1.1877e-05
1.1877e-05
1.1877e-05
1.1877e-05
1.1877e-05
1.1877e-05
1.1877e-05
1.1877e-05
1.1877e-05
1.1877e-05
1.1877e-05
1.1877e-05
1.1877e-05
1.1877e-05
1.1877e-05
1.1877e-05
1.1877e-05
1.1877e-05
1.1877e-05
1.1877e-05
1.1877e-05
1.1877e-05
1.1877e-05
1.1877e-05
1.1877e-05
1.1877e-05
1.1877e-05
1.1877e-05
1.1877e-05
1.1877e-05
1.1877e-05
1.1877e-05
1.1877e-05
1.1877e-05
1.1877e-05
1.1877e-05
1.1877e-05
1.1877e-05
1.1877e-05
1.1877e-05
1.1877e-05
1.1877e-05
1.1877e-05
1.1877e-05
1.1877e-05
1.1877e-05
1.1877e-05
1.1877e-05
1.1877e-05
1.1877e-05
1.1877e-05
1.1877e-05
1.1877e-05
1.1877e-05
1.1877e-05
1.1877e-05
1.1877e-05
1.1877e-05
1.1877e-05
1.1877e-05
1.1877e-05
1.1877e-05
1.1877e-05
1.1877e-05
1.1877e-05
1.1877e-05
1.1877e-05
1.1877e-05
1.1877e-05
1.1877e-05
1.1877e-05
1.1877e-05
1.1877e-05
1.1877e-05
1.1877e-05
1.1877e-05
1.1877e-05
1.1877e-05
1.1877e-05
1.1877e-05
1.1877e-05
1.1877e-05
1.1877e-05
1.1877e-05
1.1877e-05
1.1877e-05
1.1877e-05
1.1877e-05
1.1877e-05
1.1877e-05
1.1877e-05
1.1877e-05
1.1877e-05
1.1877e-05
1.1877e-05
1.1877e-05
1.1877e-05
1.1877e-05
1.1877e-05
1.1877e-05
1.1877e-05
1.1877e-05
1.1877e-05
1.1877e-05
1.1877e-05
1.1877e-05
1.1877e-05
1.1877e-05
1.1877e-05
1.1877e-05
1.1877e-05
1.1877e-05
1.1877e-05
1.1877e-05
1.1877e-05
1.1877e-05
1.1877e-05
1.1877e-05
1.1877e-05
1.1877e-05
1.1877e-05
1.1877e-05
1.1877e-05
1.1877e-05
1.1877e-05
1.1877e-05
1.1877e-05
1.1877e-05
1.1877e-05
1.1877e-05
1.1877e-05
1.1877e-05
1.1877e-05
1.1877e-05
1.1877e-05
1.1877e-05
1.1877e-05
1.1877e-05
1.1877e-05
1.1877e-05
1.1877e-05
1.1877e-05
1.1877e-05
1.1877e-05
1.1877e-05
1.1877e-05
1.1877e-05
1.1877e-05
1.1877e-05
1.1877e-05
1.1877e-05
1.1877e-05
1.1877e-05
1.1877e-05
1.1877e-05
1.1877e-05
1.1877e-05
1.1877e-05
1.1877e-05
1.1877e-05
1.1877e-05
1.1877e-05
1.1877e-05
1.1877e-05
1.1877e-05
1.1877e-05
1.1877e-05
1.1877e-05
1.1877e-05
1.1877e-05
1.1877e-05
1.1877e-05
1.1877e-05
1.1877e-05
1.1877e-05
1.1877e-05
1.1877e-05
1.1877e-05
1.1877e-05
1.1877e-05
1.1877e-05
1.1877e-05
1.1877e-05
1.1877e-05
1.1877e-05
1.1877e-05
1.1877e-05
1.1877e-05
1.1877e-05
1.1877e-05
1.1877e-05
1.1877e-05
1.1877e-05
1.1877e-05
1.1877e-05
1.1877e-05
1.1877e-05
1.1877e-05
1.1877e-05
1.1877e-05
1.1877e-05
1.1877e-05
1.1877e-05
1.1877e-05
1.1877e-05
1.1877e-05
1.1877e-05
1.1877e-05
1.1877e-05
1.1877e-05
1.1877e-05
1.1877e-05
1.1877e-05
1.1877e-05
1.1877e-05
1.1877e-05
1.1877e-05
1.1877e-05
1.1877e-05
1.1877e-05
1.1877e-05
1.1877e-05
1.1877e-05
1.1877e-05
1.1877e-05
1.1877e-05
1.1877e-05
1.1877e-05
1.1877e-05
1.1877e-05
1.1877e-05
1.1877e-05
1.1877e-05
1.1877e-05
1.1877e-05
1.1877e-05
1.1877e-05
1.1877e-05
1.1877e-05
1.1877e-05
1.1877e-05
1.1877e-05
1.1877e-05
1.1877e-05
1.1877e-05
1.1877e-05
1.1877e-05
1.1877e-05
1.1877e-05
1.1877e-05
1.1877e-05
1.1877e-05
1.1877e-05
1.1877e-05
1.1877e-05
1.1877e-05
1.1877e-05
1.1877e-05
1.1877e-05
1.1877e-05
1.1877e-05
1.1877e-05
1.1877e-05
1.1877e-05
1.1877e-05
1.1877e-05
1.1877e-05
1.1877e-05
1.1877e-05
1.1877e-05
1.1877e-05
1.1877e-05
1.1877e-05
1.1877e-05
1.1877e-05
1.1877e-05
1.1877e-05
1.1877e-05
1.1877e-05
1.1877e-05
1.1877e-05
1.1877e-05
1.1877e-05
1.1877e-05
1.1877e-05
1.1877e-05
1.1877e-05
1.1877e-05
1.1877e-05
1.1877e-05
1.1877e-05
1.1877e-05
1.1877e-05
1.1877e-05
1.1877e-05
1.1877e-05
1.1877e-05
1.1877e-05
1.1877e-05
1.1877e-05
1.1877e-05
1.1877e-05
1.1877e-05
1.1877e-05
1.1877e-05
1.1877e-05
1.1877e-05
1.1877e-05
1.1877e-05
1.1877e-05
1.1877e-05
1.1877e-05
1.1877e-05
1.1877e-05
1.1877e-05
1.1877e-05
1.1877e-05
1.1877e-05
1.1877e-05
1.1877e-05
1.1877e-05
1.1877e-05
1.1877e-05
1.1877e-05
1.1877e-05
1.1877e-05
1.1877e-05
1.1877e-05
1.1877e-05
1.1877e-05
1.1877e-05
1.1877e-05
1.1877e-05
1.1877e-05
1.1877e-05
1.1877e-05
1.1877e-05
1.1877e-05
1.1877e-05
1.1877e-05
1.1877e-05
1.1877e-05
1.1877e-05
1.1877e-05
1.1877e-05
1.1877e-05
1.1877e-05
1.1877e-05
1.1877e-05
1.1877e-05
1.1877e-05
1.1877e-05
1.1877e-05
1.1877e-05
1.1877e-05
1.1877e-05
1.1877e-05
1.1877e-05
1.1877e-05
1.1877e-05
1.1877e-05
1.1877e-05
1.1877e-05
1.1877e-05
1.1877e-05
1.1877e-05
1.1877e-05
1.1877e-05
1.1877e-05
1.1877e-05
1.1877e-05
1.1877e-05
1.1877e-05
1.1877e-05
1.1877e-05
1.1877e-05
1.1877e-05
1.1877e-05
1.1877e-05
1.1877e-05
1.1877e-05
1.1877e-05
1.1877e-05
1.1877e-05
1.1877e-05
1.1877e-05
1.1877e-05
1.1877e-05
1.1877e-05
1.1877e-05
1.1877e-05
1.1877e-05
1.1877e-05
1.1877e-05
1.1877e-05
1.1877e-05
1.1877e-05
1.1877e-05
1.1877e-05
1.1877e-05
1.1877e-05
1.1877e-05
1.1877e-05
1.1877e-05
1.1877e-05
1.1877e-05
1.1877e-05
1.1877e-05
1.1877e-05
1.1877e-05
1.1877e-05
1.1877e-05
1.1877e-05
1.1877e-05
1.1877e-05
1.1877e-05
1.1877e-05
1.1877e-05
1.1877e-05
1.1877e-05
1.1877e-05
1.1877e-05
1.1877e-05
1.1877e-05
1.1877e-05
1.1877e-05
1.1877e-05
1.1877e-05
1.1877e-05
1.1877e-05
1.1877e-05
1.1877e-05
1.1877e-05
1.1877e-05
1.1877e-05
1.1877e-05
1.1877e-05
1.1877e-05
1.1877e-05
1.1877e-05
1.1877e-05
1.1877e-05
1.1877e-05
1.1877e-05
1.1877e-05
1.1877e-05
1.1877e-05
1.1877e-05
1.1877e-05
1.1877e-05
1.1877e-05
1.1877e-05
1.1877e-05
1.1877e-05
1.1877e-05
1.1877e-05
1.1877e-05
1.1877e-05
1.1877e-05
1.1877e-05
1.1877e-05
1.1877e-05
1.1877e-05
1.1877e-05
1.1877e-05
1.1877e-05
1.1877e-05
1.1877e-05
1.1877e-05
1.1877e-05
1.1877e-05
1.1877e-05
1.1877e-05
1.1877e-05
1.1877e-05
1.1877e-05
1.1877e-05
1.1877e-05
1.1877e-05
1.1877e-05
1.1877e-05
1.1877e-05
1.1877e-05
1.1877e-05
1.1877e-05
1.1877e-05
1.1877e-05
1.1877e-05
1.1877e-05
1.1877e-05
1.1877e-05
1.1877e-05
1.1877e-05
1.1877e-05
1.1877e-05
1.1877e-05
1.1877e-05
1.1877e-05
1.1877e-05
1.1877e-05
1.1877e-05
1.1877e-05
1.1877e-05
1.1877e-05
1.1877e-05
1.1877e-05
1.1877e-05
1.1877e-05
1.1877e-05
1.1877e-05
1.1877e-05
1.1877e-05
1.1877e-05
1.1877e-05
1.1877e-05
1.1877e-05
1.1877e-05
1.1877e-05
1.1877e-05
1.1877e-05
1.1877e-05
1.1877e-05
1.1877e-05
1.1877e-05
1.1877e-05
1.1877e-05
1.1877e-05
1.1877e-05
1.1877e-05
1.1877e-05
1.1877e-05
1.1877e-05
1.1877e-05
1.1877e-05
1.1877e-05
1.1877e-05
1.1877e-05
1.1877e-05
1.1877e-05
1.1877e-05
1.1877e-05
1.1877e-05
1.1877e-05
1.1877e-05
1.1877e-05
1.1877e-05
1.1877e-05
1.1877e-05
1.1877e-05
1.1877e-05
1.1877e-05
1.1877e-05
1.1877e-05
1.1877e-05
1.1877e-05
1.1877e-05
1.1877e-05
1.1877e-05
1.1877e-05
1.1877e-05
1.1877e-05
1.1877e-05
1.1877e-05
1.1877e-05
1.1877e-05
1.1877e-05
1.1877e-05
1.1877e-05
1.1877e-05
1.1877e-05
1.1877e-05
1.1877e-05
1.1877e-05
1.1877e-05
1.1877e-05
1.1877e-05
1.1877e-05
1.1877e-05
1.1877e-05
1.1877e-05
1.1877e-05
1.1877e-05
1.1877e-05
1.1877e-05
1.1877e-05
1.1877e-05
1.1877e-05
1.1877e-05
1.1877e-05
1.1877e-05
1.1877e-05
1.1877e-05
1.1877e-05
1.1877e-05
1.1877e-05
1.1877e-05
1.1877e-05
1.1877e-05
1.1877e-05
1.1877e-05
1.1877e-05
1.1877e-05
1.1877e-05
1.1877e-05
1.1877e-05
1.1877e-05
1.1877e-05
1.1877e-05
1.1877e-05
1.1877e-05
1.1877e-05
1.1877e-05
1.1877e-05
1.1877e-05
1.1877e-05
1.1877e-05
1.1877e-05
1.1877e-05
1.1877e-05
1.1877e-05
1.1877e-05
1.1877e-05
1.1877e-05
1.1877e-05
1.1877e-05
1.1877e-05
1.1877e-05
1.1877e-05
1.1877e-05
1.1877e-05
1.1877e-05
1.1877e-05
1.1877e-05
1.1877e-05
1.1877e-05
1.1877e-05
1.1877e-05
1.1877e-05
1.1877e-05
1.1877e-05
1.1877e-05
1.1877e-05
1.1877e-05
1.1877e-05
1.1877e-05
1.1877e-05
1.1877e-05
1.1877e-05
1.1877e-05
1.1877e-05
1.1877e-05
1.1877e-05
1.1877e-05
1.1877e-05
1.1877e-05
1.1877e-05
1.1877e-05
1.1877e-05
1.1877e-05
1.1877e-05
1.1877e-05
1.1877e-05
1.1877e-05
1.1877e-05
1.1877e-05
1.1877e-05
1.1877e-05
1.1877e-05
1.1877e-05
1.1877e-05
1.1877e-05
1.1877e-05
1.1877e-05
1.1877e-05
1.1877e-05
1.1877e-05
1.1877e-05
1.1877e-05
1.1877e-05
1.1877e-05
1.1877e-05
1.1877e-05
1.1877e-05
1.1877e-05
1.1877e-05
1.1877e-05
1.1877e-05
1.1877e-05
1.1877e-05
1.1877e-05
1.1877e-05
1.1877e-05
1.1877e-05
1.1877e-05
1.1877e-05
1.1877e-05
1.1877e-05
1.1877e-05
1.1877e-05
1.1877e-05
1.1877e-05
1.1877e-05
1.1877e-05
1.1877e-05
1.1877e-05
1.1877e-05
1.1877e-05
1.1877e-05
1.1877e-05
1.1877e-05
1.1877e-05
1.1877e-05
1.1877e-05
1.1877e-05
1.1877e-05
1.1877e-05
1.1877e-05
1.1877e-05
1.1877e-05
1.1877e-05
1.1877e-05
1.1877e-05
1.1877e-05
1.1877e-05
1.1877e-05
1.1877e-05
1.1877e-05
1.1877e-05
1.1877e-05
1.1877e-05
1.1877e-05
1.1877e-05
1.1877e-05
1.1877e-05
1.1877e-05
1.1877e-05
1.1877e-05
1.1877e-05
1.1877e-05
1.1877e-05
1.1877e-05
1.1877e-05
1.1877e-05
1.1877e-05
1.1877e-05
1.1877e-05
1.1877e-05
1.1877e-05
1.1877e-05
1.1877e-05
1.1877e-05
1.1877e-05
1.1877e-05
1.1877e-05
1.1877e-05
1.1877e-05
1.1877e-05
1.1877e-05
1.1877e-05
1.1877e-05
1.1877e-05
1.1877e-05
1.1877e-05
1.1877e-05
1.1877e-05
1.1877e-05
1.1877e-05
1.1877e-05
1.1877e-05
1.1877e-05
1.1877e-05
1.1877e-05
1.1877e-05
1.1877e-05
1.1877e-05
1.1877e-05
1.1877e-05
1.1877e-05
1.1877e-05
1.1877e-05
1.1877e-05
1.1877e-05
1.1877e-05
1.1877e-05
1.1877e-05
1.1877e-05
1.1877e-05
1.1877e-05
1.1877e-05
1.1877e-05
1.1877e-05
1.1877e-05
1.1877e-05
1.1877e-05
1.1877e-05
1.1877e-05
1.1877e-05
1.1877e-05
1.1877e-05
1.1877e-05
1.1877e-05
1.1877e-05
1.1877e-05
1.1877e-05
1.1877e-05
1.1877e-05
1.1877e-05
1.1877e-05
1.1877e-05
1.1877e-05
1.1877e-05
1.1877e-05
1.1877e-05
1.1877e-05
1.1877e-05
1.1877e-05
1.1877e-05
1.1877e-05
1.1877e-05
1.1877e-05
1.1877e-05
1.1877e-05
1.1877e-05
1.1877e-05
1.1877e-05
1.1877e-05
1.1877e-05
1.1877e-05
1.1877e-05
1.1877e-05
1.1877e-05
1.1877e-05
1.1877e-05
1.1877e-05
1.1877e-05
1.1877e-05
1.1877e-05
1.1877e-05
1.1877e-05
1.1877e-05
1.1877e-05
1.1877e-05
1.1877e-05
1.1877e-05
1.1877e-05
1.1877e-05
1.1877e-05
1.1877e-05
1.1877e-05
1.1877e-05
1.1877e-05
1.1877e-05
1.1877e-05
1.1877e-05
1.1877e-05
1.1877e-05
1.1877e-05
1.1877e-05
1.1877e-05
1.1877e-05
1.1877e-05
1.1877e-05
1.1877e-05
1.1877e-05
1.1877e-05
1.1877e-05
1.1877e-05
1.1877e-05
1.1877e-05
1.1877e-05
1.1877e-05
1.1877e-05
1.1877e-05
1.1877e-05
1.1877e-05
1.1877e-05
1.1877e-05
1.1877e-05
1.1877e-05
1.1877e-05
1.1877e-05
1.1877e-05
1.1877e-05
1.1877e-05
1.1877e-05
1.1877e-05
1.1877e-05
1.1877e-05
1.1877e-05
1.1877e-05
1.1877e-05
1.1877e-05
1.1877e-05
1.1877e-05
1.1877e-05
1.1877e-05
1.1877e-05
1.1877e-05
1.1877e-05
1.1877e-05
1.1877e-05
1.1877e-05
1.1877e-05
1.1877e-05
1.1877e-05
1.1877e-05
1.1877e-05
1.1877e-05
1.1877e-05
1.1877e-05
1.1877e-05
1.1877e-05
1.1877e-05
1.1877e-05
1.1877e-05
1.1877e-05
1.1877e-05
1.1877e-05
1.1877e-05
1.1877e-05
1.1877e-05
1.1877e-05
1.1877e-05
1.1877e-05
1.1877e-05
1.1877e-05
1.1877e-05
1.1877e-05
1.1877e-05
1.1877e-05
1.1877e-05
1.1877e-05
1.1877e-05
1.1877e-05
1.1877e-05
1.1877e-05
1.1877e-05
1.1877e-05
1.1877e-05
1.1877e-05
1.1877e-05
1.1877e-05
1.1877e-05
1.1877e-05
1.1877e-05
1.1877e-05
1.1877e-05
1.1877e-05
1.1877e-05
1.1877e-05
1.1877e-05
1.1877e-05
1.1877e-05
1.1877e-05
1.1877e-05
1.1877e-05
1.1877e-05
1.1877e-05
1.1877e-05
1.1877e-05
1.1877e-05
1.1877e-05
1.1877e-05
1.1877e-05
1.1877e-05
1.1877e-05
1.1877e-05
1.1877e-05
1.1877e-05
1.1877e-05
1.1877e-05
1.1877e-05
1.1877e-05
1.1877e-05
1.1877e-05
1.1877e-05
1.1877e-05
1.1877e-05
1.1877e-05
1.1877e-05
1.1877e-05
1.1877e-05
1.1877e-05
1.1877e-05
1.1877e-05
0
0
