*Vertices 7108
0.00638821
0.00606145
0.0058899
0.00554271
0.00541201
0.00513017
0.00435411
0.00399467
0.00364749
0.00348002
0.00344735
0.00336157
0.0032758
0.00321453
0.00314101
0.00310425
0.00310016
0.0030634
0.00305932
0.00296946
0.00295312
0.00290002
0.00287551
0.0028265
0.0027734
0.00274072
0.00272847
0.00262636
0.00258551
0.00257326
0.00255692
0.0024303
0.00242213
0.00241804
0.00240987
0.0023772
0.00236903
0.00233635
0.00231185
0.00231185
0.00225466
0.00225466
0.00223016
0.00220565
0.00220565
0.00220565
0.00218931
0.0021648
0.00215255
0.00214438
0.0021403
0.00213213
0.00209537
0.00207494
0.0020586
0.00204635
0.0020341
0.00202184
0.00201776
0.00201368
0.00199325
0.00197283
0.00196466
0.00193198
0.00191156
0.00186255
0.00185438
0.00185438
0.00182579
0.0018217
0.00180536
0.00178903
0.00178086
0.00177677
0.00176452
0.00175635
0.00175635
0.00175226
0.00175226
0.00173593
0.00173593
0.00169917
0.00168691
0.00168283
0.00167466
0.00167466
0.00167466
0.00166241
0.00165832
0.00165015
0.00164198
0.00163381
0.00163381
0.00162973
0.00160931
0.00160931
0.00159297
0.00158888
0.00157663
0.00156846
0.00156846
0.00156846
0.00156029
0.00155212
0.00154395
0.00153578
0.00152762
0.00152353
0.00151536
0.00150719
0.00148677
0.00148269
0.00146635
0.00145409
0.00145001
0.00145001
0.00144592
0.00144184
0.00142959
0.00142959
0.0014255
0.00142142
0.00141733
0.00140508
0.00140508
0.00138057
0.0013724
0.00136423
0.00136423
0.00136423
0.00136015
0.00136015
0.00135607
0.00135198
0.00135198
0.00134381
0.00134381
0.00133156
0.00132747
0.00131522
0.00131114
0.00130297
0.00129071
0.00127846
0.00127437
0.00126621
0.00123761
0.00123353
0.00122944
0.00122536
0.00122128
0.00122128
0.00121719
0.00121311
0.00121311
0.00120494
0.00120085
0.00119677
0.00119677
0.0011886
0.0011886
0.0011886
0.0011886
0.00117635
0.00117635
0.00117635
0.00117226
0.00116409
0.00115592
0.00115592
0.00115592
0.00115184
0.00115184
0.00114367
0.00114367
0.00113958
0.0011355
0.0011355
0.00112325
0.00111916
0.00111916
0.00111099
0.00111099
0.00110282
0.00110282
0.00109057
0.00108649
0.00108649
0.00108649
0.00107423
0.00107015
0.00107015
0.00106606
0.00106198
0.00106198
0.00105789
0.00104973
0.00104973
0.00104973
0.00104564
0.00104564
0.00104564
0.00104564
0.00104156
0.00104156
0.00104156
0.00103747
0.00103339
0.0010293
0.0010293
0.00100888
0.0010048
0.000996626
0.000996626
0.000996626
0.000996626
0.000988457
0.000984373
0.000955781
0.000955781
0.000955781
0.000939443
0.000939443
0.000935358
0.000931274
0.000923105
0.000923105
0.000923105
0.00091902
0.00091902
0.000914936
0.000910851
0.000910851
0.000906766
0.000906766
0.000906766
0.000906766
0.000894513
0.000894513
0.000890428
0.000886344
0.000886344
0.000886344
0.000878175
0.00087409
0.00087409
0.000870006
0.000865921
0.000865921
0.000865921
0.000861837
0.000861837
0.000857752
0.000853668
0.000845498
0.000845498
0.000841414
0.000837329
0.000837329
0.000837329
0.00082916
0.000825076
0.000825076
0.000825076
0.000825076
0.000820991
0.000820991
0.000816907
0.000816907
0.000816907
0.000808738
0.000808738
0.000808738
0.000804653
0.000804653
0.000804653
0.000800569
0.000800569
0.000796484
0.000796484
0.000796484
0.0007924
0.0007924
0.00078423
0.00078423
0.00078423
0.000780146
0.000780146
0.000776061
0.000771977
0.000771977
0.000763808
0.000759723
0.000755639
0.000755639
0.000755639
0.000751554
0.000751554
0.000751554
0.000751554
0.000739301
0.000731131
0.000727047
0.000722962
0.000722962
0.000718878
0.000718878
0.000718878
0.000718878
0.000718878
0.000714793
0.000714793
0.000710709
0.000710709
0.000710709
0.000710709
0.000710709
0.000710709
0.000710709
0.000706624
0.000706624
0.00070254
0.00070254
0.00070254
0.00070254
0.000698455
0.000698455
0.000698455
0.000698455
0.000694371
0.000694371
0.000690286
0.000686202
0.000686202
0.000686202
0.000686202
0.000686202
0.000682117
0.000678033
0.000678033
0.000678033
0.000678033
0.000673948
0.000669863
0.000669863
0.000669863
0.000669863
0.000669863
0.000669863
0.000665779
0.000665779
0.000661694
0.000661694
0.000661694
0.00065761
0.00065761
0.000653525
0.000653525
0.000653525
0.000649441
0.000649441
0.000645356
0.000645356
0.000645356
0.000641272
0.000641272
0.000641272
0.000641272
0.000637187
0.000637187
0.000637187
0.000637187
0.000633103
0.000633103
0.000633103
0.000633103
0.000629018
0.000629018
0.000629018
0.000629018
0.000629018
0.000629018
0.000629018
0.000629018
0.000624934
0.000624934
0.000624934
0.000624934
0.000624934
0.000620849
0.000620849
0.000616765
0.000616765
0.000616765
0.00061268
0.00061268
0.00061268
0.00061268
0.00061268
0.000608595
0.000608595
0.000608595
0.000604511
0.000604511
0.000604511
0.000604511
0.000604511
0.000604511
0.000600426
0.000600426
0.000600426
0.000600426
0.000600426
0.000600426
0.000600426
0.000600426
0.000596342
0.000596342
0.000596342
0.000596342
0.000592257
0.000592257
0.000588173
0.000588173
0.000588173
0.000588173
0.000588173
0.000588173
0.000580004
0.000580004
0.000575919
0.000575919
0.000571835
0.000571835
0.00056775
0.000563666
0.000563666
0.000563666
0.000559581
0.000559581
0.000559581
0.000559581
0.000559581
0.000555497
0.000555497
0.000555497
0.000555497
0.000555497
0.000555497
0.000555497
0.000551412
0.000551412
0.000551412
0.000547327
0.000547327
0.000547327
0.000547327
0.000547327
0.000547327
0.000543243
0.000543243
0.000543243
0.000539158
0.000539158
0.000539158
0.000535074
0.000535074
0.000535074
0.000535074
0.000530989
0.000530989
0.000530989
0.000530989
0.000526905
0.000526905
0.00052282
0.00052282
0.00052282
0.00052282
0.00052282
0.00052282
0.00052282
0.00052282
0.000518736
0.000518736
0.000514651
0.000514651
0.000514651
0.000514651
0.000514651
0.000510567
0.000510567
0.000510567
0.000506482
0.000506482
0.000506482
0.000506482
0.000506482
0.000502398
0.000498313
0.000498313
0.000498313
0.000498313
0.000494229
0.000494229
0.000494229
0.000494229
0.000494229
0.000494229
0.000490144
0.000490144
0.000490144
0.000490144
0.000486059
0.000486059
0.000481975
0.000481975
0.000481975
0.000481975
0.000481975
0.000481975
0.00047789
0.00047789
0.00047789
0.000473806
0.000473806
0.000473806
0.000473806
0.000469721
0.000469721
0.000469721
0.000469721
0.000469721
0.000469721
0.000465637
0.000465637
0.000465637
0.000465637
0.000465637
0.000465637
0.000465637
0.000465637
0.000465637
0.000465637
0.000465637
0.000461552
0.000461552
0.000461552
0.000461552
0.000461552
0.000461552
0.000457468
0.000457468
0.000457468
0.000457468
0.000457468
0.000457468
0.000457468
0.000457468
0.000457468
0.000453383
0.000453383
0.000453383
0.000453383
0.000453383
0.000453383
0.000453383
0.000449299
0.000449299
0.000449299
0.00044113
0.00044113
0.00044113
0.00044113
0.00044113
0.00044113
0.00044113
0.000437045
0.000437045
0.000432961
0.000432961
0.000432961
0.000432961
0.000432961
0.000432961
0.000432961
0.000432961
0.000432961
0.000428876
0.000428876
0.000428876
0.000428876
0.000424791
0.000424791
0.000424791
0.000424791
0.000424791
0.000424791
0.000424791
0.000420707
0.000416622
0.000416622
0.000416622
0.000416622
0.000412538
0.000412538
0.000412538
0.000408453
0.000408453
0.000408453
0.000408453
0.000408453
0.000408453
0.000408453
0.000408453
0.000408453
0.000404369
0.000404369
0.000404369
0.000400284
0.000400284
0.000400284
0.000400284
0.000400284
0.0003962
0.0003962
0.0003962
0.0003962
0.000392115
0.000392115
0.000392115
0.000392115
0.000392115
0.000392115
0.000392115
0.000392115
0.000388031
0.000388031
0.000383946
0.000383946
0.000383946
0.000383946
0.000383946
0.000383946
0.000383946
0.000383946
0.000383946
0.000383946
0.000383946
0.000379862
0.000379862
0.000379862
0.000375777
0.000375777
0.000375777
0.000375777
0.000375777
0.000375777
0.000375777
0.000375777
0.000371693
0.000371693
0.000371693
0.000371693
0.000367608
0.000367608
0.000367608
0.000367608
0.000367608
0.000367608
0.000367608
0.000367608
0.000367608
0.000367608
0.000367608
0.000363523
0.000363523
0.000363523
0.000363523
0.000359439
0.000359439
0.000359439
0.000359439
0.000359439
0.000359439
0.000359439
0.000359439
0.000359439
0.000355354
0.00035127
0.00035127
0.00035127
0.00035127
0.00035127
0.00035127
0.00035127
0.00035127
0.00035127
0.000347185
0.000347185
0.000343101
0.000343101
0.000343101
0.000343101
0.000343101
0.000343101
0.000343101
0.000343101
0.000343101
0.000343101
0.000343101
0.000343101
0.000343101
0.000343101
0.000339016
0.000339016
0.000339016
0.000339016
0.000339016
0.000339016
0.000339016
0.000339016
0.000339016
0.000334932
0.000334932
0.000334932
0.000334932
0.000334932
0.000330847
0.000330847
0.000330847
0.000330847
0.000326763
0.000326763
0.000326763
0.000326763
0.000326763
0.000326763
0.000326763
0.000326763
0.000326763
0.000326763
0.000322678
0.000322678
0.000322678
0.000322678
0.000322678
0.000322678
0.000318594
0.000318594
0.000318594
0.000318594
0.000318594
0.000318594
0.000318594
0.000318594
0.000318594
0.000318594
0.000318594
0.000318594
0.000318594
0.000318594
0.000318594
0.000318594
0.000318594
0.000318594
0.000314509
0.000314509
0.000314509
0.000314509
0.000314509
0.000314509
0.000314509
0.000314509
0.000310425
0.000310425
0.000310425
0.000310425
0.000310425
0.000310425
0.000310425
0.000310425
0.000310425
0.000310425
0.000310425
0.00030634
0.00030634
0.00030634
0.00030634
0.00030634
0.00030634
0.000302255
0.000302255
0.000302255
0.000302255
0.000302255
0.000302255
0.000302255
0.000302255
0.000302255
0.000302255
0.000302255
0.000302255
0.000302255
0.000298171
0.000298171
0.000298171
0.000298171
0.000298171
0.000298171
0.000294086
0.000294086
0.000294086
0.000294086
0.000294086
0.000294086
0.000294086
0.000294086
0.000294086
0.000294086
0.000294086
0.000294086
0.000294086
0.000294086
0.000294086
0.000294086
0.000290002
0.000290002
0.000290002
0.000290002
0.000290002
0.000285917
0.000285917
0.000285917
0.000285917
0.000285917
0.000285917
0.000285917
0.000285917
0.000285917
0.000285917
0.000285917
0.000285917
0.000285917
0.000285917
0.000285917
0.000285917
0.000285917
0.000285917
0.000281833
0.000281833
0.000281833
0.000281833
0.000277748
0.000277748
0.000277748
0.000277748
0.000277748
0.000277748
0.000277748
0.000277748
0.000277748
0.000277748
0.000277748
0.000277748
0.000277748
0.000273664
0.000273664
0.000273664
0.000273664
0.000269579
0.000269579
0.000269579
0.000269579
0.000269579
0.000269579
0.000269579
0.000269579
0.000269579
0.000269579
0.000269579
0.000269579
0.000269579
0.000269579
0.000265495
0.000265495
0.000265495
0.000265495
0.000265495
0.000265495
0.000265495
0.00026141
0.00026141
0.00026141
0.00026141
0.00026141
0.00026141
0.00026141
0.00026141
0.00026141
0.00026141
0.00026141
0.000257326
0.000257326
0.000257326
0.000257326
0.000253241
0.000253241
0.000253241
0.000253241
0.000253241
0.000253241
0.000253241
0.000253241
0.000253241
0.000253241
0.000253241
0.000253241
0.000253241
0.000253241
0.000253241
0.000253241
0.000253241
0.000249157
0.000249157
0.000249157
0.000249157
0.000249157
0.000249157
0.000245072
0.000245072
0.000245072
0.000245072
0.000245072
0.000245072
0.000245072
0.000245072
0.000245072
0.000245072
0.000245072
0.000245072
0.000245072
0.000245072
0.000245072
0.000245072
0.000245072
0.000245072
0.000245072
0.000245072
0.000245072
0.000245072
0.000245072
0.000245072
0.000245072
0.000245072
0.000245072
0.000245072
0.000245072
0.000245072
0.000240987
0.000236903
0.000236903
0.000236903
0.000236903
0.000236903
0.000236903
0.000236903
0.000236903
0.000236903
0.000236903
0.000236903
0.000236903
0.000236903
0.000236903
0.000236903
0.000236903
0.000236903
0.000236903
0.000236903
0.000232818
0.000232818
0.000232818
0.000228734
0.000228734
0.000228734
0.000228734
0.000228734
0.000228734
0.000228734
0.000228734
0.000228734
0.000228734
0.000228734
0.000228734
0.000228734
0.000228734
0.000228734
0.000228734
0.000228734
0.000228734
0.000224649
0.000224649
0.000224649
0.000224649
0.000220565
0.000220565
0.000220565
0.000220565
0.000220565
0.000220565
0.000220565
0.000220565
0.000220565
0.000220565
0.000220565
0.000220565
0.000220565
0.000220565
0.000220565
0.00021648
0.00021648
0.00021648
0.00021648
0.000212396
0.000212396
0.000212396
0.000212396
0.000212396
0.000212396
0.000212396
0.000212396
0.000212396
0.000212396
0.000212396
0.000212396
0.000212396
0.000212396
0.000212396
0.000212396
0.000212396
0.000212396
0.000212396
0.000212396
0.000212396
0.000212396
0.000212396
0.000212396
0.000212396
0.000212396
0.000212396
0.000212396
0.000212396
0.000212396
0.000212396
0.000212396
0.000212396
0.000208311
0.000204227
0.000204227
0.000204227
0.000204227
0.000204227
0.000204227
0.000204227
0.000204227
0.000204227
0.000204227
0.000204227
0.000204227
0.000204227
0.000204227
0.000204227
0.000204227
0.000204227
0.000204227
0.000204227
0.000204227
0.000204227
0.000204227
0.000204227
0.000204227
0.000204227
0.000204227
0.000204227
0.000204227
0.000204227
0.000204227
0.000204227
0.000204227
0.000204227
0.000204227
0.000204227
0.000204227
0.000204227
0.000204227
0.000204227
0.000200142
0.000200142
0.000200142
0.000200142
0.000196058
0.000196058
0.000196058
0.000196058
0.000196058
0.000196058
0.000196058
0.000196058
0.000196058
0.000196058
0.000196058
0.000196058
0.000196058
0.000196058
0.000196058
0.000196058
0.000196058
0.000196058
0.000196058
0.000196058
0.000191973
0.000191973
0.000187889
0.000187889
0.000187889
0.000187889
0.000187889
0.000187889
0.000187889
0.000187889
0.000187889
0.000187889
0.000187889
0.000187889
0.000187889
0.000187889
0.000187889
0.000187889
0.000187889
0.000187889
0.000187889
0.000187889
0.000187889
0.000187889
0.000183804
0.000183804
0.000183804
0.000183804
0.000183804
0.000183804
0.000179719
0.000179719
0.000179719
0.000179719
0.000179719
0.000179719
0.000179719
0.000179719
0.000179719
0.000179719
0.000179719
0.000179719
0.000179719
0.000179719
0.000179719
0.000179719
0.000179719
0.000179719
0.000179719
0.000179719
0.000179719
0.000179719
0.000179719
0.000179719
0.000179719
0.000179719
0.000179719
0.000179719
0.000179719
0.000179719
0.000179719
0.000179719
0.000179719
0.000179719
0.000175635
0.000175635
0.000175635
0.000175635
0.000175635
0.00017155
0.00017155
0.00017155
0.00017155
0.00017155
0.00017155
0.00017155
0.00017155
0.00017155
0.00017155
0.00017155
0.00017155
0.00017155
0.00017155
0.00017155
0.00017155
0.00017155
0.00017155
0.00017155
0.00017155
0.00017155
0.00017155
0.00017155
0.00017155
0.00017155
0.00017155
0.00017155
0.00017155
0.00017155
0.00017155
0.00017155
0.00017155
0.00017155
0.00017155
0.00017155
0.00017155
0.00017155
0.00017155
0.00017155
0.00017155
0.00017155
0.00017155
0.00017155
0.00017155
0.000167466
0.000167466
0.000167466
0.000167466
0.000167466
0.000167466
0.000163381
0.000163381
0.000163381
0.000163381
0.000163381
0.000163381
0.000163381
0.000163381
0.000163381
0.000163381
0.000163381
0.000163381
0.000163381
0.000163381
0.000163381
0.000163381
0.000163381
0.000163381
0.000163381
0.000163381
0.000163381
0.000163381
0.000163381
0.000163381
0.000163381
0.000163381
0.000163381
0.000163381
0.000163381
0.000163381
0.000163381
0.000163381
0.000163381
0.000163381
0.000163381
0.000163381
0.000163381
0.000159297
0.000159297
0.000159297
0.000159297
0.000155212
0.000155212
0.000155212
0.000155212
0.000155212
0.000155212
0.000155212
0.000155212
0.000155212
0.000155212
0.000155212
0.000155212
0.000155212
0.000155212
0.000155212
0.000155212
0.000155212
0.000155212
0.000155212
0.000155212
0.000155212
0.000155212
0.000155212
0.000155212
0.000155212
0.000155212
0.000155212
0.000155212
0.000155212
0.000155212
0.000155212
0.000155212
0.000155212
0.000155212
0.000151128
0.000151128
0.000151128
0.000151128
0.000151128
0.000151128
0.000151128
0.000151128
0.000151128
0.000151128
0.000147043
0.000147043
0.000147043
0.000147043
0.000147043
0.000147043
0.000147043
0.000147043
0.000147043
0.000147043
0.000147043
0.000147043
0.000147043
0.000147043
0.000147043
0.000147043
0.000147043
0.000147043
0.000147043
0.000147043
0.000147043
0.000147043
0.000147043
0.000147043
0.000147043
0.000147043
0.000147043
0.000147043
0.000147043
0.000147043
0.000142959
0.000142959
0.000142959
0.000142959
0.000142959
0.000142959
0.000142959
0.000138874
0.000138874
0.000138874
0.000138874
0.000138874
0.000138874
0.000138874
0.000138874
0.000138874
0.000138874
0.000138874
0.000138874
0.000138874
0.000138874
0.000138874
0.000138874
0.000138874
0.000138874
0.000138874
0.000138874
0.000138874
0.000138874
0.000138874
0.000138874
0.00013479
0.00013479
0.00013479
0.00013479
0.00013479
0.00013479
0.00013479
0.00013479
0.000130705
0.000130705
0.000130705
0.000130705
0.000130705
0.000130705
0.000130705
0.000130705
0.000130705
0.000130705
0.000130705
0.000130705
0.000130705
0.000130705
0.000130705
0.000130705
0.000130705
0.000130705
0.000130705
0.000130705
0.000130705
0.000130705
0.000130705
0.000130705
0.000130705
0.000130705
0.000130705
0.000130705
0.000130705
0.000130705
0.000130705
0.000130705
0.000130705
0.000130705
0.000130705
0.000130705
0.000130705
0.000130705
0.000130705
0.000130705
0.000130705
0.000130705
0.000130705
0.000130705
0.000130705
0.000130705
0.000130705
0.000130705
0.000130705
0.000130705
0.000130705
0.000130705
0.000130705
0.000130705
0.000130705
0.000130705
0.000130705
0.000130705
0.000130705
0.000130705
0.000130705
0.000130705
0.000130705
0.000130705
0.000130705
0.000130705
0.000126621
0.000126621
0.000126621
0.000126621
0.000126621
0.000126621
0.000122536
0.000122536
0.000122536
0.000122536
0.000122536
0.000122536
0.000122536
0.000122536
0.000122536
0.000122536
0.000122536
0.000122536
0.000122536
0.000122536
0.000122536
0.000122536
0.000122536
0.000122536
0.000122536
0.000122536
0.000122536
0.000122536
0.000122536
0.000122536
0.000122536
0.000122536
0.000122536
0.000122536
0.000122536
0.000122536
0.000122536
0.000122536
0.000122536
0.000122536
0.000122536
0.000122536
0.000122536
0.000122536
0.000122536
0.000122536
0.000122536
0.000122536
0.000122536
0.000122536
0.000122536
0.000122536
0.000122536
0.000122536
0.000122536
0.000122536
0.000122536
0.000122536
0.000122536
0.000122536
0.000122536
0.000122536
0.000122536
0.000122536
0.000122536
0.000122536
0.000122536
0.000122536
0.000122536
0.000122536
0.000122536
0.000122536
0.000122536
0.000122536
0.000122536
0.000122536
0.000122536
0.000122536
0.000122536
0.000122536
0.000122536
0.000122536
0.000122536
0.000122536
0.000118451
0.000118451
0.000118451
0.000118451
0.000118451
0.000118451
0.000118451
0.000114367
0.000114367
0.000114367
0.000114367
0.000114367
0.000114367
0.000114367
0.000114367
0.000114367
0.000114367
0.000114367
0.000114367
0.000114367
0.000114367
0.000114367
0.000114367
0.000114367
0.000114367
0.000114367
0.000110282
0.000110282
0.000110282
0.000110282
0.000106198
0.000106198
0.000106198
0.000106198
0.000106198
0.000106198
0.000106198
0.000106198
0.000106198
0.000106198
0.000106198
0.000106198
0.000106198
0.000106198
0.000106198
0.000106198
0.000106198
0.000106198
0.000106198
0.000106198
0.000106198
0.000106198
0.000106198
0.000106198
0.000106198
0.000106198
0.000106198
0.000106198
0.000106198
0.000106198
0.000106198
0.000106198
0.000106198
0.000106198
0.000106198
0.000106198
0.000106198
0.000106198
0.000106198
0.000106198
0.000106198
0.000106198
0.000106198
0.000106198
0.000106198
0.000106198
0.000106198
0.000106198
0.000106198
0.000106198
0.000106198
0.000106198
0.000106198
0.000106198
0.000106198
0.000106198
0.000106198
0.000106198
0.000106198
0.000106198
0.000106198
0.000106198
0.000106198
0.000106198
0.000102113
0.000102113
0.000102113
0.000102113
9.80288e-05
9.80288e-05
9.80288e-05
9.80288e-05
9.80288e-05
9.80288e-05
9.80288e-05
9.80288e-05
9.80288e-05
9.80288e-05
9.80288e-05
9.80288e-05
9.80288e-05
9.80288e-05
9.80288e-05
9.80288e-05
9.80288e-05
9.80288e-05
9.80288e-05
9.80288e-05
9.80288e-05
9.80288e-05
9.80288e-05
9.80288e-05
9.80288e-05
9.80288e-05
9.80288e-05
9.80288e-05
9.80288e-05
9.80288e-05
9.80288e-05
9.80288e-05
9.80288e-05
9.80288e-05
9.80288e-05
9.80288e-05
9.80288e-05
9.80288e-05
9.80288e-05
9.80288e-05
9.80288e-05
9.80288e-05
9.80288e-05
9.80288e-05
9.80288e-05
9.80288e-05
9.80288e-05
9.80288e-05
9.80288e-05
9.80288e-05
9.80288e-05
9.80288e-05
9.80288e-05
9.80288e-05
9.80288e-05
9.80288e-05
9.80288e-05
9.80288e-05
9.80288e-05
9.80288e-05
9.80288e-05
9.80288e-05
9.80288e-05
9.80288e-05
9.80288e-05
9.80288e-05
9.80288e-05
9.80288e-05
9.80288e-05
9.80288e-05
9.80288e-05
9.80288e-05
9.80288e-05
9.80288e-05
9.80288e-05
9.80288e-05
9.80288e-05
9.80288e-05
9.80288e-05
9.80288e-05
9.80288e-05
9.80288e-05
9.80288e-05
9.80288e-05
9.80288e-05
9.80288e-05
9.80288e-05
9.80288e-05
9.80288e-05
9.80288e-05
9.80288e-05
9.80288e-05
9.80288e-05
9.80288e-05
9.80288e-05
9.80288e-05
9.80288e-05
9.80288e-05
9.80288e-05
9.80288e-05
9.80288e-05
9.80288e-05
9.80288e-05
9.80288e-05
9.80288e-05
9.80288e-05
9.80288e-05
9.80288e-05
9.80288e-05
9.80288e-05
9.80288e-05
9.80288e-05
9.80288e-05
9.80288e-05
9.80288e-05
9.80288e-05
9.39443e-05
9.39443e-05
9.39443e-05
9.39443e-05
9.39443e-05
9.39443e-05
9.39443e-05
9.39443e-05
9.39443e-05
8.98597e-05
8.98597e-05
8.98597e-05
8.98597e-05
8.98597e-05
8.98597e-05
8.98597e-05
8.98597e-05
8.98597e-05
8.98597e-05
8.98597e-05
8.98597e-05
8.98597e-05
8.98597e-05
8.98597e-05
8.98597e-05
8.98597e-05
8.98597e-05
8.98597e-05
8.98597e-05
8.98597e-05
8.98597e-05
8.98597e-05
8.98597e-05
8.98597e-05
8.98597e-05
8.98597e-05
8.98597e-05
8.98597e-05
8.98597e-05
8.98597e-05
8.98597e-05
8.98597e-05
8.98597e-05
8.98597e-05
8.98597e-05
8.98597e-05
8.98597e-05
8.98597e-05
8.98597e-05
8.98597e-05
8.98597e-05
8.98597e-05
8.98597e-05
8.98597e-05
8.98597e-05
8.98597e-05
8.98597e-05
8.57752e-05
8.57752e-05
8.57752e-05
8.57752e-05
8.57752e-05
8.57752e-05
8.57752e-05
8.57752e-05
8.57752e-05
8.16907e-05
8.16907e-05
8.16907e-05
8.16907e-05
8.16907e-05
8.16907e-05
8.16907e-05
8.16907e-05
8.16907e-05
8.16907e-05
8.16907e-05
8.16907e-05
8.16907e-05
8.16907e-05
8.16907e-05
8.16907e-05
8.16907e-05
8.16907e-05
8.16907e-05
8.16907e-05
8.16907e-05
8.16907e-05
8.16907e-05
8.16907e-05
8.16907e-05
8.16907e-05
8.16907e-05
8.16907e-05
8.16907e-05
8.16907e-05
8.16907e-05
8.16907e-05
8.16907e-05
8.16907e-05
8.16907e-05
8.16907e-05
8.16907e-05
8.16907e-05
8.16907e-05
8.16907e-05
8.16907e-05
8.16907e-05
8.16907e-05
8.16907e-05
8.16907e-05
8.16907e-05
8.16907e-05
8.16907e-05
8.16907e-05
8.16907e-05
8.16907e-05
8.16907e-05
8.16907e-05
8.16907e-05
8.16907e-05
8.16907e-05
8.16907e-05
8.16907e-05
8.16907e-05
8.16907e-05
8.16907e-05
8.16907e-05
8.16907e-05
8.16907e-05
8.16907e-05
8.16907e-05
8.16907e-05
8.16907e-05
8.16907e-05
8.16907e-05
8.16907e-05
8.16907e-05
8.16907e-05
8.16907e-05
8.16907e-05
8.16907e-05
8.16907e-05
8.16907e-05
8.16907e-05
8.16907e-05
8.16907e-05
8.16907e-05
8.16907e-05
8.16907e-05
8.16907e-05
8.16907e-05
8.16907e-05
8.16907e-05
8.16907e-05
8.16907e-05
8.16907e-05
8.16907e-05
8.16907e-05
8.16907e-05
8.16907e-05
8.16907e-05
8.16907e-05
8.16907e-05
8.16907e-05
8.16907e-05
8.16907e-05
8.16907e-05
8.16907e-05
8.16907e-05
8.16907e-05
8.16907e-05
8.16907e-05
8.16907e-05
8.16907e-05
8.16907e-05
8.16907e-05
8.16907e-05
8.16907e-05
8.16907e-05
8.16907e-05
8.16907e-05
8.16907e-05
8.16907e-05
8.16907e-05
8.16907e-05
8.16907e-05
8.16907e-05
8.16907e-05
8.16907e-05
8.16907e-05
8.16907e-05
8.16907e-05
8.16907e-05
8.16907e-05
8.16907e-05
8.16907e-05
8.16907e-05
8.16907e-05
8.16907e-05
8.16907e-05
8.16907e-05
8.16907e-05
8.16907e-05
8.16907e-05
8.16907e-05
8.16907e-05
8.16907e-05
8.16907e-05
8.16907e-05
8.16907e-05
8.16907e-05
8.16907e-05
8.16907e-05
8.16907e-05
8.16907e-05
8.16907e-05
8.16907e-05
8.16907e-05
8.16907e-05
8.16907e-05
8.16907e-05
8.16907e-05
7.76061e-05
7.76061e-05
7.35216e-05
7.35216e-05
7.35216e-05
7.35216e-05
7.35216e-05
7.35216e-05
7.35216e-05
7.35216e-05
7.35216e-05
7.35216e-05
7.35216e-05
7.35216e-05
7.35216e-05
7.35216e-05
7.35216e-05
7.35216e-05
7.35216e-05
7.35216e-05
7.35216e-05
7.35216e-05
7.35216e-05
7.35216e-05
7.35216e-05
7.35216e-05
7.35216e-05
7.35216e-05
7.35216e-05
7.35216e-05
7.35216e-05
7.35216e-05
7.35216e-05
7.35216e-05
7.35216e-05
7.35216e-05
7.35216e-05
7.35216e-05
7.35216e-05
7.35216e-05
7.35216e-05
7.35216e-05
7.35216e-05
7.35216e-05
7.35216e-05
7.35216e-05
7.35216e-05
7.35216e-05
7.35216e-05
7.35216e-05
7.35216e-05
7.35216e-05
7.35216e-05
7.35216e-05
7.35216e-05
7.35216e-05
7.35216e-05
7.35216e-05
7.35216e-05
7.35216e-05
7.35216e-05
7.35216e-05
7.35216e-05
7.35216e-05
7.35216e-05
7.35216e-05
7.35216e-05
7.35216e-05
7.35216e-05
7.35216e-05
7.35216e-05
7.35216e-05
7.35216e-05
7.35216e-05
7.35216e-05
7.35216e-05
7.35216e-05
7.35216e-05
7.35216e-05
7.35216e-05
7.35216e-05
7.35216e-05
7.35216e-05
7.35216e-05
7.35216e-05
7.35216e-05
7.35216e-05
7.35216e-05
7.35216e-05
7.35216e-05
7.35216e-05
7.35216e-05
7.35216e-05
7.35216e-05
7.35216e-05
7.35216e-05
7.35216e-05
7.35216e-05
7.35216e-05
7.35216e-05
7.35216e-05
7.35216e-05
7.35216e-05
7.35216e-05
7.35216e-05
7.35216e-05
7.35216e-05
7.35216e-05
7.35216e-05
7.35216e-05
7.35216e-05
7.35216e-05
7.35216e-05
7.35216e-05
7.35216e-05
7.35216e-05
7.35216e-05
7.35216e-05
7.35216e-05
7.35216e-05
7.35216e-05
7.35216e-05
7.35216e-05
7.35216e-05
7.35216e-05
7.35216e-05
7.35216e-05
7.35216e-05
7.35216e-05
7.35216e-05
7.35216e-05
7.35216e-05
7.35216e-05
7.35216e-05
7.35216e-05
7.35216e-05
7.35216e-05
7.35216e-05
7.35216e-05
7.35216e-05
7.35216e-05
7.35216e-05
7.35216e-05
7.35216e-05
7.35216e-05
7.35216e-05
7.35216e-05
7.35216e-05
7.35216e-05
7.35216e-05
7.35216e-05
7.35216e-05
7.35216e-05
6.94371e-05
6.94371e-05
6.53525e-05
6.53525e-05
6.53525e-05
6.53525e-05
6.53525e-05
6.53525e-05
6.53525e-05
6.53525e-05
6.53525e-05
6.53525e-05
6.53525e-05
6.53525e-05
6.53525e-05
6.53525e-05
6.53525e-05
6.53525e-05
6.53525e-05
6.53525e-05
6.53525e-05
6.53525e-05
6.53525e-05
6.53525e-05
6.53525e-05
6.53525e-05
6.53525e-05
6.53525e-05
6.53525e-05
6.53525e-05
6.53525e-05
6.53525e-05
6.53525e-05
6.53525e-05
6.53525e-05
6.53525e-05
6.53525e-05
6.53525e-05
6.53525e-05
6.53525e-05
6.53525e-05
6.53525e-05
6.53525e-05
6.53525e-05
6.53525e-05
6.1268e-05
6.1268e-05
6.1268e-05
6.1268e-05
6.1268e-05
6.1268e-05
6.1268e-05
6.1268e-05
6.1268e-05
5.71835e-05
5.71835e-05
5.71835e-05
5.71835e-05
5.71835e-05
5.71835e-05
5.71835e-05
5.71835e-05
5.71835e-05
5.71835e-05
5.71835e-05
5.71835e-05
5.71835e-05
5.71835e-05
5.71835e-05
5.71835e-05
5.71835e-05
5.71835e-05
5.71835e-05
5.71835e-05
5.71835e-05
5.71835e-05
5.71835e-05
5.71835e-05
5.71835e-05
5.71835e-05
5.71835e-05
5.71835e-05
5.71835e-05
5.71835e-05
5.71835e-05
5.71835e-05
5.71835e-05
5.71835e-05
5.71835e-05
5.71835e-05
5.71835e-05
5.71835e-05
5.71835e-05
5.71835e-05
5.71835e-05
5.71835e-05
5.71835e-05
5.71835e-05
5.71835e-05
5.71835e-05
5.71835e-05
5.71835e-05
5.71835e-05
5.71835e-05
5.71835e-05
5.71835e-05
5.71835e-05
5.71835e-05
5.71835e-05
5.71835e-05
5.71835e-05
5.71835e-05
5.71835e-05
5.71835e-05
5.71835e-05
5.71835e-05
5.71835e-05
5.71835e-05
5.71835e-05
5.71835e-05
5.71835e-05
5.71835e-05
5.71835e-05
5.71835e-05
5.71835e-05
5.71835e-05
5.71835e-05
5.71835e-05
5.71835e-05
5.71835e-05
5.71835e-05
5.71835e-05
5.71835e-05
5.71835e-05
5.71835e-05
5.71835e-05
5.71835e-05
5.71835e-05
5.71835e-05
5.71835e-05
5.71835e-05
5.71835e-05
5.71835e-05
5.71835e-05
5.71835e-05
5.71835e-05
5.71835e-05
5.71835e-05
5.71835e-05
5.71835e-05
5.71835e-05
5.71835e-05
5.71835e-05
5.71835e-05
5.71835e-05
5.71835e-05
5.71835e-05
5.71835e-05
5.71835e-05
5.71835e-05
5.71835e-05
5.71835e-05
5.71835e-05
5.71835e-05
5.71835e-05
5.71835e-05
5.71835e-05
5.30989e-05
5.30989e-05
5.30989e-05
5.30989e-05
4.90144e-05
4.90144e-05
4.90144e-05
4.90144e-05
4.90144e-05
4.90144e-05
4.90144e-05
4.90144e-05
4.90144e-05
4.90144e-05
4.90144e-05
4.90144e-05
4.90144e-05
4.90144e-05
4.90144e-05
4.90144e-05
4.90144e-05
4.90144e-05
4.90144e-05
4.90144e-05
4.90144e-05
4.90144e-05
4.90144e-05
4.90144e-05
4.90144e-05
4.90144e-05
4.90144e-05
4.90144e-05
4.90144e-05
4.90144e-05
4.90144e-05
4.90144e-05
4.90144e-05
4.90144e-05
4.90144e-05
4.90144e-05
4.90144e-05
4.90144e-05
4.90144e-05
4.90144e-05
4.90144e-05
4.90144e-05
4.90144e-05
4.90144e-05
4.90144e-05
4.90144e-05
4.90144e-05
4.90144e-05
4.90144e-05
4.90144e-05
4.90144e-05
4.90144e-05
4.90144e-05
4.90144e-05
4.90144e-05
4.90144e-05
4.90144e-05
4.90144e-05
4.90144e-05
4.90144e-05
4.90144e-05
4.90144e-05
4.90144e-05
4.90144e-05
4.90144e-05
4.90144e-05
4.90144e-05
4.90144e-05
4.90144e-05
4.90144e-05
4.90144e-05
4.90144e-05
4.90144e-05
4.90144e-05
4.90144e-05
4.90144e-05
4.90144e-05
4.90144e-05
4.90144e-05
4.90144e-05
4.90144e-05
4.90144e-05
4.90144e-05
4.90144e-05
4.90144e-05
4.90144e-05
4.90144e-05
4.90144e-05
4.90144e-05
4.90144e-05
4.90144e-05
4.90144e-05
4.90144e-05
4.90144e-05
4.90144e-05
4.90144e-05
4.90144e-05
4.90144e-05
4.90144e-05
4.90144e-05
4.90144e-05
4.90144e-05
4.90144e-05
4.90144e-05
4.90144e-05
4.90144e-05
4.90144e-05
4.90144e-05
4.90144e-05
4.90144e-05
4.90144e-05
4.90144e-05
4.90144e-05
4.90144e-05
4.90144e-05
4.90144e-05
4.90144e-05
4.90144e-05
4.90144e-05
4.90144e-05
4.90144e-05
4.90144e-05
4.90144e-05
4.90144e-05
4.90144e-05
4.90144e-05
4.90144e-05
4.90144e-05
4.90144e-05
4.90144e-05
4.90144e-05
4.90144e-05
4.90144e-05
4.90144e-05
4.90144e-05
4.90144e-05
4.90144e-05
4.90144e-05
4.90144e-05
4.90144e-05
4.90144e-05
4.90144e-05
4.90144e-05
4.90144e-05
4.90144e-05
4.90144e-05
4.90144e-05
4.90144e-05
4.90144e-05
4.90144e-05
4.90144e-05
4.90144e-05
4.90144e-05
4.90144e-05
4.90144e-05
4.90144e-05
4.90144e-05
4.90144e-05
4.90144e-05
4.90144e-05
4.90144e-05
4.90144e-05
4.90144e-05
4.90144e-05
4.90144e-05
4.90144e-05
4.90144e-05
4.90144e-05
4.90144e-05
4.90144e-05
4.90144e-05
4.90144e-05
4.90144e-05
4.90144e-05
4.90144e-05
4.90144e-05
4.90144e-05
4.90144e-05
4.90144e-05
4.90144e-05
4.90144e-05
4.90144e-05
4.90144e-05
4.90144e-05
4.90144e-05
4.90144e-05
4.90144e-05
4.90144e-05
4.90144e-05
4.90144e-05
4.90144e-05
4.90144e-05
4.90144e-05
4.90144e-05
4.90144e-05
4.90144e-05
4.90144e-05
4.90144e-05
4.90144e-05
4.90144e-05
4.90144e-05
4.90144e-05
4.90144e-05
4.90144e-05
4.90144e-05
4.90144e-05
4.90144e-05
4.90144e-05
4.90144e-05
4.90144e-05
4.90144e-05
4.90144e-05
4.90144e-05
4.90144e-05
4.90144e-05
4.90144e-05
4.90144e-05
4.90144e-05
4.90144e-05
4.90144e-05
4.90144e-05
4.90144e-05
4.90144e-05
4.90144e-05
4.90144e-05
4.90144e-05
4.90144e-05
4.90144e-05
4.90144e-05
4.90144e-05
4.90144e-05
4.90144e-05
4.90144e-05
4.90144e-05
4.90144e-05
4.90144e-05
4.90144e-05
4.90144e-05
4.90144e-05
4.90144e-05
4.90144e-05
4.90144e-05
4.90144e-05
4.90144e-05
4.90144e-05
4.90144e-05
4.90144e-05
4.90144e-05
4.90144e-05
4.90144e-05
4.90144e-05
4.90144e-05
4.90144e-05
4.90144e-05
4.90144e-05
4.90144e-05
4.90144e-05
4.90144e-05
4.90144e-05
4.90144e-05
4.90144e-05
4.90144e-05
4.90144e-05
4.90144e-05
4.90144e-05
4.90144e-05
4.90144e-05
4.90144e-05
4.90144e-05
4.90144e-05
4.90144e-05
4.90144e-05
4.90144e-05
4.90144e-05
4.90144e-05
4.90144e-05
4.90144e-05
4.90144e-05
4.90144e-05
4.90144e-05
4.90144e-05
4.90144e-05
4.90144e-05
4.90144e-05
4.90144e-05
4.90144e-05
4.90144e-05
4.90144e-05
4.90144e-05
4.90144e-05
4.90144e-05
4.90144e-05
4.90144e-05
4.90144e-05
4.90144e-05
4.90144e-05
4.90144e-05
4.90144e-05
4.90144e-05
4.90144e-05
4.90144e-05
4.90144e-05
4.90144e-05
4.90144e-05
4.90144e-05
4.90144e-05
4.90144e-05
4.90144e-05
4.90144e-05
4.90144e-05
4.90144e-05
4.90144e-05
4.90144e-05
4.90144e-05
4.90144e-05
4.90144e-05
4.90144e-05
4.90144e-05
4.90144e-05
4.90144e-05
4.90144e-05
4.90144e-05
4.90144e-05
4.90144e-05
4.90144e-05
4.90144e-05
4.90144e-05
4.90144e-05
4.90144e-05
4.90144e-05
4.90144e-05
4.90144e-05
4.90144e-05
4.90144e-05
4.90144e-05
4.90144e-05
4.90144e-05
4.90144e-05
4.90144e-05
4.90144e-05
4.90144e-05
4.90144e-05
4.90144e-05
4.90144e-05
4.90144e-05
4.90144e-05
4.90144e-05
4.90144e-05
4.90144e-05
4.90144e-05
4.90144e-05
4.90144e-05
4.90144e-05
4.90144e-05
4.90144e-05
4.90144e-05
4.90144e-05
4.90144e-05
4.90144e-05
4.90144e-05
4.90144e-05
4.90144e-05
4.90144e-05
4.90144e-05
4.90144e-05
4.90144e-05
4.90144e-05
4.90144e-05
4.90144e-05
4.90144e-05
4.90144e-05
4.90144e-05
4.90144e-05
4.90144e-05
4.90144e-05
4.90144e-05
4.90144e-05
4.90144e-05
4.90144e-05
4.90144e-05
4.90144e-05
4.90144e-05
4.90144e-05
4.90144e-05
4.90144e-05
4.90144e-05
4.90144e-05
4.90144e-05
4.90144e-05
4.90144e-05
4.90144e-05
4.90144e-05
4.90144e-05
4.90144e-05
4.90144e-05
4.90144e-05
4.90144e-05
4.90144e-05
4.90144e-05
4.90144e-05
4.90144e-05
4.90144e-05
4.90144e-05
4.90144e-05
4.90144e-05
4.90144e-05
4.90144e-05
4.90144e-05
4.90144e-05
4.90144e-05
4.90144e-05
4.90144e-05
4.90144e-05
4.90144e-05
4.90144e-05
4.90144e-05
4.90144e-05
4.90144e-05
4.90144e-05
4.90144e-05
4.90144e-05
4.90144e-05
4.90144e-05
4.90144e-05
4.90144e-05
4.90144e-05
4.90144e-05
4.90144e-05
4.90144e-05
4.90144e-05
4.90144e-05
4.90144e-05
4.90144e-05
4.90144e-05
4.90144e-05
4.90144e-05
4.90144e-05
4.90144e-05
4.90144e-05
4.90144e-05
4.90144e-05
4.90144e-05
4.90144e-05
4.90144e-05
4.90144e-05
4.90144e-05
4.90144e-05
4.90144e-05
4.90144e-05
4.90144e-05
4.90144e-05
4.90144e-05
4.90144e-05
4.90144e-05
4.90144e-05
4.90144e-05
4.90144e-05
4.90144e-05
4.90144e-05
4.90144e-05
4.90144e-05
4.90144e-05
4.90144e-05
4.90144e-05
4.90144e-05
4.90144e-05
4.90144e-05
4.90144e-05
4.90144e-05
4.90144e-05
4.90144e-05
4.90144e-05
4.90144e-05
4.90144e-05
4.90144e-05
4.90144e-05
4.90144e-05
4.90144e-05
4.90144e-05
4.90144e-05
4.90144e-05
4.90144e-05
4.90144e-05
4.90144e-05
4.90144e-05
4.90144e-05
4.90144e-05
4.90144e-05
4.90144e-05
4.90144e-05
4.90144e-05
4.90144e-05
4.90144e-05
4.90144e-05
4.90144e-05
4.90144e-05
4.90144e-05
4.90144e-05
4.90144e-05
4.90144e-05
4.90144e-05
4.90144e-05
4.90144e-05
4.90144e-05
4.90144e-05
4.90144e-05
4.90144e-05
4.90144e-05
4.90144e-05
4.90144e-05
4.90144e-05
4.90144e-05
4.90144e-05
4.90144e-05
4.90144e-05
4.90144e-05
4.90144e-05
4.90144e-05
4.90144e-05
4.90144e-05
4.90144e-05
4.90144e-05
4.90144e-05
4.90144e-05
4.90144e-05
4.90144e-05
4.90144e-05
4.90144e-05
4.90144e-05
4.90144e-05
4.90144e-05
4.90144e-05
4.90144e-05
4.90144e-05
4.90144e-05
4.90144e-05
4.90144e-05
4.90144e-05
4.90144e-05
4.90144e-05
4.90144e-05
4.90144e-05
4.90144e-05
4.90144e-05
4.90144e-05
4.90144e-05
4.90144e-05
4.90144e-05
4.90144e-05
4.90144e-05
4.90144e-05
4.90144e-05
4.90144e-05
4.90144e-05
4.90144e-05
4.90144e-05
4.90144e-05
4.90144e-05
4.90144e-05
4.90144e-05
4.90144e-05
4.90144e-05
4.90144e-05
4.90144e-05
4.90144e-05
4.90144e-05
4.90144e-05
4.90144e-05
4.90144e-05
4.90144e-05
4.90144e-05
4.90144e-05
4.90144e-05
4.90144e-05
4.90144e-05
4.90144e-05
4.90144e-05
4.90144e-05
4.90144e-05
4.90144e-05
4.90144e-05
4.90144e-05
4.90144e-05
4.90144e-05
4.90144e-05
4.90144e-05
4.90144e-05
4.90144e-05
4.90144e-05
4.90144e-05
4.90144e-05
4.90144e-05
4.90144e-05
4.90144e-05
4.90144e-05
4.90144e-05
4.90144e-05
4.90144e-05
4.90144e-05
4.90144e-05
4.90144e-05
4.90144e-05
4.90144e-05
4.90144e-05
4.90144e-05
4.90144e-05
4.90144e-05
4.90144e-05
4.90144e-05
4.90144e-05
4.90144e-05
4.90144e-05
4.90144e-05
4.90144e-05
4.90144e-05
4.90144e-05
4.90144e-05
4.90144e-05
4.90144e-05
4.90144e-05
4.90144e-05
4.90144e-05
4.90144e-05
4.90144e-05
4.90144e-05
4.90144e-05
4.90144e-05
4.90144e-05
4.90144e-05
4.90144e-05
4.90144e-05
4.90144e-05
4.90144e-05
4.90144e-05
4.90144e-05
4.90144e-05
4.90144e-05
4.90144e-05
4.90144e-05
4.90144e-05
4.90144e-05
4.90144e-05
4.90144e-05
4.90144e-05
4.90144e-05
4.90144e-05
4.90144e-05
4.90144e-05
4.90144e-05
4.90144e-05
4.90144e-05
4.90144e-05
4.90144e-05
4.90144e-05
4.90144e-05
4.90144e-05
4.90144e-05
4.90144e-05
4.90144e-05
4.90144e-05
4.90144e-05
4.90144e-05
4.90144e-05
4.90144e-05
4.90144e-05
4.90144e-05
4.90144e-05
4.90144e-05
4.90144e-05
4.90144e-05
4.90144e-05
4.90144e-05
4.90144e-05
4.90144e-05
4.90144e-05
4.90144e-05
4.90144e-05
4.90144e-05
4.90144e-05
4.90144e-05
4.90144e-05
4.90144e-05
4.90144e-05
4.90144e-05
4.90144e-05
4.90144e-05
4.90144e-05
4.90144e-05
4.90144e-05
4.90144e-05
4.90144e-05
4.90144e-05
4.90144e-05
4.90144e-05
4.90144e-05
4.90144e-05
4.90144e-05
4.90144e-05
4.90144e-05
4.90144e-05
4.90144e-05
4.90144e-05
4.90144e-05
4.90144e-05
4.90144e-05
4.90144e-05
4.90144e-05
4.90144e-05
4.90144e-05
4.90144e-05
4.90144e-05
4.90144e-05
4.90144e-05
4.90144e-05
4.90144e-05
4.90144e-05
4.90144e-05
4.90144e-05
4.90144e-05
4.90144e-05
4.90144e-05
4.90144e-05
4.90144e-05
4.90144e-05
4.90144e-05
4.90144e-05
4.90144e-05
4.90144e-05
4.90144e-05
4.90144e-05
4.90144e-05
4.90144e-05
4.90144e-05
4.90144e-05
4.90144e-05
4.90144e-05
4.90144e-05
4.90144e-05
4.90144e-05
4.90144e-05
4.90144e-05
4.90144e-05
4.90144e-05
4.49299e-05
4.49299e-05
4.08453e-05
4.08453e-05
4.08453e-05
4.08453e-05
4.08453e-05
4.08453e-05
4.08453e-05
4.08453e-05
4.08453e-05
4.08453e-05
4.08453e-05
4.08453e-05
4.08453e-05
4.08453e-05
4.08453e-05
4.08453e-05
4.08453e-05
4.08453e-05
4.08453e-05
4.08453e-05
4.08453e-05
4.08453e-05
4.08453e-05
4.08453e-05
4.08453e-05
4.08453e-05
4.08453e-05
4.08453e-05
4.08453e-05
4.08453e-05
4.08453e-05
4.08453e-05
4.08453e-05
4.08453e-05
4.08453e-05
4.08453e-05
4.08453e-05
4.08453e-05
4.08453e-05
4.08453e-05
4.08453e-05
4.08453e-05
3.67608e-05
3.67608e-05
3.26763e-05
3.26763e-05
3.26763e-05
3.26763e-05
3.26763e-05
3.26763e-05
3.26763e-05
3.26763e-05
3.26763e-05
3.26763e-05
3.26763e-05
3.26763e-05
3.26763e-05
3.26763e-05
3.26763e-05
3.26763e-05
3.26763e-05
3.26763e-05
3.26763e-05
3.26763e-05
3.26763e-05
3.26763e-05
3.26763e-05
3.26763e-05
3.26763e-05
3.26763e-05
3.26763e-05
3.26763e-05
3.26763e-05
3.26763e-05
3.26763e-05
3.26763e-05
3.26763e-05
3.26763e-05
3.26763e-05
3.26763e-05
3.26763e-05
3.26763e-05
3.26763e-05
3.26763e-05
3.26763e-05
3.26763e-05
3.26763e-05
3.26763e-05
3.26763e-05
3.26763e-05
3.26763e-05
3.26763e-05
3.26763e-05
3.26763e-05
3.26763e-05
3.26763e-05
3.26763e-05
3.26763e-05
3.26763e-05
3.26763e-05
3.26763e-05
3.26763e-05
3.26763e-05
3.26763e-05
3.26763e-05
3.26763e-05
3.26763e-05
3.26763e-05
3.26763e-05
3.26763e-05
3.26763e-05
3.26763e-05
3.26763e-05
3.26763e-05
3.26763e-05
3.26763e-05
3.26763e-05
3.26763e-05
3.26763e-05
3.26763e-05
3.26763e-05
3.26763e-05
3.26763e-05
3.26763e-05
3.26763e-05
3.26763e-05
3.26763e-05
3.26763e-05
3.26763e-05
3.26763e-05
3.26763e-05
3.26763e-05
3.26763e-05
3.26763e-05
3.26763e-05
3.26763e-05
3.26763e-05
3.26763e-05
3.26763e-05
3.26763e-05
3.26763e-05
3.26763e-05
3.26763e-05
3.26763e-05
3.26763e-05
3.26763e-05
3.26763e-05
3.26763e-05
3.26763e-05
3.26763e-05
3.26763e-05
3.26763e-05
3.26763e-05
3.26763e-05
3.26763e-05
3.26763e-05
3.26763e-05
3.26763e-05
3.26763e-05
3.26763e-05
3.26763e-05
3.26763e-05
3.26763e-05
3.26763e-05
3.26763e-05
3.26763e-05
3.26763e-05
3.26763e-05
3.26763e-05
3.26763e-05
3.26763e-05
3.26763e-05
3.26763e-05
3.26763e-05
3.26763e-05
3.26763e-05
3.26763e-05
3.26763e-05
3.26763e-05
3.26763e-05
3.26763e-05
3.26763e-05
3.26763e-05
3.26763e-05
3.26763e-05
3.26763e-05
3.26763e-05
3.26763e-05
3.26763e-05
3.26763e-05
3.26763e-05
3.26763e-05
3.26763e-05
3.26763e-05
3.26763e-05
3.26763e-05
3.26763e-05
3.26763e-05
3.26763e-05
3.26763e-05
3.26763e-05
3.26763e-05
3.26763e-05
3.26763e-05
3.26763e-05
3.26763e-05
3.26763e-05
3.26763e-05
3.26763e-05
3.26763e-05
3.26763e-05
3.26763e-05
3.26763e-05
3.26763e-05
3.26763e-05
3.26763e-05
3.26763e-05
3.26763e-05
3.26763e-05
3.26763e-05
3.26763e-05
3.26763e-05
3.26763e-05
3.26763e-05
2.85917e-05
2.85917e-05
2.85917e-05
2.85917e-05
2.85917e-05
2.85917e-05
2.85917e-05
2.85917e-05
2.85917e-05
2.45072e-05
2.45072e-05
2.45072e-05
2.45072e-05
2.45072e-05
2.45072e-05
2.45072e-05
2.45072e-05
2.45072e-05
2.45072e-05
2.45072e-05
2.45072e-05
2.45072e-05
2.45072e-05
2.45072e-05
2.45072e-05
2.45072e-05
2.45072e-05
2.45072e-05
2.45072e-05
2.45072e-05
2.45072e-05
2.45072e-05
2.45072e-05
2.45072e-05
2.45072e-05
2.45072e-05
2.45072e-05
2.45072e-05
2.45072e-05
2.45072e-05
2.45072e-05
2.45072e-05
2.45072e-05
2.45072e-05
2.45072e-05
2.45072e-05
2.45072e-05
2.45072e-05
2.45072e-05
2.45072e-05
2.45072e-05
2.45072e-05
2.45072e-05
2.45072e-05
2.45072e-05
2.45072e-05
2.45072e-05
2.45072e-05
2.45072e-05
2.45072e-05
2.45072e-05
2.45072e-05
2.45072e-05
2.45072e-05
2.45072e-05
2.45072e-05
2.45072e-05
2.45072e-05
2.45072e-05
2.45072e-05
2.45072e-05
2.45072e-05
2.45072e-05
2.45072e-05
2.45072e-05
2.45072e-05
2.45072e-05
2.45072e-05
2.45072e-05
2.45072e-05
2.45072e-05
2.45072e-05
2.45072e-05
2.45072e-05
2.45072e-05
2.45072e-05
2.45072e-05
2.45072e-05
2.45072e-05
2.45072e-05
2.45072e-05
2.45072e-05
2.45072e-05
2.45072e-05
2.45072e-05
2.45072e-05
2.45072e-05
2.45072e-05
2.45072e-05
2.45072e-05
2.45072e-05
2.45072e-05
2.45072e-05
2.45072e-05
2.45072e-05
2.45072e-05
2.45072e-05
2.45072e-05
2.45072e-05
2.45072e-05
2.45072e-05
2.45072e-05
2.45072e-05
2.45072e-05
2.45072e-05
2.45072e-05
2.45072e-05
2.45072e-05
2.45072e-05
2.45072e-05
2.45072e-05
2.45072e-05
2.45072e-05
2.45072e-05
2.45072e-05
2.45072e-05
2.45072e-05
2.45072e-05
2.45072e-05
2.45072e-05
2.45072e-05
2.45072e-05
2.45072e-05
2.45072e-05
2.45072e-05
2.45072e-05
2.45072e-05
2.45072e-05
2.45072e-05
2.45072e-05
2.45072e-05
2.45072e-05
2.45072e-05
2.45072e-05
2.45072e-05
2.45072e-05
2.45072e-05
2.45072e-05
2.45072e-05
2.45072e-05
2.45072e-05
2.45072e-05
2.45072e-05
2.45072e-05
2.45072e-05
2.45072e-05
2.45072e-05
2.45072e-05
2.45072e-05
2.45072e-05
2.45072e-05
2.45072e-05
2.45072e-05
2.45072e-05
2.45072e-05
2.45072e-05
2.45072e-05
2.45072e-05
2.45072e-05
2.45072e-05
2.45072e-05
2.45072e-05
2.45072e-05
2.45072e-05
2.45072e-05
2.45072e-05
2.45072e-05
2.45072e-05
2.45072e-05
2.45072e-05
2.45072e-05
2.45072e-05
2.45072e-05
2.45072e-05
2.45072e-05
2.45072e-05
2.45072e-05
2.45072e-05
2.45072e-05
2.45072e-05
2.45072e-05
2.45072e-05
2.45072e-05
2.45072e-05
2.45072e-05
2.45072e-05
2.45072e-05
2.45072e-05
2.45072e-05
2.45072e-05
2.45072e-05
2.45072e-05
2.45072e-05
2.45072e-05
2.45072e-05
2.45072e-05
2.45072e-05
2.45072e-05
2.45072e-05
2.45072e-05
2.45072e-05
2.45072e-05
2.45072e-05
2.45072e-05
2.45072e-05
2.45072e-05
2.45072e-05
2.45072e-05
2.45072e-05
2.45072e-05
2.45072e-05
2.45072e-05
2.45072e-05
2.45072e-05
2.45072e-05
2.45072e-05
2.45072e-05
2.45072e-05
2.45072e-05
2.45072e-05
2.45072e-05
2.45072e-05
2.45072e-05
2.45072e-05
2.45072e-05
2.45072e-05
2.45072e-05
2.45072e-05
2.45072e-05
2.45072e-05
2.45072e-05
2.45072e-05
2.45072e-05
2.45072e-05
2.45072e-05
2.45072e-05
2.45072e-05
2.45072e-05
2.45072e-05
2.45072e-05
2.45072e-05
2.45072e-05
2.45072e-05
2.45072e-05
2.45072e-05
2.45072e-05
2.45072e-05
2.45072e-05
2.45072e-05
2.45072e-05
2.45072e-05
2.45072e-05
2.45072e-05
2.45072e-05
2.45072e-05
2.45072e-05
2.45072e-05
2.45072e-05
2.45072e-05
2.45072e-05
2.45072e-05
2.45072e-05
2.45072e-05
2.45072e-05
2.45072e-05
2.45072e-05
2.45072e-05
2.45072e-05
2.45072e-05
2.45072e-05
2.45072e-05
2.45072e-05
2.45072e-05
2.45072e-05
2.45072e-05
2.45072e-05
2.45072e-05
2.45072e-05
2.45072e-05
2.45072e-05
2.45072e-05
2.45072e-05
2.45072e-05
2.45072e-05
2.45072e-05
2.45072e-05
2.45072e-05
2.45072e-05
2.45072e-05
2.45072e-05
2.45072e-05
2.45072e-05
2.45072e-05
2.45072e-05
2.45072e-05
2.45072e-05
2.45072e-05
2.45072e-05
2.45072e-05
2.45072e-05
2.45072e-05
2.45072e-05
2.45072e-05
2.45072e-05
2.45072e-05
2.45072e-05
2.45072e-05
2.45072e-05
2.45072e-05
2.45072e-05
2.45072e-05
2.45072e-05
2.45072e-05
2.45072e-05
2.45072e-05
2.45072e-05
2.45072e-05
2.45072e-05
2.45072e-05
2.45072e-05
2.45072e-05
2.45072e-05
2.45072e-05
2.45072e-05
2.45072e-05
2.45072e-05
2.45072e-05
2.45072e-05
2.45072e-05
2.45072e-05
2.45072e-05
2.45072e-05
2.45072e-05
2.45072e-05
2.45072e-05
2.45072e-05
2.45072e-05
2.45072e-05
2.45072e-05
2.45072e-05
2.45072e-05
2.45072e-05
2.45072e-05
2.45072e-05
2.45072e-05
2.45072e-05
2.45072e-05
2.45072e-05
2.45072e-05
2.45072e-05
2.45072e-05
2.45072e-05
2.45072e-05
2.45072e-05
2.45072e-05
2.45072e-05
2.45072e-05
2.45072e-05
2.45072e-05
2.45072e-05
2.45072e-05
2.45072e-05
2.45072e-05
2.45072e-05
2.45072e-05
2.45072e-05
2.45072e-05
2.45072e-05
2.45072e-05
2.45072e-05
2.45072e-05
2.45072e-05
2.45072e-05
2.45072e-05
2.45072e-05
2.45072e-05
2.45072e-05
2.45072e-05
2.45072e-05
2.45072e-05
2.45072e-05
2.45072e-05
2.45072e-05
2.45072e-05
2.45072e-05
2.45072e-05
2.45072e-05
2.45072e-05
2.45072e-05
2.45072e-05
2.45072e-05
2.45072e-05
2.45072e-05
2.45072e-05
2.45072e-05
2.45072e-05
2.45072e-05
2.45072e-05
2.45072e-05
2.45072e-05
2.45072e-05
2.45072e-05
2.45072e-05
2.45072e-05
2.45072e-05
2.45072e-05
2.45072e-05
2.45072e-05
2.45072e-05
2.45072e-05
2.45072e-05
2.45072e-05
2.45072e-05
2.45072e-05
2.45072e-05
2.45072e-05
2.45072e-05
2.45072e-05
2.45072e-05
2.45072e-05
2.45072e-05
2.45072e-05
2.45072e-05
2.45072e-05
2.45072e-05
2.45072e-05
2.45072e-05
2.45072e-05
2.45072e-05
2.45072e-05
2.45072e-05
2.45072e-05
2.45072e-05
2.45072e-05
2.45072e-05
2.45072e-05
2.45072e-05
2.45072e-05
2.45072e-05
2.45072e-05
2.45072e-05
2.45072e-05
2.45072e-05
2.45072e-05
2.45072e-05
2.45072e-05
2.45072e-05
2.45072e-05
2.45072e-05
2.45072e-05
2.45072e-05
2.45072e-05
2.45072e-05
2.45072e-05
2.45072e-05
2.45072e-05
2.45072e-05
2.45072e-05
2.45072e-05
2.45072e-05
2.45072e-05
2.45072e-05
2.45072e-05
2.45072e-05
2.45072e-05
2.45072e-05
2.45072e-05
2.45072e-05
2.45072e-05
2.45072e-05
2.45072e-05
2.45072e-05
2.45072e-05
2.45072e-05
2.45072e-05
2.45072e-05
2.45072e-05
2.45072e-05
2.45072e-05
2.45072e-05
2.45072e-05
2.45072e-05
2.45072e-05
2.45072e-05
2.45072e-05
2.45072e-05
2.45072e-05
2.45072e-05
2.45072e-05
2.45072e-05
2.45072e-05
2.45072e-05
2.45072e-05
2.45072e-05
2.45072e-05
2.45072e-05
2.45072e-05
2.45072e-05
2.45072e-05
2.45072e-05
2.45072e-05
2.45072e-05
2.45072e-05
2.45072e-05
2.45072e-05
2.45072e-05
2.45072e-05
2.45072e-05
2.45072e-05
2.45072e-05
2.45072e-05
2.45072e-05
2.45072e-05
2.45072e-05
2.45072e-05
2.45072e-05
2.45072e-05
2.45072e-05
2.45072e-05
2.45072e-05
2.45072e-05
2.45072e-05
2.45072e-05
2.45072e-05
2.45072e-05
2.45072e-05
2.45072e-05
2.45072e-05
2.45072e-05
2.45072e-05
2.45072e-05
2.45072e-05
2.45072e-05
2.45072e-05
2.45072e-05
2.45072e-05
2.45072e-05
2.45072e-05
2.45072e-05
2.45072e-05
2.45072e-05
2.45072e-05
2.45072e-05
2.45072e-05
2.45072e-05
2.45072e-05
2.45072e-05
2.45072e-05
2.45072e-05
2.45072e-05
2.45072e-05
2.45072e-05
2.45072e-05
2.45072e-05
2.45072e-05
2.45072e-05
2.45072e-05
2.45072e-05
2.45072e-05
2.45072e-05
2.45072e-05
2.45072e-05
2.45072e-05
2.45072e-05
2.45072e-05
2.45072e-05
2.45072e-05
2.45072e-05
2.45072e-05
2.45072e-05
2.45072e-05
2.45072e-05
2.45072e-05
2.45072e-05
2.45072e-05
2.45072e-05
2.45072e-05
2.45072e-05
2.45072e-05
2.45072e-05
2.45072e-05
2.45072e-05
2.45072e-05
2.45072e-05
2.45072e-05
2.45072e-05
2.45072e-05
2.45072e-05
2.45072e-05
2.45072e-05
2.45072e-05
2.45072e-05
2.45072e-05
2.45072e-05
2.45072e-05
2.45072e-05
2.45072e-05
2.45072e-05
2.45072e-05
2.45072e-05
2.45072e-05
2.45072e-05
2.45072e-05
2.45072e-05
2.45072e-05
2.45072e-05
2.45072e-05
2.45072e-05
2.45072e-05
2.45072e-05
2.45072e-05
2.45072e-05
2.45072e-05
2.45072e-05
2.45072e-05
2.45072e-05
2.45072e-05
2.45072e-05
2.45072e-05
2.45072e-05
2.45072e-05
2.45072e-05
2.45072e-05
2.45072e-05
2.45072e-05
2.45072e-05
2.45072e-05
2.45072e-05
2.45072e-05
2.45072e-05
2.45072e-05
2.45072e-05
2.45072e-05
2.45072e-05
2.45072e-05
2.45072e-05
2.45072e-05
2.45072e-05
2.45072e-05
2.45072e-05
2.45072e-05
2.45072e-05
2.45072e-05
2.45072e-05
2.45072e-05
2.45072e-05
2.45072e-05
2.45072e-05
2.45072e-05
2.45072e-05
2.45072e-05
2.45072e-05
2.45072e-05
2.45072e-05
2.45072e-05
2.45072e-05
2.45072e-05
2.45072e-05
2.45072e-05
2.45072e-05
2.45072e-05
2.45072e-05
2.45072e-05
2.45072e-05
2.45072e-05
2.45072e-05
2.45072e-05
2.45072e-05
2.45072e-05
2.45072e-05
2.45072e-05
2.45072e-05
2.45072e-05
2.45072e-05
2.45072e-05
2.45072e-05
2.45072e-05
2.45072e-05
2.45072e-05
2.45072e-05
2.45072e-05
2.45072e-05
2.45072e-05
2.45072e-05
2.45072e-05
2.45072e-05
2.45072e-05
2.45072e-05
2.45072e-05
2.45072e-05
2.45072e-05
2.45072e-05
2.45072e-05
2.45072e-05
2.45072e-05
2.45072e-05
2.45072e-05
2.45072e-05
2.45072e-05
2.45072e-05
2.45072e-05
2.45072e-05
2.45072e-05
2.45072e-05
2.45072e-05
2.45072e-05
2.45072e-05
2.45072e-05
2.45072e-05
2.45072e-05
2.45072e-05
2.45072e-05
2.45072e-05
2.45072e-05
2.45072e-05
2.45072e-05
2.45072e-05
2.45072e-05
2.45072e-05
2.45072e-05
2.45072e-05
2.45072e-05
2.45072e-05
2.45072e-05
2.45072e-05
2.45072e-05
2.45072e-05
2.45072e-05
2.45072e-05
2.45072e-05
2.45072e-05
2.45072e-05
2.45072e-05
2.45072e-05
2.45072e-05
2.45072e-05
2.45072e-05
2.45072e-05
2.45072e-05
2.45072e-05
2.45072e-05
2.45072e-05
2.45072e-05
2.45072e-05
2.45072e-05
2.45072e-05
2.45072e-05
2.45072e-05
2.45072e-05
2.45072e-05
2.45072e-05
2.45072e-05
2.45072e-05
2.45072e-05
2.45072e-05
2.45072e-05
2.45072e-05
2.45072e-05
2.45072e-05
2.45072e-05
2.45072e-05
2.45072e-05
2.45072e-05
2.45072e-05
2.45072e-05
2.45072e-05
2.45072e-05
2.45072e-05
2.45072e-05
2.45072e-05
2.45072e-05
2.45072e-05
2.45072e-05
2.45072e-05
2.45072e-05
2.45072e-05
2.45072e-05
2.45072e-05
2.45072e-05
2.45072e-05
2.45072e-05
2.45072e-05
2.45072e-05
2.45072e-05
2.45072e-05
2.45072e-05
2.45072e-05
2.45072e-05
2.45072e-05
2.45072e-05
2.45072e-05
2.45072e-05
2.45072e-05
2.45072e-05
2.45072e-05
2.45072e-05
2.45072e-05
2.45072e-05
2.45072e-05
2.45072e-05
2.45072e-05
2.45072e-05
2.45072e-05
2.45072e-05
2.45072e-05
2.45072e-05
2.45072e-05
2.45072e-05
2.45072e-05
2.45072e-05
2.45072e-05
2.45072e-05
2.45072e-05
2.45072e-05
2.45072e-05
2.45072e-05
2.45072e-05
2.45072e-05
2.45072e-05
2.45072e-05
2.45072e-05
2.45072e-05
2.45072e-05
2.45072e-05
2.45072e-05
2.45072e-05
2.45072e-05
2.45072e-05
2.45072e-05
2.45072e-05
2.45072e-05
2.45072e-05
2.45072e-05
2.45072e-05
2.45072e-05
2.45072e-05
2.45072e-05
2.45072e-05
2.45072e-05
2.45072e-05
2.45072e-05
2.45072e-05
2.45072e-05
2.45072e-05
2.45072e-05
2.45072e-05
2.45072e-05
2.45072e-05
2.45072e-05
2.45072e-05
2.45072e-05
2.45072e-05
2.45072e-05
2.45072e-05
2.45072e-05
2.45072e-05
2.45072e-05
2.45072e-05
2.45072e-05
2.45072e-05
2.45072e-05
2.45072e-05
2.45072e-05
2.45072e-05
2.45072e-05
2.45072e-05
2.45072e-05
2.45072e-05
2.45072e-05
2.45072e-05
2.45072e-05
2.45072e-05
2.45072e-05
2.45072e-05
2.45072e-05
2.45072e-05
2.45072e-05
2.45072e-05
2.45072e-05
2.45072e-05
2.45072e-05
2.45072e-05
2.45072e-05
2.45072e-05
2.45072e-05
2.45072e-05
2.45072e-05
2.45072e-05
2.45072e-05
2.45072e-05
2.45072e-05
2.45072e-05
2.45072e-05
2.45072e-05
2.45072e-05
2.45072e-05
2.45072e-05
2.45072e-05
2.45072e-05
2.45072e-05
2.45072e-05
2.45072e-05
2.45072e-05
2.45072e-05
2.45072e-05
2.45072e-05
2.45072e-05
2.45072e-05
2.45072e-05
2.45072e-05
2.45072e-05
2.45072e-05
2.45072e-05
2.45072e-05
2.45072e-05
2.45072e-05
2.45072e-05
2.45072e-05
2.45072e-05
2.45072e-05
2.45072e-05
2.45072e-05
2.45072e-05
2.45072e-05
2.45072e-05
2.45072e-05
2.45072e-05
2.45072e-05
2.45072e-05
2.45072e-05
2.45072e-05
2.45072e-05
2.45072e-05
2.45072e-05
2.45072e-05
2.45072e-05
2.45072e-05
2.45072e-05
2.45072e-05
2.45072e-05
2.45072e-05
2.45072e-05
2.45072e-05
2.45072e-05
2.45072e-05
2.45072e-05
2.45072e-05
2.45072e-05
2.45072e-05
2.45072e-05
2.45072e-05
2.45072e-05
2.45072e-05
2.45072e-05
2.45072e-05
2.45072e-05
2.45072e-05
2.45072e-05
2.45072e-05
2.45072e-05
2.45072e-05
2.45072e-05
2.45072e-05
2.45072e-05
2.45072e-05
2.45072e-05
2.45072e-05
2.45072e-05
2.45072e-05
2.45072e-05
2.45072e-05
2.45072e-05
2.45072e-05
2.45072e-05
2.45072e-05
2.45072e-05
2.45072e-05
2.45072e-05
2.45072e-05
2.45072e-05
2.45072e-05
2.45072e-05
2.45072e-05
2.45072e-05
2.45072e-05
2.45072e-05
2.45072e-05
2.45072e-05
2.45072e-05
2.45072e-05
2.45072e-05
2.45072e-05
2.45072e-05
2.45072e-05
2.45072e-05
2.45072e-05
2.45072e-05
2.45072e-05
2.45072e-05
2.45072e-05
2.45072e-05
2.45072e-05
2.45072e-05
2.45072e-05
2.45072e-05
2.45072e-05
2.45072e-05
2.45072e-05
2.45072e-05
2.45072e-05
2.45072e-05
2.45072e-05
2.45072e-05
2.45072e-05
2.45072e-05
2.45072e-05
2.45072e-05
2.45072e-05
2.45072e-05
2.45072e-05
2.45072e-05
2.45072e-05
2.45072e-05
2.45072e-05
2.45072e-05
2.45072e-05
2.45072e-05
2.45072e-05
2.45072e-05
2.45072e-05
2.45072e-05
2.45072e-05
2.45072e-05
2.45072e-05
2.45072e-05
2.45072e-05
2.45072e-05
2.45072e-05
2.45072e-05
2.45072e-05
2.45072e-05
2.45072e-05
2.45072e-05
2.45072e-05
2.45072e-05
2.45072e-05
2.45072e-05
2.45072e-05
2.45072e-05
2.45072e-05
2.45072e-05
2.45072e-05
2.45072e-05
2.45072e-05
2.45072e-05
2.45072e-05
2.45072e-05
2.45072e-05
2.45072e-05
2.45072e-05
2.45072e-05
2.45072e-05
2.45072e-05
2.45072e-05
2.45072e-05
2.45072e-05
2.45072e-05
2.45072e-05
2.45072e-05
2.45072e-05
2.45072e-05
2.45072e-05
2.45072e-05
2.45072e-05
2.45072e-05
2.45072e-05
2.45072e-05
2.45072e-05
2.45072e-05
2.45072e-05
2.45072e-05
2.45072e-05
2.45072e-05
2.45072e-05
2.45072e-05
2.45072e-05
2.45072e-05
2.45072e-05
2.45072e-05
2.45072e-05
2.45072e-05
2.45072e-05
2.45072e-05
2.45072e-05
2.45072e-05
2.45072e-05
2.45072e-05
2.45072e-05
2.45072e-05
2.45072e-05
2.45072e-05
2.45072e-05
2.45072e-05
2.45072e-05
2.45072e-05
2.45072e-05
2.45072e-05
2.45072e-05
2.45072e-05
2.45072e-05
2.45072e-05
2.45072e-05
2.45072e-05
2.45072e-05
2.45072e-05
2.45072e-05
2.45072e-05
2.45072e-05
2.45072e-05
2.45072e-05
2.45072e-05
2.45072e-05
2.45072e-05
2.45072e-05
2.45072e-05
2.45072e-05
2.45072e-05
2.45072e-05
2.45072e-05
2.45072e-05
2.45072e-05
2.45072e-05
2.45072e-05
2.45072e-05
2.45072e-05
2.45072e-05
2.45072e-05
2.45072e-05
2.45072e-05
2.45072e-05
2.45072e-05
2.45072e-05
2.45072e-05
2.45072e-05
2.45072e-05
2.45072e-05
2.45072e-05
2.45072e-05
2.45072e-05
2.45072e-05
2.45072e-05
2.45072e-05
2.45072e-05
2.45072e-05
2.45072e-05
2.45072e-05
2.45072e-05
2.45072e-05
2.45072e-05
2.45072e-05
2.45072e-05
2.45072e-05
2.45072e-05
2.45072e-05
2.45072e-05
2.45072e-05
2.45072e-05
2.45072e-05
2.45072e-05
2.45072e-05
2.45072e-05
2.45072e-05
2.45072e-05
2.45072e-05
2.45072e-05
2.45072e-05
2.45072e-05
2.45072e-05
2.45072e-05
2.45072e-05
2.45072e-05
2.45072e-05
2.45072e-05
2.45072e-05
2.45072e-05
2.45072e-05
2.45072e-05
2.45072e-05
2.45072e-05
2.45072e-05
2.45072e-05
2.45072e-05
2.45072e-05
2.45072e-05
2.45072e-05
2.45072e-05
2.45072e-05
2.45072e-05
2.45072e-05
2.45072e-05
2.45072e-05
2.45072e-05
2.45072e-05
2.45072e-05
2.45072e-05
2.45072e-05
2.45072e-05
2.45072e-05
2.45072e-05
2.45072e-05
2.45072e-05
2.45072e-05
2.45072e-05
2.45072e-05
2.45072e-05
2.45072e-05
2.45072e-05
2.45072e-05
2.45072e-05
2.45072e-05
2.45072e-05
2.45072e-05
2.45072e-05
2.45072e-05
2.45072e-05
2.45072e-05
2.45072e-05
2.45072e-05
2.45072e-05
2.45072e-05
2.45072e-05
2.45072e-05
2.45072e-05
2.45072e-05
2.45072e-05
2.45072e-05
2.45072e-05
2.45072e-05
2.45072e-05
2.45072e-05
2.45072e-05
2.45072e-05
2.45072e-05
2.45072e-05
2.45072e-05
2.45072e-05
2.45072e-05
2.45072e-05
2.45072e-05
2.45072e-05
2.45072e-05
2.45072e-05
2.45072e-05
2.45072e-05
2.45072e-05
2.45072e-05
2.45072e-05
2.45072e-05
2.45072e-05
2.45072e-05
2.45072e-05
2.45072e-05
2.45072e-05
2.45072e-05
2.45072e-05
2.45072e-05
2.45072e-05
2.45072e-05
2.45072e-05
2.45072e-05
2.45072e-05
2.45072e-05
2.45072e-05
2.45072e-05
2.45072e-05
2.45072e-05
2.45072e-05
2.45072e-05
2.45072e-05
2.45072e-05
2.45072e-05
2.45072e-05
2.45072e-05
2.45072e-05
2.45072e-05
2.45072e-05
2.45072e-05
2.45072e-05
2.45072e-05
2.04227e-05
1.63381e-05
1.63381e-05
1.63381e-05
1.63381e-05
1.63381e-05
1.63381e-05
1.63381e-05
1.63381e-05
1.63381e-05
1.63381e-05
1.63381e-05
1.63381e-05
1.63381e-05
1.63381e-05
1.63381e-05
1.63381e-05
1.63381e-05
1.63381e-05
1.63381e-05
1.63381e-05
1.63381e-05
1.63381e-05
1.63381e-05
1.63381e-05
1.63381e-05
1.63381e-05
1.63381e-05
1.63381e-05
1.63381e-05
1.63381e-05
1.63381e-05
1.63381e-05
1.63381e-05
1.63381e-05
1.63381e-05
1.63381e-05
1.63381e-05
1.63381e-05
1.63381e-05
1.63381e-05
1.63381e-05
1.63381e-05
1.63381e-05
1.63381e-05
1.63381e-05
1.63381e-05
1.63381e-05
1.63381e-05
1.63381e-05
1.63381e-05
1.63381e-05
1.63381e-05
1.63381e-05
1.63381e-05
1.63381e-05
1.63381e-05
1.63381e-05
1.63381e-05
1.63381e-05
1.63381e-05
1.63381e-05
1.63381e-05
1.63381e-05
1.63381e-05
1.63381e-05
1.63381e-05
1.63381e-05
1.63381e-05
1.63381e-05
1.63381e-05
1.63381e-05
1.63381e-05
1.63381e-05
1.63381e-05
1.63381e-05
1.63381e-05
1.63381e-05
1.63381e-05
1.63381e-05
1.63381e-05
1.63381e-05
1.63381e-05
1.63381e-05
1.63381e-05
1.63381e-05
1.63381e-05
1.63381e-05
1.63381e-05
1.63381e-05
1.63381e-05
1.63381e-05
1.63381e-05
1.63381e-05
1.63381e-05
1.63381e-05
1.63381e-05
1.63381e-05
1.63381e-05
1.63381e-05
1.63381e-05
1.63381e-05
1.63381e-05
1.63381e-05
1.63381e-05
1.63381e-05
1.63381e-05
1.63381e-05
1.63381e-05
1.63381e-05
1.63381e-05
1.63381e-05
1.63381e-05
1.63381e-05
1.63381e-05
1.63381e-05
1.63381e-05
1.63381e-05
1.63381e-05
1.63381e-05
1.63381e-05
1.63381e-05
1.63381e-05
1.63381e-05
1.63381e-05
1.63381e-05
1.63381e-05
1.63381e-05
1.63381e-05
1.63381e-05
1.63381e-05
1.63381e-05
1.63381e-05
1.63381e-05
1.63381e-05
1.63381e-05
1.63381e-05
1.63381e-05
1.63381e-05
1.63381e-05
1.63381e-05
1.63381e-05
1.63381e-05
1.63381e-05
1.63381e-05
1.63381e-05
1.63381e-05
1.63381e-05
1.63381e-05
1.63381e-05
1.63381e-05
1.63381e-05
1.63381e-05
1.63381e-05
1.63381e-05
1.63381e-05
1.63381e-05
1.63381e-05
1.63381e-05
1.63381e-05
1.63381e-05
1.63381e-05
1.63381e-05
1.63381e-05
1.63381e-05
1.63381e-05
1.63381e-05
1.63381e-05
1.63381e-05
1.63381e-05
1.63381e-05
1.63381e-05
1.63381e-05
1.63381e-05
1.63381e-05
1.63381e-05
1.63381e-05
1.63381e-05
1.63381e-05
1.63381e-05
1.63381e-05
1.63381e-05
1.63381e-05
1.63381e-05
1.63381e-05
1.63381e-05
1.63381e-05
1.63381e-05
1.63381e-05
1.63381e-05
1.63381e-05
1.63381e-05
1.63381e-05
1.63381e-05
1.63381e-05
1.63381e-05
1.63381e-05
1.63381e-05
1.63381e-05
1.63381e-05
1.63381e-05
1.63381e-05
1.63381e-05
1.63381e-05
1.63381e-05
1.63381e-05
1.63381e-05
1.63381e-05
1.63381e-05
1.63381e-05
1.63381e-05
1.63381e-05
1.63381e-05
1.63381e-05
1.63381e-05
1.63381e-05
1.63381e-05
1.63381e-05
1.63381e-05
1.63381e-05
1.63381e-05
1.63381e-05
1.63381e-05
1.63381e-05
1.63381e-05
1.63381e-05
1.63381e-05
1.63381e-05
1.63381e-05
1.63381e-05
1.63381e-05
1.63381e-05
1.63381e-05
1.63381e-05
1.63381e-05
1.63381e-05
1.63381e-05
1.63381e-05
1.63381e-05
1.63381e-05
1.63381e-05
1.63381e-05
1.63381e-05
1.63381e-05
1.63381e-05
1.63381e-05
1.63381e-05
1.63381e-05
1.63381e-05
1.63381e-05
1.63381e-05
1.63381e-05
1.63381e-05
1.63381e-05
1.63381e-05
1.63381e-05
1.63381e-05
1.63381e-05
1.63381e-05
1.63381e-05
1.63381e-05
1.63381e-05
1.63381e-05
1.63381e-05
1.63381e-05
1.63381e-05
1.63381e-05
1.63381e-05
1.63381e-05
1.63381e-05
1.63381e-05
1.63381e-05
1.63381e-05
1.63381e-05
8.16907e-06
8.16907e-06
8.16907e-06
8.16907e-06
8.16907e-06
8.16907e-06
8.16907e-06
8.16907e-06
8.16907e-06
8.16907e-06
8.16907e-06
8.16907e-06
8.16907e-06
8.16907e-06
8.16907e-06
8.16907e-06
8.16907e-06
8.16907e-06
8.16907e-06
8.16907e-06
8.16907e-06
8.16907e-06
8.16907e-06
8.16907e-06
8.16907e-06
8.16907e-06
8.16907e-06
8.16907e-06
8.16907e-06
8.16907e-06
8.16907e-06
8.16907e-06
8.16907e-06
8.16907e-06
8.16907e-06
8.16907e-06
8.16907e-06
8.16907e-06
8.16907e-06
8.16907e-06
8.16907e-06
8.16907e-06
8.16907e-06
8.16907e-06
8.16907e-06
8.16907e-06
8.16907e-06
8.16907e-06
8.16907e-06
8.16907e-06
8.16907e-06
8.16907e-06
8.16907e-06
8.16907e-06
8.16907e-06
8.16907e-06
8.16907e-06
8.16907e-06
8.16907e-06
8.16907e-06
8.16907e-06
8.16907e-06
8.16907e-06
8.16907e-06
8.16907e-06
8.16907e-06
8.16907e-06
8.16907e-06
8.16907e-06
8.16907e-06
8.16907e-06
8.16907e-06
8.16907e-06
8.16907e-06
8.16907e-06
8.16907e-06
8.16907e-06
8.16907e-06
8.16907e-06
8.16907e-06
8.16907e-06
8.16907e-06
8.16907e-06
8.16907e-06
8.16907e-06
8.16907e-06
8.16907e-06
8.16907e-06
8.16907e-06
8.16907e-06
8.16907e-06
8.16907e-06
8.16907e-06
8.16907e-06
8.16907e-06
8.16907e-06
8.16907e-06
8.16907e-06
8.16907e-06
8.16907e-06
8.16907e-06
8.16907e-06
8.16907e-06
8.16907e-06
8.16907e-06
8.16907e-06
8.16907e-06
8.16907e-06
8.16907e-06
8.16907e-06
8.16907e-06
8.16907e-06
8.16907e-06
8.16907e-06
8.16907e-06
8.16907e-06
8.16907e-06
8.16907e-06
8.16907e-06
8.16907e-06
8.16907e-06
8.16907e-06
8.16907e-06
8.16907e-06
8.16907e-06
8.16907e-06
8.16907e-06
8.16907e-06
8.16907e-06
8.16907e-06
8.16907e-06
8.16907e-06
8.16907e-06
8.16907e-06
8.16907e-06
8.16907e-06
8.16907e-06
8.16907e-06
8.16907e-06
8.16907e-06
8.16907e-06
8.16907e-06
8.16907e-06
8.16907e-06
8.16907e-06
8.16907e-06
8.16907e-06
8.16907e-06
8.16907e-06
8.16907e-06
8.16907e-06
8.16907e-06
8.16907e-06
8.16907e-06
8.16907e-06
8.16907e-06
8.16907e-06
8.16907e-06
8.16907e-06
8.16907e-06
8.16907e-06
8.16907e-06
8.16907e-06
8.16907e-06
8.16907e-06
8.16907e-06
8.16907e-06
8.16907e-06
8.16907e-06
8.16907e-06
8.16907e-06
8.16907e-06
8.16907e-06
8.16907e-06
8.16907e-06
8.16907e-06
8.16907e-06
8.16907e-06
8.16907e-06
8.16907e-06
8.16907e-06
8.16907e-06
8.16907e-06
8.16907e-06
8.16907e-06
8.16907e-06
8.16907e-06
8.16907e-06
8.16907e-06
8.16907e-06
8.16907e-06
8.16907e-06
8.16907e-06
8.16907e-06
8.16907e-06
8.16907e-06
8.16907e-06
8.16907e-06
8.16907e-06
8.16907e-06
8.16907e-06
8.16907e-06
8.16907e-06
8.16907e-06
8.16907e-06
8.16907e-06
8.16907e-06
8.16907e-06
8.16907e-06
8.16907e-06
8.16907e-06
8.16907e-06
8.16907e-06
8.16907e-06
8.16907e-06
8.16907e-06
8.16907e-06
8.16907e-06
8.16907e-06
8.16907e-06
8.16907e-06
8.16907e-06
8.16907e-06
8.16907e-06
8.16907e-06
8.16907e-06
8.16907e-06
8.16907e-06
8.16907e-06
8.16907e-06
8.16907e-06
8.16907e-06
8.16907e-06
8.16907e-06
8.16907e-06
8.16907e-06
8.16907e-06
8.16907e-06
8.16907e-06
8.16907e-06
8.16907e-06
8.16907e-06
8.16907e-06
8.16907e-06
8.16907e-06
8.16907e-06
8.16907e-06
8.16907e-06
8.16907e-06
8.16907e-06
8.16907e-06
8.16907e-06
8.16907e-06
8.16907e-06
8.16907e-06
8.16907e-06
8.16907e-06
8.16907e-06
8.16907e-06
8.16907e-06
8.16907e-06
8.16907e-06
8.16907e-06
8.16907e-06
8.16907e-06
8.16907e-06
8.16907e-06
8.16907e-06
8.16907e-06
8.16907e-06
8.16907e-06
8.16907e-06
8.16907e-06
8.16907e-06
8.16907e-06
8.16907e-06
8.16907e-06
8.16907e-06
8.16907e-06
8.16907e-06
8.16907e-06
8.16907e-06
8.16907e-06
8.16907e-06
8.16907e-06
8.16907e-06
8.16907e-06
8.16907e-06
8.16907e-06
8.16907e-06
8.16907e-06
8.16907e-06
8.16907e-06
8.16907e-06
8.16907e-06
8.16907e-06
8.16907e-06
8.16907e-06
8.16907e-06
8.16907e-06
8.16907e-06
8.16907e-06
8.16907e-06
8.16907e-06
8.16907e-06
8.16907e-06
8.16907e-06
8.16907e-06
8.16907e-06
8.16907e-06
8.16907e-06
8.16907e-06
8.16907e-06
8.16907e-06
8.16907e-06
8.16907e-06
8.16907e-06
8.16907e-06
8.16907e-06
8.16907e-06
8.16907e-06
8.16907e-06
8.16907e-06
8.16907e-06
8.16907e-06
8.16907e-06
8.16907e-06
8.16907e-06
8.16907e-06
8.16907e-06
8.16907e-06
8.16907e-06
8.16907e-06
8.16907e-06
8.16907e-06
8.16907e-06
8.16907e-06
8.16907e-06
8.16907e-06
8.16907e-06
8.16907e-06
8.16907e-06
8.16907e-06
8.16907e-06
8.16907e-06
8.16907e-06
8.16907e-06
8.16907e-06
8.16907e-06
8.16907e-06
8.16907e-06
8.16907e-06
8.16907e-06
8.16907e-06
8.16907e-06
8.16907e-06
8.16907e-06
8.16907e-06
8.16907e-06
8.16907e-06
8.16907e-06
8.16907e-06
8.16907e-06
8.16907e-06
8.16907e-06
8.16907e-06
8.16907e-06
8.16907e-06
8.16907e-06
8.16907e-06
8.16907e-06
8.16907e-06
8.16907e-06
8.16907e-06
8.16907e-06
8.16907e-06
8.16907e-06
8.16907e-06
8.16907e-06
8.16907e-06
8.16907e-06
8.16907e-06
8.16907e-06
8.16907e-06
8.16907e-06
8.16907e-06
8.16907e-06
8.16907e-06
8.16907e-06
8.16907e-06
8.16907e-06
8.16907e-06
8.16907e-06
8.16907e-06
8.16907e-06
8.16907e-06
8.16907e-06
8.16907e-06
8.16907e-06
8.16907e-06
8.16907e-06
8.16907e-06
8.16907e-06
8.16907e-06
8.16907e-06
8.16907e-06
8.16907e-06
8.16907e-06
8.16907e-06
8.16907e-06
8.16907e-06
8.16907e-06
8.16907e-06
8.16907e-06
8.16907e-06
8.16907e-06
8.16907e-06
8.16907e-06
8.16907e-06
8.16907e-06
8.16907e-06
8.16907e-06
8.16907e-06
8.16907e-06
8.16907e-06
8.16907e-06
8.16907e-06
8.16907e-06
8.16907e-06
8.16907e-06
8.16907e-06
8.16907e-06
8.16907e-06
8.16907e-06
8.16907e-06
8.16907e-06
8.16907e-06
8.16907e-06
8.16907e-06
8.16907e-06
8.16907e-06
8.16907e-06
8.16907e-06
8.16907e-06
8.16907e-06
8.16907e-06
8.16907e-06
8.16907e-06
8.16907e-06
8.16907e-06
8.16907e-06
8.16907e-06
8.16907e-06
8.16907e-06
8.16907e-06
8.16907e-06
8.16907e-06
8.16907e-06
8.16907e-06
8.16907e-06
8.16907e-06
8.16907e-06
8.16907e-06
8.16907e-06
8.16907e-06
8.16907e-06
8.16907e-06
8.16907e-06
8.16907e-06
8.16907e-06
8.16907e-06
8.16907e-06
8.16907e-06
8.16907e-06
8.16907e-06
8.16907e-06
8.16907e-06
8.16907e-06
8.16907e-06
8.16907e-06
8.16907e-06
8.16907e-06
8.16907e-06
8.16907e-06
8.16907e-06
8.16907e-06
8.16907e-06
8.16907e-06
8.16907e-06
8.16907e-06
8.16907e-06
8.16907e-06
8.16907e-06
8.16907e-06
8.16907e-06
8.16907e-06
8.16907e-06
8.16907e-06
8.16907e-06
8.16907e-06
8.16907e-06
8.16907e-06
8.16907e-06
8.16907e-06
8.16907e-06
8.16907e-06
8.16907e-06
8.16907e-06
8.16907e-06
8.16907e-06
8.16907e-06
8.16907e-06
8.16907e-06
8.16907e-06
8.16907e-06
8.16907e-06
8.16907e-06
8.16907e-06
8.16907e-06
8.16907e-06
8.16907e-06
8.16907e-06
8.16907e-06
8.16907e-06
8.16907e-06
8.16907e-06
8.16907e-06
8.16907e-06
8.16907e-06
8.16907e-06
8.16907e-06
8.16907e-06
8.16907e-06
8.16907e-06
8.16907e-06
8.16907e-06
8.16907e-06
8.16907e-06
8.16907e-06
8.16907e-06
8.16907e-06
8.16907e-06
8.16907e-06
8.16907e-06
8.16907e-06
8.16907e-06
8.16907e-06
8.16907e-06
8.16907e-06
8.16907e-06
8.16907e-06
8.16907e-06
8.16907e-06
8.16907e-06
8.16907e-06
8.16907e-06
8.16907e-06
8.16907e-06
8.16907e-06
8.16907e-06
8.16907e-06
8.16907e-06
8.16907e-06
8.16907e-06
8.16907e-06
8.16907e-06
8.16907e-06
8.16907e-06
8.16907e-06
8.16907e-06
8.16907e-06
8.16907e-06
8.16907e-06
8.16907e-06
8.16907e-06
8.16907e-06
8.16907e-06
8.16907e-06
8.16907e-06
8.16907e-06
8.16907e-06
8.16907e-06
8.16907e-06
8.16907e-06
8.16907e-06
8.16907e-06
8.16907e-06
8.16907e-06
8.16907e-06
8.16907e-06
8.16907e-06
8.16907e-06
8.16907e-06
8.16907e-06
8.16907e-06
8.16907e-06
8.16907e-06
8.16907e-06
8.16907e-06
8.16907e-06
8.16907e-06
8.16907e-06
8.16907e-06
8.16907e-06
8.16907e-06
8.16907e-06
8.16907e-06
8.16907e-06
8.16907e-06
8.16907e-06
8.16907e-06
8.16907e-06
8.16907e-06
8.16907e-06
8.16907e-06
8.16907e-06
8.16907e-06
8.16907e-06
8.16907e-06
8.16907e-06
8.16907e-06
8.16907e-06
8.16907e-06
8.16907e-06
8.16907e-06
8.16907e-06
8.16907e-06
8.16907e-06
8.16907e-06
8.16907e-06
8.16907e-06
8.16907e-06
8.16907e-06
8.16907e-06
8.16907e-06
8.16907e-06
8.16907e-06
8.16907e-06
8.16907e-06
8.16907e-06
8.16907e-06
8.16907e-06
8.16907e-06
8.16907e-06
8.16907e-06
8.16907e-06
8.16907e-06
8.16907e-06
8.16907e-06
8.16907e-06
8.16907e-06
8.16907e-06
8.16907e-06
8.16907e-06
8.16907e-06
8.16907e-06
8.16907e-06
8.16907e-06
8.16907e-06
8.16907e-06
8.16907e-06
8.16907e-06
8.16907e-06
8.16907e-06
8.16907e-06
8.16907e-06
8.16907e-06
8.16907e-06
8.16907e-06
8.16907e-06
8.16907e-06
8.16907e-06
8.16907e-06
8.16907e-06
8.16907e-06
8.16907e-06
8.16907e-06
8.16907e-06
8.16907e-06
8.16907e-06
8.16907e-06
8.16907e-06
8.16907e-06
8.16907e-06
8.16907e-06
8.16907e-06
8.16907e-06
8.16907e-06
8.16907e-06
8.16907e-06
8.16907e-06
8.16907e-06
8.16907e-06
8.16907e-06
8.16907e-06
8.16907e-06
8.16907e-06
8.16907e-06
8.16907e-06
8.16907e-06
8.16907e-06
8.16907e-06
8.16907e-06
8.16907e-06
8.16907e-06
8.16907e-06
8.16907e-06
8.16907e-06
8.16907e-06
8.16907e-06
8.16907e-06
8.16907e-06
8.16907e-06
8.16907e-06
8.16907e-06
8.16907e-06
8.16907e-06
8.16907e-06
8.16907e-06
8.16907e-06
8.16907e-06
8.16907e-06
8.16907e-06
8.16907e-06
8.16907e-06
8.16907e-06
8.16907e-06
8.16907e-06
8.16907e-06
8.16907e-06
8.16907e-06
8.16907e-06
8.16907e-06
8.16907e-06
8.16907e-06
8.16907e-06
8.16907e-06
8.16907e-06
8.16907e-06
8.16907e-06
8.16907e-06
8.16907e-06
8.16907e-06
8.16907e-06
8.16907e-06
8.16907e-06
8.16907e-06
8.16907e-06
8.16907e-06
8.16907e-06
8.16907e-06
8.16907e-06
8.16907e-06
8.16907e-06
8.16907e-06
8.16907e-06
8.16907e-06
8.16907e-06
8.16907e-06
8.16907e-06
8.16907e-06
8.16907e-06
8.16907e-06
8.16907e-06
8.16907e-06
8.16907e-06
8.16907e-06
8.16907e-06
8.16907e-06
8.16907e-06
8.16907e-06
8.16907e-06
8.16907e-06
8.16907e-06
8.16907e-06
8.16907e-06
8.16907e-06
8.16907e-06
8.16907e-06
8.16907e-06
8.16907e-06
8.16907e-06
8.16907e-06
8.16907e-06
8.16907e-06
8.16907e-06
8.16907e-06
8.16907e-06
8.16907e-06
8.16907e-06
8.16907e-06
8.16907e-06
8.16907e-06
8.16907e-06
8.16907e-06
8.16907e-06
8.16907e-06
8.16907e-06
8.16907e-06
8.16907e-06
8.16907e-06
8.16907e-06
8.16907e-06
8.16907e-06
8.16907e-06
8.16907e-06
8.16907e-06
8.16907e-06
8.16907e-06
8.16907e-06
8.16907e-06
8.16907e-06
8.16907e-06
8.16907e-06
8.16907e-06
8.16907e-06
8.16907e-06
8.16907e-06
8.16907e-06
8.16907e-06
8.16907e-06
8.16907e-06
8.16907e-06
8.16907e-06
8.16907e-06
8.16907e-06
8.16907e-06
8.16907e-06
8.16907e-06
8.16907e-06
8.16907e-06
8.16907e-06
8.16907e-06
8.16907e-06
8.16907e-06
8.16907e-06
8.16907e-06
8.16907e-06
8.16907e-06
8.16907e-06
8.16907e-06
8.16907e-06
8.16907e-06
8.16907e-06
8.16907e-06
8.16907e-06
8.16907e-06
8.16907e-06
8.16907e-06
8.16907e-06
8.16907e-06
8.16907e-06
8.16907e-06
8.16907e-06
8.16907e-06
8.16907e-06
8.16907e-06
8.16907e-06
8.16907e-06
8.16907e-06
8.16907e-06
8.16907e-06
8.16907e-06
8.16907e-06
8.16907e-06
8.16907e-06
8.16907e-06
8.16907e-06
8.16907e-06
8.16907e-06
8.16907e-06
8.16907e-06
8.16907e-06
8.16907e-06
8.16907e-06
8.16907e-06
8.16907e-06
8.16907e-06
8.16907e-06
8.16907e-06
8.16907e-06
8.16907e-06
8.16907e-06
8.16907e-06
8.16907e-06
8.16907e-06
8.16907e-06
8.16907e-06
8.16907e-06
8.16907e-06
8.16907e-06
8.16907e-06
8.16907e-06
8.16907e-06
8.16907e-06
8.16907e-06
8.16907e-06
8.16907e-06
8.16907e-06
8.16907e-06
8.16907e-06
8.16907e-06
8.16907e-06
8.16907e-06
8.16907e-06
8.16907e-06
8.16907e-06
8.16907e-06
8.16907e-06
8.16907e-06
8.16907e-06
8.16907e-06
8.16907e-06
8.16907e-06
8.16907e-06
8.16907e-06
8.16907e-06
8.16907e-06
8.16907e-06
8.16907e-06
8.16907e-06
8.16907e-06
8.16907e-06
8.16907e-06
8.16907e-06
8.16907e-06
8.16907e-06
8.16907e-06
8.16907e-06
8.16907e-06
8.16907e-06
8.16907e-06
8.16907e-06
8.16907e-06
8.16907e-06
8.16907e-06
8.16907e-06
8.16907e-06
8.16907e-06
8.16907e-06
8.16907e-06
8.16907e-06
8.16907e-06
8.16907e-06
8.16907e-06
8.16907e-06
8.16907e-06
8.16907e-06
8.16907e-06
8.16907e-06
8.16907e-06
8.16907e-06
8.16907e-06
8.16907e-06
8.16907e-06
8.16907e-06
8.16907e-06
8.16907e-06
8.16907e-06
8.16907e-06
8.16907e-06
8.16907e-06
8.16907e-06
8.16907e-06
8.16907e-06
8.16907e-06
8.16907e-06
8.16907e-06
8.16907e-06
8.16907e-06
8.16907e-06
8.16907e-06
8.16907e-06
8.16907e-06
8.16907e-06
8.16907e-06
8.16907e-06
8.16907e-06
8.16907e-06
8.16907e-06
8.16907e-06
8.16907e-06
8.16907e-06
8.16907e-06
8.16907e-06
8.16907e-06
8.16907e-06
8.16907e-06
8.16907e-06
8.16907e-06
8.16907e-06
8.16907e-06
8.16907e-06
8.16907e-06
8.16907e-06
8.16907e-06
8.16907e-06
8.16907e-06
8.16907e-06
8.16907e-06
8.16907e-06
8.16907e-06
8.16907e-06
8.16907e-06
8.16907e-06
8.16907e-06
8.16907e-06
8.16907e-06
8.16907e-06
8.16907e-06
8.16907e-06
8.16907e-06
8.16907e-06
8.16907e-06
8.16907e-06
8.16907e-06
8.16907e-06
8.16907e-06
8.16907e-06
8.16907e-06
8.16907e-06
8.16907e-06
8.16907e-06
8.16907e-06
8.16907e-06
8.16907e-06
8.16907e-06
8.16907e-06
8.16907e-06
8.16907e-06
8.16907e-06
8.16907e-06
8.16907e-06
8.16907e-06
8.16907e-06
8.16907e-06
8.16907e-06
8.16907e-06
8.16907e-06
8.16907e-06
8.16907e-06
8.16907e-06
8.16907e-06
8.16907e-06
8.16907e-06
8.16907e-06
8.16907e-06
8.16907e-06
8.16907e-06
8.16907e-06
8.16907e-06
8.16907e-06
8.16907e-06
8.16907e-06
8.16907e-06
8.16907e-06
8.16907e-06
8.16907e-06
8.16907e-06
8.16907e-06
8.16907e-06
8.16907e-06
8.16907e-06
8.16907e-06
8.16907e-06
8.16907e-06
8.16907e-06
8.16907e-06
8.16907e-06
8.16907e-06
8.16907e-06
8.16907e-06
8.16907e-06
8.16907e-06
8.16907e-06
8.16907e-06
8.16907e-06
8.16907e-06
8.16907e-06
8.16907e-06
8.16907e-06
8.16907e-06
8.16907e-06
8.16907e-06
8.16907e-06
8.16907e-06
8.16907e-06
8.16907e-06
8.16907e-06
8.16907e-06
8.16907e-06
8.16907e-06
8.16907e-06
8.16907e-06
8.16907e-06
8.16907e-06
8.16907e-06
8.16907e-06
8.16907e-06
8.16907e-06
8.16907e-06
8.16907e-06
8.16907e-06
8.16907e-06
8.16907e-06
8.16907e-06
8.16907e-06
8.16907e-06
8.16907e-06
8.16907e-06
8.16907e-06
8.16907e-06
8.16907e-06
8.16907e-06
8.16907e-06
8.16907e-06
8.16907e-06
8.16907e-06
8.16907e-06
8.16907e-06
8.16907e-06
8.16907e-06
8.16907e-06
8.16907e-06
8.16907e-06
8.16907e-06
8.16907e-06
8.16907e-06
8.16907e-06
8.16907e-06
8.16907e-06
8.16907e-06
8.16907e-06
8.16907e-06
8.16907e-06
8.16907e-06
8.16907e-06
8.16907e-06
8.16907e-06
8.16907e-06
8.16907e-06
8.16907e-06
8.16907e-06
8.16907e-06
8.16907e-06
8.16907e-06
8.16907e-06
8.16907e-06
8.16907e-06
8.16907e-06
8.16907e-06
8.16907e-06
8.16907e-06
8.16907e-06
8.16907e-06
8.16907e-06
8.16907e-06
8.16907e-06
8.16907e-06
8.16907e-06
8.16907e-06
8.16907e-06
8.16907e-06
8.16907e-06
8.16907e-06
8.16907e-06
8.16907e-06
8.16907e-06
8.16907e-06
8.16907e-06
8.16907e-06
8.16907e-06
8.16907e-06
8.16907e-06
8.16907e-06
8.16907e-06
8.16907e-06
8.16907e-06
8.16907e-06
8.16907e-06
8.16907e-06
8.16907e-06
8.16907e-06
8.16907e-06
8.16907e-06
8.16907e-06
8.16907e-06
8.16907e-06
8.16907e-06
8.16907e-06
8.16907e-06
8.16907e-06
8.16907e-06
8.16907e-06
8.16907e-06
8.16907e-06
8.16907e-06
8.16907e-06
8.16907e-06
8.16907e-06
8.16907e-06
8.16907e-06
8.16907e-06
8.16907e-06
8.16907e-06
8.16907e-06
8.16907e-06
8.16907e-06
8.16907e-06
8.16907e-06
8.16907e-06
8.16907e-06
8.16907e-06
8.16907e-06
8.16907e-06
8.16907e-06
8.16907e-06
8.16907e-06
8.16907e-06
8.16907e-06
8.16907e-06
8.16907e-06
8.16907e-06
8.16907e-06
8.16907e-06
8.16907e-06
8.16907e-06
8.16907e-06
8.16907e-06
8.16907e-06
8.16907e-06
8.16907e-06
8.16907e-06
8.16907e-06
8.16907e-06
8.16907e-06
8.16907e-06
8.16907e-06
8.16907e-06
8.16907e-06
8.16907e-06
8.16907e-06
8.16907e-06
8.16907e-06
8.16907e-06
8.16907e-06
8.16907e-06
8.16907e-06
8.16907e-06
8.16907e-06
8.16907e-06
8.16907e-06
8.16907e-06
8.16907e-06
8.16907e-06
8.16907e-06
8.16907e-06
8.16907e-06
8.16907e-06
8.16907e-06
8.16907e-06
8.16907e-06
8.16907e-06
8.16907e-06
8.16907e-06
8.16907e-06
8.16907e-06
8.16907e-06
8.16907e-06
8.16907e-06
8.16907e-06
8.16907e-06
8.16907e-06
8.16907e-06
8.16907e-06
8.16907e-06
8.16907e-06
8.16907e-06
8.16907e-06
8.16907e-06
8.16907e-06
8.16907e-06
8.16907e-06
8.16907e-06
8.16907e-06
8.16907e-06
8.16907e-06
8.16907e-06
8.16907e-06
8.16907e-06
8.16907e-06
8.16907e-06
8.16907e-06
8.16907e-06
8.16907e-06
8.16907e-06
8.16907e-06
8.16907e-06
8.16907e-06
8.16907e-06
8.16907e-06
8.16907e-06
8.16907e-06
8.16907e-06
8.16907e-06
8.16907e-06
8.16907e-06
8.16907e-06
8.16907e-06
8.16907e-06
8.16907e-06
8.16907e-06
8.16907e-06
8.16907e-06
8.16907e-06
8.16907e-06
8.16907e-06
8.16907e-06
8.16907e-06
8.16907e-06
8.16907e-06
8.16907e-06
8.16907e-06
8.16907e-06
8.16907e-06
8.16907e-06
8.16907e-06
8.16907e-06
8.16907e-06
8.16907e-06
8.16907e-06
8.16907e-06
8.16907e-06
8.16907e-06
8.16907e-06
8.16907e-06
8.16907e-06
8.16907e-06
8.16907e-06
8.16907e-06
8.16907e-06
8.16907e-06
8.16907e-06
8.16907e-06
8.16907e-06
8.16907e-06
8.16907e-06
8.16907e-06
8.16907e-06
8.16907e-06
8.16907e-06
8.16907e-06
8.16907e-06
8.16907e-06
8.16907e-06
8.16907e-06
8.16907e-06
8.16907e-06
8.16907e-06
8.16907e-06
8.16907e-06
8.16907e-06
8.16907e-06
8.16907e-06
8.16907e-06
8.16907e-06
8.16907e-06
8.16907e-06
8.16907e-06
8.16907e-06
8.16907e-06
8.16907e-06
8.16907e-06
8.16907e-06
8.16907e-06
8.16907e-06
8.16907e-06
8.16907e-06
8.16907e-06
8.16907e-06
8.16907e-06
8.16907e-06
8.16907e-06
8.16907e-06
8.16907e-06
8.16907e-06
8.16907e-06
8.16907e-06
8.16907e-06
8.16907e-06
8.16907e-06
8.16907e-06
8.16907e-06
8.16907e-06
8.16907e-06
8.16907e-06
8.16907e-06
8.16907e-06
8.16907e-06
8.16907e-06
8.16907e-06
8.16907e-06
8.16907e-06
8.16907e-06
8.16907e-06
8.16907e-06
8.16907e-06
8.16907e-06
8.16907e-06
8.16907e-06
8.16907e-06
8.16907e-06
8.16907e-06
8.16907e-06
8.16907e-06
8.16907e-06
8.16907e-06
8.16907e-06
8.16907e-06
8.16907e-06
8.16907e-06
8.16907e-06
8.16907e-06
8.16907e-06
8.16907e-06
8.16907e-06
8.16907e-06
8.16907e-06
8.16907e-06
8.16907e-06
8.16907e-06
8.16907e-06
8.16907e-06
8.16907e-06
8.16907e-06
8.16907e-06
8.16907e-06
8.16907e-06
8.16907e-06
8.16907e-06
8.16907e-06
8.16907e-06
8.16907e-06
8.16907e-06
8.16907e-06
8.16907e-06
8.16907e-06
8.16907e-06
8.16907e-06
8.16907e-06
8.16907e-06
8.16907e-06
8.16907e-06
8.16907e-06
8.16907e-06
8.16907e-06
8.16907e-06
8.16907e-06
8.16907e-06
8.16907e-06
8.16907e-06
8.16907e-06
8.16907e-06
8.16907e-06
8.16907e-06
8.16907e-06
8.16907e-06
8.16907e-06
8.16907e-06
8.16907e-06
8.16907e-06
8.16907e-06
8.16907e-06
8.16907e-06
8.16907e-06
8.16907e-06
8.16907e-06
8.16907e-06
8.16907e-06
8.16907e-06
8.16907e-06
8.16907e-06
8.16907e-06
8.16907e-06
8.16907e-06
8.16907e-06
8.16907e-06
8.16907e-06
8.16907e-06
8.16907e-06
8.16907e-06
8.16907e-06
8.16907e-06
8.16907e-06
8.16907e-06
8.16907e-06
8.16907e-06
8.16907e-06
8.16907e-06
8.16907e-06
8.16907e-06
8.16907e-06
8.16907e-06
8.16907e-06
8.16907e-06
8.16907e-06
8.16907e-06
8.16907e-06
8.16907e-06
8.16907e-06
8.16907e-06
8.16907e-06
8.16907e-06
8.16907e-06
8.16907e-06
8.16907e-06
8.16907e-06
8.16907e-06
8.16907e-06
8.16907e-06
8.16907e-06
8.16907e-06
8.16907e-06
8.16907e-06
8.16907e-06
8.16907e-06
8.16907e-06
8.16907e-06
8.16907e-06
8.16907e-06
8.16907e-06
8.16907e-06
8.16907e-06
8.16907e-06
8.16907e-06
8.16907e-06
8.16907e-06
8.16907e-06
8.16907e-06
8.16907e-06
8.16907e-06
8.16907e-06
8.16907e-06
8.16907e-06
8.16907e-06
8.16907e-06
8.16907e-06
8.16907e-06
8.16907e-06
8.16907e-06
8.16907e-06
8.16907e-06
8.16907e-06
8.16907e-06
8.16907e-06
8.16907e-06
8.16907e-06
8.16907e-06
8.16907e-06
8.16907e-06
8.16907e-06
8.16907e-06
8.16907e-06
8.16907e-06
8.16907e-06
8.16907e-06
8.16907e-06
8.16907e-06
8.16907e-06
8.16907e-06
8.16907e-06
8.16907e-06
8.16907e-06
8.16907e-06
8.16907e-06
8.16907e-06
8.16907e-06
8.16907e-06
8.16907e-06
8.16907e-06
8.16907e-06
8.16907e-06
8.16907e-06
8.16907e-06
8.16907e-06
8.16907e-06
8.16907e-06
8.16907e-06
8.16907e-06
8.16907e-06
8.16907e-06
8.16907e-06
8.16907e-06
8.16907e-06
8.16907e-06
8.16907e-06
8.16907e-06
8.16907e-06
8.16907e-06
8.16907e-06
8.16907e-06
8.16907e-06
8.16907e-06
8.16907e-06
8.16907e-06
8.16907e-06
8.16907e-06
8.16907e-06
8.16907e-06
8.16907e-06
8.16907e-06
8.16907e-06
8.16907e-06
8.16907e-06
8.16907e-06
8.16907e-06
8.16907e-06
8.16907e-06
8.16907e-06
8.16907e-06
8.16907e-06
8.16907e-06
8.16907e-06
8.16907e-06
8.16907e-06
8.16907e-06
8.16907e-06
8.16907e-06
8.16907e-06
8.16907e-06
8.16907e-06
8.16907e-06
8.16907e-06
8.16907e-06
8.16907e-06
8.16907e-06
8.16907e-06
8.16907e-06
8.16907e-06
8.16907e-06
8.16907e-06
8.16907e-06
8.16907e-06
8.16907e-06
8.16907e-06
8.16907e-06
8.16907e-06
8.16907e-06
8.16907e-06
8.16907e-06
8.16907e-06
8.16907e-06
8.16907e-06
8.16907e-06
8.16907e-06
8.16907e-06
8.16907e-06
8.16907e-06
8.16907e-06
8.16907e-06
8.16907e-06
8.16907e-06
8.16907e-06
8.16907e-06
8.16907e-06
8.16907e-06
8.16907e-06
8.16907e-06
8.16907e-06
8.16907e-06
8.16907e-06
8.16907e-06
8.16907e-06
8.16907e-06
8.16907e-06
8.16907e-06
8.16907e-06
8.16907e-06
8.16907e-06
8.16907e-06
8.16907e-06
8.16907e-06
8.16907e-06
8.16907e-06
8.16907e-06
8.16907e-06
8.16907e-06
8.16907e-06
8.16907e-06
8.16907e-06
8.16907e-06
8.16907e-06
8.16907e-06
8.16907e-06
8.16907e-06
8.16907e-06
8.16907e-06
8.16907e-06
8.16907e-06
8.16907e-06
8.16907e-06
8.16907e-06
8.16907e-06
8.16907e-06
8.16907e-06
8.16907e-06
8.16907e-06
8.16907e-06
8.16907e-06
8.16907e-06
8.16907e-06
8.16907e-06
8.16907e-06
8.16907e-06
8.16907e-06
8.16907e-06
8.16907e-06
8.16907e-06
8.16907e-06
8.16907e-06
8.16907e-06
8.16907e-06
8.16907e-06
8.16907e-06
8.16907e-06
8.16907e-06
8.16907e-06
8.16907e-06
8.16907e-06
8.16907e-06
8.16907e-06
8.16907e-06
8.16907e-06
8.16907e-06
8.16907e-06
8.16907e-06
8.16907e-06
8.16907e-06
8.16907e-06
8.16907e-06
8.16907e-06
8.16907e-06
8.16907e-06
8.16907e-06
8.16907e-06
8.16907e-06
8.16907e-06
8.16907e-06
8.16907e-06
8.16907e-06
8.16907e-06
8.16907e-06
8.16907e-06
8.16907e-06
8.16907e-06
8.16907e-06
8.16907e-06
8.16907e-06
8.16907e-06
8.16907e-06
8.16907e-06
8.16907e-06
8.16907e-06
8.16907e-06
8.16907e-06
8.16907e-06
8.16907e-06
8.16907e-06
8.16907e-06
8.16907e-06
8.16907e-06
8.16907e-06
8.16907e-06
8.16907e-06
8.16907e-06
8.16907e-06
8.16907e-06
8.16907e-06
8.16907e-06
8.16907e-06
8.16907e-06
8.16907e-06
8.16907e-06
8.16907e-06
8.16907e-06
8.16907e-06
8.16907e-06
8.16907e-06
8.16907e-06
8.16907e-06
8.16907e-06
8.16907e-06
8.16907e-06
8.16907e-06
8.16907e-06
8.16907e-06
8.16907e-06
8.16907e-06
8.16907e-06
8.16907e-06
8.16907e-06
8.16907e-06
8.16907e-06
8.16907e-06
8.16907e-06
8.16907e-06
8.16907e-06
8.16907e-06
8.16907e-06
8.16907e-06
8.16907e-06
8.16907e-06
8.16907e-06
8.16907e-06
8.16907e-06
8.16907e-06
8.16907e-06
8.16907e-06
8.16907e-06
8.16907e-06
8.16907e-06
8.16907e-06
8.16907e-06
8.16907e-06
8.16907e-06
8.16907e-06
8.16907e-06
8.16907e-06
8.16907e-06
8.16907e-06
8.16907e-06
8.16907e-06
8.16907e-06
8.16907e-06
8.16907e-06
8.16907e-06
8.16907e-06
8.16907e-06
8.16907e-06
8.16907e-06
8.16907e-06
8.16907e-06
8.16907e-06
8.16907e-06
8.16907e-06
8.16907e-06
8.16907e-06
8.16907e-06
8.16907e-06
8.16907e-06
8.16907e-06
8.16907e-06
8.16907e-06
8.16907e-06
8.16907e-06
8.16907e-06
8.16907e-06
8.16907e-06
8.16907e-06
8.16907e-06
8.16907e-06
8.16907e-06
8.16907e-06
8.16907e-06
8.16907e-06
8.16907e-06
8.16907e-06
8.16907e-06
8.16907e-06
8.16907e-06
8.16907e-06
8.16907e-06
8.16907e-06
8.16907e-06
8.16907e-06
8.16907e-06
8.16907e-06
8.16907e-06
8.16907e-06
8.16907e-06
8.16907e-06
8.16907e-06
8.16907e-06
8.16907e-06
8.16907e-06
8.16907e-06
8.16907e-06
8.16907e-06
8.16907e-06
8.16907e-06
8.16907e-06
8.16907e-06
8.16907e-06
8.16907e-06
8.16907e-06
8.16907e-06
8.16907e-06
8.16907e-06
8.16907e-06
8.16907e-06
8.16907e-06
8.16907e-06
8.16907e-06
8.16907e-06
8.16907e-06
8.16907e-06
8.16907e-06
8.16907e-06
8.16907e-06
8.16907e-06
8.16907e-06
8.16907e-06
8.16907e-06
8.16907e-06
8.16907e-06
8.16907e-06
8.16907e-06
8.16907e-06
8.16907e-06
8.16907e-06
8.16907e-06
8.16907e-06
8.16907e-06
8.16907e-06
8.16907e-06
8.16907e-06
8.16907e-06
8.16907e-06
8.16907e-06
8.16907e-06
8.16907e-06
8.16907e-06
8.16907e-06
8.16907e-06
8.16907e-06
8.16907e-06
8.16907e-06
8.16907e-06
8.16907e-06
8.16907e-06
8.16907e-06
8.16907e-06
8.16907e-06
8.16907e-06
8.16907e-06
8.16907e-06
8.16907e-06
8.16907e-06
8.16907e-06
8.16907e-06
8.16907e-06
8.16907e-06
8.16907e-06
8.16907e-06
8.16907e-06
8.16907e-06
8.16907e-06
8.16907e-06
8.16907e-06
8.16907e-06
8.16907e-06
8.16907e-06
8.16907e-06
8.16907e-06
8.16907e-06
8.16907e-06
8.16907e-06
8.16907e-06
8.16907e-06
8.16907e-06
8.16907e-06
8.16907e-06
8.16907e-06
8.16907e-06
8.16907e-06
8.16907e-06
8.16907e-06
8.16907e-06
8.16907e-06
8.16907e-06
8.16907e-06
8.16907e-06
8.16907e-06
8.16907e-06
8.16907e-06
8.16907e-06
8.16907e-06
8.16907e-06
8.16907e-06
8.16907e-06
8.16907e-06
8.16907e-06
8.16907e-06
8.16907e-06
8.16907e-06
8.16907e-06
8.16907e-06
8.16907e-06
8.16907e-06
8.16907e-06
8.16907e-06
8.16907e-06
8.16907e-06
8.16907e-06
8.16907e-06
8.16907e-06
8.16907e-06
8.16907e-06
8.16907e-06
8.16907e-06
8.16907e-06
8.16907e-06
8.16907e-06
8.16907e-06
8.16907e-06
8.16907e-06
8.16907e-06
8.16907e-06
8.16907e-06
8.16907e-06
8.16907e-06
8.16907e-06
8.16907e-06
8.16907e-06
8.16907e-06
8.16907e-06
8.16907e-06
8.16907e-06
8.16907e-06
8.16907e-06
8.16907e-06
8.16907e-06
8.16907e-06
8.16907e-06
8.16907e-06
8.16907e-06
8.16907e-06
8.16907e-06
8.16907e-06
8.16907e-06
8.16907e-06
8.16907e-06
8.16907e-06
8.16907e-06
8.16907e-06
8.16907e-06
8.16907e-06
8.16907e-06
8.16907e-06
8.16907e-06
8.16907e-06
8.16907e-06
8.16907e-06
8.16907e-06
8.16907e-06
8.16907e-06
8.16907e-06
8.16907e-06
8.16907e-06
8.16907e-06
8.16907e-06
8.16907e-06
8.16907e-06
8.16907e-06
8.16907e-06
8.16907e-06
8.16907e-06
8.16907e-06
8.16907e-06
8.16907e-06
8.16907e-06
8.16907e-06
8.16907e-06
8.16907e-06
8.16907e-06
8.16907e-06
8.16907e-06
8.16907e-06
8.16907e-06
8.16907e-06
8.16907e-06
8.16907e-06
8.16907e-06
8.16907e-06
8.16907e-06
8.16907e-06
8.16907e-06
8.16907e-06
8.16907e-06
8.16907e-06
8.16907e-06
8.16907e-06
8.16907e-06
8.16907e-06
8.16907e-06
8.16907e-06
8.16907e-06
8.16907e-06
8.16907e-06
8.16907e-06
8.16907e-06
8.16907e-06
8.16907e-06
8.16907e-06
8.16907e-06
8.16907e-06
8.16907e-06
8.16907e-06
8.16907e-06
8.16907e-06
8.16907e-06
8.16907e-06
8.16907e-06
8.16907e-06
8.16907e-06
8.16907e-06
8.16907e-06
8.16907e-06
8.16907e-06
8.16907e-06
8.16907e-06
8.16907e-06
8.16907e-06
8.16907e-06
8.16907e-06
8.16907e-06
8.16907e-06
8.16907e-06
8.16907e-06
8.16907e-06
8.16907e-06
8.16907e-06
8.16907e-06
8.16907e-06
8.16907e-06
8.16907e-06
8.16907e-06
8.16907e-06
8.16907e-06
8.16907e-06
8.16907e-06
8.16907e-06
8.16907e-06
8.16907e-06
8.16907e-06
8.16907e-06
8.16907e-06
8.16907e-06
8.16907e-06
8.16907e-06
8.16907e-06
8.16907e-06
8.16907e-06
8.16907e-06
8.16907e-06
8.16907e-06
8.16907e-06
8.16907e-06
8.16907e-06
8.16907e-06
8.16907e-06
8.16907e-06
8.16907e-06
8.16907e-06
8.16907e-06
8.16907e-06
8.16907e-06
8.16907e-06
8.16907e-06
8.16907e-06
8.16907e-06
8.16907e-06
8.16907e-06
8.16907e-06
8.16907e-06
8.16907e-06
8.16907e-06
8.16907e-06
8.16907e-06
8.16907e-06
8.16907e-06
8.16907e-06
8.16907e-06
8.16907e-06
8.16907e-06
8.16907e-06
8.16907e-06
8.16907e-06
8.16907e-06
8.16907e-06
8.16907e-06
8.16907e-06
8.16907e-06
8.16907e-06
8.16907e-06
8.16907e-06
8.16907e-06
8.16907e-06
8.16907e-06
8.16907e-06
8.16907e-06
8.16907e-06
8.16907e-06
8.16907e-06
8.16907e-06
8.16907e-06
8.16907e-06
8.16907e-06
8.16907e-06
8.16907e-06
8.16907e-06
8.16907e-06
8.16907e-06
8.16907e-06
8.16907e-06
8.16907e-06
8.16907e-06
8.16907e-06
8.16907e-06
8.16907e-06
8.16907e-06
8.16907e-06
8.16907e-06
8.16907e-06
8.16907e-06
8.16907e-06
8.16907e-06
8.16907e-06
8.16907e-06
8.16907e-06
8.16907e-06
8.16907e-06
8.16907e-06
8.16907e-06
8.16907e-06
8.16907e-06
8.16907e-06
8.16907e-06
8.16907e-06
8.16907e-06
8.16907e-06
8.16907e-06
8.16907e-06
8.16907e-06
8.16907e-06
8.16907e-06
8.16907e-06
8.16907e-06
8.16907e-06
8.16907e-06
8.16907e-06
8.16907e-06
8.16907e-06
8.16907e-06
8.16907e-06
8.16907e-06
8.16907e-06
0
0
0
0
0
