32 0
90 0
118 0
71 0
102 0
18 1
125 0
16 1
44 0
55 0
84 0
27 1
95 0
57 1
20 1
109 0
89 0
31 0
35 1
11 2
78 0
93 0
106 0
65 0
29 1
138 0
58 0
153 0
15 1
81 0
60 0
73 0
101 0
86 0
76 0
62 0
67 0
129 0
2 3
17 1
82 0
110 0
135 0
14 1
112 0
69 0
49 0
24 1
104 0
124 0
131 0
121 0
79 0
23 0
96 0
159 0
47 0
8 1
98 0
37 0
117 0
43 0
5 0
33 0
21 1
63 0
7 1
26 1
80 0
119 0
99 0
72 0
74 0
61 0
108 0
115 0
92 0
103 0
10 2
113 0
91 0
48 0
107 0
87 0
77 0
133 0
123 0
50 0
39 0
64 0
97 0
41 1
12 1
52 0
56 0
45 0
66 0
19 1
54 0
70 0
68 0
1 1
116 0
136 0
88 0
30 0
100 0
25 1
128 0
120 0
28 1
40 0
75 0
134 0
59 0
130 0
53 0
122 0
22 1
42 0
158 0
46 1
13 1
105 0
6 0
85 0
36 0
3 1
94 0
9 1
51 1
111 0
38 0
4 1
34 0
132 0
