*Vertices 504
4
4
4
4
4
5
2
15
9
9
9
9
3
12
6
3
4
8
10
17
14
5
2
2
3
1
24
3
3
3
3
3
7
2
12
2
2
4
5
5
6
7
4
13
2
12
4
7
13
7
26
12
28
12
16
4
4
4
39
24
4
8
5
19
35
13
1
7
10
5
8
33
12
15
3
6
3
3
4
11
5
4
8
9
9
10
10
1
3
1
1
1
1
2
9
3
1
19
6
4
5
2
25
6
6
6
2
4
6
5
1
1
8
2
10
10
2
7
4
2
14
6
4
12
9
13
3
9
10
16
3
2
4
7
3
3
3
4
8
9
2
2
2
7
7
7
7
4
7
4
2
1
1
14
14
14
14
14
14
5
1
1
3
1
2
2
2
2
2
3
2
9
7
4
3
3
4
2
2
4
2
2
2
6
34
2
6
6
6
6
6
6
6
3
6
3
4
3
3
5
10
10
12
4
8
4
4
4
4
4
4
4
1
1
3
3
3
3
4
2
8
3
8
8
1
1
1
7
3
1
8
12
27
5
3
22
8
8
1
1
2
6
7
4
1
1
2
5
6
1
4
4
4
11
3
4
2
2
2
6
14
12
7
12
7
15
7
2
2
1
1
1
1
29
1
4
4
3
1
4
4
2
2
2
2
2
1
2
2
28
28
28
28
28
30
28
28
28
28
28
32
28
3
3
2
11
11
4
1
2
2
3
2
2
2
12
4
5
2
4
1
10
10
9
9
18
12
9
9
1
1
8
8
4
4
4
7
2
1
1
7
1
2
2
2
2
4
4
4
4
5
6
5
5
5
5
2
2
10
10
10
5
5
5
1
1
2
2
2
2
3
5
10
7
1
2
3
9
9
8
7
3
4
4
8
3
3
2
4
1
4
3
1
1
1
1
1
3
3
3
3
6
6
6
6
6
6
17
2
1
1
1
1
5
20
5
3
3
1
1
1
1
3
5
5
5
5
5
5
2
2
2
2
2
1
1
8
8
5
5
5
5
5
1
2
2
7
1
1
5
5
1
1
5
8
2
2
2
1
2
2
2
2
3
3
3
2
3
1
1
2
2
6
1
1
1
2
2
6
6
6
2
2
2
2
2
5
1
1
1
3
4
4
4
4
1
1
1
1
3
3
3
3
2
