*Vertices 91
0.151941
0.107095
0.0937082
0.0471888
0.0338019
0.0327979
0.0240964
0.0230924
0.0220884
0.0200803
0.019411
0.0187416
0.0180723
0.0150602
0.0150602
0.0147256
0.0143909
0.0140562
0.0137216
0.0130522
0.0127175
0.0120482
0.0120482
0.0120482
0.0120482
0.0113788
0.0107095
0.0107095
0.0107095
0.0100402
0.0100402
0.00903614
0.00803213
0.00702811
0.00669344
0.00669344
0.00669344
0.00669344
0.00635877
0.0060241
0.00535475
0.00468541
0.00468541
0.00401606
0.00401606
0.00401606
0.00401606
0.00401606
0.00401606
0.00401606
0.00301205
0.00267738
0.00267738
0.00267738
0.0023427
0.0023427
0.00200803
0.00200803
0.00200803
0.00200803
0.00200803
0.00200803
0.00200803
0.00200803
0.00200803
0.00200803
0.00200803
0.00167336
0.00133869
0.00133869
0.00133869
0.00100402
0.000669344
0.000669344
0.000669344
0.000669344
0.000669344
0.000669344
0.000669344
0.000669344
0.000669344
0.000669344
0.000669344
0.000669344
0.000669344
0.000669344
0.000669344
0.000669344
0.000669344
0.000669344
0.000669344
