coauthor;frequency
5;1
6;2
7;5
8;14
9;26
10;27
11;33
12;33
13;33
14;30
15;36
16;43
17;34
18;32
19;36
20;31
21;24
22;31
23;32
24;30
25;21
26;15
27;29
28;18
29;23
30;22
31;18
32;24
33;17
34;25
35;15
36;22
37;12
38;17
39;22
40;22
41;17
42;10
43;4
44;10
45;17
46;18
47;16
48;9
49;15
50;10
51;6
52;14
53;8
54;7
55;7
56;6
57;7
58;4
59;3
60;3
61;3
62;8
63;7
64;1
65;1
66;6
67;4
68;3
69;2
70;2
71;4
72;4
73;3
74;2
75;7
76;2
77;3
78;5
79;4
80;1
81;1
82;3
83;3
84;4
86;3
87;3
88;3
89;3
90;2
94;3
95;2
97;2
98;1
99;2
100;2
101;2
102;1
103;2
104;2
105;2
106;1
107;1
109;1
110;1
111;1
117;1
118;1
122;1
123;1
127;1
130;1
133;1
144;2
145;1
152;1
160;1
245;1
