34 3.15021422185088 0.491735537190083 15 4.70588235294118 3.26775162643086 R6
256 2.95499497079941 0.115702479338843 31 9.5 7.27581610542762 R5
106 2.54610773319088 0.256326530612245 30 11.5714285714286 7.23793859479623 R5
70 2.52457797976288 0.725 9 3.25 2.27760839478607 R6
71 2.45627826593569 0.229166666666667 21 8.22222222222222 5.20208884920872 R2
258 2.44948974278318 0.21875 7 4 1.22474487139159 R2
4 2.40535117721182 0.197530864197531 8 3.5 1.87082869338697 R2
54 2.21854855073259 0.260355029585799 11 5.45454545454545 2.49958674270319 R2
203 2.18572302888783 0.2265625 14 5.33333333333333 3.96512575112344 R2
83 2.04264871994757 0.540816326530612 9 3.5 2.69258240356725 R2
68 2 0.65625 4 2.4 0.799999999999999 R3
81 2 0.5 4 2.4 0.8 R2
7 1.93352421786231 0.45679012345679 13 5.33333333333333 3.96512575112344 R2
129 1.88319236991596 0.124444444444444 14 5.8 4.35430821141545 R2
154 1.85933936040274 0.46 7 3.33333333333333 1.97202659436654 R2
172 1.85783812534892 0.530612244897959 9 4.72727272727273 2.29983829830427 R2
240 1.8516401995451 0.459183673469388 10 4 3.24037034920393 R2
22 1.83231466980438 0.416666666666667 18 7.33333333333333 5.82141639885766 R2
51 1.73205080756888 0.769230769230769 4 2.5 0.866025403784439 R3
14 1.6873563739906 0.193905817174515 17 8.22222222222222 5.20208884920872 R2
24 1.6431676725155 0.244897959183674 6 3 1.82574185835055 R2
241 1.54303349962092 0.297520661157025 9 4 3.24037034920393 R2
23 1.48875566921606 0.277008310249308 16 7.33333333333333 5.82141639885766 R2
62 1.47709789175199 0.518518518518518 6 3.6 1.62480768092719 R2
27 1.4142135623731 0.444444444444444 2 1.33333333333333 0.471404520791032 R2
125 1.38941760584155 0.336734693877551 11 6.25 3.41869858279434 R2
56 1.30569545221369 0.287334593572779 19 9.5 7.27581610542762 R2
338 1.29986736723936 0.56198347107438 7 3.5 2.69258240356725 R2
79 1.29986736723936 0.796296296296296 7 3.5 2.69258240356725 R3
84 1.23743686707646 0.698224852071006 6 3.66666666666667 1.88561808316413 R3
291 1.23743686707646 0.375 6 3.66666666666667 1.88561808316413 R2
320 1.22620463933689 0.1171875 15 10.4444444444444 3.71516744384455 R2
317 1.22620463933689 0.1171875 15 10.4444444444444 3.71516744384455 R2
111 1.21267812518166 0.277777777777778 10 6.66666666666667 2.74873708374511 R2
29 1.16825382566488 0.322314049586777 18 9.5 7.27581610542762 R2
98 1.12815214963553 0.40625 6 4 1.77281052085584 R2
95 1.12815214963553 0.244897959183674 6 4 1.77281052085584 R2
117 1.05796625867823 0.491349480968858 11 6.46153846153846 4.28979799803036 R2
128 0.964561945566713 0.277777777777778 10 5.8 4.35430821141545 R2
47 0.917662935482248 0.244897959183674 6 4.4 1.74355957741627 R2
66 0.888177116229377 0.309917355371901 18 11.5714285714286 7.23793859479623 R2
451 0.755928946018455 0.214532871972318 15 9.5 7.27581610542762 R2
369 0.707106781186554 0.448979591836735 5 4.66666666666667 0.471404520791027 R2
277 0.707106781186554 0.68 5 4.66666666666667 0.471404520791027 R3
132 0.707106781186548 0.375 3 2.66666666666667 0.471404520791032 R2
234 0.707106781186547 0.571428571428572 4 3.33333333333333 0.942809041582064 R2
37 0.702047740869624 0.21875 7 4.70588235294118 3.26775162643086 R2
421 0.557086014531156 0.5625 5 3.5 2.69258240356725 R2
20 0.536056267418898 0.375 6 4.57142857142857 2.66496544373966 R2
340 0.51330525073433 0.0665873959571937 28 22.3 11.104503590886 R2
52 0.485071250072666 0.513888888888889 8 6.66666666666667 2.74873708374511 R2
177 0.485071250072666 0.396694214876033 8 6.66666666666667 2.74873708374511 R2
176 0.485071250072666 0.473372781065089 8 6.66666666666667 2.74873708374511 R2
416 0.420331351709199 0.21875 7 5.33333333333333 3.96512575112344 R2
46 0.344123600805843 0.277777777777778 5 4.4 1.74355957741627 R2
368 0.338061701891407 0.444444444444444 4 3.33333333333333 1.97202659436654 R2
300 0.176776695296637 0.444444444444444 4 3.66666666666667 1.88561808316413 R2
204 0.16813254068368 0.40625 6 5.33333333333333 3.96512575112344 R2
17 0.160816880225669 0.277777777777778 5 4.57142857142857 2.66496544373966 R2
367 0.0687208132744049 0.408163265306122 10 9.5 7.27581610542762 R2
255 0.0687208132744049 0.581314878892734 10 9.5 7.27581610542762 R2
96 2.50500098361146e-16 0.32 4 4 1.77281052085584 R2
435 0 0.444444444444444 2 2 0.707106781186548 R2
307 -0.0687208132744049 0.314049586776859 9 9.5 7.27581610542762 R2
113 -0.10976425998969 0.666666666666667 3 3.25 2.27760839478607 R3
53 -0.181848241863327 0.408163265306122 5 5.45454545454545 2.49958674270319 R2
389 -0.185695338177052 0.666666666666667 3 3.5 2.69258240356725 R3
413 -0.185695338177052 0.73469387755102 3 3.5 2.69258240356725 R3
38 -0.216014689498346 0.32 4 4.70588235294118 3.26775162643086 R2
360 -0.336265081367359 0.571428571428572 4 5.33333333333333 3.96512575112344 R2
450 -0.355270846491751 0.609375 9 11.5714285714286 7.23793859479623 R2
294 -0.365636212063565 0.277777777777778 5 6.25 3.41869858279434 R2
297 -0.413383690957163 0.32 4 5.8 4.35430821141545 R2
69 -0.500000000000001 0.444444444444444 2 2.4 0.799999999999999 R2
104 -0.547722557505166 0.444444444444444 2 3 1.82574185835055 R2
411 -0.548821299948452 0.444444444444444 2 3.25 2.27760839478607 R2
293 -0.557086014531156 0.444444444444444 2 3.5 2.69258240356725 R2
220 -0.577350269189626 0.444444444444444 2 2.5 0.866025403784439 R2
219 -0.577350269189626 0.444444444444444 2 2.5 0.866025403784439 R2
5 -0.588463892392878 0.48 3 5.33333333333333 3.96512575112344 R2
328 -0.617213399848368 0.625 2 4 3.24037034920393 R3
289 -0.617213399848368 0.444444444444444 2 4 3.24037034920393 R2
412 -0.618487319469645 0.408163265306122 5 9.5 7.27581610542762 R2
488 -0.618487319469645 0.46875 5 9.5 7.27581610542762 R2
78 -0.751040944289991 0.56 3 4.72727272727273 2.29983829830427 R2
363 -0.801783725737273 0.444444444444444 2 3.5 1.87082869338697 R2
118 -0.806923417635937 0.375 3 6.46153846153846 4.28979799803036 R2
259 -0.816496580927726 0.375 3 4 1.22474487139159 R2
260 -0.816496580927726 0.375 3 4 1.22474487139159 R2
257 -0.816496580927726 0.375 3 4 1.22474487139159 R2
489 -0.872698903131788 0.444444444444444 2 5.8 4.35430821141545 R2
415 -0.92847669088526 0.5 1 3.5 2.69258240356725 R2
112 -0.970142500145331 0.625 4 6.66666666666667 2.74873708374511 R3
91 -0.993887618860257 0.611111111111111 3 7.15789473684211 4.18346567352372 R2
493 -1.00387024781719 0.56 3 8.22222222222222 5.20208884920872 R2
494 -1.00387024781719 0.56 3 8.22222222222222 5.20208884920872 R2
404 -1.09544511501033 0.5 1 3 1.82574185835055 R2
525 -1.12815214963553 0.444444444444444 2 4 1.77281052085584 R2
