221 3.25105798017055 0 12 4.76923076923077 2.22412804535399 R5
34 3.15021422185088 0.491735537190083 15 4.70588235294118 3.26775162643086 R6
256 2.95499497079941 0.115702479338843 31 9.5 7.27581610542762 R5
120 2.68974472545312 0 18 6.46153846153846 4.28979799803036 R5
106 2.54610773319088 0.256326530612245 30 11.5714285714286 7.23793859479623 R5
70 2.52457797976288 0.725 9 3.25 2.27760839478607 R6
71 2.45627826593569 0.229166666666667 21 8.22222222222222 5.20208884920872 R2
258 2.44948974278318 0.21875 7 4 1.22474487139159 R2
4 2.40535117721182 0.197530864197531 8 3.5 1.87082869338697 R2
89 2.35262005983377 0 17 7.15789473684211 4.18346567352372 R1
54 2.21854855073259 0.260355029585799 11 5.45454545454545 2.49958674270319 R2
203 2.18572302888783 0.2265625 14 5.33333333333333 3.96512575112344 R2
58 2.13034521150655 0 25 9.5 7.27581610542762 R1
83 2.04264871994757 0.540816326530612 9 3.5 2.69258240356725 R2
16 2.03701381619181 0 10 4.57142857142857 2.66496544373966 R1
68 2 0.65625 4 2.4 0.799999999999999 R3
81 2 0.5 4 2.4 0.8 R2
207 1.94792840913315 0 15 6.75 4.23526858652435 R1
7 1.93352421786231 0.45679012345679 13 5.33333333333333 3.96512575112344 R2
129 1.88319236991596 0.124444444444444 14 5.8 4.35430821141545 R2
154 1.85933936040274 0.46 7 3.33333333333333 1.97202659436654 R2
172 1.85783812534892 0.530612244897959 9 4.72727272727273 2.29983829830427 R2
240 1.8516401995451 0.459183673469388 10 4 3.24037034920393 R2
22 1.83231466980438 0.416666666666667 18 7.33333333333333 5.82141639885766 R2
51 1.73205080756888 0.769230769230769 4 2.5 0.866025403784439 R3
14 1.6873563739906 0.193905817174515 17 8.22222222222222 5.20208884920872 R2
21 1.66053516951022 0 17 7.33333333333333 5.82141639885766 R1
24 1.6431676725155 0.244897959183674 6 3 1.82574185835055 R2
329 1.63299316185545 0 4 2 1.22474487139159 R1
216 1.58113883008419 0 5 2.85714285714286 1.35526185435788 R1
241 1.54303349962092 0.297520661157025 9 4 3.24037034920393 R2
23 1.48875566921606 0.277008310249308 16 7.33333333333333 5.82141639885766 R2
62 1.47709789175199 0.518518518518518 6 3.6 1.62480768092719 R2
456 1.4431370787625 0 20 9.5 7.27581610542762 R1
134 1.42302494707577 0 8 4.72727272727273 2.29983829830427 R1
460 1.4142135623731 0 2 1.33333333333333 0.471404520791032 R1
27 1.4142135623731 0.444444444444444 2 1.33333333333333 0.471404520791032 R2
115 1.41421356237309 0 2 1.33333333333333 0.471404520791032 R1
166 1.41421356237309 0 3 2 0.707106781186548 R1
125 1.38941760584155 0.336734693877551 11 6.25 3.41869858279434 R2
185 1.34164078649987 0 5 3.5 1.11803398874989 R1
56 1.30569545221369 0.287334593572779 19 9.5 7.27581610542762 R2
338 1.29986736723936 0.56198347107438 7 3.5 2.69258240356725 R2
79 1.29986736723936 0.796296296296296 7 3.5 2.69258240356725 R3
84 1.23743686707646 0.698224852071006 6 3.66666666666667 1.88561808316413 R3
291 1.23743686707646 0.375 6 3.66666666666667 1.88561808316413 R2
320 1.22620463933689 0.1171875 15 10.4444444444444 3.71516744384455 R2
317 1.22620463933689 0.1171875 15 10.4444444444444 3.71516744384455 R2
163 1.21267812518166 0 6 3.5 2.06155281280883 R1
111 1.21267812518166 0.277777777777778 10 6.66666666666667 2.74873708374511 R2
60 1.19421955165403 0 11 5.8 4.35430821141545 R1
29 1.16825382566488 0.322314049586777 18 9.5 7.27581610542762 R2
49 1.16825382566488 0 18 9.5 7.27581610542762 R1
90 1.15743874601448 0 12 7.15789473684211 4.18346567352372 R1
93 1.15743874601448 0 12 7.15789473684211 4.18346567352372 R1
92 1.15743874601448 0 12 7.15789473684211 4.18346567352372 R1
98 1.12815214963553 0.40625 6 4 1.77281052085584 R2
95 1.12815214963553 0.244897959183674 6 4 1.77281052085584 R2
102 1.12815214963553 0 10 8 1.77281052085584 R1
101 1.12815214963553 0 10 8 1.77281052085584 R1
506 1.1180339887499 0 3 2 0.894427190999915 R1
279 1.1180339887499 0 3 2 0.894427190999915 R1
175 1.11679562692765 0 12 8.28571428571429 3.32584192194937 R1
127 1.0969086361907 0 10 6.25 3.41869858279434 R1
124 1.0969086361907 0 10 6.25 3.41869858279434 R1
117 1.05796625867823 0.491349480968858 11 6.46153846153846 4.28979799803036 R2
286 1.01835015443463 0 8 5.45454545454545 2.49958674270319 R1
205 1.00347827137162 0 11 6.75 4.23526858652435 R1
418 1 0 4 3.5 0.5 R1
419 1 0 4 3.5 0.5 R1
171 0.988211768802619 0 7 4.72727272727273 2.29983829830427 R1
128 0.964561945566713 0.277777777777778 10 5.8 4.35430821141545 R2
314 0.957037767287328 0 14 10.4444444444444 3.71516744384455 R1
47 0.917662935482248 0.244897959183674 6 4.4 1.74355957741627 R2
66 0.888177116229377 0.309917355371901 18 11.5714285714286 7.23793859479623 R2
352 0.873519461775965 0 32 22.3 11.104503590886 R1
354 0.873519461775965 0 32 22.3 11.104503590886 R1
400 0.852802865422442 0 7 5 2.34520787991171 R1
218 0.843274042711568 0 4 2.85714285714286 1.35526185435788 R1
174 0.81611988121636 0 11 8.28571428571429 3.32584192194937 R1
451 0.755928946018455 0.214532871972318 15 9.5 7.27581610542762 R2
202 0.755928946018455 0 15 9.5 7.27581610542762 R1
164 0.727606875108999 0 5 3.5 2.06155281280883 R1
377 0.726204009059247 0 12 8.22222222222222 5.20208884920872 R1
369 0.707106781186554 0.448979591836735 5 4.66666666666667 0.471404520791027 R2
277 0.707106781186554 0.68 5 4.66666666666667 0.471404520791027 R3
194 0.707106781186548 0 3 2.66666666666667 0.471404520791032 R1
195 0.707106781186548 0 3 2.66666666666667 0.471404520791032 R1
132 0.707106781186548 0.375 3 2.66666666666667 0.471404520791032 R2
130 0.707106781186548 0 3 2.66666666666667 0.471404520791032 R1
233 0.707106781186547 0 4 3.33333333333333 0.942809041582064 R1
234 0.707106781186547 0.571428571428572 4 3.33333333333333 0.942809041582064 R2
37 0.702047740869624 0.21875 7 4.70588235294118 3.26775162643086 R2
345 0.693412356255147 0 30 22.3 11.104503590886 R1
287 0.618284022335312 0 7 5.45454545454545 2.49958674270319 R1
76 0.577350269189626 0 5 4.5 0.866025403784439 R1
74 0.577350269189626 0 5 4.5 0.866025403784439 R1
77 0.577350269189626 0 5 4.5 0.866025403784439 R1
94 0.564076074817766 0 5 4 1.77281052085584 R1
100 0.564076074817765 0 9 8 1.77281052085584 R1
99 0.564076074817765 0 9 8 1.77281052085584 R1
421 0.557086014531156 0.5625 5 3.5 2.69258240356725 R2
25 0.547722557505166 0 4 3 1.82574185835055 R1
26 0.547722557505166 0 4 3 1.82574185835055 R1
20 0.536056267418898 0.375 6 4.57142857142857 2.66496544373966 R2
12 0.533973536072975 0 11 8.22222222222222 5.20208884920872 R1
206 0.53125320249086 0 9 6.75 4.23526858652435 R1
347 0.51330525073433 0 28 22.3 11.104503590886 R1
350 0.51330525073433 0 28 22.3 11.104503590886 R1
340 0.51330525073433 0.0665873959571937 28 22.3 11.104503590886 R2
348 0.51330525073433 0 28 22.3 11.104503590886 R1
351 0.51330525073433 0 28 22.3 11.104503590886 R1
342 0.51330525073433 0 28 22.3 11.104503590886 R1
341 0.51330525073433 0 28 22.3 11.104503590886 R1
343 0.51330525073433 0 28 22.3 11.104503590886 R1
349 0.51330525073433 0 28 22.3 11.104503590886 R1
346 0.51330525073433 0 28 22.3 11.104503590886 R1
344 0.51330525073433 0 28 22.3 11.104503590886 R1
353 0.51330525073433 0 28 22.3 11.104503590886 R1
420 0.505246733392088 0 8 5.8 4.35430821141545 R1
152 0.5 0 7 6.4 1.2 R1
151 0.5 0 7 6.4 1.2 R1
149 0.5 0 7 6.4 1.2 R1
150 0.5 0 7 6.4 1.2 R1
52 0.485071250072666 0.513888888888889 8 6.66666666666667 2.74873708374511 R2
177 0.485071250072666 0.396694214876033 8 6.66666666666667 2.74873708374511 R2
176 0.485071250072666 0.473372781065089 8 6.66666666666667 2.74873708374511 R2
157 0.473694461989001 0 15 11.5714285714286 7.23793859479623 R1
187 0.447213595499958 0 4 3.5 1.11803398874989 R1
230 0.440329957722898 0 9 7.15789473684211 4.18346567352372 R1
229 0.440329957722898 0 9 7.15789473684211 4.18346567352372 R1
231 0.440329957722898 0 9 7.15789473684211 4.18346567352372 R1
228 0.440329957722898 0 9 7.15789473684211 4.18346567352372 R1
227 0.440329957722898 0 9 7.15789473684211 4.18346567352372 R1
232 0.440329957722898 0 9 7.15789473684211 4.18346567352372 R1
399 0.426401432711221 0 6 5 2.34520787991171 R1
401 0.426401432711221 0 6 5 2.34520787991171 R1
416 0.420331351709199 0.21875 7 5.33333333333333 3.96512575112344 R2
315 0.418704023188206 0 12 10.4444444444444 3.71516744384455 R1
318 0.418704023188206 0 12 10.4444444444444 3.71516744384455 R1
443 0.396026930746967 0 6 4.70588235294118 3.26775162643086 R1
447 0.396026930746967 0 6 4.70588235294118 3.26775162643086 R1
444 0.396026930746967 0 6 4.70588235294118 3.26775162643086 R1
445 0.396026930746967 0 6 4.70588235294118 3.26775162643086 R1
446 0.396026930746967 0 6 4.70588235294118 3.26775162643086 R1
448 0.396026930746967 0 6 4.70588235294118 3.26775162643086 R1
276 0.358632630060416 0 8 6.46153846153846 4.28979799803036 R1
274 0.358632630060416 0 8 6.46153846153846 4.28979799803036 R1
248 0.358632630060416 0 8 6.46153846153846 4.28979799803036 R1
45 0.344123600805843 0 5 4.4 1.74355957741627 R1
46 0.344123600805843 0.277777777777778 5 4.4 1.74355957741627 R2
44 0.344123600805843 0 5 4.4 1.74355957741627 R1
57 0.343604066372025 0 12 9.5 7.27581610542762 R1
123 0.343604066372025 0 12 9.5 7.27581610542762 R1
374 0.341743063086704 0 10 8.22222222222222 5.20208884920872 R1
373 0.341743063086704 0 10 8.22222222222222 5.20208884920872 R1
13 0.341743063086704 0 10 8.22222222222222 5.20208884920872 R1
368 0.338061701891407 0.444444444444444 4 3.33333333333333 1.97202659436654 R2
43 0.338061701891407 0 4 3.33333333333333 1.97202659436654 R1
159 0.335533577242209 0 14 11.5714285714286 7.23793859479623 R1
160 0.335533577242209 0 14 11.5714285714286 7.23793859479623 R1
162 0.335533577242209 0 14 11.5714285714286 7.23793859479623 R1
158 0.335533577242209 0 14 11.5714285714286 7.23793859479623 R1
161 0.335533577242209 0 14 11.5714285714286 7.23793859479623 R1
272 0.329292779969071 0 4 3.25 2.27760839478607 R1
40 0.267261241912424 0 4 3.5 1.87082869338697 R1
3 0.267261241912424 0 4 3.5 1.87082869338697 R1
198 0.246182981958665 0 4 3.6 1.62480768092719 R1
61 0.246182981958665 0 4 3.6 1.62480768092719 R1
334 0.218217890235993 0 6 5.45454545454545 2.49958674270319 R1
310 0.218217890235993 0 6 5.45454545454545 2.49958674270319 R1
244 0.214768389793779 0 9 8.28571428571429 3.32584192194937 R1
243 0.214768389793779 0 9 8.28571428571429 3.32584192194937 R1
242 0.214768389793779 0 9 8.28571428571429 3.32584192194937 R1
254 0.206162439823215 0 11 9.5 7.27581610542762 R1
300 0.176776695296637 0.444444444444444 4 3.66666666666667 1.88561808316413 R2
204 0.16813254068368 0.40625 6 5.33333333333333 3.96512575112344 R2
17 0.160816880225669 0.277777777777778 5 4.57142857142857 2.66496544373966 R2
378 0.149512590100433 0 9 8.22222222222222 5.20208884920872 R1
379 0.149512590100433 0 9 8.22222222222222 5.20208884920872 R1
376 0.149512590100433 0 9 8.22222222222222 5.20208884920872 R1
375 0.149512590100433 0 9 8.22222222222222 5.20208884920872 R1
168 0.118585412256314 0 5 4.72727272727273 2.29983829830427 R1
169 0.118585412256314 0 5 4.72727272727273 2.29983829830427 R1
170 0.118585412256314 0 5 4.72727272727273 2.29983829830427 R1
137 0.114519666862774 0 8 7.33333333333333 5.82141639885766 R1
246 0.105409255338946 0 3 2.85714285714286 1.35526185435788 R1
217 0.105409255338946 0 3 2.85714285714286 1.35526185435788 R1
215 0.105409255338946 0 3 2.85714285714286 1.35526185435788 R1
226 0.103757169579911 0 5 4.76923076923077 2.22412804535399 R1
222 0.103757169579911 0 5 4.76923076923077 2.22412804535399 R1
224 0.103757169579911 0 5 4.76923076923077 2.22412804535399 R1
223 0.103757169579911 0 5 4.76923076923077 2.22412804535399 R1
225 0.103757169579911 0 5 4.76923076923077 2.22412804535399 R1
367 0.0687208132744049 0.408163265306122 10 9.5 7.27581610542762 R2
255 0.0687208132744049 0.581314878892734 10 9.5 7.27581610542762 R2
208 1.05367121277235e-08 0 6 6 8.42936970217881e-08 R1
211 1.05367121277235e-08 0 6 6 8.42936970217881e-08 R1
214 1.05367121277235e-08 0 6 6 8.42936970217881e-08 R1
213 1.05367121277235e-08 0 6 6 8.42936970217881e-08 R1
212 1.05367121277235e-08 0 6 6 8.42936970217881e-08 R1
209 1.05367121277235e-08 0 6 6 8.42936970217881e-08 R1
210 1.05367121277235e-08 0 6 6 8.42936970217881e-08 R1
96 2.50500098361146e-16 0.32 4 4 1.77281052085584 R2
97 2.50500098361146e-16 0 4 4 1.77281052085584 R1
395 0 0 4 4 1.22474487139159 R1
479 0 0 5 5 5.96046447753906e-08 R1
480 0 0 5 5 5.96046447753906e-08 R1
481 0 0 5 5 5.96046447753906e-08 R1
478 0 0 5 5 5.96046447753906e-08 R1
398 0 0 4 4 1.22474487139159 R1
522 0 0 2 2 0.707106781186548 R1
397 0 0 4 4 1.22474487139159 R1
435 0 0.444444444444444 2 2 0.707106781186548 R2
483 0 0 5 5 5.96046447753906e-08 R1
330 0 0 2 2 1.22474487139159 R1
396 0 0 4 4 1.22474487139159 R1
482 0 0 5 5 5.96046447753906e-08 R1
507 -4.96506830649455e-16 0 2 2 0.894427190999915 R1
307 -0.0687208132744049 0.314049586776859 9 9.5 7.27581610542762 R2
190 -0.0840662703418397 0 5 5.33333333333333 3.96512575112344 R1
458 -0.107589789018125 0 6 6.46153846153846 4.28979799803036 R1
121 -0.107589789018125 0 6 6.46153846153846 4.28979799803036 R1
113 -0.10976425998969 0.666666666666667 3 3.25 2.27760839478607 R3
295 -0.177084400830287 0 6 6.75 4.23526858652435 R1
336 -0.181848241863327 0 5 5.45454545454545 2.49958674270319 R1
53 -0.181848241863327 0.408163265306122 5 5.45454545454545 2.49958674270319 R2
389 -0.185695338177052 0.666666666666667 3 3.5 2.69258240356725 R3
413 -0.185695338177052 0.73469387755102 3 3.5 2.69258240356725 R3
474 -0.206162439823215 0 8 9.5 7.27581610542762 R1
253 -0.206162439823215 0 8 9.5 7.27581610542762 R1
473 -0.206162439823215 0 8 9.5 7.27581610542762 R1
19 -0.214422506967559 0 4 4.57142857142857 2.66496544373966 R1
35 -0.216014689498346 0 4 4.70588235294118 3.26775162643086 R1
36 -0.216014689498346 0 4 4.70588235294118 3.26775162643086 R1
38 -0.216014689498346 0.32 4 4.70588235294118 3.26775162643086 R2
136 -0.229039333725547 0 6 7.33333333333333 5.82141639885766 R1
32 -0.267261241912424 0 3 3.5 1.87082869338697 R1
33 -0.267261241912424 0 3 3.5 1.87082869338697 R1
239 -0.308606699924184 0 3 4 3.24037034920393 R1
238 -0.308606699924184 0 3 4 3.24037034920393 R1
360 -0.336265081367359 0.571428571428572 4 5.33333333333333 3.96512575112344 R2
475 -0.340700998557396 0 5 6.46153846153846 4.28979799803036 R1
476 -0.340700998557396 0 5 6.46153846153846 4.28979799803036 R1
55 -0.343604066372025 0 7 9.5 7.27581610542762 R1
249 -0.345857231933038 0 4 4.76923076923077 2.22412804535399 R1
251 -0.345857231933038 0 4 4.76923076923077 2.22412804535399 R1
252 -0.345857231933038 0 4 4.76923076923077 2.22412804535399 R1
250 -0.345857231933038 0 4 4.76923076923077 2.22412804535399 R1
308 -0.353553390593274 0 3 3.66666666666667 1.88561808316413 R1
450 -0.355270846491751 0.609375 9 11.5714285714286 7.23793859479623 R2
402 -0.365636212063565 0 5 6.25 3.41869858279434 R1
294 -0.365636212063565 0.277777777777778 5 6.25 3.41869858279434 R2
403 -0.365636212063565 0 5 6.25 3.41869858279434 R1
464 -0.369274472937998 0 3 3.6 1.62480768092719 R1
173 -0.386583101628802 0 7 8.28571428571429 3.32584192194937 R1
429 -0.413383690957163 0 4 5.8 4.35430821141545 R1
297 -0.413383690957163 0.32 4 5.8 4.35430821141545 R2
504 -0.427178828858381 0 6 8.22222222222222 5.20208884920872 R1
380 -0.447213595499958 0 3 3.5 1.11803398874989 R1
122 -0.481045692920835 0 6 9.5 7.27581610542762 R1
197 -0.5 0 2 2.4 0.8 R1
82 -0.5 0 2 2.4 0.8 R1
80 -0.5 0 2 2.4 0.8 R1
196 -0.5 0 2 2.4 0.8 R1
67 -0.500000000000001 0 2 2.4 0.799999999999999 R1
502 -0.500000000000001 0 2 2.4 0.799999999999999 R1
503 -0.500000000000001 0 2 2.4 0.799999999999999 R1
69 -0.500000000000001 0.444444444444444 2 2.4 0.799999999999999 R2
73 -0.522035499621002 0 3 4.70588235294118 3.26775162643086 R1
104 -0.547722557505166 0.444444444444444 2 3 1.82574185835055 R2
273 -0.548821299948452 0 2 3.25 2.27760839478607 R1
465 -0.548821299948452 0 2 3.25 2.27760839478607 R1
410 -0.548821299948452 0 2 3.25 2.27760839478607 R1
411 -0.548821299948452 0.444444444444444 2 3.25 2.27760839478607 R2
339 -0.548821299948452 0 2 3.25 2.27760839478607 R1
394 -0.557086014531156 0 2 3.5 2.69258240356725 R1
293 -0.557086014531156 0.444444444444444 2 3.5 2.69258240356725 R2
437 -0.572598334313868 0 4 7.33333333333333 5.82141639885766 R1
438 -0.572598334313868 0 4 7.33333333333333 5.82141639885766 R1
436 -0.572598334313868 0 4 7.33333333333333 5.82141639885766 R1
371 -0.572598334313868 0 4 7.33333333333333 5.82141639885766 R1
220 -0.577350269189626 0.444444444444444 2 2.5 0.866025403784439 R2
414 -0.577350269189626 0 2 2.5 0.866025403784439 R1
219 -0.577350269189626 0.444444444444444 2 2.5 0.866025403784439 R2
181 -0.581914373962646 0 4 5.45454545454545 2.49958674270319 R1
335 -0.581914373962646 0 4 5.45454545454545 2.49958674270319 R1
5 -0.588463892392878 0.48 3 5.33333333333333 3.96512575112344 R2
417 -0.588463892392878 0 3 5.33333333333333 3.96512575112344 R1
484 -0.588463892392878 0 3 5.33333333333333 3.96512575112344 R1
15 -0.589661894160787 0 3 4.57142857142857 2.66496544373966 R1
18 -0.589661894160787 0 3 4.57142857142857 2.66496544373966 R1
328 -0.617213399848368 0.625 2 4 3.24037034920393 R3
289 -0.617213399848368 0.444444444444444 2 4 3.24037034920393 R2
357 -0.617213399848368 0 2 4 3.24037034920393 R1
412 -0.618487319469645 0.408163265306122 5 9.5 7.27581610542762 R2
488 -0.618487319469645 0.46875 5 9.5 7.27581610542762 R2
455 -0.618487319469645 0 5 9.5 7.27581610542762 R1
457 -0.618487319469645 0 5 9.5 7.27581610542762 R1
48 -0.618487319469645 0 5 9.5 7.27581610542762 R1
497 -0.619409301844652 0 5 8.22222222222222 5.20208884920872 R1
449 -0.631592615985335 0 7 11.5714285714286 7.23793859479623 R1
296 -0.649309469711051 0 4 6.75 4.23526858652435 R1
383 -0.649309469711051 0 4 6.75 4.23526858652435 R1
41 -0.676123403782814 0 2 3.33333333333333 1.97202659436654 R1
42 -0.676123403782814 0 2 3.33333333333333 1.97202659436654 R1
292 -0.707106781186547 0 1 1.33333333333333 0.471404520791032 R1
116 -0.707106781186547 0 1 1.33333333333333 0.471404520791032 R1
439 -0.707106781186548 0 1 1.33333333333333 0.471404520791032 R1
459 -0.707106781186548 0 1 1.33333333333333 0.471404520791032 R1
28 -0.707106781186548 0 1 1.33333333333333 0.471404520791032 R1
501 -0.707106781186548 0 1 1.33333333333333 0.471404520791032 R1
165 -0.727606875108999 0 2 3.5 2.06155281280883 R1
495 -0.744377834608028 0 3 7.33333333333333 5.82141639885766 R1
201 -0.744377834608028 0 3 7.33333333333333 5.82141639885766 R1
135 -0.751040944289991 0 3 4.72727272727273 2.29983829830427 R1
78 -0.751040944289991 0.56 3 4.72727272727273 2.29983829830427 R2
133 -0.751040944289991 0 3 4.72727272727273 2.29983829830427 R1
511 -0.754851356096398 0 4 7.15789473684211 4.18346567352372 R1
87 -0.754851356096398 0 4 7.15789473684211 4.18346567352372 R1
309 -0.754851356096398 0 4 7.15789473684211 4.18346567352372 R1
86 -0.754851356096398 0 4 7.15789473684211 4.18346567352372 R1
431 -0.755928946018455 0 4 9.5 7.27581610542762 R1
442 -0.795471633445987 0 3 4.76923076923077 2.22412804535399 R1
440 -0.795471633445987 0 3 4.76923076923077 2.22412804535399 R1
441 -0.795471633445987 0 3 4.76923076923077 2.22412804535399 R1
39 -0.801783725737273 0 2 3.5 1.87082869338697 R1
363 -0.801783725737273 0.444444444444444 2 3.5 1.87082869338697 R2
110 -0.801783725737273 0 2 3.5 1.87082869338697 R1
118 -0.806923417635937 0.375 3 6.46153846153846 4.28979799803036 R2
275 -0.806923417635937 0 3 6.46153846153846 4.28979799803036 R1
259 -0.816496580927726 0.375 3 4 1.22474487139159 R2
260 -0.816496580927726 0.375 3 4 1.22474487139159 R2
428 -0.816496580927726 0 1 2 1.22474487139159 R1
505 -0.816496580927726 0 1 2 1.22474487139159 R1
257 -0.816496580927726 0.375 3 4 1.22474487139159 R2
358 -0.828056309743659 0 2 4.70588235294118 3.26775162643086 R1
359 -0.828056309743659 0 2 4.70588235294118 3.26775162643086 R1
486 -0.840662703418397 0 2 5.33333333333333 3.96512575112344 R1
6 -0.840662703418397 0 2 5.33333333333333 3.96512575112344 R1
191 -0.840662703418397 0 2 5.33333333333333 3.96512575112344 R1
489 -0.872698903131788 0.444444444444444 2 5.8 4.35430821141545 R2
298 -0.872698903131788 0 2 5.8 4.35430821141545 R1
59 -0.872698903131788 0 2 5.8 4.35430821141545 R1
290 -0.883883476483184 0 2 3.66666666666667 1.88561808316413 R1
518 -0.885422004151433 0 3 6.75 4.23526858652435 R1
31 -0.893370572567264 0 3 9.5 7.27581610542762 R1
30 -0.893370572567264 0 3 9.5 7.27581610542762 R1
512 -0.90791438547892 0 5 11.5714285714286 7.23793859479623 R1
487 -0.925820099772551 0 1 4 3.24037034920393 R1
316 -0.9271303370596 0 7 10.4444444444444 3.71516744384455 R1
321 -0.9271303370596 0 7 10.4444444444444 3.71516744384455 R1
319 -0.9271303370596 0 7 10.4444444444444 3.71516744384455 R1
337 -0.92847669088526 0 1 3.5 2.69258240356725 R1
388 -0.92847669088526 0 1 3.5 2.69258240356725 R1
430 -0.92847669088526 0 1 3.5 2.69258240356725 R1
415 -0.92847669088526 0.5 1 3.5 2.69258240356725 R2
126 -0.95065415136527 0 3 6.25 3.41869858279434 R1
112 -0.970142500145331 0.625 4 6.66666666666667 2.74873708374511 R3
91 -0.993887618860257 0.611111111111111 3 7.15789473684211 4.18346567352372 R2
88 -0.993887618860257 0 3 7.15789473684211 4.18346567352372 R1
192 -0.993887618860257 0 3 7.15789473684211 4.18346567352372 R1
423 -1 0 3 3.5 0.5 R1
422 -1 0 3 3.5 0.5 R1
493 -1.00387024781719 0.56 3 8.22222222222222 5.20208884920872 R2
494 -1.00387024781719 0.56 3 8.22222222222222 5.20208884920872 R2
540 -1.03081219911607 0 2 9.5 7.27581610542762 R1
50 -1.03081219911607 0 2 9.5 7.27581610542762 R1
119 -1.04003462717521 0 2 6.46153846153846 4.28979799803036 R1
105 -1.04607527022571 0 4 11.5714285714286 7.23793859479623 R1
496 -1.08793683519635 0 1 7.33333333333333 5.82141639885766 R1
103 -1.09544511501033 0 1 3 1.82574185835055 R1
404 -1.09544511501033 0.5 1 3 1.82574185835055 R2
485 -1.1023565092191 0 1 5.8 4.35430821141545 R1
517 -1.1180339887499 0 1 2 0.894427190999915 R1
278 -1.1180339887499 0 1 2 0.894427190999915 R1
299 -1.12153453859181 0 2 6.75 4.23526858652435 R1
107 -1.12815214963553 0 6 8 1.77281052085584 R1
109 -1.12815214963553 0 6 8 1.77281052085584 R1
108 -1.12815214963553 0 6 8 1.77281052085584 R1
525 -1.12815214963553 0.444444444444444 2 4 1.77281052085584 R2
471 -1.13407711986632 0 1 4.70588235294118 3.26775162643086 R1
432 -1.13407711986632 0 1 4.70588235294118 3.26775162643086 R1
72 -1.13407711986632 0 1 4.70588235294118 3.26775162643086 R1
247 -1.16825382566488 0 1 9.5 7.27581610542762 R1
372 -1.16825382566488 0 1 9.5 7.27581610542762 R1
390 -1.16825382566488 0 1 9.5 7.27581610542762 R1
513 -1.18321595661992 0 1 3.33333333333333 1.97202659436654 R1
427 -1.18585412256314 0 2 4.72727272727273 2.29983829830427 R1
426 -1.18585412256314 0 2 4.72727272727273 2.29983829830427 R1
288 -1.19610072080347 0 2 8.22222222222222 5.20208884920872 R1
184 -1.21267812518166 0 1 3.5 2.06155281280883 R1
520 -1.23292388162412 0 2 7.15789473684211 4.18346567352372 R1
521 -1.23292388162412 0 2 7.15789473684211 4.18346567352372 R1
386 -1.27314583671448 0 1 6.46153846153846 4.28979799803036 R1
189 -1.3223970397193 0 2 11.5714285714286 7.23793859479623 R1
188 -1.3223970397193 0 2 11.5714285714286 7.23793859479623 R1
524 -1.34014066854724 0 1 4.57142857142857 2.66496544373966 R1
186 -1.34164078649987 0 2 3.5 1.11803398874989 R1
510 -1.3703203194063 0 1 2.85714285714286 1.35526185435788 R1
245 -1.3703203194063 0 1 2.85714285714286 1.35526185435788 R1
311 -1.38204663816128 0 2 5.45454545454545 2.49958674270319 R1
312 -1.38204663816128 0 2 5.45454545454545 2.49958674270319 R1
331 -1.38833119378974 0 1 8.22222222222222 5.20208884920872 R1
387 -1.38833119378974 0 1 8.22222222222222 5.20208884920872 R1
301 -1.41421356237309 0 2 3.33333333333333 0.942809041582064 R1
131 -1.41421356237309 0 2 2.66666666666667 0.471404520791032 R1
193 -1.41421356237309 0 2 2.66666666666667 0.471404520791032 R1
454 -1.41421356237309 0 1 3.66666666666667 1.88561808316413 R1
167 -1.41421356237309 0 1 2 0.707106781186548 R1
370 -1.41421356237311 0 4 4.66666666666667 0.471404520791027 R1
477 -1.46546408115872 0 5 10.4444444444444 3.71516744384455 R1
472 -1.53567209066697 0 1 6.25 3.41869858279434 R1
523 -1.60018938273133 0 1 3.6 1.62480768092719 R1
529 -1.64798001551548 0 4 22.3 11.104503590886 R1
530 -1.64798001551548 0 4 22.3 11.104503590886 R1
528 -1.64798001551548 0 4 22.3 11.104503590886 R1
519 -1.6922282244533 0 1 4 1.77281052085584 R1
138 -1.69774937525433 0 2 6.66666666666667 2.74873708374511 R1
461 -1.70560573084488 0 1 5 2.34520787991171 R1
75 -1.73205080756888 0 3 4.5 0.866025403784439 R1
470 -1.8280871210363 0 2 22.3 11.104503590886 R1
469 -1.8280871210363 0 2 22.3 11.104503590886 R1
533 -1.95003373789978 0 1 4.4 1.74355957741627 R1
153 -2 0 4 6.4 1.2 R1
492 -2.19063757589655 0 1 8.28571428571429 3.32584192194937 R1
