87 4.01055592449842 0.145429362880886 35 5.83333333333333 7.27247474309048 R5
125 3.38135281174118 0 25 6.22222222222222 5.55333288871102 R5
214 3.35779216901369 0.533203125 21 4.58823529411765 4.88766543008023 R6
253 3.34355317380881 0.5472 15 4 3.2899132833199 R6
120 3.08209699403685 0.229166666666667 21 5.23076923076923 5.11639666102027 R5
10 2.67746730490424 0.478668054110302 22 5.76470588235294 6.06367595522431 R6
132 2.64329080908058 0.54 13 5.23076923076923 2.93922664223735 R6
49 2.60622101589768 0.0739644970414201 25 7.23076923076923 6.81800609420318 R5
60 2.60548172740611 0.370510396975425 18 5.83333333333333 4.6696419087073 R6
137 2.58589998407405 0 17 5.57894736842105 4.41666448892784 R5
130 2.51167950122005 0.0997229916897509 18 5.6 4.93693562175296 R5
68 2.45460579436592 0.253968253968254 18 7.75 4.17582327212252 R2
20 2.45448288372471 0.265927977839335 16 6.23529411764706 3.97831492209669 R2
21 2.33200242155055 0.659763313609468 12 4.18181818181818 3.35256162083378 R3
261 2.28747855498907 0 7 3.25 1.6393596310755 R1
553 2.27109989583068 0 8 4.88888888888889 1.36986977843755 R1
98 2.26415233792089 0 12 4.44444444444444 3.33703498170693 R1
69 2.18945797761488 0.13265306122449 13 4.8 3.74521917471684 R2
70 2.18945797761488 0.13265306122449 13 4.8 3.74521917471684 R2
386 2.16598461714347 0.513888888888889 8 3.8 1.93907194296653 R2
133 2.15853648993788 0.62962962962963 10 3.55555555555556 2.98556196500987 R3
215 2.13453742061366 0.37037037037037 7 3.14285714285714 1.8070158058105 R2
256 2.11695098702863 0.40625 6 3.25 1.29903810567666 R2
108 2.02259958738973 0 9 5.25 1.85404962177392 R1
56 2 0.5 4 1.6 1.2 R2
96 1.99279601441196 0.419659735349717 17 6.55555555555556 5.24110062892034 R2
248 1.99279601441196 0.44234404536862 17 6.55555555555556 5.24110062892034 R2
58 1.9149678398543 0.561224489795918 18 7.4 5.53534100123922 R2
73 1.89877153268458 0 10 5.27272727272727 2.48964798865985 R1
37 1.8528849827417 0.427221172022684 17 5.76470588235294 6.06367595522431 R2
88 1.81047953163072 0.287334593572779 19 5.83333333333333 7.27247474309048 R2
269 1.73431049647182 0.526627218934911 17 7.4 5.53534100123922 R2
6 1.73205080756888 0.446280991735537 8 4 2.3094010767585 R2
332 1.70039476884543 0 13 6.23529411764706 3.97831492209669 R1
186 1.68023916015872 0.24 13 5.57894736842105 4.41666448892784 R2
41 1.60356745147454 0 4 2.8 0.748331477354789 R1
565 1.58113883008419 0.375 3 2 0.632455532033675 R2
545 1.58113883008419 0 3 2 0.632455532033676 R1
46 1.57082991800504 0.491735537190083 15 8.22222222222222 4.31477507532169 R2
84 1.52664506722759 0 7 4.57142857142857 1.59078981795143 R1
83 1.52664506722759 0 7 4.57142857142857 1.59078981795143 R1
39 1.52305205387669 0.290123456790123 15 5.76470588235294 6.06367595522431 R2
338 1.51185789203691 0 17 9 5.29150262212918 R1
226 1.49890550879261 0 13 5.6 4.93693562175296 R1
22 1.49710832384745 0 9 5.27272727272727 2.48964798865985 R1
341 1.4371642830486 0.402777777777778 9 4.18181818181818 3.35256162083378 R2
397 1.4368424162142 0 11 7 2.78388218141501 R1
503 1.43207802078906 0 6 3.25 1.92028643696715 R1
515 1.43207802078906 0 6 3.25 1.92028643696715 R1
16 1.4142135623731 0.32 4 2.66666666666667 0.942809041582063 R2
14 1.4142135623731 0.32 4 2.66666666666667 0.942809041582063 R2
94 1.4142135623731 0 2 1.33333333333333 0.471404520791032 R1
283 1.4142135623731 0 7 4 2.12132034355964 R1
25 1.41421356237309 0 2 1.33333333333333 0.471404520791032 R1
530 1.41421356237309 0.375 3 2 0.707106781186548 R2
4 1.37281294596729 0 7 4.66666666666667 1.69967317119759 R1
229 1.34164078649987 0 5 3.5 1.11803398874989 R1
231 1.34164078649987 0.444444444444444 4 2.5 1.11803398874989 R2
171 1.34164078649987 0.612244897959184 4 2.28571428571429 1.27775312999988 R2
172 1.34164078649987 0.32 4 2.28571428571429 1.27775312999988 R2
146 1.31182561441754 0.484375 11 4.58823529411765 4.88766543008023 R2
78 1.30930734141596 0.524691358024691 12 8 3.05505046330389 R2
225 1.29635071030712 0.442906574394464 12 5.6 4.93693562175296 R2
149 1.28618699485859 0 16 7.23076923076923 6.81800609420318 R1
222 1.22959754080738 0.3203125 13 6.55555555555556 5.24110062892034 R2
184 1.22740874820105 0 11 5.57894736842105 4.41666448892784 R1
64 1.22474487139159 0.32 4 2.8 0.979795897113271 R2
238 1.22474487139159 0 4 2.8 0.979795897113272 R1
147 1.22048829299534 0 13 6.22222222222222 5.55333288871102 R1
8 1.21583751774866 0 8 4 3.2899132833199 R1
299 1.16666666666667 0.277777777777778 5 3.6 1.2 R2
300 1.16666666666667 0.277777777777778 5 3.6 1.2 R2
309 1.12142969585152 0 9 4.8 3.74521917471684 R1
44 1.1073063356429 0 13 8.22222222222222 4.31477507532169 R1
61 1.10643744588479 0 11 5.83333333333333 4.6696419087073 R1
110 1.06610448335931 0 21 12.8 7.69155380921176 R1
173 1.06610448335931 0 21 12.8 7.69155380921176 R1
111 1.06610448335931 0 21 12.8 7.69155380921176 R1
99 1.06548345313924 0.197530864197531 8 4.44444444444444 3.33703498170693 R2
151 1.04041624976652 0 12 6.22222222222222 5.55333288871102 R1
156 1.01776337815172 0.142011834319526 12 7.75 4.17582327212252 R2
136 1.00099354222221 0 10 5.57894736842105 4.41666448892784 R1
187 1.00099354222221 0.444444444444444 10 5.57894736842105 4.41666448892784 R2
202 1 0 4 3.5 0.5 R1
380 1 0 4 3 1 R1
381 1 0 4 3 1 R1
200 1 0 4 3.5 0.5 R1
19 0.946306653966155 0.71900826446281 10 6.23529411764706 3.97831492209669 R3
339 0.944911182523068 0 14 9 5.29150262212918 R1
107 0.943879807448539 0 7 5.25 1.85404962177392 R1
428 0.942809041582063 0 6 4 2.12132034355964 R1
425 0.942809041582063 0 6 4 2.12132034355964 R1
189 0.942163060662385 0.396694214876033 8 5.23076923076923 2.93922664223735 R2
190 0.942163060662385 0 8 5.23076923076923 2.93922664223735 R1
249 0.847998304005088 0.152777777777778 11 6.55555555555556 5.24110062892034 R2
246 0.847998304005088 0.60387811634349 11 6.55555555555556 5.24110062892034 R2
247 0.847998304005088 0.152777777777778 11 6.55555555555556 5.24110062892034 R2
451 0.818755220321266 0.244897959183674 6 3.55555555555556 2.98556196500987 R2
452 0.818755220321266 0.493827160493827 6 3.55555555555556 2.98556196500987 R2
292 0.816496580927726 0 6 5 1.22474487139159 R1
291 0.816496580927726 0 6 5 1.22474487139159 R1
578 0.813733471206735 0 11 8.66666666666667 2.86744175568088 R1
579 0.813733471206735 0 11 8.66666666666667 2.86744175568088 R1
577 0.813733471206735 0 11 8.66666666666667 2.86744175568088 R1
12 0.811107105653813 0.54 6 4.88888888888889 1.36986977843755 R2
537 0.811107105653813 0.40625 6 4.88888888888889 1.36986977843755 R2
175 0.806078999613133 0 19 12.8 7.69155380921176 R1
174 0.806078999613133 0 19 12.8 7.69155380921176 R1
3 0.784464540552737 0 6 4.66666666666667 1.69967317119759 R1
160 0.778289642116024 0 11 7.75 4.17582327212252 R1
399 0.7184212081071 0 9 7 2.78388218141501 R1
398 0.7184212081071 0 9 7 2.78388218141501 R1
396 0.7184212081071 0 9 7 2.78388218141501 R1
140 0.702959491566638 0 7 5.14285714285714 2.64189171555813 R1
144 0.702959491566638 0 7 5.14285714285714 2.64189171555813 R1
143 0.702959491566638 0 7 5.14285714285714 2.64189171555813 R1
141 0.702959491566638 0 7 5.14285714285714 2.64189171555813 R1
335 0.694943949006395 0.459183673469388 9 6.23529411764706 3.97831492209669 R2
375 0.694943949006395 0 9 6.23529411764706 3.97831492209669 R1
23 0.693781906173211 0.21875 7 5.27272727272727 2.48964798865985 R2
153 0.680272163308876 0 10 6.22222222222222 5.55333288871102 R1
113 0.654653670707978 0 10 8 3.05505046330389 R1
112 0.654653670707978 0 10 8 3.05505046330389 R1
560 0.618852747755276 0.53125 5 3.8 1.93907194296653 R2
243 0.618852747755276 0.53125 5 3.8 1.93907194296653 R2
550 0.607918758874329 0 6 4 3.2899132833199 R1
465 0.577350269189626 0.571428571428572 4 3.25 1.29903810567666 R2
181 0.572936560642632 0.537037037037037 10 5.83333333333333 7.27247474309048 R2
180 0.572936560642632 0.355029585798816 10 5.83333333333333 7.27247474309048 R2
170 0.559016994374948 0.375 3 2.28571428571429 1.27775312999988 R2
47 0.552834760947992 0.152777777777778 11 7.23076923076923 6.81800609420318 R2
48 0.552834760947992 0.152777777777778 11 7.23076923076923 6.81800609420318 R2
185 0.548163130264546 0 8 5.57894736842105 4.41666448892784 R1
28 0.542326144546641 0.644628099173554 6 4.18181818181818 3.35256162083378 R3
512 0.541246301391837 0.197530864197531 8 5.23076923076923 5.11639666102027 R2
513 0.541246301391837 0.197530864197531 8 5.23076923076923 5.11639666102027 R2
157 0.538815906080325 0 10 7.75 4.17582327212252 R1
492 0.493438992579073 0.37037037037037 7 4.58823529411765 4.88766543008023 R2
455 0.493438992579073 0 7 4.58823529411765 4.88766543008023 R1
27 0.486131516365171 0.579881656804734 8 5.6 4.93693562175296 R2
216 0.474341649025257 0.5 4 3.14285714285714 1.8070158058105 R2
59 0.463989896661362 0.197530864197531 8 5.83333333333333 4.6696419087073 R2
260 0.457495710997814 0 4 3.25 1.6393596310755 R1
230 0.447213595499958 0 3 2.5 1.11803398874989 R1
349 0.447213595499958 0 4 3.5 1.11803398874989 R1
90 0.4354317860884 0 9 5.83333333333333 7.27247474309048 R1
506 0.433012701892219 0.277777777777778 5 4 2.3094010767585 R2
505 0.433012701892219 0.277777777777778 5 4 2.3094010767585 R2
327 0.412020962099684 0 10 8.22222222222222 4.31477507532169 R1
326 0.412020962099684 0 10 8.22222222222222 4.31477507532169 R1
328 0.412020962099684 0 10 8.22222222222222 4.31477507532169 R1
504 0.390566732942472 0 4 3.25 1.92028643696715 R1
514 0.390566732942472 0 4 3.25 1.92028643696715 R1
11 0.368636802849134 0.396694214876033 8 5.76470588235294 6.06367595522431 R2
118 0.345796248111452 0 7 5.23076923076923 5.11639666102027 R1
142 0.324442842261525 0.54 6 5.14285714285714 2.64189171555813 R2
351 0.303959379437165 0 5 4 3.2899132833199 R1
9 0.303959379437165 0.53125 5 4 3.2899132833199 R2
163 0.299342170044625 0 9 7.75 4.17582327212252 R1
159 0.299342170044625 0 9 7.75 4.17582327212252 R1
162 0.299342170044625 0 9 7.75 4.17582327212252 R1
158 0.299342170044625 0 9 7.75 4.17582327212252 R1
161 0.299342170044625 0 9 7.75 4.17582327212252 R1
164 0.299342170044625 0 9 7.75 4.17582327212252 R1
72 0.292118697336089 0 6 5.27272727272727 2.48964798865985 R1
567 0.288842337119458 0 6 4.58823529411765 4.88766543008023 R1
402 0.267261241912424 0.375 3 2.8 0.748331477354789 R2
40 0.267261241912424 0 3 2.8 0.748331477354789 R1
204 0.261711961295107 0 6 5.23076923076923 2.93922664223735 R1
150 0.259493867383751 0 9 7.23076923076923 6.81800609420318 R1
346 0.249840713586887 0.42 7 5.83333333333333 4.6696419087073 R2
361 0.204124145231932 0 3 2.8 0.979795897113272 R1
362 0.204124145231932 0 3 2.8 0.979795897113272 R1
360 0.204124145231932 0 3 2.8 0.979795897113272 R1
391 0.204124145231931 0 3 2.8 0.979795897113271 R1
392 0.204124145231931 0 3 2.8 0.979795897113271 R1
393 0.204124145231931 0 3 2.8 0.979795897113271 R1
31 0.196116135138184 0 5 4.66666666666667 1.69967317119759 R1
30 0.196116135138184 0 5 4.66666666666667 1.69967317119759 R1
374 0.192218539086876 0 7 6.23529411764706 3.97831492209669 R1
376 0.188982236504614 0 10 9 5.29150262212918 R1
100 0.166481789553007 0 5 4.44444444444444 3.33703498170693 R1
89 0.160422236979937 0.462809917355372 7 5.83333333333333 7.27247474309048 R2
119 0.150346194831066 0 6 5.23076923076923 5.11639666102027 R1
365 0.108394406029489 0.568047337278106 8 7.4 5.53534100123922 R2
271 0.108394406029489 0.544378698224852 8 7.4 5.53534100123922 R2
559 0.103142124625879 0.5 4 3.8 1.93907194296653 R2
145 0.103142124625879 0.666666666666667 4 3.8 1.93907194296653 R3
561 0.103142124625879 0.32 4 3.8 1.93907194296653 R2
97 0.0847998304005088 0.21875 7 6.55555555555556 5.24110062892034 R2
467 0.0810219193941952 0.244897959183674 6 5.6 4.93693562175296 R2
219 0.0810219193941952 0.244897959183674 6 5.6 4.93693562175296 R2
71 0.0534014140881674 0 5 4.8 3.74521917471684 R1
308 0.0534014140881674 0 5 4.8 3.74521917471684 R1
592 0.0534014140881674 0 5 4.8 3.74521917471684 R1
500 0.0388038739841196 0 6 5.76470588235294 6.06367595522431 R1
525 0.0356915305124125 0.244897959183674 6 5.83333333333333 4.6696419087073 R2
344 0.0356915305124125 0 6 5.83333333333333 4.6696419087073 R1
468 0.0229174624257051 0 6 5.83333333333333 7.27247474309048 R1
1 2.69970161281531e-16 0.32 4 4 3.2899132833199 R2
546 0 0 2 2 0.632455532033676 R1
599 0 0 2 2 0.632455532033675 R1
529 0 0 2 2 0.707106781186548 R1
427 0 0 4 4 2.12132034355964 R1
613 0 0 2 2 0.632455532033676 R1
212 0 0.444444444444444 2 2 0.707106781186548 R2
426 0 0 4 4 2.12132034355964 R1
600 0 0 2 2 0.632455532033675 R1
566 0 0.444444444444444 2 2 0.632455532033675 R2
330 0 0 5 5 1.22474487139159 R1
614 0 0 2 2 0.632455532033676 R1
114 -5.81449262700298e-16 0.473372781065089 8 8 3.05505046330389 R2
148 -0.0400160096064045 0 6 6.22222222222222 5.55333288871102 R1
77 -0.054232614454664 0.5 4 4.18181818181818 3.35256162083378 R2
13 -0.054232614454664 0.489795918367347 4 4.18181818181818 3.35256162083378 R2
337 -0.0591441658728842 0 6 6.23529411764706 3.97831492209669 R1
334 -0.0591441658728842 0 6 6.23529411764706 3.97831492209669 R1
333 -0.0591441658728842 0 6 6.23529411764706 3.97831492209669 R1
336 -0.0591441658728842 0 6 6.23529411764706 3.97831492209669 R1
363 -0.0722629373529925 0.345679012345679 7 7.4 5.53534100123922 R2
188 -0.0785135883885321 0 5 5.23076923076923 2.93922664223735 R1
369 -0.0785135883885321 0.641975308641975 5 5.23076923076923 2.93922664223735 R3
218 -0.0790569415042092 0.56 3 3.14285714285714 1.8070158058105 R2
217 -0.0790569415042092 0.56 3 3.14285714285714 1.8070158058105 R2
63 -0.105999788000636 0.59504132231405 6 6.55555555555556 5.24110062892034 R2
532 -0.109544511501033 0 5 5.27272727272727 2.48964798865985 R1
533 -0.109544511501033 0 5 5.27272727272727 2.48964798865985 R1
583 -0.120350973799774 0 4 4.58823529411765 4.88766543008023 R1
384 -0.126112590448388 0 5 5.76470588235294 6.06367595522431 R1
429 -0.133185431642405 0 4 4.44444444444444 3.33703498170693 R1
104 -0.134839972492648 0 5 5.25 1.85404962177392 R1
103 -0.134839972492648 0.408163265306122 5 5.25 1.85404962177392 R2
106 -0.134839972492648 0 5 5.25 1.85404962177392 R1
105 -0.134839972492648 0 5 5.25 1.85404962177392 R1
389 -0.152498570332605 0 3 3.25 1.6393596310755 R1
273 -0.152498570332605 0 3 3.25 1.6393596310755 R1
388 -0.152498570332605 0 3 3.25 1.6393596310755 R1
390 -0.152498570332605 0 3 3.25 1.6393596310755 R1
312 -0.18051747296261 0 6 7.23076923076923 6.81800609420318 R1
453 -0.186080731891197 0.375 3 3.55555555555556 2.98556196500987 R2
587 -0.186080731891197 0 3 3.55555555555556 2.98556196500987 R1
541 -0.192450089729875 0.375 3 3.25 1.29903810567666 R2
542 -0.192450089729875 0.375 3 3.25 1.29903810567666 R2
255 -0.192450089729875 0.375 3 3.25 1.29903810567666 R2
258 -0.192450089729875 0.375 3 3.25 1.29903810567666 R2
257 -0.192450089729875 0.375 3 3.25 1.29903810567666 R2
605 -0.213605656352672 0 4 4.8 3.74521917471684 R1
154 -0.220088052835225 0 5 6.22222222222222 5.55333288871102 R1
152 -0.220088052835225 0 5 6.22222222222222 5.55333288871102 R1
155 -0.220088052835225 0 5 6.22222222222222 5.55333288871102 R1
305 -0.223606797749978 0 2 2.28571428571429 1.27775312999988 R1
576 -0.232495277487638 0 8 8.66666666666667 2.86744175568088 R1
575 -0.232495277487638 0 8 8.66666666666667 2.86744175568088 R1
638 -0.252092086682758 0 4 5.83333333333333 7.27247474309048 R1
640 -0.252092086682758 0 4 5.83333333333333 7.27247474309048 R1
639 -0.252092086682758 0 4 5.83333333333333 7.27247474309048 R1
128 -0.252092086682758 0 4 5.83333333333333 7.27247474309048 R1
270 -0.252920280735474 0.493827160493827 6 7.4 5.53534100123922 R2
45 -0.283264411443532 0 7 8.22222222222222 4.31477507532169 R1
38 -0.291029054880895 0.5 4 5.76470588235294 6.06367595522431 R2
440 -0.303959379437164 0 3 4 3.2899132833199 R1
281 -0.303959379437164 0.375 3 4 3.2899132833199 R2
439 -0.303959379437164 0 3 4 3.2899132833199 R1
551 -0.303959379437164 0 3 4 3.2899132833199 R1
319 -0.303959379437164 0.48 3 4 3.2899132833199 R2
549 -0.303959379437164 0 3 4 3.2899132833199 R1
129 -0.324087677576781 0 4 5.6 4.93693562175296 R1
131 -0.324087677576781 0 4 5.6 4.93693562175296 R1
466 -0.324087677576781 0.32 4 5.6 4.93693562175296 R2
634 -0.32494762925939 0 3 4.58823529411765 4.88766543008023 R1
524 -0.32494762925939 0 3 4.58823529411765 4.88766543008023 R1
523 -0.32494762925939 0 3 4.58823529411765 4.88766543008023 R1
522 -0.32494762925939 0 3 4.58823529411765 4.88766543008023 R1
539 -0.352511993955316 0.375 3 4.18181818181818 3.35256162083378 R2
208 -0.357497693650791 0 4 5.57894736842105 4.41666448892784 R1
211 -0.357497693650791 0 4 5.57894736842105 4.41666448892784 R1
135 -0.357497693650791 0 4 5.57894736842105 4.41666448892784 R1
209 -0.357497693650791 0 4 5.57894736842105 4.41666448892784 R1
210 -0.357497693650791 0 4 5.57894736842105 4.41666448892784 R1
434 -0.35921060405355 0 4 4.57142857142857 1.59078981795143 R1
436 -0.35921060405355 0 4 4.57142857142857 1.59078981795143 R1
435 -0.35921060405355 0 4 4.57142857142857 1.59078981795143 R1
584 -0.35921060405355 0 6 7 2.78388218141501 R1
266 -0.364035677244641 0 10 12.8 7.69155380921176 R1
42 -0.377964473009227 0 7 9 5.29150262212918 R1
206 -0.38959686123699 0 3 5.83333333333333 7.27247474309048 R1
139 -0.38959686123699 0 3 5.83333333333333 7.27247474309048 R1
205 -0.38959686123699 0 3 5.83333333333333 7.27247474309048 R1
475 -0.38959686123699 0 3 5.83333333333333 7.27247474309048 R1
138 -0.38959686123699 0 3 5.83333333333333 7.27247474309048 R1
207 -0.38959686123699 0 3 5.83333333333333 7.27247474309048 R1
345 -0.392606835636537 0 4 5.83333333333333 4.6696419087073 R1
183 -0.400160096064045 0 4 6.22222222222222 5.55333288871102 R1
265 -0.400160096064045 0 4 6.22222222222222 5.55333288871102 R1
264 -0.400160096064045 0 4 6.22222222222222 5.55333288871102 R1
182 -0.400160096064045 0 4 6.22222222222222 5.55333288871102 R1
385 -0.412568498503517 0.48 3 3.8 1.93907194296653 R2
387 -0.412568498503517 0 3 3.8 1.93907194296653 R1
368 -0.418739138072171 0 4 5.23076923076923 2.93922664223735 R1
367 -0.418739138072171 0 4 5.23076923076923 2.93922664223735 R1
302 -0.418739138072171 0 4 5.23076923076923 2.93922664223735 R1
366 -0.418739138072171 0 4 5.23076923076923 2.93922664223735 R1
191 -0.418739138072171 0 4 5.23076923076923 2.93922664223735 R1
431 -0.432852652837818 0 3 4.44444444444444 3.33703498170693 R1
364 -0.432852652837818 0 3 4.44444444444444 3.33703498170693 R1
430 -0.432852652837818 0 3 4.44444444444444 3.33703498170693 R1
507 -0.433012701892219 0 3 4 2.3094010767585 R1
544 -0.436003965010091 0 3 5.23076923076923 5.11639666102027 R1
318 -0.436003965010091 0 3 5.23076923076923 5.11639666102027 R1
316 -0.447213595499958 0 2 2.5 1.11803398874989 R1
228 -0.447213595499958 0 3 3.5 1.11803398874989 R1
311 -0.455945519313403 0 3 5.76470588235294 6.06367595522431 R1
280 -0.455945519313403 0.375 3 5.76470588235294 6.06367595522431 R2
526 -0.455945519313403 0 3 5.76470588235294 6.06367595522431 R1
603 -0.455945519313403 0 3 5.76470588235294 6.06367595522431 R1
177 -0.471404520791032 0 3 4 2.12132034355964 R1
313 -0.47385836652685 0 4 7.23076923076923 6.81800609420318 R1
598 -0.480612726793511 0 3 4.8 3.74521917471684 R1
637 -0.480612726793511 0 3 4.8 3.74521917471684 R1
636 -0.480612726793511 0 3 4.8 3.74521917471684 R1
470 -0.480612726793511 0 3 4.8 3.74521917471684 R1
285 -0.487599024802925 0 4 6.55555555555556 5.24110062892034 R1
284 -0.487599024802925 0 4 6.55555555555556 5.24110062892034 R1
57 -0.5 0.5 1 1.6 1.2 R2
488 -0.5 0 1 1.6 1.2 R1
301 -0.5 0 3 3.6 1.2 R1
298 -0.5 0 3 3.6 1.2 R1
547 -0.5 0.5 1 1.6 1.2 R2
626 -0.5 0 1 1.6 1.2 R1
24 -0.511207720338154 0 4 5.27272727272727 2.48964798865985 R1
74 -0.511207720338154 0.612244897959184 4 5.27272727272727 2.48964798865985 R2
121 -0.511207720338154 0 4 5.27272727272727 2.48964798865985 R1
340 -0.527101635791222 0 2 5.83333333333333 7.27247474309048 R1
569 -0.527101635791222 0 2 5.83333333333333 7.27247474309048 R1
568 -0.527101635791222 0 2 5.83333333333333 7.27247474309048 R1
378 -0.529544284719005 0 2 4.58823529411765 4.88766543008023 R1
489 -0.529544284719005 0.5 2 4.58823529411765 4.88766543008023 R2
379 -0.529544284719005 0 2 4.58823529411765 4.88766543008023 R1
444 -0.561869575792404 0 4 6.23529411764706 3.97831492209669 R1
244 -0.580232139292865 0 3 6.22222222222222 5.55333288871102 R1
329 -0.580232139292865 0 3 6.22222222222222 5.55333288871102 R1
245 -0.580232139292865 0 3 6.22222222222222 5.55333288871102 R1
535 -0.583912899629625 0 3 5.57894736842105 4.41666448892784 R1
617 -0.583912899629625 0 3 5.57894736842105 4.41666448892784 R1
254 -0.606756018711012 0 3 5.83333333333333 4.6696419087073 R1
623 -0.606756018711012 0.375 3 5.83333333333333 4.6696419087073 R2
350 -0.607918758874328 0 2 4 3.2899132833199 R1
7 -0.607918758874328 0 2 4 3.2899132833199 R1
268 -0.614234967500436 0.32 4 7.4 5.53534100123922 R2
483 -0.620528813308971 0 3 7.23076923076923 6.81800609420318 R1
589 -0.620528813308971 0 3 7.23076923076923 6.81800609420318 R1
493 -0.62086198374591 0 2 5.76470588235294 6.06367595522431 R1
519 -0.62086198374591 0 2 5.76470588235294 6.06367595522431 R1
383 -0.62086198374591 0 2 5.76470588235294 6.06367595522431 R1
595 -0.631454018290477 0 2 5.23076923076923 5.11639666102027 R1
508 -0.631454018290477 0.444444444444444 2 5.23076923076923 5.11639666102027 R2
405 -0.631454018290477 0.625 2 5.23076923076923 5.11639666102027 R3
317 -0.631454018290477 0 2 5.23076923076923 5.11639666102027 R1
632 -0.631454018290477 0 2 5.23076923076923 5.11639666102027 R1
406 -0.631454018290477 0.625 2 5.23076923076923 5.11639666102027 R3
395 -0.632455532033675 0 2 3.14285714285714 1.8070158058105 R1
394 -0.632455532033675 0 2 3.14285714285714 1.8070158058105 R1
548 -0.648885684523051 0.571428571428571 4 4.88888888888889 1.36986977843755 R2
412 -0.648885684523051 0.444444444444444 4 4.88888888888889 1.36986977843755 R2
554 -0.648885684523051 0 4 4.88888888888889 1.36986977843755 R1
628 -0.648885684523051 0 4 4.88888888888889 1.36986977843755 R1
629 -0.648885684523051 0 4 4.88888888888889 1.36986977843755 R1
53 -0.648885684523051 0.489795918367347 4 4.88888888888889 1.36986977843755 R2
540 -0.650791373455969 0 2 4.18181818181818 3.35256162083378 R1
585 -0.650791373455969 0 2 4.18181818181818 3.35256162083378 R1
586 -0.650791373455969 0 2 4.18181818181818 3.35256162083378 R1
527 -0.650944554904119 0 2 3.25 1.92028643696715 R1
528 -0.650944554904119 0 2 3.25 1.92028643696715 R1
502 -0.664606410345453 0 1 5.83333333333333 7.27247474309048 R1
601 -0.664606410345453 0 1 5.83333333333333 7.27247474309048 R1
432 -0.664606410345453 0 1 5.83333333333333 7.27247474309048 R1
476 -0.664606410345453 0 1 5.83333333333333 7.27247474309048 R1
622 -0.67839864320407 0.375 3 6.55555555555556 5.24110062892034 R2
624 -0.67839864320407 0 3 6.55555555555556 5.24110062892034 R1
625 -0.67839864320407 0 3 6.55555555555556 5.24110062892034 R1
275 -0.707106781186547 0 1 1.33333333333333 0.471404520791032 R1
26 -0.707106781186547 0 1 1.33333333333333 0.471404520791032 R1
93 -0.707106781186548 0 1 1.33333333333333 0.471404520791032 R1
15 -0.707106781186548 0.444444444444444 2 2.66666666666667 0.942809041582063 R2
370 -0.707106781186548 0 1 1.33333333333333 0.471404520791032 R1
18 -0.707106781186548 0 2 2.66666666666667 0.942809041582063 R1
272 -0.707106781186548 0 2 2.66666666666667 0.942809041582063 R1
17 -0.707106781186548 0 2 2.66666666666667 0.942809041582063 R1
400 -0.7184212081071 0 5 7 2.78388218141501 R1
401 -0.7184212081071 0 5 7 2.78388218141501 R1
220 -0.729197274547758 0 2 5.6 4.93693562175296 R1
438 -0.729197274547758 0.64 2 5.6 4.93693562175296 R3
221 -0.729197274547758 0 2 5.6 4.93693562175296 R1
610 -0.734140940178621 0 1 4.58823529411765 4.88766543008023 R1
293 -0.734140940178621 0 1 4.58823529411765 4.88766543008023 R1
450 -0.734140940178621 0 1 4.58823529411765 4.88766543008023 R1
491 -0.734140940178621 0 1 4.58823529411765 4.88766543008023 R1
377 -0.746787993805677 0 5 8.22222222222222 4.31477507532169 R1
442 -0.74761979723435 0 2 4.8 3.74521917471684 R1
441 -0.74761979723435 0 2 4.8 3.74521917471684 R1
109 -0.754073902863899 0 7 12.8 7.69155380921176 R1
127 -0.760304182521685 0 2 6.22222222222222 5.55333288871102 R1
126 -0.760304182521685 0 2 6.22222222222222 5.55333288871102 R1
303 -0.760304182521685 0 2 6.22222222222222 5.55333288871102 R1
259 -0.762492851663023 0 2 3.25 1.6393596310755 R1
485 -0.767199260091091 0 2 7.23076923076923 6.81800609420318 R1
484 -0.767199260091091 0 2 7.23076923076923 6.81800609420318 R1
602 -0.785778448178418 0 1 5.76470588235294 6.06367595522431 R1
478 -0.785778448178418 0 1 5.76470588235294 6.06367595522431 R1
310 -0.785778448178418 0 1 5.76470588235294 6.06367595522431 R1
562 -0.81032810560846 0 2 5.57894736842105 4.41666448892784 R1
279 -0.81032810560846 0 2 5.57894736842105 4.41666448892784 R1
419 -0.81032810560846 0 2 5.57894736842105 4.41666448892784 R1
618 -0.81032810560846 0 2 5.57894736842105 4.41666448892784 R1
278 -0.81032810560846 0 2 5.57894736842105 4.41666448892784 R1
289 -0.813232280752164 0.375 3 6.23529411764706 3.97831492209669 R2
290 -0.813232280752164 0.375 3 6.23529411764706 3.97831492209669 R2
454 -0.820905201785487 0 2 5.83333333333333 4.6696419087073 R1
437 -0.855971366699505 0 1 3.55555555555556 2.98556196500987 R1
611 -0.855971366699505 0 1 3.55555555555556 2.98556196500987 R1
593 -0.855971366699505 0.5 1 3.55555555555556 2.98556196500987 R2
531 -0.855971366699505 0 1 3.55555555555556 2.98556196500987 R1
5 -0.866025403784438 0.444444444444444 2 4 2.3094010767585 R2
95 -0.869198261605215 0 2 6.55555555555556 5.24110062892034 R1
224 -0.869198261605215 0 2 6.55555555555556 5.24110062892034 R1
223 -0.869198261605215 0 2 6.55555555555556 5.24110062892034 R1
65 -0.898026510133874 0 4 7.75 4.17582327212252 R1
459 -0.898026510133874 0 4 7.75 4.17582327212252 R1
66 -0.898026510133874 0 4 7.75 4.17582327212252 R1
509 -0.911878138311493 0 1 4 3.2899132833199 R1
2 -0.911878138311493 0 1 4 3.2899132833199 R1
574 -0.911878138311493 0 1 4 3.2899132833199 R1
606 -0.912870929175276 0 3 5.27272727272727 2.48964798865985 R1
347 -0.913869706873211 0 1 7.23076923076923 6.81800609420318 R1
538 -0.913869706873211 0 1 7.23076923076923 6.81800609420318 R1
456 -0.931752073033246 0 1 5.6 4.93693562175296 R1
633 -0.931752073033246 0 1 5.6 4.93693562175296 R1
570 -0.931752073033246 0 1 5.6 4.93693562175296 R1
43 -0.944911182523068 0 4 9 5.29150262212918 R1
227 -0.949070752956621 0 1 4.18181818181818 3.35256162083378 R1
490 -0.949070752956621 0 1 4.18181818181818 3.35256162083378 R1
496 -0.975549654265398 0.444444444444444 2 7.4 5.53534100123922 R2
497 -0.975549654265398 0.444444444444444 2 7.4 5.53534100123922 R2
213 -0.975549654265398 0.444444444444444 2 7.4 5.53534100123922 R2
282 -0.980580675690921 0 3 4.66666666666667 1.69967317119759 R1
86 -0.987829161147262 0 3 4.57142857142857 1.59078981795143 R1
85 -0.987829161147262 0 3 4.57142857142857 1.59078981795143 R1
199 -1 0 3 3.5 0.5 R1
382 -1 0 2 3 1 R1
201 -1 0 3 3.5 0.5 R1
413 -1 0 2 3 1 R1
511 -1.0062305898749 0.5 1 2.28571428571429 1.27775312999988 R2
304 -1.0062305898749 0 1 2.28571428571429 1.27775312999988 R1
267 -1.0062305898749 0 1 2.28571428571429 1.27775312999988 R1
477 -1.01462686767519 0 1 4.8 3.74521917471684 R1
635 -1.01462686767519 0 1 4.8 3.74521917471684 R1
580 -1.03218709522864 0 1 4.44444444444444 3.33703498170693 R1
352 -1.03218709522864 0.5 1 4.44444444444444 3.33703498170693 R2
443 -1.03505438485996 0 1 5.83333333333333 4.6696419087073 R1
331 -1.03505438485996 0 1 5.83333333333333 4.6696419087073 R1
630 -1.03674331158729 0.5 1 5.57894736842105 4.41666448892784 R2
355 -1.05999788000636 0 1 6.55555555555556 5.24110062892034 R1
621 -1.05999788000636 0 1 6.55555555555556 5.24110062892034 R1
495 -1.06459498571192 0 2 6.23529411764706 3.97831492209669 R1
373 -1.06459498571192 0 2 6.23529411764706 3.97831492209669 R1
494 -1.06459498571192 0 2 6.23529411764706 3.97831492209669 R1
134 -1.06459498571192 0.444444444444444 2 6.23529411764706 3.97831492209669 R2
404 -1.0690449676497 0 2 2.8 0.748331477354789 R1
403 -1.0690449676497 0 2 2.8 0.748331477354789 R1
203 -1.09919023743945 0 2 5.23076923076923 2.93922664223735 R1
67 -1.13750024616957 0 3 7.75 4.17582327212252 R1
479 -1.14411212848316 0 4 12.8 7.69155380921176 R1
480 -1.14411212848316 0 4 12.8 7.69155380921176 R1
558 -1.17170019882741 0 1 3.25 1.92028643696715 R1
591 -1.17170019882741 0 1 3.25 1.92028643696715 R1
536 -1.18585412256314 0 1 3.14285714285714 1.8070158058105 R1
422 -1.21355975243384 0.375 3 5.25 1.85404962177392 R2
421 -1.21355975243384 0.375 3 5.25 1.85404962177392 R2
627 -1.29903810567666 0 1 4 2.3094010767585 R1
557 -1.30930734141596 0 4 8 3.05505046330389 R1
556 -1.30930734141596 0 4 8 3.05505046330389 R1
433 -1.3228756555323 0 2 9 5.29150262212918 R1
552 -1.33333333333333 0.444444444444444 2 3.6 1.2 R2
348 -1.34164078649987 0 2 3.5 1.11803398874989 R1
543 -1.34164078649987 0 1 2.5 1.11803398874989 R1
274 -1.37248713299344 0 1 3.25 1.6393596310755 R1
604 -1.37697398220527 0 2 7.75 4.17582327212252 R1
501 -1.37697398220527 0.444444444444444 2 7.75 4.17582327212252 R2
534 -1.40413761222933 0 2 12.8 7.69155380921176 R1
645 -1.41421356237309 0 1 2 0.707106781186548 R1
564 -1.4142135623731 0 1 4 2.12132034355964 R1
176 -1.4142135623731 0 1 4 2.12132034355964 R1
322 -1.43941578712309 0 1 5.23076923076923 2.93922664223735 R1
474 -1.44207336734889 0.444444444444444 2 8.22222222222222 4.31477507532169 R2
473 -1.44207336734889 0.444444444444444 2 8.22222222222222 4.31477507532169 R2
588 -1.44398974476231 0 1 3.8 1.93907194296653 R1
242 -1.44398974476231 0 1 3.8 1.93907194296653 R1
563 -1.56814040426404 0.5 1 5.14285714285714 2.64189171555813 R2
411 -1.56814040426404 0.5 1 5.14285714285714 2.64189171555813 R2
79 -1.56892908110547 0.64 2 4.66666666666667 1.69967317119759 R3
555 -1.58113883008419 0 1 2 0.632455532033676 R1
594 -1.58113883008419 0 1 2 0.632455532033675 R1
420 -1.63299316185545 0 3 5 1.22474487139159 R1
469 -1.71619734684952 0 1 5.27272727272727 2.48964798865985 R1
518 -1.73205080756888 0 1 3.25 1.29903810567666 R1
612 -1.79605302026775 0 2 7 2.78388218141501 R1
237 -1.83711730708738 0 1 2.8 0.979795897113272 R1
62 -1.83711730708738 0.5 1 2.8 0.979795897113271 R2
631 -1.97620985864493 0 3 8.66666666666667 2.86744175568088 R1
