87 4.01055592449842 0.145429362880886 35 5.83333333333333 7.27247474309048 R5
214 3.35779216901369 0.533203125 21 4.58823529411765 4.88766543008023 R6
253 3.34355317380881 0.5472 15 4 3.2899132833199 R6
120 3.08209699403685 0.229166666666667 21 5.23076923076923 5.11639666102027 R5
10 2.67746730490424 0.478668054110302 22 5.76470588235294 6.06367595522431 R6
132 2.64329080908058 0.54 13 5.23076923076923 2.93922664223735 R6
49 2.60622101589768 0.0739644970414201 25 7.23076923076923 6.81800609420318 R5
60 2.60548172740611 0.370510396975425 18 5.83333333333333 4.6696419087073 R6
130 2.51167950122005 0.0997229916897509 18 5.6 4.93693562175296 R5
68 2.45460579436592 0.253968253968254 18 7.75 4.17582327212252 R2
20 2.45448288372471 0.265927977839335 16 6.23529411764706 3.97831492209669 R2
21 2.33200242155055 0.659763313609468 12 4.18181818181818 3.35256162083378 R3
69 2.18945797761488 0.13265306122449 13 4.8 3.74521917471684 R2
70 2.18945797761488 0.13265306122449 13 4.8 3.74521917471684 R2
386 2.16598461714347 0.513888888888889 8 3.8 1.93907194296653 R2
133 2.15853648993788 0.62962962962963 10 3.55555555555556 2.98556196500987 R3
215 2.13453742061366 0.37037037037037 7 3.14285714285714 1.8070158058105 R2
256 2.11695098702863 0.40625 6 3.25 1.29903810567666 R2
56 2 0.5 4 1.6 1.2 R2
96 1.99279601441196 0.419659735349717 17 6.55555555555556 5.24110062892034 R2
248 1.99279601441196 0.44234404536862 17 6.55555555555556 5.24110062892034 R2
58 1.9149678398543 0.561224489795918 18 7.4 5.53534100123922 R2
37 1.8528849827417 0.427221172022684 17 5.76470588235294 6.06367595522431 R2
88 1.81047953163072 0.287334593572779 19 5.83333333333333 7.27247474309048 R2
269 1.73431049647182 0.526627218934911 17 7.4 5.53534100123922 R2
6 1.73205080756888 0.446280991735537 8 4 2.3094010767585 R2
186 1.68023916015872 0.24 13 5.57894736842105 4.41666448892784 R2
565 1.58113883008419 0.375 3 2 0.632455532033675 R2
46 1.57082991800504 0.491735537190083 15 8.22222222222222 4.31477507532169 R2
39 1.52305205387669 0.290123456790123 15 5.76470588235294 6.06367595522431 R2
341 1.4371642830486 0.402777777777778 9 4.18181818181818 3.35256162083378 R2
16 1.4142135623731 0.32 4 2.66666666666667 0.942809041582063 R2
14 1.4142135623731 0.32 4 2.66666666666667 0.942809041582063 R2
530 1.41421356237309 0.375 3 2 0.707106781186548 R2
231 1.34164078649987 0.444444444444444 4 2.5 1.11803398874989 R2
171 1.34164078649987 0.612244897959184 4 2.28571428571429 1.27775312999988 R2
172 1.34164078649987 0.32 4 2.28571428571429 1.27775312999988 R2
146 1.31182561441754 0.484375 11 4.58823529411765 4.88766543008023 R2
78 1.30930734141596 0.524691358024691 12 8 3.05505046330389 R2
225 1.29635071030712 0.442906574394464 12 5.6 4.93693562175296 R2
222 1.22959754080738 0.3203125 13 6.55555555555556 5.24110062892034 R2
64 1.22474487139159 0.32 4 2.8 0.979795897113271 R2
299 1.16666666666667 0.277777777777778 5 3.6 1.2 R2
300 1.16666666666667 0.277777777777778 5 3.6 1.2 R2
99 1.06548345313924 0.197530864197531 8 4.44444444444444 3.33703498170693 R2
156 1.01776337815172 0.142011834319526 12 7.75 4.17582327212252 R2
187 1.00099354222221 0.444444444444444 10 5.57894736842105 4.41666448892784 R2
19 0.946306653966155 0.71900826446281 10 6.23529411764706 3.97831492209669 R3
189 0.942163060662385 0.396694214876033 8 5.23076923076923 2.93922664223735 R2
249 0.847998304005088 0.152777777777778 11 6.55555555555556 5.24110062892034 R2
246 0.847998304005088 0.60387811634349 11 6.55555555555556 5.24110062892034 R2
247 0.847998304005088 0.152777777777778 11 6.55555555555556 5.24110062892034 R2
451 0.818755220321266 0.244897959183674 6 3.55555555555556 2.98556196500987 R2
452 0.818755220321266 0.493827160493827 6 3.55555555555556 2.98556196500987 R2
12 0.811107105653813 0.54 6 4.88888888888889 1.36986977843755 R2
537 0.811107105653813 0.40625 6 4.88888888888889 1.36986977843755 R2
335 0.694943949006395 0.459183673469388 9 6.23529411764706 3.97831492209669 R2
23 0.693781906173211 0.21875 7 5.27272727272727 2.48964798865985 R2
560 0.618852747755276 0.53125 5 3.8 1.93907194296653 R2
243 0.618852747755276 0.53125 5 3.8 1.93907194296653 R2
465 0.577350269189626 0.571428571428572 4 3.25 1.29903810567666 R2
181 0.572936560642632 0.537037037037037 10 5.83333333333333 7.27247474309048 R2
180 0.572936560642632 0.355029585798816 10 5.83333333333333 7.27247474309048 R2
170 0.559016994374948 0.375 3 2.28571428571429 1.27775312999988 R2
47 0.552834760947992 0.152777777777778 11 7.23076923076923 6.81800609420318 R2
48 0.552834760947992 0.152777777777778 11 7.23076923076923 6.81800609420318 R2
28 0.542326144546641 0.644628099173554 6 4.18181818181818 3.35256162083378 R3
512 0.541246301391837 0.197530864197531 8 5.23076923076923 5.11639666102027 R2
513 0.541246301391837 0.197530864197531 8 5.23076923076923 5.11639666102027 R2
492 0.493438992579073 0.37037037037037 7 4.58823529411765 4.88766543008023 R2
27 0.486131516365171 0.579881656804734 8 5.6 4.93693562175296 R2
216 0.474341649025257 0.5 4 3.14285714285714 1.8070158058105 R2
59 0.463989896661362 0.197530864197531 8 5.83333333333333 4.6696419087073 R2
506 0.433012701892219 0.277777777777778 5 4 2.3094010767585 R2
505 0.433012701892219 0.277777777777778 5 4 2.3094010767585 R2
11 0.368636802849134 0.396694214876033 8 5.76470588235294 6.06367595522431 R2
142 0.324442842261525 0.54 6 5.14285714285714 2.64189171555813 R2
9 0.303959379437165 0.53125 5 4 3.2899132833199 R2
402 0.267261241912424 0.375 3 2.8 0.748331477354789 R2
346 0.249840713586887 0.42 7 5.83333333333333 4.6696419087073 R2
89 0.160422236979937 0.462809917355372 7 5.83333333333333 7.27247474309048 R2
365 0.108394406029489 0.568047337278106 8 7.4 5.53534100123922 R2
271 0.108394406029489 0.544378698224852 8 7.4 5.53534100123922 R2
559 0.103142124625879 0.5 4 3.8 1.93907194296653 R2
145 0.103142124625879 0.666666666666667 4 3.8 1.93907194296653 R3
561 0.103142124625879 0.32 4 3.8 1.93907194296653 R2
97 0.0847998304005088 0.21875 7 6.55555555555556 5.24110062892034 R2
467 0.0810219193941952 0.244897959183674 6 5.6 4.93693562175296 R2
219 0.0810219193941952 0.244897959183674 6 5.6 4.93693562175296 R2
525 0.0356915305124125 0.244897959183674 6 5.83333333333333 4.6696419087073 R2
1 2.69970161281531e-16 0.32 4 4 3.2899132833199 R2
212 0 0.444444444444444 2 2 0.707106781186548 R2
566 0 0.444444444444444 2 2 0.632455532033675 R2
114 -5.81449262700298e-16 0.473372781065089 8 8 3.05505046330389 R2
77 -0.054232614454664 0.5 4 4.18181818181818 3.35256162083378 R2
13 -0.054232614454664 0.489795918367347 4 4.18181818181818 3.35256162083378 R2
363 -0.0722629373529925 0.345679012345679 7 7.4 5.53534100123922 R2
369 -0.0785135883885321 0.641975308641975 5 5.23076923076923 2.93922664223735 R3
218 -0.0790569415042092 0.56 3 3.14285714285714 1.8070158058105 R2
217 -0.0790569415042092 0.56 3 3.14285714285714 1.8070158058105 R2
63 -0.105999788000636 0.59504132231405 6 6.55555555555556 5.24110062892034 R2
103 -0.134839972492648 0.408163265306122 5 5.25 1.85404962177392 R2
453 -0.186080731891197 0.375 3 3.55555555555556 2.98556196500987 R2
541 -0.192450089729875 0.375 3 3.25 1.29903810567666 R2
542 -0.192450089729875 0.375 3 3.25 1.29903810567666 R2
255 -0.192450089729875 0.375 3 3.25 1.29903810567666 R2
258 -0.192450089729875 0.375 3 3.25 1.29903810567666 R2
257 -0.192450089729875 0.375 3 3.25 1.29903810567666 R2
270 -0.252920280735474 0.493827160493827 6 7.4 5.53534100123922 R2
38 -0.291029054880895 0.5 4 5.76470588235294 6.06367595522431 R2
281 -0.303959379437164 0.375 3 4 3.2899132833199 R2
319 -0.303959379437164 0.48 3 4 3.2899132833199 R2
466 -0.324087677576781 0.32 4 5.6 4.93693562175296 R2
539 -0.352511993955316 0.375 3 4.18181818181818 3.35256162083378 R2
385 -0.412568498503517 0.48 3 3.8 1.93907194296653 R2
280 -0.455945519313403 0.375 3 5.76470588235294 6.06367595522431 R2
57 -0.5 0.5 1 1.6 1.2 R2
547 -0.5 0.5 1 1.6 1.2 R2
74 -0.511207720338154 0.612244897959184 4 5.27272727272727 2.48964798865985 R2
489 -0.529544284719005 0.5 2 4.58823529411765 4.88766543008023 R2
623 -0.606756018711012 0.375 3 5.83333333333333 4.6696419087073 R2
268 -0.614234967500436 0.32 4 7.4 5.53534100123922 R2
508 -0.631454018290477 0.444444444444444 2 5.23076923076923 5.11639666102027 R2
405 -0.631454018290477 0.625 2 5.23076923076923 5.11639666102027 R3
406 -0.631454018290477 0.625 2 5.23076923076923 5.11639666102027 R3
548 -0.648885684523051 0.571428571428571 4 4.88888888888889 1.36986977843755 R2
412 -0.648885684523051 0.444444444444444 4 4.88888888888889 1.36986977843755 R2
53 -0.648885684523051 0.489795918367347 4 4.88888888888889 1.36986977843755 R2
622 -0.67839864320407 0.375 3 6.55555555555556 5.24110062892034 R2
15 -0.707106781186548 0.444444444444444 2 2.66666666666667 0.942809041582063 R2
438 -0.729197274547758 0.64 2 5.6 4.93693562175296 R3
289 -0.813232280752164 0.375 3 6.23529411764706 3.97831492209669 R2
290 -0.813232280752164 0.375 3 6.23529411764706 3.97831492209669 R2
593 -0.855971366699505 0.5 1 3.55555555555556 2.98556196500987 R2
5 -0.866025403784438 0.444444444444444 2 4 2.3094010767585 R2
496 -0.975549654265398 0.444444444444444 2 7.4 5.53534100123922 R2
497 -0.975549654265398 0.444444444444444 2 7.4 5.53534100123922 R2
213 -0.975549654265398 0.444444444444444 2 7.4 5.53534100123922 R2
511 -1.0062305898749 0.5 1 2.28571428571429 1.27775312999988 R2
352 -1.03218709522864 0.5 1 4.44444444444444 3.33703498170693 R2
630 -1.03674331158729 0.5 1 5.57894736842105 4.41666448892784 R2
134 -1.06459498571192 0.444444444444444 2 6.23529411764706 3.97831492209669 R2
422 -1.21355975243384 0.375 3 5.25 1.85404962177392 R2
421 -1.21355975243384 0.375 3 5.25 1.85404962177392 R2
552 -1.33333333333333 0.444444444444444 2 3.6 1.2 R2
501 -1.37697398220527 0.444444444444444 2 7.75 4.17582327212252 R2
474 -1.44207336734889 0.444444444444444 2 8.22222222222222 4.31477507532169 R2
473 -1.44207336734889 0.444444444444444 2 8.22222222222222 4.31477507532169 R2
563 -1.56814040426404 0.5 1 5.14285714285714 2.64189171555813 R2
411 -1.56814040426404 0.5 1 5.14285714285714 2.64189171555813 R2
79 -1.56892908110547 0.64 2 4.66666666666667 1.69967317119759 R3
62 -1.83711730708738 0.5 1 2.8 0.979795897113271 R2
