127 1
1801 0
71 2
1648 0
1481 0
2927 0
2266 0
1178 0
2915 0
1387 0
512 1
1932 0
463 1
458 0
517 0
1785 0
2634 0
1250 0
1363 0
722 0
2507 0
3051 0
1109 0
2067 0
1630 0
1597 0
4060 0
4340 0
728 0
1244 0
4171 0
1638 0
742 1
29 1
350 0
4087 0
1969 0
1810 0
2203 0
58 1
153 1
2932 0
4086 0
1546 0
101 0
4362 0
340 0
311 0
3844 0
825 0
917 0
495 0
1703 0
1322 0
2086 0
1816 0
3571 0
4293 0
2510 0
1172 1
2699 0
2458 0
1259 0
834 1
285 0
4397 0
4319 0
1216 0
3879 0
2274 0
2285 0
2194 0
1135 0
2002 0
4198 0
2864 0
1203 0
4261 0
96 0
1068 0
1667 0
2114 0
486 0
2134 0
1354 0
4066 0
569 1
4213 0
8 3
4269 0
2045 0
1396 0
686 1
1760 0
2033 0
391 0
4335 0
6375 0
943 0
1887 0
6444 0
2676 0
2907 0
1375 0
180 1
4258 0
4353 0
4097 0
1585 0
1877 0
2939 0
246 1
2705 0
690 0
2227 0
1168 0
61 1
4102 0
4323 0
536 0
4094 0
1767 0
1653 0
2237 0
1688 1
1266 0
2654 0
4209 0
1458 0
444 0
4144 0
508 1
1336 0
39 2
1089 0
558 1
12 3
1554 0
2168 0
4137 0
573 1
2710 0
1084 1
6457 0
638 0
2350 0
875 0
3467 0
1 4
136 0
506 0
116 1
1197 0
4390 0
1580 0
4184 0
2146 0
2419 0
661 0
2845 0
1935 0
2719 0
2690 0
581 1
308 0
4046 0
4200 0
678 1
4328 0
3862 0
2808 0
1975 0
2910 0
1973 0
1991 0
927 0
301 0
6573 0
2302 0
4272 0
51 1
1758 0
1822 0
456 0
2745 0
652 0
1033 0
4059 0
2736 0
2258 0
2034 0
2029 0
796 0
366 0
844 0
1541 0
2723 0
4218 0
272 0
775 0
2518 0
4113 0
6440 0
5668 0
2108 0
20 2
888 0
1983 0
1011 0
1754 0
1627 0
4304 0
4180 0
1161 0
4139 0
468 0
2093 0
6160 0
1019 0
700 0
1927 0
78 2
2853 0
1380 0
294 0
990 0
413 0
1614 0
1442 0
349 0
764 0
2218 0
1743 0
2075 0
1981 0
1383 0
606 0
137 1
1414 0
1855 0
2522 0
666 0
432 1
860 0
1074 0
4235 0
2308 0
1567 0
1063 0
1776 0
2565 0
2158 0
2576 0
708 0
2583 0
2796 0
2589 0
1601 0
2814 0
710 0
1656 0
323 1
856 0
1834 0
1664 0
112 1
545 0
191 2
2733 0
2467 0
187 0
588 1
1684 0
756 0
6408 0
1283 0
262 0
1944 0
212 0
1331 0
6390 0
2590 0
542 0
3750 0
6109 0
1305 0
961 0
2686 0
2882 0
1662 0
574 0
170 0
1921 0
660 0
26 3
6513 0
2116 0
977 1
2250 0
566 1
526 1
1901 0
4067 0
359 1
1229 0
2299 0
6568 0
108 0
2820 0
604 0
2614 0
2608 0
1001 0
232 0
477 1
1338 0
2623 0
1182 0
225 2
1447 0
330 1
142 1
207 2
1510 0
48 3
1857 0
360 0
1988 0
3923 0
4128 0
1076 0
4356 0
766 0
4343 0
449 0
4376 0
1574 0
1579 0
4243 0
2774 0
2763 0
1141 0
682 0
353 1
375 0
984 0
1155 0
2833 0
4189 0
1485 0
788 0
128 1
3726 0
501 0
2944 0
1313 0
278 1
1617 0
490 0
1843 0
2650 0
155 0
387 0
1913 0
2626 0
1112 0
6502 0
1294 0
461 1
2712 0
1562 0
1426 0
257 1
1358 0
782 0
951 1
85 0
809 0
1156 0
2281 0
1557 0
1486 1
425 2
2056 0
736 0
2876 0
539 1
781 0
2847 0
4369 0
1950 0
2865 0
520 0
1698 0
2782 0
2037 0
532 1
1193 0
3963 0
2455 0
55 2
1890 0
1681 0
57 1
2642 0
872 0
1146 0
395 0
89 2
175 1
584 0
988 0
35 1
4342 0
2453 0
2295 0
1882 0
1550 0
1454 0
2827 0
665 0
1476 0
2758 0
2533 0
1207 0
2641 0
2670 0
1584 0
904 0
930 0
1675 0
649 0
1318 0
648 1
642 1
2006 0
2245 0
1764 0
2130 0
1908 0
1028 0
198 0
1589 1
4291 0
2792 0
1718 0
2550 0
1098 0
1059 0
2683 0
913 1
2019 0
2665 0
4313 0
361 0
202 0
2468 0
184 0
776 0
2183 0
1819 0
1459 0
1570 0
1984 0
2673 0
1269 1
412 0
181 1
307 1
1671 0
4242 0
1467 0
1463 0
830 0
154 0
2041 0
3721 0
2893 0
2062 0
4324 0
1101 0
2801 0
704 0
326 1
1462 0
2886 0
2543 0
681 0
335 0
1029 0
2715 0
5 2
2694 0
2105 0
4287 0
1957 0
2791 0
554 1
2657 0
552 1
1867 0
3766 0
1623 0
2505 0
74 1
440 0
890 0
1926 0
1289 0
299 1
2024 0
2525 0
1282 0
1694 0
841 0
1898 0
1044 0
6580 0
1350 0
1751 0
91 0
2137 0
4116 0
1240 0
2815 0
467 0
474 1
481 1
867 1
1976 0
3669 0
817 0
563 0
2751 0
2919 0
4058 0
229 1
673 1
4204 0
68 1
2059 0
4106 0
315 1
1827 0
2514 0
4176 0
1947 0
2501 0
1347 1
222 1
2911 0
1504 0
25 2
2270 0
305 1
1253 0
928 0
1644 1
1526 0
4276 0
217 1
2648 0
4076 0
1730 0
158 1
281 1
46 2
1851 0
1316 0
2630 0
2373 0
1418 0
36 2
2263 0
4163 0
1368 0
472 0
748 0
1655 0
1943 0
317 0
132 0
711 0
1254 0
1791 0
1642 1
892 1
2180 0
6363 0
2071 0
1428 0
546 0
537 1
4081 0
1018 0
1125 0
2279 0
4072 0
1007 0
741 0
1443 1
1833 0
1186 0
998 1
2806 0
1789 0
2240 0
2076 0
4294 0
529 1
4309 0
1838 0
1773 0
4222 0
1058 0
2573 0
987 0
1150 0
4122 0
6374 0
2860 0
4314 0
4239 0
4253 0
908 0
1335 1
2580 0
4151 0
284 0
903 0
247 0
1340 0
4389 0
289 1
165 0
729 0
2 1
4229 0
808 1
845 0
1847 0
2553 0
1231 0
1249 0
147 1
973 0
2569 0
1046 0
1142 0
2095 0
1291 1
2601 0
2599 0
319 0
2571 0
2857 0
1179 0
1052 1
4188 0
735 0
1922 0
1493 0
2397 0
4298 0
974 0
2629 0
1271 0
1668 0
1715 0
344 0
1613 0
4247 0
636 0
1710 0
1104 0
6624 0
1406 1
1133 1
2224 0
209 1
2837 0
1905 0
4132 0
1118 0
1575 0
117 1
2428 0
2207 0
4191 0
600 1
80 1
336 1
2472 0
457 0
1301 0
821 0
696 0
383 0
2532 0
6449 0
1873 0
1721 0
2179 0
4157 0
2172 0
1431 0
92 1
1489 0
1212 0
2253 0
1805 0
2787 0
1164 0
1477 0
1727 0
2922 0
2824 0
505 0
2739 0
670 0
1094 0
419 1
995 0
2178 0
837 0
1225 0
2909 0
2015 0
290 1
149 0
712 0
210 2
406 0
6339 0
2560 0
2289 0
19 3
2702 0
1030 0
365 1
2730 0
763 0
2593 0
2021 0
1895 0
2920 0
2038 0
570 1
1880 0
4283 0
252 1
1159 0
4399 0
883 0
4063 0
2048 0
655 1
421 0
1998 0
2930 0
6058 0
1367 0
271 0
1070 0
1024 0
2867 0
2871 0
491 1
1863 0
4332 0
13 2
2493 0
105 0
4098 0
840 0
1647 0
597 0
111 1
4372 0
1411 0
408 0
1480 0
6603 0
2777 0
242 0
559 0
32 1
1588 1
443 0
4138 0
2234 0
1795 0
580 0
2800 0
6632 0
4391 0
2523 0
3519 0
846 0
1257 1
31 2
1689 0
4093 0
1861 0
2307 0
2825 0
2706 0
1296 0
1553 0
2161 0
4160 0
2897 0
4051 0
1303 0
4195 0
1654 0
968 0
675 0
3510 0
15 2
431 0
382 1
2236 0
2846 0
1506 0
4208 0
2855 0
4329 0
139 1
129 1
926 1
2145 0
859 0
4377 0
1246 0
4284 0
1083 0
739 1
1293 0
876 0
1792 0
2890 0
662 0
168 1
135 2
145 1
178 1
2674 0
1131 0
2728 0
1876 0
772 0
124 1
1759 0
1429 0
4259 0
1974 0
2032 0
2536 0
4350 0
3611 0
1374 0
1528 0
2303 0
653 0
1692 0
2259 0
2677 0
4273 0
509 1
1015 0
2212 0
976 0
367 0
716 0
1886 0
1821 0
1972 0
940 0
3589 0
743 0
685 0
2265 0
4169 0
21 2
523 1
4360 0
1460 0
723 0
453 0
2500 0
1202 0
351 0
1040 0
2838 0
595 1
1755 0
1138 0
488 0
1854 0
2926 0
1012 0
835 1
1498 1
2182 0
1267 0
1032 0
901 0
113 0
4071 0
152 1
3855 0
342 0
2931 0
862 0
1419 0
341 1
1056 0
2883 0
2287 0
2540 0
2284 0
64 2
4285 0
4085 0
1473 0
2753 0
881 1
45 0
405 1
507 0
4172 0
1173 0
1963 0
309 1
6110 0
1734 0
2085 0
1733 0
2113 0
1258 0
824 0
120 1
2568 0
1148 0
2841 0
254 0
392 0
1321 0
2242 0
2442 0
4214 0
1987 0
2254 0
6615 0
813 0
2014 0
2602 0
644 0
851 0
399 0
1820 0
2296 0
1811 0
436 0
1342 0
4359 0
4185 0
1802 0
94 1
213 0
1968 0
2775 0
1450 0
4065 0
2863 0
2668 0
568 0
2273 0
4334 0
791 0
1129 0
1143 0
1355 0
2848 0
2231 0
1961 0
386 1
916 0
2043 0
1457 0
200 1
1261 1
1352 0
329 0
525 0
787 0
1621 0
27 2
1561 0
1902 0
161 2
1866 0
2001 0
4394 0
1310 0
109 2
6168 0
4357 0
4234 0
3695 0
2651 0
1239 0
2764 0
769 0
1181 0
1556 0
803 0
1809 0
2744 0
2559 0
1766 0
60 2
1245 0
691 0
1400 0
1067 0
2615 0
1676 0
1388 0
346 0
911 0
427 0
82 1
2202 0
650 0
1154 0
2624 0
895 0
1763 0
4079 0
5805 0
69 0
1910 0
4299 0
1157 0
1470 0
224 1
2711 0
1982 0
1006 0
3813 0
6539 0
426 0
4127 0
996 0
1435 0
1840 0
279 1
956 0
498 0
483 0
629 0
4145 0
2055 0
1487 0
372 0
4311 0
2028 0
1661 0
1284 0
1330 0
3041 0
3772 0
1606 0
2064 0
1160 0
99 1
3553 0
869 1
1592 0
1933 0
2022 0
790 0
533 0
4114 0
2080 0
1122 0
2416 0
1697 0
1053 1
414 1
462 0
1770 0
2735 0
1209 0
263 1
991 0
4385 0
931 1
2246 0
615 0
476 0
1198 0
3755 0
1409 0
2219 0
2141 0
2464 0
1077 1
1716 0
4219 0
293 1
1272 0
2854 0
1781 0
1299 0
1663 0
2888 0
967 0
1611 0
322 1
469 1
635 1
1088 0
575 0
1835 0
4101 0
1566 0
6549 0
979 0
709 0
3603 0
310 1
40 1
192 0
699 0
1115 0
960 0
818 0
1038 0
4262 0
4320 0
4303 0
1707 0
2293 0
2908 0
267 1
543 1
1892 0
1777 0
2044 0
354 1
4231 0
1437 0
2813 0
1064 0
2724 0
757 0
2577 0
4225 0
9 2
2734 0
1740 0
1600 0
3288 0
603 0
2750 0
2527 0
4165 0
90 1
1850 0
4712 0
565 0
1346 0
1964 0
850 0
2818 0
1004 0
891 0
6574 0
2106 0
4057 0
1360 0
2696 0
6484 0
1013 0
233 0
1490 0
1693 0
316 0
4199 0
1806 0
4105 0
1738 0
2288 0
2025 0
1370 1
4251 0
11 3
3668 0
4117 0
511 1
842 0
4288 0
2367 0
899 1
2000 0
2531 0
6498 0
2689 0
199 0
2410 0
1979 0
1899 0
1929 0
1737 0
1948 0
795 0
1609 0
794 0
6507 0
944 0
1780 0
1113 0
2122 0
674 0
2280 0
1317 0
957 0
280 0
273 0
471 0
2596 0
2943 0
1503 0
6366 0
1509 0
4177 0
2262 0
1936 0
2912 0
1325 0
2512 0
131 2
1643 0
1565 0
502 1
4277 0
314 0
1286 0
1796 0
4075 0
1502 0
2638 0
1872 0
355 0
553 0
2058 0
1252 0
3488 0
2877 0
2643 0
555 1
1037 0
6463 0
4164 0
4270 0
37 3
2513 0
855 0
6416 0
195 1
2005 0
1706 0
1839 0
2828 0
1788 0
2186 0
680 0
679 0
3962 0
831 0
1147 0
1960 0
1241 0
2783 0
647 0
334 0
1206 0
4368 0
2292 0
1997 0
1027 0
1680 0
423 0
2879 0
1953 0
1139 0
1319 0
2757 0
1826 0
4043 0
1222 0
2036 0
1747 0
820 0
174 0
1799 0
1571 0
422 0
905 0
1194 0
1552 1
41 1
6400 0
52 2
2887 0
1451 0
302 0
1453 0
866 1
2452 0
2223 0
770 0
593 0
188 1
402 1
3152 0
1940 0
4292 0
641 1
1097 0
1641 0
838 1
2664 0
616 0
640 0
1121 1
870 0
4245 0
1384 0
896 0
1468 0
1726 0
2068 0
2903 0
1464 0
1494 0
4354 0
4310 0
777 0
2018 0
1906 0
2786 0
464 1
1672 0
1685 0
2011 0
1891 0
6 4
3941 0
562 1
1304 0
2269 0
1102 0
183 1
1478 0
2544 0
6481 0
2541 0
362 0
439 1
1379 0
2607 0
1593 1
705 0
4381 0
1720 0
2206 0
2496 0
2177 0
407 1
4374 0
18 2
912 0
376 0
785 0
1432 0
6621 0
599 0
1930 0
587 0
609 1
1393 0
1235 0
298 1
95 1
923 0
243 1
2051 0
2682 0
148 0
753 0
1343 0
2655 0
726 1
2509 0
2703 0
106 2
4110 0
4210 0
964 0
157 2
2009 0
65 2
1909 0
4192 0
935 0
203 0
2627 0
4373 0
1213 0
1093 1
1023 0
81 2
2742 0
624 0
1300 0
1199 0
86 1
2598 0
1158 0
2170 0
371 1
656 2
204 1
1041 0
2921 0
435 0
814 0
1482 0
2109 0
885 0
1412 0
884 0
1709 0
339 0
228 1
749 0
268 0
829 1
2872 0
345 0
596 0
1297 0
2090 0
1862 0
613 0
6515 0
1082 0
121 0
1066 0
952 0
2691 0
1071 0
494 0
487 0
1956 0
4331 0
2778 0
2235 0
238 1
873 0
253 1
4158 0
448 1
2631 0
2278 0
4152 0
63 2
1637 0
179 1
1105 0
4246 0
713 0
3705 0
1334 1
2499 0
2805 0
2096 0
1784 0
4233 0
2839 0
938 0
1679 0
1830 0
4238 0
1620 0
4346 0
4215 0
2241 0
1262 0
1290 0
4203 0
1132 1
4308 0
929 0
2554 0
1925 0
2574 0
2916 0
547 0
631 0
1616 0
1583 0
396 2
258 1
1422 0
482 1
2620 0
949 0
499 1
1047 0
2138 0
1055 0
3610 0
4050 0
2447 0
1276 0
141 1
909 0
4121 0
4315 0
2618 0
4228 0
1124 0
1230 1
75 1
2793 0
2588 0
1917 0
6387 0
450 1
1702 0
1405 0
1713 0
1060 0
6364 0
2104 0
2894 0
2858 0
4141 0
900 0
4221 0
318 0
1729 0
2526 0
972 1
473 0
1774 0
3 2
248 2
146 1
1351 0
802 0
356 1
2720 0
3420 0
528 0
2063 0
164 1
4325 0
807 0
2040 0
2632 0
2678 0
1049 0
2898 0
882 0
4379 0
2812 0
1050 1
1488 0
560 0
2830 0
798 0
4054 0
898 0
2725 0
1031 0
4316 0
1273 0
2516 0
451 0
2616 0
454 1
2538 0
1364 0
1408 0
4224 0
634 1
4249 0
578 0
2551 0
4384 0
695 0
978 0
325 0
378 1
889 0
1233 0
540 1
1615 0
1162 0
3972 0
684 0
2831 0
211 0
1732 0
2073 0
861 0
337 0
76 0
1924 0
982 0
571 0
1214 0
1190 0
2592 0
389 1
1660 0
6091 0
1345 0
1171 0
2290 0
1123 0
966 0
2216 0
992 0
758 0
236 0
1954 0
706 0
2843 0
218 0
14 2
2587 0
1608 0
2567 0
4321 0
2889 0
234 1
594 0
2924 0
1438 0
1903 0
2188 0
2767 0
4302 0
3667 0
1778 0
1859 0
160 1
98 1
2776 0
1278 0
1048 0
2901 0
1381 0
1000 0
1061 0
43 0
2582 0
2054 0
1728 0
2785 0
193 1
288 0
119 1
1555 0
586 0
2870 0
4337 0
2859 0
410 0
999 0
1180 0
1185 0
430 0
447 0
1446 0
1741 0
4211 0
1315 0
415 1
1130 0
4196 0
189 1
3987 0
2597 0
1292 0
1356 0
2849 0
480 0
1153 0
1871 0
107 2
438 1
87 1
1022 0
4099 0
4339 0
1832 0
4395 0
2795 0
953 0
2704 0
221 1
1424 0
1560 0
417 0
1762 0
784 0
260 0
2061 0
1844 0
4388 0
762 0
2504 0
1144 0
734 0
2798 0
1723 0
2621 0
2047 0
144 0
1440 0
2524 0
381 1
1471 0
1814 0
906 0
2205 0
177 1
4330 0
2213 0
373 0
2078 0
773 0
1247 0
2940 0
22 2
205 1
4345 0
1752 0
1309 0
1576 0
2874 0
2681 0
1622 0
1260 0
874 1
975 0
493 1
1708 0
1911 0
1436 0
2220 0
2528 0
1591 0
2856 0
1677 0
2199 0
1320 0
1026 0
2752 0
1390 0
4173 0
1993 0
1893 0
1469 0
3544 0
1646 0
1499 0
400 0
534 0
919 0
746 0
4286 0
1268 0
744 0
633 0
1372 0
2023 0
1977 0
151 0
4387 0
1825 0
1669 0
1285 0
1952 0
287 0
475 2
2595 0
932 1
3757 0
1549 0
1959 0
6336 0
515 0
4047 0
2545 0
1242 0
2761 0
1107 0
138 0
1208 0
1803 0
1201 0
724 0
4104 0
519 0
1195 0
17 1
2451 0
4092 0
1327 0
2192 0
1274 0
2667 0
110 2
1995 0
333 0
4080 0
2210 0
6548 0
2658 0
646 0
2780 0
446 1
2181 0
2229 0
1582 0
2842 0
1599 0
1149 0
2900 0
4263 0
2603 0
2283 0
2243 0
1087 1
1288 0
2695 0
810 1
1238 0
4351 0
33 1
1587 0
4166 0
1559 1
2866 0
7 2
1793 0
1701 0
227 1
4256 0
1860 0
2013 0
1937 0
255 1
806 0
264 0
2230 0
4274 0
1885 0
182 1
3422 0
4146 0
2905 0
1817 0
6380 0
2707 0
6078 0
556 1
717 1
2817 0
815 0
671 0
2249 0
167 2
692 1
6488 0
1605 1
663 0
4301 0
1907 0
6373 0
854 0
1945 0
4326 0
969 0
3769 0
4295 0
1946 0
510 1
393 1
2276 0
4089 0
4207 0
1501 0
658 0
274 0
4392 0
549 0
877 1
1771 0
1128 0
2891 0
946 0
4074 0
5586 0
1724 0
4056 0
2644 0
250 0
2148 0
303 2
1361 0
614 1
1765 0
6521 0
6446 0
130 1
53 2
1373 0
1465 0
2925 0
1302 0
1397 0
941 1
583 1
4255 0
1879 0
1824 0
4135 0
2917 0
1869 0
591 0
2304 0
832 0
2804 0
2135 0
828 0
4078 0
276 1
4149 0
102 2
1920 0
6514 0
1831 0
2465 0
6590 0
2639 0
4227 0
1218 0
1543 0
259 1
424 0
4124 0
1625 0
163 1
4070 0
1402 0
1106 0
1836 0
2731 0
1841 0
347 1
1333 0
2738 0
4307 0
2586 0
434 1
865 0
1184 0
4216 0
442 0
4044 0
1577 0
1572 0
2851 0
689 0
886 0
1116 0
1329 0
2835 0
2869 0
1725 0
4186 0
727 1
4220 0
939 0
320 0
6511 0
2619 0
4095 0
811 0
1670 0
2010 0
2834 0
249 0
465 0
1612 0
819 0
1177 0
1189 1
1127 0
4237 0
894 0
1748 0
858 0
1298 0
140 0
2222 0
1900 0
954 0
385 0
1479 0
1359 0
801 0
985 0
971 0
754 0
479 0
847 0
1166 0
1563 0
2166 0
1378 0
1003 0
4147 0
1054 1
4355 0
1800 0
2821 0
619 0
4230 0
1717 0
6365 0
4349 0
2557 0
698 0
1634 0
621 0
524 0
1848 0
2176 0
2310 0
4380 0
2495 0
598 1
2486 0
780 1
4179 0
1433 0
240 0
1666 0
6477 0
2209 0
230 0
115 1
377 0
922 1
602 1
2050 0
1311 0
2628 0
2741 0
1072 0
1787 0
1394 0
612 0
2772 0
936 0
1391 0
1277 0
2251 0
1086 1
701 0
214 1
3630 0
6622 0
564 0
2562 0
2708 0
1650 0
2789 0
2074 0
2539 0
2547 0
2850 0
731 0
1967 0
2779 0
657 1
1865 0
4281 0
2139 0
1783 0
768 1
1928 0
1092 1
6396 0
503 0
1756 0
4181 0
2255 0
1636 0
4126 0
1483 0
4069 0
338 1
1996 0
761 0
576 0
1775 0
738 1
1415 0
484 0
1036 0
1243 0
1078 0
2530 0
1265 0
2065 0
623 0
544 0
4150 0
4370 0
1512 0
1196 0
1114 0
2564 0
328 1
239 1
2635 0
122 0
878 0
269 1
628 0
2277 0
363 0
4264 0
4140 0
4271 0
733 0
630 0
997 0
1449 0
608 1
2873 0
1649 0
1234 0
4062 0
2226 0
2878 0
1314 0
4108 0
2748 0
1798 0
1474 0
2535 0
125 2
522 1
1632 0
1423 0
44 2
1687 1
2152 0
667 0
1188 1
2008 0
2862 0
1280 0
1564 0
714 0
313 0
4364 0
2017 0
4322 0
2661 0
2884 0
1324 0
397 1
1096 0
2934 0
1657 0
2185 0
1191 0
4202 0
459 1
823 0
4267 0
1495 0
1753 0
771 0
401 0
186 1
2688 0
4367 0
1797 0
1119 0
1914 0
6495 0
1938 0
2756 0
1705 0
1919 0
915 0
1586 0
1986 0
1456 0
2606 0
404 0
516 0
2004 0
1813 0
2060 0
1551 0
702 0
2297 0
4383 0
2163 0
2214 0
2904 0
2195 0
561 0
6566 0
2555 0
2221 0
357 1
1307 0
1812 0
1941 0
4008 0
6582 0
1769 0
2826 0
455 1
1875 0
3834 0
1673 0
2132 0
4084 0
963 0
297 0
2612 0
6367 0
2031 0
2272 0
1889 0
2692 0
2646 0
980 0
10 2
1596 0
550 0
2697 0
1651 0
1081 1
1736 0
958 0
1569 0
592 1
4111 0
2542 0
1978 0
2123 0
2364 0
1640 0
173 0
530 0
66 1
2709 0
2675 0
2026 0
4142 0
793 0
1205 1
1287 0
1696 0
654 0
2261 0
283 1
156 0
4178 0
59 1
4278 0
1971 0
4161 0
1226 0
2498 0
1256 0
1949 0
1744 0
2247 0
1853 0
864 0
2913 0
219 1
1016 0
2480 0
2300 0
799 0
1170 0
925 0
1896 0
390 1
2895 0
1686 0
1042 0
38 2
1955 0
196 1
945 0
1169 0
4143 0
2784 0
118 0
206 0
1674 0
959 0
331 0
1065 0
358 0
1659 0
2746 0
737 1
767 0
4338 0
2228 0
2070 0
805 0
84 0
1020 0
4396 0
2173 0
4068 0
437 0
194 0
1768 0
4112 0
2749 0
4336 0
220 0
6429 0
1312 0
4129 0
2365 0
1021 0
1263 0
6595 0
934 0
4212 0
1989 0
6451 0
4170 0
948 0
4120 0
2160 0
572 0
1398 0
226 1
4296 0
4159 0
1430 0
527 1
1145 0
1870 0
1448 0
2549 0
62 1
833 0
6564 0
2743 0
1472 0
1573 0
548 0
2020 0
2575 0
1110 0
2622 0
1999 0
2799 0
1772 0
418 0
4174 0
783 0
933 0
1357 0
2217 0
348 0
1152 0
6386 0
49 1
789 0
6020 0
2046 0
2052 0
2868 0
627 1
993 0
1090 0
1308 0
2117 0
4398 0
715 1
1934 0
1916 0
3615 0
2201 0
2503 0
4232 0
1722 0
23 1
4100 0
388 0
364 0
3931 0
1425 1
950 0
2680 0
1845 0
1445 0
1678 0
1025 0
4190 0
1992 0
4375 0
1842 0
1466 0
485 0
4248 0
778 0
2143 0
720 0
3881 0
1270 0
460 1
1645 0
1389 0
324 0
244 0
637 0
4107 0
2066 0
4223 0
4168 0
2811 0
752 0
2679 0
1232 0
6554 0
2899 0
379 0
1607 1
1386 0
1639 0
1536 0
1035 0
2617 0
4187 0
452 2
579 0
295 1
1894 0
535 0
1618 0
77 1
683 0
2260 0
541 0
1215 1
4378 0
3886 0
4317 0
3890 0
1712 0
765 0
5863 0
1628 0
897 0
312 1
2521 0
2435 0
237 0
1002 1
2584 0
370 0
6473 0
2722 0
6391 0
2923 0
2610 0
567 0
416 0
380 0
914 1
100 1
1279 0
300 0
965 0
1439 0
2079 0
1395 0
286 0
3654 0
1075 0
800 0
2232 0
1407 0
6443 0
496 0
2829 0
605 0
1779 0
1568 0
2581 0
607 0
1807 0
2902 0
1699 0
42 1
759 1
5710 0
1228 0
2508 0
235 1
1073 0
2291 0
2591 0
1931 0
2187 0
694 0
2844 0
816 0
1103 0
4260 0
4268 0
2244 0
1062 0
265 1
296 0
171 1
1700 0
2609 0
4240 0
4206 0
4327 0
445 1
2131 0
2687 0
1339 1
6382 0
2012 0
582 0
6572 0
1884 0
4167 0
1858 0
557 0
718 0
1581 0
1604 0
6520 0
2726 0
441 1
868 0
4041 0
4096 0
672 0
1140 0
275 1
983 0
2035 0
197 1
2208 0
1731 0
853 0
4024 0
751 0
1500 0
1746 0
4275 0
4393 0
4300 0
2167 0
1980 0
2275 0
4103 0
4175 0
2685 0
4073 0
1295 0
2832 0
1111 0
677 1
5532 0
907 0
3249 0
4055 0
1868 0
2238 0
590 1
1210 0
4201 0
664 0
1878 0
1790 0
4363 0
2264 0
1690 0
617 0
79 1
4136 0
1420 0
4061 0
352 0
2502 0
2918 0
126 1
3821 0
251 0
1034 0
1594 0
2803 0
2875 0
369 0
1533 0
1548 1
651 0
176 0
4053 0
947 0
1823 0
256 2
2537 0
2267 0
2810 0
5999 0
920 0
428 0
2305 0
887 0
4344 0
6542 0
72 1
3371 0
500 0
1221 0
1496 0
1757 0
1200 0
4193 0
918 0
1682 0
2781 0
1413 0
4386 0
1275 0
1108 0
2211 0
1598 0
2282 0
1014 0
1856 0
843 0
2760 0
2529 0
1491 0
1362 0
4155 0
1804 0
632 0
394 1
1371 0
2257 0
514 0
610 0
2659 0
725 0
513 1
6426 0
50 2
2645 0
4290 0
1994 0
2633 0
797 0
1136 0
3543 0
4048 0
1175 0
4183 0
4318 0
1236 1
1683 0
2413 0
1326 0
645 0
2566 0
4400 0
3714 0
1382 0
6406 0
1452 0
1176 0
1039 0
2881 0
1815 0
2637 0
1005 1
28 1
4280 0
4130 0
589 0
1337 0
215 1
687 0
150 0
2298 0
245 0
2604 0
2511 0
2546 0
826 0
1344 0
2666 0
332 0
1099 0
6418 0
4437 0
1965 0
745 1
34 2
2653 0
2656 0
2548 0
1410 0
620 0
2613 0
2693 0
4194 0
1434 0
2625 0
2713 0
4182 0
4090 0
1547 0
937 0
1045 0
1619 0
16 1
730 0
4265 0
921 1
2880 0
1069 0
2311 0
1224 0
3631 0
368 1
2556 0
6399 0
1786 0
611 0
1849 0
849 0
492 0
2740 0
208 1
2788 0
2271 0
93 2
3055 0
292 1
2773 0
6455 0
2445 0
291 1
374 1
2790 0
114 3
1306 0
429 0
1939 0
1328 0
409 0
4049 0
73 2
1091 0
67 2
1958 0
812 0
241 0
1962 0
2561 0
489 1
585 0
327 0
1970 0
1392 0
4125 0
1080 0
1281 0
732 0
2819 0
1864 0
1603 0
2233 0
1881 0
622 1
970 0
3952 0
1416 0
24 3
2771 0
2759 0
2256 0
1658 0
2049 1
104 1
4241 0
2057 0
1558 0
1635 1
1237 0
4371 0
2175 0
1513 0
1264 0
159 0
747 0
2490 0
2563 0
1633 0
47 2
4333 0
3991 0
1942 0
1427 0
1484 0
4217 0
1017 0
270 1
1057 0
2042 0
538 0
2840 0
1602 0
4226 0
2007 0
521 0
1332 0
1923 0
162 0
433 0
880 0
6353 0
1912 0
1399 0
786 0
986 0
6395 0
1117 0
740 0
1008 0
103 1
4148 0
4082 0
201 0
871 0
1401 0
4297 0
719 1
1529 0
4305 0
4289 0
902 0
827 0
266 1
2039 0
1742 0
1353 0
4042 0
2892 0
1219 0
1695 0
2534 0
97 1
1704 0
668 0
1749 0
750 0
688 0
1126 0
774 0
4306 0
910 0
693 0
2701 0
1341 0
2684 0
4123 0
1534 0
2570 0
893 0
6414 0
2309 0
1915 0
3729 0
4348 0
2737 0
804 0
83 0
2558 0
1385 0
2672 0
4156 0
1818 0
2094 0
962 0
755 0
1085 0
1837 0
1714 0
143 2
1403 0
2822 0
1051 1
2268 0
1497 0
497 0
518 1
4236 0
2914 0
2906 0
1211 0
2732 0
2852 0
169 1
411 1
1711 0
2102 0
2836 0
3720 0
478 0
398 0
384 0
2016 0
4052 0
836 0
4028 0
3182 0
1735 0
955 0
942 0
1376 0
1888 0
2030 0
2286 0
4119 0
2647 0
1595 1
190 1
2816 0
1750 0
1808 0
822 0
601 1
1739 0
2802 0
231 0
1610 0
779 1
551 0
504 0
343 0
981 0
697 0
2823 0
6559 0
857 0
707 0
1010 0
1966 0
1665 0
4279 0
261 0
4077 0
4083 0
1782 0
2698 0
2252 0
2506 0
321 0
792 0
2896 0
1079 0
1248 0
2422 0
1590 0
2401 0
1652 0
4205 0
1516 0
2053 0
924 0
2462 0
2933 0
4064 0
2301 0
760 0
4162 0
863 0
2481 0
2027 0
531 0
2469 0
172 0
1745 0
2594 0
4045 0
1366 0
223 1
2124 0
721 0
1897 0
1043 0
1255 0
2660 0
282 0
669 1
420 0
1852 0
639 0
1505 0
1348 0
2248 0
1137 0
577 0
2809 0
1227 0
1417 0
216 1
852 0
3381 0
3351 0
643 1
4341 0
3600 0
1951 0
1120 0
1475 0
2928 0
1794 0
1187 1
2193 0
2636 0
676 0
1251 0
277 0
2456 0
1192 0
879 0
2640 0
2700 0
1095 0
1183 0
3961 0
1444 0
1883 0
4312 0
1846 0
2215 1
2671 0
133 1
123 0
304 0
2600 0
2515 0
1828 0
2294 0
2605 0
56 1
1369 0
1151 0
54 2
6623 0
4282 0
306 0
1204 0
70 1
839 0
2520 0
166 1
1578 0
2225 0
88 1
1009 1
4352 0
30 0
403 0
466 1
134 1
618 0
2151 0
848 0
1829 1
1904 0
1761 0
1629 0
2755 0
2196 0
1918 0
1323 0
4197 0
1455 0
2662 0
1492 0
703 0
2729 0
4366 0
1134 1
4382 0
1100 0
4131 0
2885 0
1377 0
2861 0
1461 0
185 1
1719 0
4 3
2716 0
1985 0
2669 0
1691 0
3567 0
2003 0
