127 29
1801 6
71 37
1648 6
1481 6
2927 5
2266 5
1178 11
2915 6
1387 5
512 18
1932 7
463 14
458 17
517 15
1785 5
2634 5
1250 8
1363 5
722 12
2507 7
3051 4
1109 9
2067 7
1630 5
1597 9
4060 5
4340 3
728 8
1244 6
4171 4
1638 9
742 22
29 35
350 12
4087 4
1969 7
1810 8
2203 6
58 29
153 24
2932 5
4086 4
1546 6
101 26
4362 4
340 19
311 11
3844 4
825 11
917 7
495 10
1703 3
1322 6
2086 5
1816 8
3571 4
4293 3
2510 7
1172 13
2699 6
2458 4
1259 12
834 13
285 11
4397 4
4319 4
1216 7
3879 3
2274 6
2285 6
2194 6
1135 10
2002 6
4198 3
2864 4
1203 11
4261 4
96 14
1068 10
1667 5
2114 6
486 19
2134 5
1354 9
4066 5
569 18
4213 4
8 52
4269 3
2045 7
1396 10
686 14
1760 7
2033 5
391 16
4335 3
6375 3
943 15
1887 4
6444 3
2676 6
2907 5
1375 11
180 21
4258 3
4353 3
4097 3
1585 8
1877 6
2939 3
246 18
2705 6
690 7
2227 8
1168 6
61 52
4102 3
4323 3
536 7
4094 3
1767 6
1653 9
2237 6
1688 8
1266 6
2654 4
4209 4
1458 6
444 17
4144 4
508 16
1336 10
39 39
1089 11
558 26
12 42
1554 8
2168 5
4137 4
573 17
2710 6
1084 13
6457 3
638 13
2350 5
875 12
3467 4
1 101
136 28
506 12
116 24
1197 11
4390 3
1580 5
4184 4
2146 6
2419 5
661 14
2845 5
1935 8
2719 5
2690 6
581 20
308 23
4046 5
4200 4
678 20
4328 4
3862 4
2808 4
1975 8
2910 5
1973 8
1991 6
927 15
301 16
6573 3
2302 7
4272 4
51 45
1758 6
1822 7
456 19
2745 5
652 19
1033 12
4059 5
2736 3
2258 6
2034 6
2029 5
796 9
366 14
844 10
1541 5
2723 4
4218 3
272 19
775 8
2518 4
4113 3
6440 3
5668 4
2108 5
20 63
888 7
1983 4
1011 11
1754 7
1627 8
4304 4
4180 4
1161 6
4139 3
468 16
2093 5
6160 3
1019 7
700 11
1927 7
78 35
2853 4
1380 8
294 11
990 7
413 12
1614 5
1442 8
349 12
764 16
2218 7
1743 5
2075 7
1981 6
1383 6
606 12
137 25
1414 7
1855 6
2522 6
666 11
432 18
860 9
1074 13
4235 3
2308 5
1567 5
1063 8
1776 7
2565 4
2158 5
2576 4
708 14
2583 4
2796 4
2589 4
1601 5
2814 3
710 18
1656 5
323 22
856 7
1834 5
1664 7
112 30
545 24
191 32
2733 4
2467 5
187 17
588 18
1684 7
756 10
6408 3
1283 7
262 16
1944 6
212 15
1331 10
6390 3
2590 4
542 13
3750 4
6109 3
1305 7
961 9
2686 6
2882 5
1662 6
574 10
170 23
1921 10
660 12
26 41
6513 3
2116 7
977 11
2250 5
566 22
526 18
1901 6
4067 5
359 26
1229 9
2299 6
6568 3
108 22
2820 5
604 14
2614 4
2608 4
1001 9
232 13
477 18
1338 12
2623 4
1182 8
225 31
1447 6
330 19
142 41
207 30
1510 6
48 45
1857 6
360 8
1988 5
3923 4
4128 3
1076 9
4356 3
766 15
4343 3
449 20
4376 3
1574 5
1579 5
4243 4
2774 5
2763 5
1141 9
682 10
353 16
375 16
984 7
1155 6
2833 4
4189 4
1485 6
788 9
128 34
3726 4
501 10
2944 4
1313 7
278 29
1617 5
490 18
1843 6
2650 4
155 14
387 12
1913 4
2626 5
1112 6
6502 3
1294 11
461 17
2712 5
1562 6
1426 8
257 22
1358 5
782 8
951 11
85 32
809 14
1156 6
2281 5
1557 7
1486 8
425 27
2056 8
736 8
2876 4
539 18
781 7
2847 3
4369 3
1950 6
2865 3
520 15
1698 7
2782 5
2037 7
532 14
1193 7
3963 4
2455 5
55 38
1890 5
1681 5
57 48
2642 4
872 15
1146 6
395 17
89 28
175 22
584 11
988 7
35 46
4342 3
2453 4
2295 7
1882 6
1550 8
1454 6
2827 5
665 13
1476 4
2758 5
2533 5
1207 10
2641 5
2670 6
1584 5
904 9
930 6
1675 6
649 17
1318 7
648 18
642 13
2006 5
2245 5
1764 5
2130 5
1908 6
1028 6
198 10
1589 11
4291 3
2792 3
1718 6
2550 5
1098 8
1059 12
2683 6
913 12
2019 6
2665 5
4313 3
361 12
202 18
2468 5
184 18
776 14
2183 5
1819 7
1459 7
1570 6
1984 5
2673 6
1269 11
412 16
181 20
307 14
1671 6
4242 4
1467 6
1463 6
830 11
154 11
2041 7
3721 4
2893 4
2062 7
4324 3
1101 7
2801 5
704 12
326 21
1462 7
2886 4
2543 4
681 8
335 21
1029 6
2715 4
5 57
2694 6
2105 6
4287 3
1957 6
2791 5
554 13
2657 5
552 22
1867 6
3766 4
1623 5
2505 6
74 27
440 8
890 11
1926 8
1289 10
299 16
2024 5
2525 4
1282 7
1694 8
841 13
1898 4
1044 7
6580 3
1350 6
1751 5
91 27
2137 4
4116 3
1240 11
2815 5
467 17
474 19
481 19
867 14
1976 6
3669 4
817 16
563 9
2751 6
2919 5
4058 5
229 21
673 16
4204 4
68 38
2059 7
4106 3
315 26
1827 5
2514 6
4176 3
1947 7
2501 7
1347 10
222 26
2911 5
1504 8
25 61
2270 6
305 21
1253 6
928 11
1644 10
1526 6
4276 4
217 29
2648 5
4076 5
1730 6
158 29
281 21
46 40
1851 6
1316 5
2630 5
2373 5
1418 8
36 26
2263 6
4163 4
1368 7
472 17
748 15
1655 9
1943 6
317 21
132 19
711 13
1254 6
1791 7
1642 10
892 14
2180 5
6363 4
2071 7
1428 10
546 12
537 13
4081 5
1018 8
1125 14
2279 4
4072 5
1007 14
741 16
1443 11
1833 5
1186 10
998 10
2806 4
1789 9
2240 6
2076 7
4294 3
529 15
4309 3
1838 6
1773 7
4222 4
1058 12
2573 5
987 6
1150 7
4122 5
6374 3
2860 5
4314 3
4239 4
4253 3
908 12
1335 11
2580 5
4151 5
284 19
903 8
247 19
1340 8
4389 3
289 14
165 25
729 12
2 53
4229 3
808 16
845 8
1847 6
2553 5
1231 12
1249 7
147 19
973 12
2569 4
1046 6
1142 7
2095 6
1291 14
2601 4
2599 4
319 12
2571 4
2857 5
1179 11
1052 14
4188 3
735 8
1922 10
1493 8
2397 4
4298 4
974 9
2629 5
1271 14
1668 6
1715 6
344 19
1613 6
4247 4
636 15
1710 7
1104 6
6624 3
1406 11
1133 11
2224 7
209 28
2837 3
1905 6
4132 3
1118 11
1575 6
117 26
2428 4
2207 6
4191 4
600 16
80 36
336 16
2472 5
457 16
1301 9
821 12
696 11
383 23
2532 4
6449 3
1873 6
1721 5
2179 4
4157 4
2172 6
1431 7
92 29
1489 9
1212 12
2253 6
1805 9
2787 5
1164 6
1477 5
1727 7
2922 5
2824 5
505 7
2739 4
670 15
1094 10
419 23
995 8
2178 5
837 9
1225 6
2909 4
2015 5
290 23
149 14
712 18
210 23
406 12
6339 3
2560 4
2289 4
19 49
2702 6
1030 5
365 23
2730 4
763 14
2593 5
2021 5
1895 6
2920 5
2038 7
570 16
1880 6
4283 4
252 27
1159 6
4399 4
883 10
4063 5
2048 6
655 14
421 12
1998 5
2930 6
6058 3
1367 10
271 11
1070 8
1024 15
2867 3
2871 5
491 22
1863 6
4332 3
13 60
2493 4
105 12
4098 3
840 12
1647 5
597 16
111 20
4372 4
1411 9
408 20
1480 6
6603 3
2777 5
242 16
559 14
32 42
1588 10
443 11
4138 3
2234 7
1795 9
580 15
2800 4
6632 3
4391 3
2523 4
3519 4
846 7
1257 14
31 43
1689 9
4093 4
1861 6
2307 4
2825 4
2706 5
1296 12
1553 9
2161 6
4160 4
2897 5
4051 5
1303 6
4195 3
1654 6
968 10
675 11
3510 4
15 60
431 14
382 19
2236 7
2846 3
1506 7
4208 3
2855 5
4329 4
139 23
129 36
926 12
2145 5
859 7
4377 3
1246 7
4284 3
1083 7
739 15
1293 11
876 12
1792 8
2890 4
662 11
168 35
135 36
145 33
178 19
2674 6
1131 6
2728 4
1876 4
772 14
124 22
1759 5
1429 11
4259 4
1974 8
2032 5
2536 4
4350 3
3611 4
1374 8
1528 6
2303 7
653 17
1692 9
2259 5
2677 6
4273 3
509 18
1015 6
2212 6
976 6
367 25
716 18
1886 6
1821 7
1972 8
940 12
3589 4
743 14
685 14
2265 5
4169 4
21 61
523 23
4360 3
1460 7
723 15
453 16
2500 6
1202 11
351 20
1040 7
2838 5
595 22
1755 6
1138 14
488 17
1854 6
2926 6
1012 6
835 16
1498 8
2182 4
1267 7
1032 12
901 9
113 22
4071 5
152 31
3855 3
342 18
2931 6
862 7
1419 7
341 19
1056 14
2883 5
2287 5
2540 4
2284 4
64 34
4285 3
4085 6
1473 5
2753 3
881 15
45 27
405 20
507 14
4172 4
1173 9
1963 8
309 25
6110 4
1734 6
2085 5
1733 5
2113 6
1258 10
824 10
120 29
2568 5
1148 9
2841 3
254 23
392 14
1321 7
2242 6
2442 4
4214 4
1987 6
2254 5
6615 3
813 13
2014 5
2602 4
644 11
851 7
399 8
1820 8
2296 5
1811 8
436 21
1342 8
4359 3
4185 4
1802 7
94 35
213 27
1968 8
2775 5
1450 6
4065 5
2863 4
2668 6
568 13
2273 5
4334 3
791 11
1129 9
1143 6
1355 6
2848 4
2231 8
1961 5
386 22
916 12
2043 7
1457 7
200 26
1261 13
1352 7
329 14
525 16
787 9
1621 5
27 47
1561 9
1902 7
161 32
1866 5
2001 5
4394 4
1310 6
109 25
6168 3
4357 3
4234 3
3695 4
2651 4
1239 9
2764 4
769 10
1181 7
1556 7
803 13
1809 8
2744 5
2559 4
1766 7
60 26
1245 8
691 8
1400 10
1067 9
2615 5
1676 5
1388 10
346 22
911 11
427 9
82 32
2202 5
650 11
1154 6
2624 4
895 10
1763 7
4079 5
5805 3
69 16
1910 3
4299 4
1157 8
1470 7
224 22
2711 6
1982 5
1006 14
3813 4
6539 3
426 19
4127 4
996 9
1435 9
1840 6
279 25
956 8
498 7
483 12
629 11
4145 4
2055 6
1487 9
372 15
4311 3
2028 6
1661 7
1284 7
1330 11
3041 4
3772 4
1606 8
2064 7
1160 9
99 18
3553 4
869 15
1592 9
1933 7
2022 5
790 8
533 18
4114 4
2080 6
1122 11
2416 5
1697 10
1053 12
414 21
462 24
1770 6
2735 4
1209 11
263 23
991 7
4385 4
931 17
2246 6
615 14
476 17
1198 10
3755 4
1409 8
2219 7
2141 4
2464 3
1077 13
1716 5
4219 3
293 17
1272 6
2854 3
1781 7
1299 8
1663 5
2888 5
967 11
1611 5
322 19
469 14
635 18
1088 10
575 11
1835 5
4101 3
1566 6
6549 3
979 7
709 7
3603 4
310 18
40 37
192 16
699 12
1115 8
960 8
818 10
1038 7
4262 4
4320 4
4303 3
1707 5
2293 3
2908 3
267 20
543 22
1892 4
1777 6
2044 7
354 16
4231 3
1437 8
2813 3
1064 6
2724 6
757 11
2577 5
4225 4
9 69
2734 3
1740 5
1600 7
3288 4
603 13
2750 6
2527 4
4165 4
90 30
1850 6
4712 3
565 10
1346 10
1964 7
850 7
2818 4
1004 15
891 11
6574 3
2106 6
4057 5
1360 7
2696 7
6484 3
1013 9
233 20
1490 9
1693 8
316 15
4199 4
1806 6
4105 5
1738 6
2288 6
2025 6
1370 12
4251 3
11 50
3668 4
4117 3
511 17
842 17
4288 4
2367 5
899 13
2000 6
2531 4
6498 3
2689 6
199 26
2410 5
1979 5
1899 5
1929 8
1737 5
1948 6
795 11
1609 6
794 15
6507 3
944 9
1780 5
1113 8
2122 6
674 8
2280 6
1317 9
957 8
280 16
273 22
471 10
2596 5
2943 5
1503 9
6366 3
1509 6
4177 3
2262 6
1936 7
2912 4
1325 7
2512 5
131 40
1643 8
1565 6
502 18
4277 3
314 9
1286 8
1796 5
4075 5
1502 6
2638 4
1872 6
355 17
553 8
2058 8
1252 8
3488 3
2877 3
2643 5
555 16
1037 6
6463 3
4164 3
4270 3
37 39
2513 7
855 7
6416 3
195 24
2005 6
1706 7
1839 6
2828 5
1788 7
2186 5
680 12
679 13
3962 4
831 10
1147 9
1960 3
1241 9
2783 5
647 15
334 19
1206 10
4368 3
2292 4
1997 5
1027 10
1680 6
423 16
2879 3
1953 5
1139 15
1319 6
2757 4
1826 6
4043 5
1222 9
2036 8
1747 7
820 8
174 18
1799 6
1571 5
422 16
905 9
1194 7
1552 9
41 37
6400 3
52 38
2887 5
1451 6
302 17
1453 7
866 12
2452 5
2223 7
770 7
593 15
188 18
402 21
3152 4
1940 6
4292 4
641 16
1097 11
1641 7
838 13
2664 5
616 13
640 10
1121 11
870 15
4245 3
1384 6
896 11
1468 7
1726 7
2068 7
2903 4
1464 8
1494 10
4354 3
4310 3
777 16
2018 5
1906 4
2786 5
464 18
1672 6
1685 8
2011 5
1891 6
6 53
3941 4
562 16
1304 10
2269 5
1102 8
183 22
1478 7
2544 5
6481 3
2541 5
362 13
439 24
1379 6
2607 4
1593 10
705 12
4381 3
1720 7
2206 5
2496 4
2177 4
407 21
4374 3
18 43
912 14
376 14
785 8
1432 8
6621 3
599 13
1930 7
587 14
609 20
1393 9
1235 10
298 19
95 26
923 13
243 25
2051 7
2682 6
148 23
753 7
1343 13
2655 5
726 13
2509 7
2703 6
106 30
4110 3
4210 4
964 9
157 33
2009 6
65 43
1909 6
4192 4
935 15
203 16
2627 4
4373 3
1213 15
1093 12
1023 12
81 35
2742 4
624 9
1300 7
1199 9
86 37
2598 5
1158 8
2170 4
371 21
656 20
204 23
1041 9
2921 5
435 16
814 17
1482 4
2109 4
885 7
1412 6
884 15
1709 5
339 10
228 27
749 10
268 18
829 15
2872 4
345 13
596 11
1297 11
2090 6
1862 6
613 12
6515 3
1082 7
121 14
1066 10
952 7
2691 6
1071 9
494 10
487 9
1956 5
4331 3
2778 5
2235 8
238 31
873 13
253 29
4158 4
448 23
2631 4
2278 6
4152 4
63 31
1637 7
179 30
1105 6
4246 3
713 10
3705 4
1334 10
2499 6
2805 4
2096 5
1784 5
4233 3
2839 5
938 9
1679 6
1830 7
4238 4
1620 5
4346 4
4215 3
2241 5
1262 10
1290 10
4203 4
1132 11
4308 4
929 16
2554 4
1925 7
2574 4
2916 5
547 8
631 11
1616 7
1583 8
396 18
258 18
1422 9
482 27
2620 4
949 12
499 22
1047 6
2138 5
1055 14
3610 3
4050 5
2447 5
1276 6
141 27
909 12
4121 5
4315 3
2618 4
4228 3
1124 11
1230 13
75 34
2793 4
2588 4
1917 7
6387 3
450 23
1702 8
1405 5
1713 5
1060 7
6364 4
2104 6
2894 4
2858 5
4141 4
900 12
4221 4
318 13
1729 5
2526 4
972 11
473 18
1774 5
3 42
248 33
146 24
1351 7
802 6
356 15
2720 5
3420 3
528 13
2063 7
164 19
4325 4
807 13
2040 7
2632 5
2678 6
1049 11
2898 3
882 12
4379 4
2812 5
1050 14
1488 10
560 11
2830 4
798 8
4054 5
898 11
2725 6
1031 11
4316 3
1273 7
2516 4
451 19
2616 4
454 18
2538 4
1364 9
1408 9
4224 4
634 12
4249 4
578 14
2551 5
4384 3
695 10
978 14
325 9
378 14
889 8
1233 11
540 19
1615 4
1162 8
3972 3
684 6
2831 4
211 11
1732 5
2073 5
861 7
337 11
76 25
1924 8
982 7
571 16
1214 11
1190 5
2592 5
389 18
1660 6
6091 3
1345 6
1171 10
2290 4
1123 10
966 12
2216 7
992 9
758 12
236 17
1954 7
706 6
2843 3
218 23
14 43
2587 4
1608 5
2567 4
4321 3
2889 4
234 24
594 14
2924 6
1438 8
1903 6
2188 6
2767 5
4302 4
3667 4
1778 4
1859 6
160 35
98 22
2776 5
1278 6
1048 11
2901 5
1381 6
1000 12
1061 15
43 15
2582 5
2054 6
1728 5
2785 5
193 25
288 21
119 35
1555 8
586 12
2870 5
4337 3
2859 3
410 21
999 10
1180 10
1185 9
430 12
447 19
1446 8
1741 6
4211 4
1315 6
415 25
1130 8
4196 3
189 24
3987 4
2597 5
1292 9
1356 8
2849 4
480 15
1153 6
1871 6
107 50
438 21
87 36
1022 6
4099 3
4339 3
1832 8
4395 3
2795 5
953 11
2704 6
221 19
1424 7
1560 7
417 12
1762 6
784 8
260 13
2061 7
1844 6
4388 3
762 17
2504 4
1144 7
734 8
2798 4
1723 6
2621 4
2047 7
144 23
1440 7
2524 5
381 22
1471 6
1814 8
906 10
2205 3
177 34
4330 3
2213 6
373 15
2078 6
773 13
1247 9
2940 4
22 37
205 25
4345 3
1752 6
1309 9
1576 6
2874 3
2681 6
1622 6
1260 9
874 14
975 14
493 23
1708 5
1911 6
1436 11
2220 6
2528 5
1591 7
2856 5
1677 7
2199 6
1320 7
1026 11
2752 4
1390 12
4173 3
1993 6
1893 6
1469 6
3544 4
1646 5
1499 9
400 21
534 11
919 11
746 11
4286 3
1268 9
744 13
633 10
1372 10
2023 5
1977 5
151 29
4387 3
1825 6
1669 5
1285 5
1952 6
287 14
475 22
2595 4
932 10
3757 4
1549 8
1959 6
6336 3
515 12
4047 5
2545 4
1242 8
2761 6
1107 8
138 26
1208 8
1803 6
1201 9
724 14
4104 3
519 13
1195 8
17 24
2451 6
4092 4
1327 5
2192 6
1274 7
2667 5
110 31
1995 5
333 10
4080 5
2210 6
6548 3
2658 4
646 8
2780 4
446 26
2181 5
2229 7
1582 4
2842 4
1599 7
1149 8
2900 5
4263 3
2603 5
2283 5
2243 6
1087 14
1288 10
2695 5
810 10
1238 9
4351 3
33 42
1587 7
4166 4
1559 10
2866 4
7 45
1793 7
1701 5
227 29
4256 4
1860 6
2013 7
1937 7
255 22
806 12
264 11
2230 7
4274 3
1885 6
182 31
3422 4
4146 4
2905 4
1817 8
6380 3
2707 6
6078 3
556 19
717 15
2817 5
815 9
671 9
2249 5
167 21
692 20
6488 3
1605 9
663 17
4301 3
1907 5
6373 3
854 7
1945 5
4326 3
969 12
3769 4
4295 3
1946 7
510 21
393 16
2276 6
4089 3
4207 3
1501 10
658 11
274 19
4392 3
549 15
877 15
1771 5
1128 10
2891 5
946 10
4074 5
5586 3
1724 5
4056 5
2644 4
250 9
2148 4
303 31
1361 5
614 14
1765 6
6521 3
6446 3
130 19
53 41
1373 11
1465 7
2925 6
1302 9
1397 13
941 16
583 18
4255 4
1879 8
1824 5
4135 3
2917 5
1869 5
591 19
2304 7
832 10
2804 4
2135 4
828 13
4078 5
276 23
4149 5
102 46
1920 7
6514 3
1831 7
2465 5
6590 3
2639 4
4227 3
1218 9
1543 7
259 18
424 9
4124 3
1625 6
163 27
4070 5
1402 10
1106 9
1836 5
2731 6
1841 6
347 23
1333 10
2738 5
4307 3
2586 5
434 24
865 11
1184 10
4216 4
442 12
4044 5
1577 4
1572 7
2851 3
689 10
886 7
1116 6
1329 6
2835 5
2869 4
1725 5
4186 3
727 19
4220 4
939 9
320 12
6511 3
2619 5
4095 3
811 11
1670 5
2010 4
2834 4
249 29
465 14
1612 6
819 12
1177 15
1189 13
1127 15
4237 4
894 11
1748 5
858 7
1298 6
140 23
2222 7
1900 6
954 6
385 16
1479 8
1359 6
801 8
985 9
971 9
754 6
479 19
847 10
1166 7
1563 7
2166 6
1378 8
1003 12
4147 6
1054 10
4355 4
1800 7
2821 4
619 16
4230 4
1717 5
6365 3
4349 3
2557 6
698 20
1634 7
621 11
524 20
1848 6
2176 5
2310 6
4380 3
2495 3
598 14
2486 4
780 21
4179 3
1433 11
240 23
1666 6
6477 3
2209 7
230 14
115 29
377 16
922 16
602 15
2050 8
1311 7
2628 4
2741 3
1072 11
1787 6
1394 10
612 16
2772 5
936 12
1391 10
1277 7
2251 5
1086 11
701 16
214 22
3630 4
6622 3
564 7
2562 4
2708 6
1650 7
2789 5
2074 7
2539 4
2547 5
2850 4
731 13
1967 8
2779 5
657 18
1865 6
4281 3
2139 5
1783 6
768 18
1928 7
1092 12
6396 3
503 12
1756 6
4181 4
2255 5
1636 9
4126 3
1483 7
4069 5
338 27
1996 5
761 14
576 6
1775 4
738 14
1415 6
484 8
1036 8
1243 7
1078 6
2530 4
1265 6
2065 7
623 9
544 9
4150 4
4370 3
1512 6
1196 7
1114 8
2564 4
328 17
239 18
2635 5
122 19
878 7
269 24
628 14
2277 6
363 15
4264 3
4140 4
4271 3
733 8
630 14
997 13
1449 7
608 16
2873 5
1649 6
1234 11
4062 5
2226 7
2878 4
1314 6
4108 3
2748 6
1798 8
1474 7
2535 4
125 30
522 17
1632 8
1423 5
44 36
1687 9
2152 6
667 10
1188 10
2008 4
2862 4
1280 5
1564 5
714 5
313 13
4364 4
2017 5
4322 3
2661 4
2884 4
1324 6
397 21
1096 11
2934 5
1657 8
2185 5
1191 6
4202 4
459 22
823 11
4267 3
1495 8
1753 6
771 14
401 21
186 29
2688 7
4367 4
1797 9
1119 9
1914 4
6495 3
1938 7
2756 5
1705 7
1919 8
915 11
1586 9
1986 6
1456 6
2606 4
404 16
516 14
2004 5
1813 8
2060 7
1551 7
702 16
2297 8
4383 4
2163 4
2214 6
2904 4
2195 5
561 12
6566 3
2555 5
2221 7
357 17
1307 8
1812 8
1941 5
4008 4
6582 3
1769 5
2826 4
455 22
1875 6
3834 4
1673 6
2132 5
4084 5
963 11
297 10
2612 4
6367 3
2031 5
2272 3
1889 6
2692 6
2646 5
980 9
10 46
1596 8
550 13
2697 6
1651 5
1081 12
1736 5
958 7
1569 5
592 18
4111 3
2542 5
1978 6
2123 5
2364 5
1640 9
173 27
530 11
66 27
2709 6
2675 6
2026 6
4142 5
793 12
1205 13
1287 11
1696 8
654 16
2261 6
283 23
156 22
4178 4
59 34
4278 3
1971 8
4161 4
1226 8
2498 6
1256 10
1949 6
1744 4
2247 6
1853 6
864 8
2913 4
219 23
1016 7
2480 4
2300 6
799 7
1170 8
925 13
1896 5
390 23
2895 5
1686 8
1042 10
38 39
1955 5
196 16
945 14
1169 10
4143 4
2784 5
118 22
206 14
1674 6
959 6
331 24
1065 8
358 11
1659 10
2746 4
737 13
767 14
4338 4
2228 9
2070 5
805 17
84 21
1020 10
4396 4
2173 3
4068 5
437 16
194 17
1768 5
4112 4
2749 5
4336 3
220 13
6429 3
1312 6
4129 3
2365 4
1021 8
1263 9
6595 3
934 15
4212 4
1989 5
6451 3
4170 4
948 12
4120 3
2160 5
572 10
1398 12
226 19
4296 3
4159 4
1430 9
527 24
1145 8
1870 6
1448 7
2549 5
62 33
833 13
6564 3
2743 3
1472 6
1573 7
548 15
2020 6
2575 5
1110 6
2622 4
1999 6
2799 4
1772 7
418 20
4174 3
783 10
933 14
1357 6
2217 7
348 12
1152 8
6386 3
49 32
789 11
6020 3
2046 7
2052 6
2868 4
627 14
993 6
1090 9
1308 6
2117 5
4398 3
715 15
1934 8
1916 7
3615 4
2201 5
2503 7
4232 4
1722 5
23 42
4100 4
388 9
364 10
3931 4
1425 9
950 12
2680 6
1845 6
1445 7
1678 5
1025 10
4190 3
1992 5
4375 4
1842 6
1466 8
485 12
4248 4
778 14
2143 5
720 15
3881 4
1270 13
460 21
1645 8
1389 9
324 9
244 9
637 13
4107 4
2066 7
4223 4
4168 4
2811 5
752 9
2679 6
1232 8
6554 3
2899 3
379 22
1607 9
1386 8
1639 8
1536 7
1035 18
2617 4
4187 3
452 24
579 10
295 25
1894 5
535 9
1618 4
77 24
683 8
2260 4
541 15
1215 15
4378 3
3886 4
4317 4
3890 4
1712 7
765 16
5863 3
1628 8
897 10
312 18
2521 5
2435 3
237 21
1002 18
2584 4
370 21
6473 3
2722 5
6391 3
2923 5
2610 4
567 14
416 10
380 21
914 13
100 41
1279 6
300 26
965 13
1439 9
2079 5
1395 9
286 15
3654 4
1075 12
800 11
2232 7
1407 9
6443 3
496 8
2829 4
605 18
1779 5
1568 5
2581 5
607 10
1807 10
2902 3
1699 6
42 28
759 12
5710 4
1228 10
2508 7
235 22
1073 7
2291 4
2591 5
1931 10
2187 5
694 9
2844 4
816 11
1103 7
4260 3
4268 3
2244 6
1062 8
265 25
296 19
171 24
1700 7
2609 5
4240 3
4206 3
4327 3
445 20
2131 4
2687 6
1339 10
6382 3
2012 5
582 16
6572 3
1884 7
4167 4
1858 7
557 16
718 16
1581 6
1604 5
6520 3
2726 5
441 25
868 11
4041 5
4096 3
672 14
1140 14
275 20
983 9
2035 6
197 20
2208 7
1731 7
853 7
4024 4
751 9
1500 8
1746 5
4275 4
4393 3
4300 4
2167 5
1980 7
2275 4
4103 5
4175 4
2685 6
4073 5
1295 9
2832 5
1111 6
677 10
5532 3
907 13
3249 4
4055 5
1868 4
2238 5
590 19
1210 9
4201 3
664 8
1878 6
1790 8
4363 3
2264 5
1690 7
617 14
79 33
4136 3
1420 6
4061 5
352 9
2502 6
2918 5
126 27
3821 4
251 12
1034 14
1594 8
2803 4
2875 3
369 25
1533 6
1548 9
651 11
176 21
4053 5
947 15
1823 6
256 23
2537 4
2267 4
2810 3
5999 3
920 14
428 10
2305 5
887 7
4344 3
6542 3
72 28
3371 4
500 14
1221 7
1496 9
1757 5
1200 15
4193 3
918 10
1682 8
2781 5
1413 9
4386 3
1275 5
1108 6
2211 7
1598 8
2282 6
1014 7
1856 6
843 15
2760 7
2529 6
1491 8
1362 6
4155 4
1804 7
632 18
394 27
1371 9
2257 4
514 10
610 11
2659 4
725 10
513 24
6426 3
50 31
2645 5
4290 4
1994 6
2633 4
797 12
1136 11
3543 4
4048 5
1175 8
4183 4
4318 3
1236 11
1683 6
2413 4
1326 7
645 12
2566 4
4400 3
3714 4
1382 6
6406 3
1452 7
1176 12
1039 6
2881 4
1815 8
2637 5
1005 14
28 50
4280 4
4130 3
589 15
1337 13
215 20
687 10
150 19
2298 6
245 23
2604 4
2511 5
2546 4
826 12
1344 6
2666 4
332 21
1099 7
6418 3
4437 4
1965 8
745 18
34 53
2653 3
2656 4
2548 4
1410 6
620 12
2613 5
2693 7
4194 3
1434 7
2625 4
2713 4
4182 4
4090 4
1547 8
937 8
1045 8
1619 7
16 38
730 11
4265 4
921 15
2880 4
1069 6
2311 4
1224 8
3631 3
368 21
2556 4
6399 3
1786 5
611 11
1849 6
849 19
492 14
2740 4
208 26
2788 4
2271 5
93 38
3055 4
292 27
2773 5
6455 3
2445 6
291 22
374 30
2790 4
114 38
1306 6
429 9
1939 5
1328 6
409 15
4049 5
73 44
1091 8
67 35
1958 5
812 11
241 19
1962 8
2561 5
489 25
585 16
327 26
1970 8
1392 10
4125 4
1080 14
1281 7
732 9
2819 5
1864 6
1603 5
2233 7
1881 6
622 19
970 14
3952 4
1416 6
24 40
2771 5
2759 6
2256 5
1658 7
2049 9
104 43
4241 3
2057 8
1558 7
1635 10
1237 8
4371 3
2175 5
1513 8
1264 7
159 18
747 13
2490 5
2563 4
1633 7
47 40
4333 4
3991 5
1942 5
1427 10
1484 7
4217 4
1017 8
270 26
1057 11
2042 7
538 12
2840 5
1602 6
4226 3
2007 5
521 12
1332 9
1923 8
162 11
433 12
880 10
6353 3
1912 6
1399 8
786 9
986 7
6395 3
1117 8
740 17
1008 11
103 39
4148 4
4082 5
201 21
871 11
1401 9
4297 4
719 14
1529 6
4305 4
4289 3
902 11
827 15
266 20
2039 6
1742 7
1353 6
4042 5
2892 5
1219 8
1695 9
2534 4
97 19
1704 6
668 17
1749 5
750 8
688 10
1126 10
774 13
4306 4
910 13
693 16
2701 6
1341 9
2684 6
4123 4
1534 5
2570 5
893 13
6414 3
2309 6
1915 6
3729 4
4348 4
2737 5
804 11
83 21
2558 4
1385 9
2672 6
4156 4
1818 8
2094 6
962 9
755 8
1085 11
1837 6
1714 6
143 43
1403 7
2822 3
1051 11
2268 5
1497 9
497 7
518 16
4236 4
2914 5
2906 4
1211 5
2732 4
2852 5
169 29
411 26
1711 6
2102 5
2836 4
3720 4
478 15
398 12
384 18
2016 5
4052 5
836 10
4028 4
3182 4
1735 5
955 7
942 12
1376 4
1888 4
2030 5
2286 5
4119 3
2647 4
1595 11
190 23
2816 4
1750 6
1808 8
822 11
601 19
1739 7
2802 5
231 20
1610 7
779 16
551 12
504 13
343 8
981 7
697 11
2823 4
6559 3
857 6
707 12
1010 11
1966 7
1665 7
4279 3
261 12
4077 5
4083 5
1782 8
2698 6
2252 5
2506 6
321 17
792 10
2896 5
1079 6
1248 5
2422 4
1590 10
2401 5
1652 9
4205 4
1516 6
2053 5
924 13
2462 4
2933 5
4064 5
2301 5
760 16
4162 4
863 11
2481 3
2027 5
531 14
2469 4
172 32
1745 6
2594 4
4045 5
1366 9
223 27
2124 5
721 10
1897 6
1043 9
1255 10
2660 4
282 13
669 14
420 11
1852 6
639 11
1505 4
1348 10
2248 5
1137 10
577 15
2809 5
1227 7
1417 8
216 29
852 7
3381 4
3351 4
643 14
4341 3
3600 4
1951 6
1120 9
1475 6
2928 6
1794 6
1187 11
2193 6
2636 4
676 9
1251 9
277 15
2456 4
1192 8
879 12
2640 4
2700 6
1095 13
1183 7
3961 4
1444 7
1883 4
4312 4
1846 6
2215 8
2671 6
133 27
123 18
304 14
2600 5
2515 7
1828 6
2294 4
2605 5
56 38
1369 9
1151 6
54 33
6623 3
4282 4
306 13
1204 10
70 31
839 8
2520 4
166 29
1578 7
2225 6
88 30
1009 11
4352 3
30 18
403 17
466 21
134 29
618 10
2151 6
848 12
1829 8
1904 6
1761 6
1629 6
2755 3
2196 4
1918 6
1323 8
4197 3
1455 8
2662 4
1492 8
703 9
2729 3
4366 3
1134 11
4382 3
1100 8
4131 4
2885 3
1377 11
2861 5
1461 6
185 19
1719 6
4 66
2716 5
1985 5
2669 6
1691 9
3567 4
2003 6
