1452 5.02816141114347 0.0170927467300832 115 13.2459016393443 20.2368400773983 R5
611 4.62235682785335 0.426652892561983 66 9.71428571428571 12.1768431953475 R6
481 4.61859601664138 0.0543552812071331 105 15.7435897435897 19.325442176542 R5
1893 4.47370451536325 0.134425540852762 64 11.741935483871 11.681161403635 R5
284 4.38511270368763 0.0785244704163624 71 11.76 13.5093449137995 R5
783 4.35328931034326 0.0333237575409364 58 10.6666666666667 10.8730042868667 R5
26 4.28821549693711 0.179370447450572 112 15.6 22.4802135221176 R5
13 4.23507425370556 0.104462809917355 52 9.42857142857142 10.0521091298883 R5
1460 4.16364972866146 0.0677131425053863 55 10.96 10.5772586240481 R5
919 4.102304625564 0.0384467512495195 50 9.02702702702703 9.98779386534218 R5
1612 4.08501861851881 0.244897959183674 24 5.27272727272727 4.5843787938629 R5
1288 4.07731805032988 0.372881355932203 46 8.4375 9.21255088181335 R6
1112 3.99801800301648 0.413827160493827 34 5.30434782608696 7.17746947419006 R6
1910 3.97456481818637 0.216111111111111 53 10.96 10.5772586240481 R5
1426 3.92199215602353 0.275147928994083 22 5.55555555555556 4.19288050313626 R5
54 3.89437258958898 0.327034517510708 51 9.56521739130435 10.6396554658035 R6
1069 3.85390506208225 0.31934968790826 68 11.7 14.6085591349729 R6
351 3.80249798971989 0.273391022174148 73 12.6086956521739 15.8820082248813 R5
845 3.79279067616783 0.0217365052529888 90 13.2459016393443 20.2368400773983 R5
1719 3.71953653233237 0.129273197357081 55 10.3157894736842 12.0133812742246 R5
740 3.71523688001544 0.572840790842872 39 8.77777777777778 8.13466898565472 R6
315 3.65181906902001 0.0551477881372742 69 14 15.0609871301098 R5
1441 3.64499445292148 0.19775390625 57 10.4444444444444 12.7724626626636 R5
999 3.62184817970781 0.505668934240363 29 5.92592592592593 6.37080101903541 R6
1988 3.55810108808316 0.0363511659807956 53 10.7586206896552 11.871888477767 R5
991 3.52394386851669 0.090702947845805 40 10.4210526315789 8.39370559579074 R5
1358 3.52105207274005 0.164359861591696 31 8.70588235294118 6.33166371484809 R5
567 3.49998844320634 0.120769418066715 104 19.75 24.0715080541291 R5
515 3.49157084956307 0.233469387755102 61 12.8333333333333 13.7951279644502 R5
2769 3.39391173245716 0.0416478044363966 46 11.3333333333333 10.2143689640297 R5
608 3.36416190184677 0.181468665897732 46 13.5789473684211 9.63718559852345 R5
1190 3.32479020915968 0.347654320987654 36 8 8.42158399133304 R6
312 3.31983551729092 0.0302958579881656 64 14 15.0609871301098 R5
6197 3.31701736001889 0.0753556324490581 49 13.5454545454545 10.688682513963 R5
1585 3.29540505508591 0.090702947845805 20 5.52380952380952 4.39284101171383 R5
2495 3.28711715433075 0.3152 41 12 8.82232017857736 R6
172 3.27649032706074 0.430727023319616 40 9.14285714285714 9.41774269934258 R6
2209 3.25752436186637 0.234404536862004 20 6 4.29774222531949 R5
2229 3.23612256591244 0.355817111815301 37 7.90909090909091 8.98943365042381 R6
141 3.22141883136657 0.24537037037037 31 7.25 7.37252783424157 R5
3260 3.22018838884754 0.408163265306122 15 4.46153846153846 3.27262267479733 R6
1680 3.21973516692237 0.349173553719008 35 9.30769230769231 7.97963383953284 R6
1278 3.20753577478565 0.486913580246914 31 8.52631578947369 7.00652643914102 R6
450 3.18446137106838 0.0555102040816327 34 7.5 8.32165848854662 R5
1513 3.1783854622027 0.0587695133149678 32 8.5 7.39369100427295 R5
1597 3.15846027577884 0.5504 16 5.39130434782609 3.35881876797008 R6
643 3.15521864148353 0.185493460166468 26 7.18518518518518 5.96307798370779 R5
3065 3.15123605597043 0.115702479338843 31 8.76190476190476 7.05694363834226 R5
545 3.11408908539768 0.167075072399198 61 14 15.0926960376273 R5
4374 3.08508776171148 0.34 16 5.28571428571429 3.47292736604092 R6
2436 3.07907237577797 0.32 12 4.16666666666667 2.54405625374562 R6
876 3.06707801296427 0.165289256198347 20 6.375 4.44233891097922 R5
152 3.05172400301563 0.556480380499405 18 4.33333333333333 4.4783429475148 R6
2386 3.0512411399463 0.240291950113379 146 39.2380952380952 34.9896648167845 R5
3984 3.04413956879209 0.158790170132325 21 4.58823529411765 5.39126552347746 R5
649 3.00089957014367 0.107755102040816 33 8.46153846153846 8.17703524056512 R5
2007 2.99660441317331 0.0798611111111109 23 5.81818181818182 5.73376255680781 R5
2517 2.97996001810434 0.277008310249308 32 7.2 8.32225930862527 R5
1915 2.95582960298697 0.358131487889273 27 8.88888888888889 6.1272514128721 R6
928 2.93665928473504 0.22875 35 10.5714285714286 8.31849018221243 R5
1445 2.92093868630172 0.13265306122449 39 9.33333333333333 10.156552345927 R5
4626 2.91965316886842 0.0384467512495195 50 13.1428571428571 12.6238086256758 R5
111 2.91153419179099 0.0425330812854443 45 11.9090909090909 11.3654544000233 R5
1030 2.90275173752929 0.101052631578948 90 20.64 23.8945684204591 R5
2227 2.90239742630272 0.151935719503287 34 7.90909090909091 8.98943365042381 R5
968 2.89249301418414 0.512755102040816 19 4.66666666666667 4.95535624910617 R6
495 2.88731954816718 0.11386593204775 31 8.35294117647059 7.84362743566272 R5
1875 2.87949297978443 0.545953360768176 17 6.25 3.73329613076702 R6
1028 2.86090122228232 0.0219753086419752 89 20.64 23.8945684204591 R5
502 2.85666057664906 0.0399833402748855 48 13.3684210526316 12.1230989885372 R5
866 2.84712148361982 0.2069091796875 113 25.9428571428571 30.5772491121308 R5
420 2.8422747300403 0.128418549346017 27 7.63636363636364 6.81272508916189 R5
1095 2.83399795775644 0.0434567901234568 44 10.6363636363636 11.7726395223125 R5
3811 2.81688233150982 0.254060807996668 42 10.5 11.1825757319144 R5
3812 2.81688233150982 0.2832 42 10.5 11.1825757319144 R5
7265 2.80139716694304 0.336734693877551 11 5.81818181818182 1.84972635903417 R6
3181 2.80105594319127 0.144970414201183 24 8.22222222222222 5.63279638028292 R5
415 2.7921380829648 0.45375 27 9.125 6.40190401365094 R6
7551 2.74562589193458 0.34 8 3.33333333333333 1.69967317119759 R6
688 2.72065039644099 0.0444214876033058 43 10.3157894736842 12.0133812742246 R5
1986 2.71577511621042 0.219075385256143 43 10.7586206896552 11.871888477767 R5
332 2.70059367830665 0.101108033240997 36 9.02702702702703 9.98779386534218 R5
4233 2.68550191394483 0.617283950617284 10 3.4 2.4576411454889 R6
1114 2.66954092251805 0.249702734839477 25 8.15384615384615 6.31050593907498 R5
4037 2.66163318053774 0.518518518518518 12 3.4 3.2310988842807 R6
1701 2.6486759929226 0.0739644970414202 25 7.33333333333333 6.66999916708307 R5
2866 2.64427907717893 0.354570637119114 15 5.42857142857143 3.61967413123427 R6
3218 2.57067350894475 0.0392000000000001 49 14.3478260869565 13.4798035582776 R5
1478 2.55707847097981 0.593572778827977 14 4.875 3.56852560590505 R6
4624 2.52357618859557 0.0425330812854443 45 13.1428571428571 12.6238086256758 R5
2900 2.52308524878522 0.0831758034026464 22 5.92592592592593 6.37080101903541 R5
1919 2.51572892132879 0.225694444444444 21 7.42857142857143 5.3946307395712 R5
2563 2.5117247185842 0.120707596253902 29 8.46153846153846 8.17703524056512 R5
2075 2.50828650505116 0.0768 24 9.16666666666667 5.91373166640339 R5
2366 2.50758502901371 0.27358024691358 38 11.6 10.5280577506015 R5
633 2.50185116648838 0.53125 5 1.75 1.29903810567666 R6
4279 2.49932130550687 0.311418685121107 28 7.2 8.32225930862527 R2
1136 2.4961998551723 0.107755102040816 33 11.5555555555556 8.5908363467012 R2
1074 2.48833984653126 0.480666270077335 26 8.76190476190476 6.92754860720698 R2
497 2.48320862584506 0.0512465373961218 37 8.42105263157895 11.5088789040814 R2
498 2.48320862584506 0.0512465373961218 37 8.42105263157895 11.5088789040814 R2
2919 2.47770326167497 0.409972299168975 14 4.75 3.73329613076702 R2
139 2.4661848586449 0.134876033057851 51 16 14.1919612705884 R2
2077 2.42857142857143 0.309018159433672 47 13 14 R2
359 2.41992633736254 0.382040816326531 27 9.52380952380952 7.22178613719196 R2
1178 2.4060272830378 0.560553633217993 19 7.125 4.93552175559991 R2
1456 2.39913620063925 0.441828254847645 56 18 15.8390340614572 R2
10512 2.39629631407402 0.337777777777778 12 5.38461538461539 2.76067052998867 R2
2447 2.39572243411219 0.137174211248285 50 16 14.1919612705884 R2
579 2.39468437885586 0.108223567105732 50 14 15.0332963783729 R2
2959 2.37542839171172 0.523317906728373 35 12.4210526315789 9.50521070102678 R2
2789 2.37232101047565 0.142011834319526 12 4.66666666666667 3.09120616516523 R2
1671 2.37203680483488 0.104938271604938 17 6.44444444444444 4.44999653211129 R2
2341 2.36688279100201 0.326171875 26 8.5 7.39369100427295 R2
3496 2.36227795630767 0.197530864197531 8 3.45454545454545 1.92418277168334 R2
3515 2.35929137202682 0.277777777777778 15 5.55555555555556 4.00308522992263 R2
4148 2.35688635593609 0.158790170132325 21 7.71428571428571 5.63697704484253 R2
3171 2.35656067662921 0.0199979593918987 98 25.9428571428571 30.5772491121308 R1
1479 2.32930054429243 0.165289256198347 10 3.42857142857143 2.82120252259021 R2
2993 2.32864641847134 0.142011834319526 12 4.8 3.09192496674806 R2
960 2.3281119015753 0.11386593204775 31 9.75 9.12756813176434 R2
959 2.3281119015753 0.11386593204775 31 9.75 9.12756813176434 R2
3664 2.32351144014348 0.13265306122449 26 9.52941176470588 7.08866242305958 R2
6849 2.31073406450399 0.124444444444444 14 6.44444444444444 3.26976421545826 R2
80 2.29365855462782 0.0831758034026464 22 8.25 5.9947894041409 R2
902 2.27777777777778 0.359963269054178 26 9.6 7.2 R2
2983 2.27025308638124 0.0338882282996433 57 18.4210526315789 16.9932363928268 R1
2960 2.27022293846574 0.151935719503287 34 12.4210526315789 9.50521070102678 R2
5052 2.26705423043229 0.0878099173553718 42 14.375 12.1854164885735 R2
5050 2.26705423043229 0.0878099173553718 42 14.375 12.1854164885735 R2
130 2.26485334735685 0.0831758034026464 22 8.16666666666667 6.1078274006029 R2
1344 2.26404779294942 0.0831758034026464 22 10.2222222222222 5.20208884920872 R2
1602 2.2614170645507 0.448753462603878 41 12.9230769230769 12.4156324443857 R2
1422 2.25143632315937 0.416111111111111 45 13.5 13.9910685796332 R2
1280 2.25123584442526 0.17687074829932 19 8 4.88620507142302 R2
793 2.2448994171695 0.0768 24 9.11111111111111 6.63231892485484 R2
6532 2.23606797749979 0.110726643598616 16 7 4.02492235949962 R2
2546 2.23262522260575 0.290657439446367 28 10 8.06225774829855 R2
2357 2.22599554801336 0.396694214876033 8 3.8 1.88679622641132 R2
3173 2.22574446143171 0.020831024930748 94 25.9428571428571 30.5772491121308 R1
2673 2.22146340446261 0.1472 23 8.8 6.39218272579875 R2
435 2.21222920974496 0.4296875 11 4.7 2.84780617317963 R2
417 2.19963743339779 0.421875 24 8.76190476190476 6.92754860720698 R2
5686 2.19848432637882 0.21875 7 2.85714285714286 1.88441513689613 R2
6251 2.19436796541877 0.1171875 15 6.18181818181818 4.01855201914552 R2
6250 2.19436796541877 0.1171875 15 6.18181818181818 4.01855201914552 R2
3174 2.19304040763233 0.0210502489814395 93 25.9428571428571 30.5772491121308 R1
4998 2.19089023002067 0.345679012345679 7 3 1.82574185835055 R2
1601 2.18087344307355 0.262562245359891 40 12.9230769230769 12.4156324443857 R2
1603 2.18087344307355 0.262562245359891 40 12.9230769230769 12.4156324443857 R2
1604 2.18087344307355 0.262562245359891 40 12.9230769230769 12.4156324443857 R2
4190 2.17996215417018 0.186588921282799 44 13.5 13.9910685796332 R2
115 2.17979288144264 0.382716049382716 14 5.88235294117647 3.72404512737516 R2
3199 2.16581040459455 0.0867768595041321 21 8.61538461538461 5.71823616616794 R2
2855 2.16210130599999 0.125772641762967 57 13.2459016393443 20.2368400773983 R2
963 2.16174579364112 0.463296398891967 54 18.6153846153846 16.3685367117174 R2
2261 2.15727748652002 0.244897959183674 6 2.85714285714286 1.45686271816937 R2
447 2.15605557903795 0.0399833402748855 48 19.125 13.3925119003121 R1
11468 2.1380899352994 0.40625 6 3.33333333333333 1.24721912892465 R2
1287 2.12346181323336 0.228515625 28 8.4375 9.21255088181335 R2
2248 2.11794481412766 0.461805555555555 17 6.57142857142857 4.92391083988974 R2
501 2.11427614107613 0.0487500000000001 39 13.3684210526316 12.1230989885372 R1
4995 2.10887847469992 0.314049586776859 9 4.66666666666667 2.05480466765632 R2
2666 2.10818510677892 0.244897959183674 6 3.14285714285714 1.35526185435788 R2
5902 2.10145878671414 0.0886965927528394 41 22.5 8.8034084308295 R2
8234 2.09958493058365 0.21875 7 3.55555555555556 1.64053589558149 R2
305 2.07798840137206 0.090702947845805 40 15.75 11.6699400169838 R2
303 2.07798840137206 0.090702947845805 40 15.75 11.6699400169838 R2
2671 2.0650223196413 0.152777777777778 22 8.8 6.39218272579875 R2
2781 2.06424077745929 0.165289256198347 20 8.28571428571428 5.67486401886892 R2
3465 2.06045836032578 0.203017832647462 24 11.1764705882353 6.22362948879838 R2
1637 2.0591219099577 0.537037037037037 34 14.9523809523809 9.25036004692426 R2
2571 2.05718253929981 0.375 9 5.16666666666667 1.86338998124982 R2
1526 2.05514429918005 0.225694444444444 21 9.28571428571429 5.69998209807429 R2
7101 2.05072462277687 0.24 13 5.27272727272727 3.76806941382958 R2
263 2.04210988097052 0.582230623818526 14 7 3.42782730020052 R2
233 2.0344441799483 0.11386593204775 31 13.4 8.65101150155287 R2
6264 2.02544785773178 0.13265306122449 13 5.75 3.57945526581909 R2
6123 2.0059435495072 0.18 9 4.66666666666667 2.16024689946929 R2
6088 2.00451663912319 0.0768 24 9.52380952380952 7.22178613719196 R2
140 2.00067064263819 0.15625 22 7.25 7.37252783424157 R2
927 1.97494630259959 0.184444444444444 27 10.5714285714286 8.31849018221243 R2
936 1.97270931726957 0.107755102040816 33 14.8333333333333 9.20899318902753 R2
3856 1.96396894268977 0.188365650969529 17 8.13333333333333 4.51466745422321 R2
3857 1.96396894268977 0.188365650969529 17 8.13333333333333 4.51466745422321 R2
4527 1.96299091524473 0.165289256198347 10 5.14285714285714 2.47435829652697 R2
9242 1.95970036789171 0.375 9 5.2 1.93907194296653 R2
1918 1.95962042292979 0.650519031141868 18 7.42857142857143 5.3946307395712 R3
1410 1.95594050376659 0.0713305898491086 26 10.3076923076923 8.02289622925072 R2
1408 1.95594050376659 0.0713305898491086 26 10.3076923076923 8.02289622925072 R2
2147 1.95238552825025 0.196428571428571 25 10.1538461538462 7.60410975769686 R2
2595 1.94665705356915 0.197530864197531 8 4.57142857142857 1.76126114370542 R2
3735 1.94350252702148 0.0713305898491086 26 12.5 6.9462219947249 R2
1914 1.94333124115503 0.642659279778393 10 4.8 2.67581763205193 R3
131 1.93740467063055 0.090702947845805 20 8.16666666666667 6.1078274006029 R2
2981 1.91717143311049 0.385633270321361 51 18.4210526315789 16.9932363928268 R2
2856 1.91502715900486 0.136479591836735 52 13.2459016393443 20.2368400773983 R2
3692 1.91126767140985 0.13265306122449 13 5.88235294117647 3.72404512737516 R2
6237 1.90599826171225 0.235537190082645 19 9.33333333333333 5.07170801823431 R2
1883 1.90209647875515 0.152777777777778 22 10.7142857142857 5.9333027592272 R2
289 1.90159707313916 0.34375 19 10 4.73286382647969 R2
2518 1.90025615413487 0.142011834319526 24 8.46153846153846 8.17703524056512 R2
737 1.89962805887762 0.556760204081633 33 10.6363636363636 11.7726395223125 R2
9338 1.88154452251595 0.426666666666667 11 4.57142857142857 3.4166459266004 R2
1722 1.87498257200087 0.165289256198347 30 8.42105263157895 11.5088789040814 R2
2231 1.87212562851216 0.335 16 6.5 5.07444578254611 R2
3690 1.86310328381275 0.244946492271106 25 11.0666666666667 7.47856195326942 R2
3691 1.86310328381275 0.244946492271106 25 11.0666666666667 7.47856195326942 R2
558 1.86302879437216 0.109387755102041 33 14.7272727272727 9.8080756067354 R2
955 1.85996221990111 0.244897959183674 6 3.33333333333333 1.43372087784044 R2
10582 1.85716035548556 0.231111111111111 13 7.81818181818182 2.79018350058596 R2
544 1.85520200832202 0.2792 42 14 15.0926960376273 R2
4197 1.85042537652132 0.0739644970414201 25 10.6666666666667 7.74596669241483 R2
367 1.84894690328381 0.24 13 6 3.78593889720018 R2
4606 1.8372608486985 0.396694214876033 16 6.58823529411765 5.1227155428417 R2
2583 1.83083459309206 0.253968253968254 18 8 5.46198986939131 R2
949 1.82435206058084 0.267777777777778 51 15.7435897435897 19.325442176542 R2
1924 1.8178813667515 0.520710059171598 16 8.30769230769231 4.23146847368463 R2
997 1.81362961282124 0.185 18 7.18518518518518 5.96307798370779 R2
2260 1.81157891956663 0.152777777777778 11 4.66666666666667 3.4960294939005 R2
5018 1.81111028982989 0.18 9 4.28571428571429 2.60298102261266 R2
1904 1.80008834772285 0.168962350780533 30 10.96 10.5772586240481 R2
1873 1.79518889819763 0.373048907388137 48 18.6153846153846 16.3685367117174 R2
19 1.79251664466189 0.190588632147074 69 25.8181818181818 24.0900514427096 R2
9314 1.79119903514466 0.184444444444444 27 16.5454545454545 5.83661851609982 R2
9308 1.79119903514466 0.184444444444444 27 16.5454545454545 5.83661851609982 R2
5924 1.79028718509858 0.142011834319526 12 5.75 3.49106001094224 R2
299 1.78915013373898 0.165289256198347 20 9 6.14817045957576 R2
301 1.78915013373898 0.165289256198347 20 9 6.14817045957576 R2
4494 1.78885438199983 0.32 4 2.66666666666667 0.74535599249993 R2
4469 1.78482661920033 0.142011834319526 12 6.2 3.24961536185438 R2
4604 1.76190476190476 0.349030470914127 15 7.6 4.2 R2
341 1.76171851373515 0.304022783908864 44 16.9230769230769 15.369608064977 R2
344 1.76171851373515 0.189920866305706 44 16.9230769230769 15.369608064977 R2
234 1.75809814598306 0.32 16 9.2 3.86781592116275 R2
568 1.75518708279487 0.164359861591696 62 19.75 24.0715080541291 R2
2298 1.7491256557036 0.0950000000000001 19 7.33333333333333 6.66999916708307 R2
9453 1.74607573942395 0.346666666666667 12 5.75 3.57945526581909 R2
71 1.74367718706473 0.231111111111111 13 6.54545454545455 3.70168601300042 R2
70 1.74367718706473 0.231111111111111 13 6.54545454545455 3.70168601300042 R2
1444 1.73943539746057 0.18 27 9.33333333333333 10.156552345927 R2
6165 1.73205080756888 0.444444444444444 8 7.25 0.433012701892219 R2
6166 1.73205080756888 0.444444444444444 8 7.25 0.433012701892219 R2
578 1.72949427361812 0.0907029478458051 40 14 15.0332963783729 R2
2999 1.72848324290045 0.234404536862004 20 9 6.36396103067893 R2
2790 1.72532437125501 0.165289256198347 10 4.66666666666667 3.09120616516523 R2
853 1.7167901505579 0.197530864197531 8 4 2.32992949004287 R2
6984 1.71480594836834 0.18 9 4.85714285714286 2.41593350361254 R2
1776 1.7146042104176 0.130796670630202 27 12.4 8.51508465411041 R2
4044 1.70426600419809 0.0950000000000001 19 9.28571428571429 5.69998209807429 R2
1586 1.70190326858055 0.13265306122449 13 5.52380952380952 4.39284101171383 R2
158 1.69408604746981 0.367768595041322 17 8.90909090909091 4.7759729223868 R2
2576 1.68375197362844 0.196428571428571 25 9.14285714285714 9.41774269934258 R2
1297 1.68045282077819 0.267561983471074 37 14.3478260869565 13.4798035582776 R2
2986 1.68021295611284 0.0997229916897508 18 9.16666666666667 5.25727009852917 R2
5374 1.66666666666667 0.21875 14 9 3 R2
1743 1.65503185310211 0.244897959183674 12 6 3.62530786869986 R2
9298 1.65257361088176 0.1171875 15 7.3 4.6593991028887 R2
2180 1.64845118348947 0.21875 7 4.22222222222222 1.68508343201146 R2
4257 1.64762903605248 0.18 18 8.66666666666667 5.66470554299946 R2
2368 1.64758677777688 0.257086167800454 72 30 25.491828756159 R2
2076 1.64285714285714 0.0525931336742147 36 13 14 R2
3232 1.64156536333625 0.272189349112426 11 5.66666666666667 3.24893144826965 R2
1889 1.64013319592312 0.456747404844291 11 5.6 3.29241552663087 R2
3581 1.6375709576189 0.165289256198347 20 8.52631578947369 7.00652643914102 R2
1281 1.63726243230928 0.203703703703704 16 8 4.88620507142302 R2
3217 1.63299316185545 0.165289256198347 10 6 2.44948974278318 R2
7768 1.63138509335921 0.355029585798816 10 5.66666666666667 2.65622957508487 R2
1524 1.62480768092719 0.304498269896194 14 8 3.69274472937998 R2
1522 1.62480768092719 0.124444444444444 14 8 3.69274472937998 R2
358 1.62216979081415 0.573388203017833 15 6.84210526315789 5.02900176235421 R2
1043 1.62088640171751 0.165289256198347 10 5.14285714285714 2.99659670905758 R2
197 1.59375457972872 0.456632653061224 19 7.25 7.37252783424157 R2
1681 1.59058773216225 0.390011890606421 22 9.30769230769231 7.97963383953284 R2
2497 1.58688414347002 0.192627824019025 26 12 8.82232017857736 R2
4259 1.58201070157591 0.512110726643599 23 10.3076923076923 8.02289622925072 R2
718 1.58113883008419 0.260355029585799 11 6 3.16227766016838 R2
719 1.58113883008419 0.260355029585799 11 6 3.16227766016838 R2
982 1.57616529447743 0.386505622657226 38 17.5555555555556 12.9710027977889 R2
69 1.57573880075989 0.42603550295858 18 10.5882352941176 4.70367595334207 R2
3894 1.56913026454941 0.2444749276025 70 30 25.491828756159 R2
343 1.56652811022472 0.129132231404959 41 16.9230769230769 15.369608064977 R2
3152 1.56159188229285 0.456747404844291 12 6.90909090909091 3.26007655946202 R2
3151 1.56159188229285 0.456747404844291 12 6.90909090909091 3.26007655946202 R2
2456 1.55428101503049 0.18 27 13.0909090909091 8.94889069259979 R2
701 1.53943626195748 0.1171875 30 13.5454545454545 10.688682513963 R2
5640 1.53284834871241 0.277777777777778 5 2.72727272727273 1.48268240275455 R2
1298 1.53208270608376 0.277777777777778 35 14.3478260869565 13.4798035582776 R2
2274 1.52052622469986 0.396694214876033 8 5.16666666666667 1.86338998124982 R2
2947 1.5187778134117 0.297520661157025 9 4.4 3.02875111776014 R2
3133 1.51694969054229 0.13265306122449 13 6.57142857142857 4.23782770691181 R2
3135 1.51694969054229 0.13265306122449 13 6.57142857142857 4.23782770691181 R2
1636 1.51524391619321 0.415178571428571 42 18 15.8390340614572 R2
480 1.51388050990744 0.0814848347668627 45 15.7435897435897 19.325442176542 R2
8288 1.50993422252434 0.18 9 4.7 2.84780617317963 R2
1839 1.50592974559323 0.127222222222222 56 19.75 24.0715080541291 R2
2451 1.50210442031527 0.234404536862004 20 7.5 8.32165848854662 R2
918 1.49912715208605 0.0768 24 9.02702702702703 9.98779386534218 R2
10581 1.49876098863747 0.142011834319526 12 7.81818181818182 2.79018350058596 R2
10580 1.49876098863747 0.142011834319526 12 7.81818181818182 2.79018350058596 R2
3990 1.49017034657887 0.417355371900826 16 5.30434782608696 7.17746947419006 R2
8233 1.49002801525291 0.244897959183674 6 3.55555555555556 1.64053589558149 R2
4169 1.4797269213193 0.0739644970414201 25 12.4 8.51508465411041 R2
915 1.47959088574822 0.336734693877551 11 6.5 3.04138126514911 R2
995 1.47823235565567 0.203703703703704 16 7.18518518518518 5.96307798370779 R2
2232 1.47799391724644 0.124444444444444 14 6.5 5.07444578254611 R2
1594 1.47788140056414 0.243801652892562 19 8.76190476190476 6.92754860720698 R2
3281 1.47768044929365 0.102264426588751 35 16.4 12.5872951820477 R2
697 1.47708941551978 0.165289256198347 20 9.52941176470588 7.08866242305958 R2
1882 1.47491446847815 0.0665873959571937 28 10.6363636363636 11.7726395223125 R2
3280 1.47491446847815 0.0665873959571937 28 10.6363636363636 11.7726395223125 R2
176 1.47426015622265 0.244897959183674 12 5.52380952380952 4.39284101171383 R2
2152 1.47406070349422 0.224765868886577 27 11.375 10.5999705188269 R2
914 1.47281779587423 0.0525931336742147 36 12.6086956521739 15.8820082248813 R2
7554 1.46526869871916 0.310650887573964 21 9.30769230769231 7.97963383953284 R2
2584 1.46466767447365 0.110726643598616 16 8 5.46198986939131 R2
3067 1.46261427120383 0.165289256198347 10 6.75 2.2220486043289 R2
3324 1.46195664375737 0.380499405469679 22 11.0666666666667 7.47856195326942 R2
4158 1.46184923426876 0.151935719503287 34 13.6 13.9549274451715 R2
1457 1.45210875301849 0.356508875739645 41 18 15.8390340614572 R2
9170 1.44783041017321 0.244897959183674 12 6.18181818181818 4.01855201914552 R2
901 1.44444444444444 0.288194444444444 20 9.6 7.2 R2
5373 1.44115338424578 0.124444444444444 14 7.25 4.6837484987988 R2
9296 1.4379536614166 0.124444444444444 14 7.3 4.6593991028887 R2
9299 1.4379536614166 0.124444444444444 14 7.3 4.6593991028887 R2
2565 1.4368424162142 0.486111111111111 8 4.8 2.22710574513201 R2
2145 1.42635419421391 0.225694444444444 21 10.1538461538462 7.60410975769686 R2
1514 1.42012967460121 0.738177623990773 19 8.5 7.39369100427295 R3
1314 1.4142135623731 0.739229024943311 8 5 2.12132034355964 R3
8102 1.41421356237309 0.375 3 2 0.707106781186548 R2
2705 1.41049850832102 0.2265625 28 14.9523809523809 9.25036004692426 R2
2704 1.41049850832102 0.21875 28 14.9523809523809 9.25036004692426 R2
398 1.40266876873934 0.299307958477509 28 13.3333333333333 10.4562580942387 R2
397 1.40266876873934 0.174817898022893 28 13.3333333333333 10.4562580942387 R2
256 1.40180794054799 0.197530864197531 8 3.71428571428571 3.0572763655761 R2
2258 1.3960818693713 0.244897959183674 12 6 4.29774222531949 R2
2063 1.39306829315953 0.423405654174885 29 16.8571428571429 8.71662732005531 R2
1176 1.39296316386399 0.304498269896194 14 7.125 4.93552175559991 R2
304 1.39246645452767 0.110726643598616 32 15.75 11.6699400169838 R2
1266 1.38675049056307 0.444444444444444 6 3.5 1.80277563773199 R2
7610 1.38080222551683 0.446124763705104 16 8.22222222222222 5.63279638028292 R2
8663 1.37211798865802 0.277777777777778 10 5.39130434782609 3.35881876797008 R2
6899 1.36313912129228 0.265 17 10.5882352941176 4.70367595334207 R2
6903 1.36313912129228 0.265 17 10.5882352941176 4.70367595334207 R2
2228 1.36227495380185 0.231009365244537 27 13.5294117647059 9.88830353057605 R2
7374 1.36001851077489 0.255102040816327 12 7.4 3.38230690505755 R2
846 1.35873244097352 0.235537190082645 19 15 2.94392028877594 R2
3355 1.35680105059994 0.277777777777778 5 3.2 1.32664991614216 R2
2112 1.35680105059994 0.277777777777778 5 3.2 1.32664991614216 R2
559 1.35324479591212 0.126666666666667 28 14.7272727272727 9.8080756067354 R2
3160 1.34702550705205 0.164359861591696 31 14.5454545454545 12.2154668700789 R2
4174 1.34488016974433 0.14819944598338 35 17.5555555555556 12.9710027977889 R2
3103 1.34164078649987 0.32 8 5.42857142857143 1.91662969499982 R2
3105 1.34164078649987 0.32 8 5.42857142857143 1.91662969499982 R2
3594 1.34164078649987 0.277777777777778 5 3.5 1.11803398874989 R2
4203 1.34088366405683 0.0739644970414202 25 13.4 8.65101150155287 R2
4258 1.33272416678213 0.53515625 21 10.3076923076923 8.02289622925072 R2
937 1.3211722950521 0.184444444444444 27 14.8333333333333 9.20899318902753 R2
8705 1.31982403519218 0.165289256198347 10 6.4 2.72763633939717 R2
675 1.31282938433233 0.0644444444444445 29 16.8571428571429 9.2493794607078 R2
677 1.31282938433233 0.0644444444444445 29 16.8571428571429 9.2493794607078 R2
7187 1.31053372707288 0.214532871972318 15 7.18518518518518 5.96307798370779 R2
1633 1.30930734141595 0.493827160493827 6 4 1.52752523165195 R2
1638 1.30239460804824 0.582163875056587 27 14.9523809523809 9.25036004692426 R2
2146 1.29484636070483 0.165289256198347 20 10.1538461538462 7.60410975769686 R2
1990 1.28382096402674 0.359861591695502 26 10.7586206896552 11.871888477767 R2
3872 1.27254823680256 0.380165289256198 17 9.14285714285714 6.17433793856409 R2
886 1.26547362182879 0.0713305898491086 26 16 7.9021797274198 R2
887 1.26547362182879 0.0713305898491086 26 16 7.9021797274198 R2
888 1.26547362182879 0.0713305898491086 26 16 7.9021797274198 R2
411 1.26516207844667 0.0624349635796044 30 14.5454545454545 12.2154668700789 R2
591 1.26267162106444 0.375 9 6.4 2.0591260281974 R2
314 1.26153749657055 0.0570934256055364 33 14 15.0609871301098 R2
3462 1.25706863267582 0.306238185255199 19 11.1764705882353 6.22362948879838 R2
3148 1.25485061969961 0.260355029585799 11 6.90909090909091 3.26007655946202 R2
1626 1.25062595411439 0.2176 22 9.42857142857142 10.0521091298883 R2
1180 1.25 0.197530864197531 16 11 4 R2
1417 1.24939009510885 0.48 6 3.71428571428571 1.82946406783796 R2
6534 1.24225998749988 0.142011834319526 12 7 4.02492235949962 R2
2064 1.24140883290355 0.165289256198347 10 5.71428571428571 3.45229884959845 R2
2066 1.24140883290355 0.277777777777778 10 5.71428571428571 3.45229884959845 R2
4897 1.23411531241765 0.20551649540292 38 19.8571428571429 14.7011036653576 R2
4506 1.22868387264778 0.231111111111111 13 6.76923076923077 5.07109222272292 R2
1884 1.22793570147485 0.4224 18 10.7142857142857 5.9333027592272 R2
5372 1.22764917917233 0.13265306122449 13 7.25 4.6837484987988 R2
3935 1.22627867896993 0.0768 24 10.6666666666667 10.8730042868667 R2
4061 1.22474487139159 0.32 4 2.8 0.97979589711327 R2
12547 1.22474487139159 0.32 4 2.8 0.979795897113271 R2
451 1.22474487139159 0.21875 7 4 2.44948974278318 R2
453 1.22474487139159 0.21875 7 4 2.44948974278318 R2
4372 1.22474487139159 0.197530864197531 8 5.6 1.95959179422654 R2
4371 1.22474487139159 0.197530864197531 8 5.6 1.95959179422654 R2
355 1.22447655177584 0.3046875 13 6.84210526315789 5.02900176235421 R2
4677 1.22024046160622 0.483471074380165 13 7.8 4.2614551505325 R2
2453 1.21904393335725 0.285374554102259 24 13.0909090909091 8.94889069259979 R2
2966 1.21508238551981 0.597739922415247 36 19.4 13.6616250863505 R2
1913 1.1958961484031 0.678200692041522 8 4.8 2.67581763205193 R3
6811 1.19429070777546 0.278876170655567 26 14.9523809523809 9.25036004692426 R2
4272 1.19035034002923 0.387543252595156 13 7.125 4.93552175559991 R2
3785 1.18423725708744 0.0644444444444445 29 11.7 14.6085591349729 R2
4212 1.16666666666667 0.408163265306122 5 3.6 1.2 R2
956 1.16247638743819 0.277777777777778 5 3.33333333333333 1.43372087784044 R2
4063 1.15878672891403 0.429752066115702 8 4.7 2.84780617317963 R2
170 1.152839189151 0.165289256198347 20 9.14285714285714 9.41774269934258 R2
4505 1.15200648290176 0.277008310249308 16 8.70588235294118 6.33166371484809 R2
596 1.15166370078849 0.268641975308642 38 15.7435897435897 19.325442176542 R2
6964 1.14218183303847 0.0798611111111109 23 11.3333333333333 10.2143689640297 R2
1207 1.14213697285586 0.0867768595041321 21 9.76470588235294 9.83708117735975 R2
6776 1.14188465145235 0.14819944598338 35 19.4 13.6616250863505 R2
6777 1.14188465145235 0.14819944598338 35 19.4 13.6616250863505 R2
4939 1.13960576459638 0.165289256198347 10 6.66666666666667 2.92498812913071 R2
4937 1.13960576459638 0.165289256198347 10 6.66666666666667 2.92498812913071 R2
1906 1.13829116106004 0.079861111111111 23 10.96 10.5772586240481 R2
11269 1.13389341902768 0.21875 7 4.75 1.98431348329844 R2
11268 1.13389341902768 0.21875 7 4.75 1.98431348329844 R2
11270 1.13389341902768 0.21875 7 4.75 1.98431348329844 R2
2498 1.13348867390716 0.2208 22 12 8.82232017857736 R2
1777 1.12741098767185 0.2176 22 12.4 8.51508465411041 R2
3869 1.11058755211859 0.203703703703704 16 9.14285714285714 6.17433793856409 R2
9315 1.10587070865453 0.0798611111111109 23 16.5454545454545 5.83661851609982 R2
5506 1.10403532969583 0.42 7 4.44444444444444 2.31474073955552 R2
948 1.09991844234292 0.14125 37 15.7435897435897 19.325442176542 R2
4223 1.09942196301121 0.0665873959571937 28 12.8333333333333 13.7951279644502 R2
4180 1.09108945117996 0.197530864197531 8 5.5 2.29128784747792 R2
4182 1.09108945117996 0.197530864197531 8 5.5 2.29128784747792 R2
1420 1.08683114455289 0.0370238519045924 52 25.8181818181818 24.0900514427096 R1
5401 1.07439427413788 0.297520661157025 9 5.39130434782609 3.35881876797008 R2
6139 1.07439427413788 0.18 9 5.39130434782609 3.35881876797008 R2
4309 1.07389926267877 0.110726643598616 16 9.125 6.40190401365094 R2
1662 1.07142857142857 0.0665873959571937 28 13 14 R2
210 1.06436231278035 0.435555555555556 11 7.4 3.38230690505755 R2
663 1.06011543332687 0.0624349635796044 30 14 15.0926960376273 R2
7400 1.05500875743326 0.40625 6 4.22222222222222 1.68508343201146 R2
3663 1.05387840320793 0.584183673469388 17 9.52941176470588 7.08866242305958 R2
2382 1.05065038360328 0.0737061368370453 76 39.2380952380952 34.9896648167845 R2
2384 1.05065038360328 0.0737061368370453 76 39.2380952380952 34.9896648167845 R2
1418 1.04532023278178 0.106995884773663 51 25.8181818181818 24.0900514427096 R2
779 1.04233687712444 0.152777777777778 22 10.6666666666667 10.8730042868667 R2
879 1.0411182245842 0.391111111111111 11 6.375 4.44233891097922 R2
1987 1.03112317246492 0.079861111111111 23 10.7586206896552 11.871888477767 R2
10178 1.03096706143359 0.375 9 5.75 3.15238005322962 R2
6950 1.03096706143359 0.18 9 5.75 3.15238005322962 R2
3233 1.02597835208515 0.314049586776859 9 5.66666666666667 3.24893144826965 R2
1059 1.0255602298224 0.428166351606806 34 13.2459016393443 20.2368400773983 R2
7473 1.02062072615966 0.391111111111111 11 6 4.89897948556636 R2
3468 1.01904933073014 0.677285318559557 18 15 2.94392028877594 R3
2833 1.01341341597984 0.0950000000000001 19 9.75 9.12756813176434 R2
5773 1.00349041200851 0.520710059171598 8 4.57142857142857 3.4166459266004 R2
939 1.00278164654159 0.468809073724008 16 9.66666666666667 6.31576510716547 R2
11265 1 0.32 4 3 1 R2
3046 1 0.32 4 3 1 R2
8438 1 0.444444444444444 4 3.5 0.5 R2
11263 1 0.32 4 3 1 R2
3045 1 0.32 4 3 1 R2
5251 1 0.489795918367347 4 3.5 0.5 R2
491 1 0.32 4 3 1 R2
184 0.999999999999998 0.260355029585799 11 9 2 R2
183 0.999999999999998 0.260355029585799 11 9 2 R2
2005 0.999226105907556 0.437044745057232 21 12.2 8.8068155425216 R2
9515 0.997365816958794 0.207612456747405 15 8.88888888888889 6.1272514128721 R2
5289 0.997365816958794 0.1171875 15 8.88888888888889 6.1272514128721 R2
595 0.996427925451788 0.184089414858646 35 15.7435897435897 19.325442176542 R2
2454 0.995552545575085 0.456747404844291 22 13.0909090909091 8.94889069259979 R2
2867 0.986671297454823 0.473372781065089 9 5.42857142857143 3.61967413123427 R2
5011 0.986404805357198 0.1171875 15 9.16666666666667 5.91373166640339 R2
464 0.981151480581924 0.538194444444444 15 9.42857142857143 5.67845911838623 R2
570 0.965872181656349 0.0849382716049383 43 19.75 24.0715080541291 R2
2385 0.964910779760004 0.051911111111111 73 39.2380952380952 34.9896648167845 R2
485 0.961523947640824 0.197530864197531 8 5.66666666666667 2.42670329642684 R2
1409 0.958794364591463 0.459183673469388 18 10.3076923076923 8.02289622925072 R2
1406 0.958794364591463 0.0997229916897509 18 10.3076923076923 8.02289622925072 R2
4554 0.953423918895796 0.375 12 5.92592592592593 6.37080101903541 R2
929 0.950365976201697 0.158790170132325 21 10.6666666666667 10.8730042868667 R2
1279 0.948683298050513 0.18 9 6 3.16227766016838 R2
3871 0.948626867434633 0.214532871972318 15 9.14285714285714 6.17433793856409 R2
10511 0.9473729613781 0.429752066115702 8 5.38461538461539 2.76067052998867 R2
5295 0.942809041582063 0.1171875 15 9 6.36396103067893 R2
2516 0.937245489565075 0.1171875 15 7.2 8.32225930862527 R2
10268 0.935760475973303 0.0950000000000001 19 12.5 6.9462219947249 R2
3222 0.928279121632914 0.277777777777778 5 3.2 1.93907194296653 R2
4166 0.925820099772552 0.444444444444444 14 10 4.32049379893857 R2
6676 0.923950586179471 0.207612456747405 15 8.52631578947369 7.00652643914102 R2
4633 0.917695733561858 0.207612456747405 15 9.125 6.40190401365094 R2
1936 0.912870929175276 0.58 5 4 1.09544511501033 R2
562 0.906039491781509 0.142011834319526 24 11.76 13.5093449137995 R2
1596 0.892533698573545 0.234404536862004 20 12.4 8.51508465411041 R2
8101 0.886968593983624 0.21875 7 4.85714285714286 2.41593350361254 R2
702 0.884537962671703 0.1472 23 13.5454545454545 10.688682513963 R2
2388 0.87988269012812 0.165289256198347 10 7.6 2.72763633939717 R2
2387 0.87988269012812 0.497777777777778 10 7.6 2.72763633939717 R2
1419 0.879276585697306 0.0407986111111112 47 25.8181818181818 24.0900514427096 R1
2383 0.879171175916732 0.0540123456790125 70 39.2380952380952 34.9896648167845 R2
3090 0.878438127193422 0.489795918367347 8 5.66666666666667 2.65622957508487 R2
5076 0.858439633667483 0.42 7 4.4 3.02875111776014 R2
5654 0.855844935419808 0.0739644970414202 25 14.5454545454545 12.2154668700789 R2
574 0.854766842097537 0.0487500000000001 39 25.7777777777778 15.4688057269229 R1
1459 0.854663795347403 0.0907029478458051 20 10.96 10.5772586240481 R2
6775 0.849093715182518 0.11386593204775 31 19.4 13.6616250863505 R2
8429 0.847403426131802 0.32 12 7.42857142857143 5.3946307395712 R2
292 0.845154254728517 0.124444444444444 14 10 4.73286382647969 R2
3727 0.844694648744774 0.3328 20 9.71428571428571 12.1768431953475 R2
3726 0.844694648744774 0.417009602194787 20 9.71428571428571 12.1768431953475 R2
2768 0.843460797452074 0.1504 23 14.7272727272727 9.8080756067354 R2
1470 0.834291518464541 0.260355029585799 11 6.76923076923077 5.07109222272292 R2
5287 0.834160501456446 0.21875 14 8.88888888888889 6.1272514128721 R2
5286 0.834160501456446 0.21875 14 8.88888888888889 6.1272514128721 R2
3141 0.827070266743191 0.124444444444444 14 9.28571428571429 5.69998209807429 R2
3895 0.823793388888441 0.0726237095051621 51 30 25.491828756159 R2
1080 0.820890988502354 0.110726643598616 16 8.4375 9.21255088181335 R2
6516 0.820890988502354 0.579881656804734 16 8.4375 9.21255088181335 R2
7501 0.816496580927726 0.152777777777778 11 9 2.44948974278318 R2
7504 0.816496580927726 0.152777777777778 11 9 2.44948974278318 R2
2682 0.816496580927726 0.5 6 5 1.22474487139159 R2
5264 0.816496580927726 0.493827160493827 6 5 1.22474487139159 R2
2593 0.811107105653813 0.244897959183674 6 4.57142857142857 1.76126114370542 R2
3495 0.803174505144608 0.277777777777778 5 3.45454545454545 1.92418277168334 R2
9572 0.794093813021105 0.152777777777778 11 7.3 4.6593991028887 R2
144 0.79344207173501 0.4064 19 12 8.82232017857736 R2
6198 0.790981062773734 0.152777777777778 22 13.5454545454545 10.688682513963 R2
5051 0.789878623272788 0.144970414201183 24 14.375 12.1854164885735 R2
4191 0.780210170676868 0.312174817898023 25 12.6086956521739 15.8820082248813 R2
1307 0.779922453909801 0.401234567901235 13 7.25 7.37252783424157 R2
195 0.779922453909801 0.401234567901235 13 7.25 7.37252783424157 R2
1324 0.778498944161523 0.462809917355372 7 5 2.56904651573302 R2
10044 0.778224776537538 0.2112 22 14.8333333333333 9.20899318902753 R2
4167 0.775095054024394 0.505102040816326 19 12.4 8.51508465411041 R2
3588 0.775095054024394 0.615916955017301 19 12.4 8.51508465411041 R2
45 0.775034796085845 0.203703703703704 16 11.1764705882353 6.22362948879838 R2
2729 0.774794346077479 0.142011834319526 12 9.45454545454545 3.28532927265321 R2
1793 0.773519133242087 0.210059171597633 23 11.7 14.6085591349729 R2
3672 0.77173772833337 0.207612456747405 15 9.52941176470588 7.08866242305958 R2
7372 0.768706114785807 0.165289256198347 10 7.4 3.38230690505755 R2
7371 0.768706114785807 0.165289256198347 10 7.4 3.38230690505755 R2
610 0.762571557894588 0.3648 19 9.71428571428571 12.1768431953475 R2
209 0.754829412424069 0.34 8 5.66666666666667 3.09120616516523 R2
1627 0.753217904182533 0.104938271604938 17 9.42857142857142 10.0521091298883 R2
6971 0.745355992499928 0.565096952908587 12 10.5714285714286 1.91662969499983 R2
6968 0.745355992499928 0.565096952908587 12 10.5714285714286 1.91662969499983 R2
1517 0.743877448600632 0.5536 14 8.5 7.39369100427295 R2
5218 0.735767207381959 0.18 9 6.6 3.26190128606002 R2
2200 0.735767207381959 0.459183673469388 9 6.6 3.26190128606002 R2
4977 0.733070092619206 0.444444444444444 10 6.95238095238095 4.15733649251755 R2
533 0.731088256484882 0.466181061394381 22 12.9230769230769 12.4156324443857 R2
1885 0.722315118514615 0.46875 15 10.7142857142857 5.9333027592272 R2
2374 0.722315118514615 0.207612456747405 15 10.7142857142857 5.9333027592272 R2
6513 0.71234341977477 0.475206611570248 15 8.4375 9.21255088181335 R2
8856 0.707106781186554 0.277777777777778 5 4.66666666666667 0.471404520791027 R2
1852 0.706944507683278 0.142011834319526 24 15.75 11.6699400169838 R2
3896 0.706108619047235 0.176575293698825 48 30 25.491828756159 R2
906 0.704202839630928 0.2265625 28 22.5 7.81024967590665 R2
6920 0.672021505032247 0.444444444444444 6 4.44444444444444 2.31474073955552 R2
1576 0.670686269407099 0.444444444444444 18 10.5 11.1825757319144 R2
5376 0.666666666666666 0.260355029585799 11 9 3 R2
1458 0.665578884872314 0.0997229916897508 18 10.96 10.5772586240481 R2
2070 0.665578884872314 0.0997229916897508 18 10.96 10.5772586240481 R2
9833 0.662084710881894 0.197530864197531 8 5.71428571428571 3.45229884959845 R2
655 0.657595949221429 0.48 10 8 3.04138126514911 R2
1443 0.656390716022857 0.265927977839335 16 9.33333333333333 10.156552345927 R2
11665 0.654653670707977 0.21875 7 5.5 2.29128784747792 R2
11667 0.654653670707977 0.21875 7 5.5 2.29128784747792 R2
3710 0.654653670707977 0.53125 5 4 1.52752523165195 R2
661 0.654281511550075 0.1504 23 12.6086956521739 15.8820082248813 R2
10561 0.647834175673825 0.104938271604938 17 12.5 6.9462219947249 R2
1720 0.639637613333952 0.604224058769513 18 10.3157894736842 12.0133812742246 R2
2924 0.639491652917912 0.165289256198347 10 5.92592592592593 6.37080101903541 R2
370 0.637307193159407 0.290123456790123 15 10.1538461538462 7.60410975769686 R2
2144 0.637307193159407 0.430839002267574 15 10.1538461538462 7.60410975769686 R2
1771 0.63385612106137 0.394557823129252 16 9.76470588235294 9.83708117735975 R2
3983 0.632831881684378 0.197530864197531 8 4.58823529411765 5.39126552347746 R2
3002 0.628539361054709 0.3203125 13 9 6.36396103067893 R2
354 0.627936693218379 0.165289256198347 10 6.84210526315789 5.02900176235421 R2
6591 0.625748000255066 0.626284478096268 22 14.375 12.1854164885735 R3
7097 0.62114955659128 0.48 7 5.25 2.81735691739616 R2
1466 0.620920420565066 0.277777777777778 10 8.4 2.57681974534503 R2
3458 0.614356850555853 0.290123456790123 15 11.1764705882353 6.22362948879838 R2
3457 0.614356850555853 0.290123456790123 15 11.1764705882353 6.22362948879838 R2
3459 0.614356850555853 0.290123456790123 15 11.1764705882353 6.22362948879838 R2
2110 0.603022689155527 0.32 4 3.2 1.32664991614216 R2
3372 0.60164396961304 0.359861591695502 26 15.4666666666667 17.5075856575244 R2
9216 0.595458342051829 0.21875 7 4.33333333333333 4.4783429475148 R2
2877 0.593372496439156 0.291666666666667 60 39.2380952380952 34.9896648167845 R2
8706 0.586588460085413 0.197530864197531 8 6.4 2.72763633939717 R2
10510 0.585142123204121 0.46 7 5.38461538461539 2.76067052998867 R2
10513 0.585142123204121 0.46 7 5.38461538461539 2.76067052998867 R2
3590 0.583459965991578 0.473372781065089 9 7 3.42782730020052 R2
4150 0.582885872973441 0.260355029585799 11 7.71428571428571 5.63697704484253 R2
4146 0.582885872973441 0.260355029585799 11 7.71428571428571 5.63697704484253 R2
8877 0.577350269189626 0.21875 7 6 1.73205080756888 R2
8879 0.577350269189626 0.21875 7 6 1.73205080756888 R2
8878 0.577350269189626 0.21875 7 6 1.73205080756888 R2
1673 0.574282594854761 0.18 9 6.44444444444444 4.44999653211129 R2
5283 0.571428571428571 0.5 4 3.2 1.4 R2
1809 0.571036429634769 0.104938271604938 17 10.96 10.5772586240481 R2
1455 0.568216468572454 0.128418549346017 27 18 15.8390340614572 R2
4079 0.563687706791011 0.197530864197531 8 5.52380952380952 4.39284101171383 R2
9952 0.562543950463012 0.197530864197531 8 6.75 2.2220486043289 R2
5019 0.560898156150503 0.611570247933884 12 9.84615384615385 3.83999506903036 R2
6774 0.556302778912684 0.372244897959184 27 19.4 13.6616250863505 R2
1521 0.541602560309064 0.165289256198347 10 8 3.69274472937998 R2
278 0.535925320302134 0.350694444444445 19 11.76 13.5093449137995 R2
3647 0.535739923444735 0.318181818181818 18 11.741935483871 11.681161403635 R2
1343 0.533973536072976 0.13265306122449 13 10.2222222222222 5.20208884920872 R2
232 0.531729728850123 0.18 18 13.4 8.65101150155287 R2
6311 0.519040446472745 0.231111111111111 13 8.77777777777778 8.13466898565472 R2
964 0.512239764145397 0.068877551020408 27 18.6153846153846 16.3685367117174 R2
5901 0.511165650822358 0.128418549346017 27 22.5 8.8034084308295 R2
5903 0.511165650822358 0.128418549346017 27 22.5 8.8034084308295 R2
569 0.508900396786678 0.0587695133149677 32 19.75 24.0715080541291 R2
5269 0.497905046902227 0.124444444444444 14 9.02702702702703 9.98779386534218 R2
6515 0.495248282319602 0.387543252595156 13 8.4375 9.21255088181335 R2
4529 0.493614041873836 0.21875 7 5.28571428571429 3.47292736604092 R2
2854 0.476493974397224 0.110726643598616 16 10.96 10.5772586240481 R2
689 0.473156590685389 0.110726643598616 16 10.3157894736842 12.0133812742246 R2
3897 0.470739079364823 0.0454299621416983 42 30 25.491828756159 R1
1593 0.467422954597031 0.244897959183674 12 8.76190476190476 6.92754860720698 R2
3436 0.464970940224326 0.244897959183674 12 8.35294117647059 7.84362743566272 R2
10602 0.45367890502586 0.2265625 14 11.1764705882353 6.22362948879838 R2
966 0.451146948238147 0.314453125 26 18.6153846153846 16.3685367117174 R2
706 0.447928337198614 0.104938271604938 17 11.9090909090909 11.3654544000233 R2
1077 0.447213595499958 0.662721893491124 5 4.33333333333333 1.49071198499986 R3
1075 0.447213595499958 0.277777777777778 5 4.33333333333333 1.49071198499986 R2
4493 0.447213595499958 0.375 3 2.66666666666667 0.74535599249993 R2
2578 0.44194614222302 0.137174211248285 25 18 15.8390340614572 R2
703 0.440555849886265 0.297520661157025 9 7.2 4.08574758561188 R2
557 0.435633598684038 0.17687074829932 19 14.7272727272727 9.8080756067354 R2
6695 0.43301270189222 0.21875 7 6 2.3094010767585 R2
1770 0.430543780343572 0.2265625 14 9.76470588235294 9.83708117735975 R2
852 0.429197537639476 0.277777777777778 5 4 2.32992949004287 R2
909 0.425814617719466 0.1171875 30 19.75 24.0715080541291 R2
3849 0.419252594837268 0.244897959183674 18 14.1176470588235 9.26017629702065 R2
4856 0.417930838168951 0.197530864197531 16 11.6 10.5280577506015 R2
2418 0.412568498503518 0.32 4 3.2 1.93907194296653 R2
1600 0.40891377057629 0.18 18 12.9230769230769 12.4156324443857 R2
2104 0.406838102172486 0.375 6 5.07692307692308 2.26890480057733 R2
342 0.395385689162151 0.48961937716263 23 16.9230769230769 15.369608064977 R2
8304 0.392232270276368 0.290657439446367 14 11.0666666666667 7.47856195326942 R2
3039 0.389916079361108 0.1171875 15 10.3157894736842 12.0133812742246 R2
5340 0.388107736411891 0.495867768595041 6 4.8 3.09192496674806 R2
6556 0.37300639100034 0.165289256198347 10 7.25 7.37252783424157 R2
9297 0.364853914090778 0.18 9 7.3 4.6593991028887 R2
2879 0.364733552857096 0.287200832466181 52 39.2380952380952 34.9896648167845 R2
1791 0.362801009396731 0.331065759637188 17 11.7 14.6085591349729 R2
1849 0.359942413820315 0.110726643598616 16 11.9090909090909 11.3654544000233 R2
2859 0.355291464237044 0.13265306122449 13 9.42857142857142 10.0521091298883 R2
5232 0.354245954216038 0.444444444444444 15 11.5714285714286 9.67850553483104 R2
2551 0.353553390593274 0.197530864197531 8 7 2.82842712474619 R2
3266 0.353054289027928 0.152777777777778 11 8.52631578947369 7.00652643914102 R2
6675 0.353054289027928 0.260355029585799 11 8.52631578947369 7.00652643914102 R2
790 0.351956103643656 0.2265625 14 9.71428571428571 12.1768431953475 R2
2326 0.349563318607246 0.197530864197531 8 6.44444444444444 4.44999653211129 R2
10115 0.349215147884789 0.462809917355372 7 5.75 3.57945526581909 R2
5288 0.344544554949401 0.152777777777778 11 8.88888888888889 6.1272514128721 R2
4794 0.341743063086704 0.142011834319526 12 10.2222222222222 5.20208884920872 R2
676 0.339791134768368 0.369822485207101 20 16.8571428571429 9.2493794607078 R2
1516 0.338126113000287 0.152777777777778 11 8.5 7.39369100427295 R2
3437 0.337478908227333 0.260355029585799 11 8.35294117647059 7.84362743566272 R2
1338 0.337478908227333 0.336734693877551 11 8.35294117647059 7.84362743566272 R2
175 0.336044594433103 0.345679012345679 7 5.52380952380952 4.39284101171383 R2
3702 0.335578027607012 0.13265306122449 13 10.3076923076923 8.02289622925072 R2
4947 0.334824765091213 0.244897959183674 6 4.75 3.73329613076702 R2
9043 0.333333333333333 0.571428571428571 4 3.5 1.5 R2
9884 0.327560891040209 0.46875 5 4.16666666666667 2.54405625374562 R2
2923 0.325559386940028 0.197530864197531 8 5.92592592592593 6.37080101903541 R2
851 0.323196563283892 0.52400548696845 17 13.5454545454545 10.688682513963 R2
7520 0.322946556766917 0.1171875 15 11.6 10.5280577506015 R2
7519 0.322946556766917 0.1171875 15 11.6 10.5280577506015 R2
3001 0.314269680527354 0.260355029585799 11 9 6.36396103067893 R2
3810 0.312986925723313 0.445 14 10.5 11.1825757319144 R2
7186 0.304341955576167 0.18 9 7.18518518518518 5.96307798370779 R2
4201 0.300542890219635 0.110726643598616 16 13.4 8.65101150155287 R2
5737 0.300140723954264 0.142011834319526 12 10.5882352941176 4.70367595334207 R2
4300 0.297486754219621 0.0997229916897509 18 14.375 12.1854164885735 R2
81 0.291920179679905 0.277777777777778 10 8.25 5.9947894041409 R2
3591 0.291729982995789 0.5 8 7 3.42782730020052 R2
11636 0.291294927732807 0.375 9 7.42857142857143 5.3946307395712 R2
11637 0.291294927732807 0.375 9 7.42857142857143 5.3946307395712 R2
3852 0.29012942659283 0.197530864197531 8 6.57142857142857 4.92391083988974 R2
2560 0.29012942659283 0.32 8 6.57142857142857 4.92391083988974 R2
3240 0.281849698130845 0.497777777777778 20 16 14.1919612705884 R2
4175 0.265549587656523 0.0867768595041321 21 17.5555555555556 12.9710027977889 R2
509 0.264135271897687 0.21875 7 6 3.78593889720018 R2
1036 0.264135271897687 0.37037037037037 7 6 3.78593889720018 R2
182 0.263501233469245 0.447916666666667 34 25.9428571428571 30.5772491121308 R2
3689 0.258516723591243 0.231111111111111 13 11.0666666666667 7.47856195326942 R2
1628 0.255809854250672 0.142011834319526 12 9.42857142857142 10.0521091298883 R2
1768 0.253094724365759 0.0997229916897509 18 16 7.9021797274198 R2
264 0.252540652698868 0.771314250538627 22 18 15.8390340614572 R3
8679 0.24650596604915 0.244897959183674 12 9.75 9.12756813176434 R2
5671 0.244136537631348 0.32 4 3.4 2.4576411454889 R2
5585 0.244136537631348 0.5 4 3.4 2.4576411454889 R2
4934 0.242535625036333 0.244897959183674 6 5.5 2.06155281280883 R2
1188 0.237485014939977 0.408163265306122 10 8 8.42158399133304 R2
11528 0.228664780190012 0.277777777777778 5 4.42857142857143 2.49897938350513 R2
11526 0.228664780190012 0.277777777777778 5 4.42857142857143 2.49897938350513 R2
11527 0.228664780190012 0.277777777777778 5 4.42857142857143 2.49897938350513 R2
3461 0.226697734781432 0.783446712018141 14 12 8.82232017857736 R3
10271 0.22573305919324 0.408163265306122 5 4.2 3.54400902933387 R2
12539 0.223606797749979 0.444444444444444 4 3.71428571428571 1.27775312999988 R2
4748 0.223606797749979 0.5 4 3.71428571428571 1.27775312999988 R2
6969 0.223606797749979 0.4921875 11 10.5714285714286 1.91662969499983 R2
6973 0.223606797749979 0.4921875 11 10.5714285714286 1.91662969499983 R2
6970 0.223606797749979 0.4921875 11 10.5714285714286 1.91662969499983 R2
6972 0.223606797749979 0.4921875 11 10.5714285714286 1.91662969499983 R2
8764 0.222911285030141 0.40625 6 5.38461538461539 2.76067052998867 R2
6590 0.21542144271076 0.4768 17 14.375 12.1854164885735 R2
780 0.214598768819738 0.231111111111111 13 10.6666666666667 10.8730042868667 R2
290 0.211288563682129 0.572916666666667 11 10 4.73286382647969 R2
3580 0.210330214740042 0.165289256198347 10 8.52631578947369 7.00652643914102 R2
6677 0.210330214740042 0.165289256198347 10 8.52631578947369 7.00652643914102 R2
3584 0.210330214740042 0.165289256198347 10 8.52631578947369 7.00652643914102 R2
4555 0.206775684609151 0.0831758034026464 22 18.6153846153846 16.3685367117174 R2
5275 0.204388246966441 0.165289256198347 10 8.70588235294118 6.33166371484809 R2
6117 0.204124145231931 0.345679012345679 7 6 4.89897948556636 R2
419 0.200160192256359 0.551111111111111 9 7.63636363636364 6.81272508916189 R2
3219 0.196751673833914 0.4352 17 14.3478260869565 13.4798035582776 R2
2423 0.195376487834169 0.489795918367347 12 10.3 8.70114934936759 R2
1895 0.193308219799647 0.387811634349031 14 11.741935483871 11.681161403635 R2
3236 0.193308219799647 0.124444444444444 14 11.741935483871 11.681161403635 R2
1958 0.192866608684591 0.13265306122449 13 10.96 10.5772586240481 R2
3310 0.192866608684591 0.231111111111111 13 10.96 10.5772586240481 R2
631 0.192450089729875 0.444444444444444 2 1.75 1.29903810567666 R2
707 0.183970567063716 0.124444444444444 14 11.9090909090909 11.3654544000233 R2
6671 0.181223130577474 0.244897959183674 6 5.39130434782609 3.35881876797008 R2
3025 0.180252530437833 0.402777777777778 9 7.5 8.32165848854662 R2
3787 0.175443549154671 0.355029585798816 10 8.76190476190476 7.05694363834226 R2
3879 0.168593253951086 0.597222222222222 7 5.92592592592593 6.37080101903541 R2
6736 0.166027359873746 0.165289256198347 10 9.45454545454545 3.28532927265321 R2
2878 0.164674477222793 0.1832 45 39.2380952380952 34.9896648167845 R2
4792 0.149512590100433 0.152777777777778 11 10.2222222222222 5.20208884920872 R2
9323 0.147114306958486 0.1171875 15 13.1428571428571 12.6238086256758 R2
4124 0.136947758916194 0.491349480968858 11 9.75 9.12756813176434 R2
2880 0.136094609275036 0.339834710743802 44 39.2380952380952 34.9896648167845 R2
6196 0.136082763487955 0.1171875 15 13.5454545454545 10.688682513963 R2
42 0.136082763487954 0.456747404844291 11 10.8 1.4696938456699 R2
3464 0.132323013965876 0.244897959183674 12 11.1764705882353 6.22362948879838 R2
3463 0.132323013965876 0.244897959183674 12 11.1764705882353 6.22362948879838 R2
1764 0.12700012700019 0.56 3 2.85714285714286 1.12485826771597 R2
10184 0.125988157669742 0.277777777777778 5 4.75 1.98431348329844 R2
5987 0.124844042359731 0.21875 7 6.44444444444444 4.44999653211129 R2
2283 0.124801176906117 0.142011834319526 12 11.0666666666667 7.47856195326942 R2
2279 0.124801176906117 0.142011834319526 12 11.0666666666667 7.47856195326942 R2
3898 0.117684769841206 0.107755102040816 33 30 25.491828756159 R2
2214 0.114707866935281 0.375 3 2.85714285714286 1.24539969815448 R2
6951 0.113348867390716 0.13265306122449 13 12 8.82232017857736 R2
3460 0.113348867390716 0.545454545454545 13 12 8.82232017857736 R2
2375 0.111025476330674 0.375 6 5.55555555555556 4.00308522992263 R2
11023 0.110362879629427 0.332409972299169 15 14.125 7.92839044194974 R2
178 0.108401482075195 0.375 6 5.52380952380952 4.39284101171383 R2
2786 0.107832773203439 0.277777777777778 5 4.66666666666667 3.09120616516523 R2
2787 0.107832773203439 0.277777777777778 5 4.66666666666667 3.09120616516523 R2
1856 0.107112804194436 0.188365650969529 17 15.75 11.6699400169838 R2
3057 0.106760551790965 0.0997229916897509 18 15.6 22.4802135221176 R2
1838 0.101586994446437 0.609053497942387 14 13.0909090909091 8.94889069259979 R2
6627 0.0983241534470461 0.142011834319526 12 10.96 10.5772586240481 R2
1905 0.0983241534470461 0.244897959183674 12 10.96 10.5772586240481 R2
7260 0.0982946374365987 0.244897959183674 6 5.81818181818182 1.84972635903417 R2
3309 0.0971652592920591 0.497448979591837 13 12.4444444444444 5.71763570234161 R2
5877 0.0961277425194949 0.429752066115702 8 7.2 8.32225930862527 R2
563 0.0917883145268848 0.13265306122449 13 11.76 13.5093449137995 R2
1790 0.0910136201961317 0.670138888888889 10 9.14285714285714 9.41774269934258 R3
7767 0.0898026510133872 0.277777777777778 5 4.8 2.22710574513201 R2
7766 0.0898026510133872 0.277777777777778 5 4.8 2.22710574513201 R2
8302 0.0875410444866601 0.357142857142857 11 10.5882352941176 4.70367595334207 R2
8301 0.0875410444866601 0.357142857142857 11 10.5882352941176 4.70367595334207 R2
9598 0.0867593308452133 0.165289256198347 10 9.30769230769231 7.97963383953284 R2
6551 0.0716114874039433 0.244897959183674 6 5.75 3.49106001094224 R2
1515 0.0676252226000576 0.18 9 8.5 7.39369100427295 R2
5176 0.0671997419534864 0.152777777777778 11 10.5714285714286 6.37757551015706 R2
4948 0.0669649530182425 0.578512396694215 5 4.75 3.73329613076702 R2
2273 0.0659380473395789 0.165289256198347 10 9.52380952380952 7.22178613719196 R2
1380 0.060084176812611 0.197530864197531 8 7.5 8.32165848854662 R2
1357 0.0464518743105549 0.621315192743764 9 8.70588235294118 6.33166371484809 R3
2221 0.0350284722052029 0.408163265306122 5 4.875 3.56852560590505 R2
9820 0.0350284722052029 0.277777777777778 5 4.875 3.56852560590505 R2
855 0.0343693348968404 0.18 9 8.76190476190476 6.92754860720698 R2
3140 0.0343693348968404 0.297520661157025 9 8.76190476190476 6.92754860720698 R2
781 0.0306569669742485 0.4296875 11 10.6666666666667 10.8730042868667 R2
3932 0.0306569669742485 0.152777777777778 11 10.6666666666667 10.8730042868667 R2
3934 0.0306569669742485 0.152777777777778 11 10.6666666666667 10.8730042868667 R2
3149 0.027885569326658 0.345679012345679 7 6.90909090909091 3.26007655946202 R2
8873 0.027885569326658 0.345679012345679 7 6.90909090909091 3.26007655946202 R2
6129 0.0273895517832388 0.165289256198347 10 9.75 9.12756813176434 R2
1004 0.0273179182354076 0.586666666666667 9 8.77777777777778 8.13466898565472 R2
9930 0.0246382159161116 0.394463667820069 13 12.6086956521739 15.8820082248813 R2
6257 0.0234972368874036 0.0950000000000001 19 18.6153846153846 16.3685367117174 R2
3724 0.0234637402429105 0.408163265306122 10 9.71428571428571 12.1768431953475 R2
1911 0.0181339239447053 0.297520661157025 9 8.88888888888889 6.1272514128721 R2
5290 0.0181339239447053 0.18 9 8.88888888888889 6.1272514128721 R2
3059 0.0154450515803803 0.104938271604938 17 16.8571428571429 9.2493794607078 R2
7867 0.0051478047748948 0.1171875 15 14.9523809523809 9.25036004692426 R2
7866 0.0051478047748948 0.1171875 15 14.9523809523809 9.25036004692426 R2
4564 0.00378169820950154 0.152777777777778 11 10.96 10.5772586240481 R2
1908 0.00378169820950154 0.571428571428571 11 10.96 10.5772586240481 R2
2853 0.00378169820950154 0.152777777777778 11 10.96 10.5772586240481 R2
1933 4.05396129632541e-16 0.444444444444444 4 4 1.09544511501033 R2
1313 0 0.66 5 5 2.12132034355964 R3
7503 0 0.18 9 9 2.44948974278318 R2
3216 0 0.244897959183674 6 6 2.44948974278318 R2
9341 0 0.32 4 4 1.87082869338697 R2
13178 0 0.277777777777778 5 5 5.96046447753906e-08 R2
7410 0 0.625 5 5 5.96046447753906e-08 R3
13180 0 0.277777777777778 5 5 5.96046447753906e-08 R2
4407 0 0.708333333333333 4 4 0.707106781186548 R3
13176 0 0.277777777777778 5 5 5.96046447753906e-08 R2
2419 0 0.710059171597633 6 6 4.89897948556636 R3
13179 0 0.277777777777778 5 5 5.96046447753906e-08 R2
13181 0 0.277777777777778 5 5 5.96046447753906e-08 R2
1587 0 0.408163265306122 5 5 1.34164078649988 R2
13177 0 0.277777777777778 5 5 5.96046447753906e-08 R2
2581 0 0.197530864197531 8 8 5.46198986939131 R2
1315 0 0.493827160493827 5 5 2.12132034355964 R2
5014 -1.17696456283997e-16 0.124444444444444 14 14 15.0926960376273 R2
4133 -2.06661631418366e-16 0.375 6 6 4.29774222531949 R2
4134 -2.06661631418366e-16 0.375 6 6 4.29774222531949 R2
3164 -0.00270600568968612 0.524444444444444 9 9.02702702702703 9.98779386534218 R2
3851 -0.0127308504937798 0.493827160493827 5 5.05882352941176 4.62054985568364 R2
6160 -0.0240319356298737 0.46 7 7.2 8.32225930862527 R2
3855 -0.0295333675592446 0.32 8 8.13333333333333 4.51466745422321 R2
92 -0.0303900061345645 0.359861591695502 13 13.3684210526316 12.1230989885372 R2
499 -0.0303900061345645 0.13265306122449 13 13.3684210526316 12.1230989885372 R2
2989 -0.031702131247412 0.18 9 9.16666666666667 5.25727009852917 R2
2990 -0.031702131247412 0.18 9 9.16666666666667 5.25727009852917 R2
1442 -0.0328195358011427 0.375 9 9.33333333333333 10.156552345927 R2
2108 -0.0339031751810408 0.53125 5 5.07692307692308 2.26890480057733 R2
4446 -0.038559702597873 0.314049586776859 9 9.30769230769231 7.97963383953284 R2
82 -0.041702882811415 0.197530864197531 8 8.25 5.9947894041409 R2
1234 -0.0424032212441141 0.277777777777778 5 5.30434782608696 7.17746947419006 R2
5003 -0.0429955657137871 0.3203125 13 13.6 13.9549274451715 R2
3469 -0.0442970329456732 0.442906574394464 12 12.4210526315789 9.50521070102678 R2
8160 -0.0447124179604734 0.277777777777778 10 10.5 11.1825757319144 R2
3439 -0.0449971877636443 0.520710059171598 8 8.35294117647059 7.84362743566272 R2
3438 -0.0449971877636443 0.197530864197531 8 8.35294117647059 7.84362743566272 R2
3142 -0.0501254707117087 0.18 9 9.28571428571429 5.69998209807429 R2
4526 -0.0577350269189623 0.277777777777778 5 5.14285714285714 2.47435829652697 R2
2562 -0.0586593506072759 0.588235294117647 9 9.71428571428571 12.1768431953475 R2
6476 -0.0600585856955163 0.277008310249308 16 16.9230769230769 15.369608064977 R2
930 -0.0613139339484963 0.277777777777778 10 10.6666666666667 10.8730042868667 R2
3383 -0.0615457454896664 0.244897959183674 6 6.2 3.24961536185438 R2
1215 -0.0622572806364692 0.408163265306122 5 5.14285714285714 2.29462548631557 R2
3303 -0.063900590969657 0.165289256198347 10 10.7586206896552 11.871888477767 R2
1512 -0.0676252226000572 0.197530864197531 8 8.5 7.39369100427295 R2
2126 -0.0714285714285714 0.142011834319526 12 13 14 R2
4356 -0.0723785160980071 0.408163265306122 5 5.27272727272727 3.76806941382958 R2
10830 -0.0725318520735363 0.18 9 9.52380952380952 7.22178613719196 R2
88 -0.0731272424127131 0.375 9 9.25 3.41869858279434 R2
3441 -0.0741503997760064 0.56710775047259 14 14.7272727272727 9.8080756067354 R2
3440 -0.0741503997760064 0.409972299168975 14 14.7272727272727 9.8080756067354 R2
532 -0.0743479582865982 0.142011834319526 12 12.9230769230769 12.4156324443857 R2
9217 -0.0744322927564786 0.32 4 4.33333333333333 4.4783429475148 R2
6651 -0.0822690069789727 0.592592592592593 5 5.28571428571429 3.47292736604092 R2
2982 -0.0836246020904409 0.104938271604938 17 18.4210526315789 16.9932363928268 R2
3155 -0.0844149911825029 0.375 6 6.375 4.44233891097922 R2
8995 -0.0894427190999913 0.46875 5 5.16666666666667 1.86338998124982 R2
418 -0.0934080897196342 0.21875 7 7.63636363636364 6.81272508916189 R2
2061 -0.0983342324583195 0.197530864197531 16 16.8571428571429 8.71662732005531 R2
9511 -0.10314212462588 0.46875 5 5.2 1.93907194296653 R2
12059 -0.105409255338946 0.375 3 3.14285714285714 1.35526185435788 R2
416 -0.10998187166989 0.723140495867769 8 8.76190476190476 6.92754860720698 R3
2496 -0.113348867390715 0.152777777777778 11 12 8.82232017857736 R2
1792 -0.116370135089517 0.277777777777778 10 11.7 14.6085591349729 R2
6018 -0.116370135089517 0.277777777777778 10 11.7 14.6085591349729 R2
1595 -0.116500583942662 0.277777777777778 5 5.39130434782609 3.35881876797008 R2
10034 -0.116500583942662 0.493827160493827 5 5.39130434782609 3.35881876797008 R2
9983 -0.119241630282714 0.277777777777778 5 5.52380952380952 4.39284101171383 R2
3958 -0.124034734589209 0.277777777777778 5 5.33333333333333 2.68741924943285 R2
166 -0.124034734589209 0.277777777777778 5 5.33333333333333 2.68741924943285 R2
3959 -0.124034734589209 0.277777777777778 5 5.33333333333333 2.68741924943285 R2
1641 -0.126270326349434 0.399092970521542 16 18 15.8390340614572 R2
12468 -0.130535066632968 0.165289256198347 10 11.3333333333333 10.2143689640297 R2
12469 -0.130535066632968 0.165289256198347 10 11.3333333333333 10.2143689640297 R2
12467 -0.130535066632968 0.165289256198347 10 11.3333333333333 10.2143689640297 R2
12470 -0.130535066632968 0.165289256198347 10 11.3333333333333 10.2143689640297 R2
10342 -0.131876094679157 0.32 4 4.22222222222222 1.68508343201146 R2
7399 -0.131876094679157 0.5 4 4.22222222222222 1.68508343201146 R2
6557 -0.132897160363992 0.152777777777778 11 12.8333333333333 13.7951279644502 R2
4032 -0.132897160363992 0.357142857142857 11 12.8333333333333 13.7951279644502 R2
4659 -0.13413725388142 0.18 9 10.5 11.1825757319144 R2
4658 -0.13413725388142 0.18 9 10.5 11.1825757319144 R2
9585 -0.134839972492648 0.244897959183674 6 6.57142857142857 4.23782770691181 R2
6496 -0.138997175039826 0.18 9 10.6363636363636 11.7726395223125 R2
9754 -0.139319553143838 0.493827160493827 5 5.38461538461539 2.76067052998867 R2
791 -0.140782441457462 0.660493827160494 8 9.71428571428571 12.1768431953475 R3
789 -0.140782441457462 0.581632653061225 8 9.71428571428571 12.1768431953475 R2
7188 -0.141030148416681 0.5 4 4.46153846153846 3.27262267479733 R2
3026 -0.141967760350654 0.13265306122449 13 15.7435897435897 19.325442176542 R2
8305 -0.142629916464134 0.277777777777778 10 11.0666666666667 7.47856195326942 R2
3775 -0.145339012026798 0.277777777777778 5 5.92592592592593 6.37080101903541 R2
3773 -0.145339012026798 0.277777777777778 5 5.92592592592593 6.37080101903541 R2
68 -0.147353001723781 0.375 6 6.54545454545455 3.70168601300042 R2
4186 -0.150755672288882 0.611111111111111 3 3.2 1.32664991614216 R2
1232 -0.150755672288882 0.5 3 3.2 1.32664991614216 R2
9749 -0.156037130045902 0.611111111111111 7 8.4375 9.21255088181335 R2
9748 -0.156037130045902 0.611111111111111 7 8.4375 9.21255088181335 R2
2369 -0.156913026454941 0.0713305898491086 26 30 25.491828756159 R2
9224 -0.162650012158089 0.197530864197531 8 9 6.14817045957576 R2
4240 -0.162757691754232 0.375 3 3.4 2.4576411454889 R2
7518 -0.170388550274119 0.328402366863905 21 22.5 8.8034084308295 R2
1113 -0.18284526866562 0.21875 7 8.15384615384615 6.31050593907498 R2
1789 -0.18482315573041 0.18 9 11.7 14.6085591349729 R2
6120 -0.188907907205178 0.314049586776859 9 10.5714285714286 8.31849018221243 R2
10604 -0.189032877094109 0.165289256198347 10 11.1764705882353 6.22362948879838 R2
2841 -0.189405489524151 0.462585034013605 15 18 15.8390340614572 R2
6477 -0.190185521369135 0.376543209876543 14 16.9230769230769 15.369608064977 R2
3466 -0.191011728090336 0.528925619834711 7 8.16666666666667 6.1078274006029 R2
3467 -0.191011728090336 0.528925619834711 7 8.16666666666667 6.1078274006029 R2
5993 -0.19371301879622 0.32 12 15.7435897435897 19.325442176542 R2
2640 -0.19371301879622 0.442906574394464 12 15.7435897435897 19.325442176542 R2
4151 -0.194186390745904 0.197530864197531 16 20.64 23.8945684204591 R2
7552 -0.196116135138184 0.375 3 3.33333333333333 1.69967317119759 R2
7549 -0.196116135138184 0.375 3 3.33333333333333 1.69967317119759 R2
7550 -0.196116135138184 0.375 3 3.33333333333333 1.69967317119759 R2
7715 -0.196116135138184 0.375 3 3.33333333333333 1.69967317119759 R2
7713 -0.196116135138184 0.375 3 3.33333333333333 1.69967317119759 R2
7714 -0.196116135138184 0.375 3 3.33333333333333 1.69967317119759 R2
11450 -0.19732872528463 0.207612456747405 15 19.75 24.0715080541291 R2
4795 -0.198997181133458 0.340264650283554 18 22.2727272727273 21.471295464541 R2
1518 -0.202875667800172 0.541666666666667 7 8.5 7.39369100427295 R2
4766 -0.205195670417031 0.277777777777778 5 5.66666666666667 3.24893144826965 R2
3449 -0.209810505153239 0.297520661157025 9 13.2459016393443 20.2368400773983 R2
2199 -0.210363898322049 0.244897959183674 6 8.42105263157895 11.5088789040814 R2
8990 -0.211059995770663 0.54 13 14.9523809523809 9.25036004692426 R2
2638 -0.214285714285714 0.5 3 3.6 2.8 R2
5480 -0.215665546406877 0.32 4 4.66666666666667 3.09120616516523 R2
4385 -0.218543345883261 0.21875 7 8.77777777777778 8.13466898565472 R2
7054 -0.227534050490329 0.37037037037037 7 9.14285714285714 9.41774269934258 R2
7053 -0.227534050490329 0.37037037037037 7 9.14285714285714 9.41774269934258 R2
1177 -0.227939426814107 0.375 6 7.125 4.93552175559991 R2
8017 -0.227939426814107 0.375 6 7.125 4.93552175559991 R2
953 -0.232495277487638 0.375 3 3.33333333333333 1.43372087784044 R2
11537 -0.232495277487638 0.56 3 3.33333333333333 1.43372087784044 R2
954 -0.232495277487638 0.612244897959184 3 3.33333333333333 1.43372087784044 R2
1850 -0.235648169227759 0.231111111111111 13 15.75 11.6699400169838 R2
1623 -0.235648169227759 0.231111111111111 13 15.75 11.6699400169838 R2
114 -0.236934008852461 0.694214876033058 5 5.88235294117647 3.72404512737516 R3
7735 -0.237485014939977 0.56 6 8 8.42158399133304 R2
1189 -0.237485014939977 0.244897959183674 6 8 8.42158399133304 R2
7736 -0.237485014939977 0.56 6 8 8.42158399133304 R2
7734 -0.237485014939977 0.56 6 8 8.42158399133304 R2
1617 -0.245803245527218 0.32 4 4.7 2.84780617317963 R2
2177 -0.24639905382945 0.5 9 10.5714285714286 6.37757551015706 R2
8371 -0.248069469178417 0.197530864197531 8 10 8.06225774829855 R2
3064 -0.249669666104723 0.21875 7 8.76190476190476 7.05694363834226 R2
3063 -0.249669666104723 0.21875 7 8.76190476190476 7.05694363834226 R2
1179 -0.25 0.165289256198347 10 11 4 R2
1067 -0.253276176371303 0.197530864197531 8 11.7 14.6085591349729 R2
5591 -0.259225334552265 0.197530864197531 8 13.2459016393443 20.2368400773983 R2
3322 -0.260165428725817 0.124444444444444 14 18.4210526315789 16.9932363928268 R2
6514 -0.264584698773486 0.56 6 8.4375 9.21255088181335 R2
4923 -0.266076042095096 0.277777777777778 10 14 15.0332963783729 R2
4922 -0.266076042095096 0.277777777777778 10 14 15.0332963783729 R2
11868 -0.267261241912425 0.375 3 3.33333333333333 1.24721912892465 R2
11866 -0.267261241912425 0.375 3 3.33333333333333 1.24721912892465 R2
11467 -0.267261241912425 0.375 3 3.33333333333333 1.24721912892465 R2
11867 -0.267261241912425 0.375 3 3.33333333333333 1.24721912892465 R2
10975 -0.269420871001217 0.21875 7 8.70588235294118 6.33166371484809 R2
6943 -0.270801280154532 0.21875 7 8 3.69274472937998 R2
7422 -0.276008011233144 0.21875 7 10.3157894736842 12.0133812742246 R2
2282 -0.276345463149259 0.18 9 11.0666666666667 7.47856195326942 R2
2053 -0.277622624559531 0.32 4 5.27272727272727 4.5843787938629 R2
1663 -0.285714285714286 0.18 9 13 14 R2
3589 -0.291729982995789 0.493827160493827 6 7 3.42782730020052 R2
266 -0.291729982995789 0.375 6 7 3.42782730020052 R2
262 -0.291729982995789 0.375 6 7 3.42782730020052 R2
265 -0.291729982995789 0.375 6 7 3.42782730020052 R2
10583 -0.293235845602984 0.345679012345679 7 7.81818181818182 2.79018350058596 R2
704 -0.293703899924177 0.375 6 7.2 4.08574758561188 R2
4254 -0.294219470723657 0.345679012345679 7 8.66666666666667 5.66470554299946 R2
4256 -0.294219470723657 0.345679012345679 7 8.66666666666667 5.66470554299946 R2
4159 -0.300420884063055 0.277777777777778 5 7.5 8.32165848854662 R2
1721 -0.305028623157835 0.644628099173554 6 9.71428571428571 12.1768431953475 R3
3725 -0.305028623157835 0.56198347107438 6 9.71428571428571 12.1768431953475 R2
7366 -0.305187047182096 0.277777777777778 5 7.25 7.37252783424157 R2
198 -0.305187047182096 0.46875 5 7.25 7.37252783424157 R2
6122 -0.308606699924184 0.32 4 4.66666666666667 2.16024689946929 R2
6121 -0.308606699924184 0.32 4 4.66666666666667 2.16024689946929 R2
7537 -0.308640163951291 0.42 7 13.2459016393443 20.2368400773983 R2
9332 -0.316227766016838 0.448979591836735 5 6 3.16227766016838 R2
3301 -0.316598382531482 0.21875 7 10.7586206896552 11.871888477767 R2
3854 -0.319142369252113 0.46875 5 6.57142857142857 4.92391083988974 R2
10634 -0.319163896043442 0.142011834319526 12 14.9523809523809 9.25036004692426 R2
1608 -0.321633760451338 0.5390625 9 13.5 13.9910685796332 R2
1794 -0.321729197012195 0.21875 7 11.7 14.6085591349729 R2
6017 -0.321729197012195 0.345679012345679 7 11.7 14.6085591349729 R2
3297 -0.322543727596581 0.165289256198347 10 14.3478260869565 13.4798035582776 R2
2594 -0.324442842261524 0.32 4 4.57142857142857 1.76126114370542 R2
658 -0.328797974610715 0.345679012345679 7 8 3.04138126514911 R2
3774 -0.331932499373438 0.497041420118343 7 9.125 6.40190401365094 R2
2577 -0.333716607385816 0.493827160493827 6 9.14285714285714 9.41774269934258 R2
10470 -0.336336396998156 0.375 3 4.66666666666667 4.95535624910617 R2
7103 -0.337766408457366 0.5 4 5.27272727272727 3.76806941382958 R2
1682 -0.338126113000287 0.56 6 8.5 7.39369100427295 R2
12821 -0.338642730739298 0.375 3 3.55555555555556 1.64053589558149 R2
12822 -0.338642730739298 0.375 3 3.55555555555556 1.64053589558149 R2
738 -0.341473977942596 0.244897959183674 6 8.77777777777778 8.13466898565472 R2
4204 -0.344265186329548 0.197530864197531 8 10.6666666666667 7.74596669241483 R2
3558 -0.354736066453482 0.244897959183674 6 8.16666666666667 6.1078274006029 R2
5776 -0.354787437593449 0.592592592592593 4 4.85714285714286 2.41593350361254 R2
4019 -0.358568582800318 0.396694214876033 8 11.6 10.0399203184089 R2
9245 -0.359248522557425 0.244897959183674 6 10.3157894736842 12.0133812742246 R2
6678 -0.360566082411502 0.244897959183674 6 8.52631578947369 7.00652643914102 R2
7912 -0.366452558754976 0.408163265306122 5 7.18518518518518 5.96307798370779 R2
8153 -0.370999258002227 0.32 4 5.55555555555556 4.19288050313626 R2
1293 -0.371368521632436 0.408163265306122 10 13.5789473684211 9.63718559852345 R2
8372 -0.372104203767625 0.21875 7 10 8.06225774829855 R2
5655 -0.372106493660786 0.165289256198347 10 14.5454545454545 12.2154668700789 R2
11085 -0.374388122740677 0.42 7 10.96 10.5772586240481 R2
913 -0.382558643917626 0.21875 7 15.6 22.4802135221176 R2
2220 -0.382705582527619 0.444444444444444 6 9.76470588235294 9.83708117735975 R2
3880 -0.387151714008022 0.710743801652893 5 9.71428571428571 12.1768431953475 R3
10503 -0.387151714008022 0.617283950617284 5 9.71428571428571 12.1768431953475 R2
3945 -0.388589167157358 0.444444444444444 4 5.55555555555556 4.00308522992263 R2
7416 -0.390182217653088 0.40625 6 11.7 14.6085591349729 R2
6273 -0.391374071191187 0.569444444444444 6 8.76190476190476 7.05694363834226 R2
3490 -0.393107929440525 0.473372781065089 8 13.5 13.9910685796332 R2
5042 -0.394668518981929 0.32 4 5.42857142857143 3.61967413123427 R2
3273 -0.39652244419519 0.32 8 12.9230769230769 12.4156324443857 R2
8500 -0.39838026207491 0.32 8 14 15.0609871301098 R2
8201 -0.39838026207491 0.197530864197531 8 14 15.0609871301098 R2
8501 -0.39838026207491 0.32 8 14 15.0609871301098 R2
4168 -0.399291391467113 0.5 9 12.4 8.51508465411041 R2
2639 -0.400694052578482 0.197530864197531 8 15.7435897435897 19.325442176542 R2
6629 -0.400694052578482 0.197530864197531 8 15.7435897435897 19.325442176542 R2
6565 -0.400694052578482 0.396694214876033 8 15.7435897435897 19.325442176542 R2
9915 -0.402411761644259 0.244897959183674 6 10.5 11.1825757319144 R2
13145 -0.402411761644259 0.244897959183674 6 10.5 11.1825757319144 R2
13144 -0.402411761644259 0.244897959183674 6 10.5 11.1825757319144 R2
13146 -0.402411761644259 0.244897959183674 6 10.5 11.1825757319144 R2
3167 -0.403194847763217 0.277777777777778 5 9.02702702702703 9.98779386534218 R2
10482 -0.403194847763217 0.277777777777778 5 9.02702702702703 9.98779386534218 R2
3166 -0.403194847763217 0.277777777777778 5 9.02702702702703 9.98779386534218 R2
3165 -0.403194847763217 0.277777777777778 5 9.02702702702703 9.98779386534218 R2
3924 -0.409315608077321 0.5 6 8 4.88620507142302 R2
4825 -0.409315608077321 0.244897959183674 6 8 4.88620507142302 R2
8922 -0.410843276748583 0.244897959183674 6 9.75 9.12756813176434 R2
6672 -0.414224298462798 0.489795918367347 4 5.39130434782609 3.35881876797008 R2
4064 -0.416112091027663 0.375 6 12.6086956521739 15.8820082248813 R2
3024 -0.420589237688277 0.444444444444444 4 7.5 8.32165848854662 R2
516 -0.422854601158158 0.21875 7 12.8333333333333 13.7951279644502 R2
1224 -0.426679271742839 0.244897959183674 6 10.7368421052632 11.1016457066564 R2
3308 -0.431930896584378 0.21875 7 11.9090909090909 11.3654544000233 R2
9312 -0.436118025948265 0.476370510396975 14 16.5454545454545 5.83661851609982 R2
9310 -0.436118025948265 0.462809917355372 14 16.5454545454545 5.83661851609982 R2
11318 -0.43685202833052 0.661157024793388 4 4.83333333333333 1.9075871903766 R3
2672 -0.43803503749967 0.244897959183674 6 8.8 6.39218272579875 R2
11381 -0.440825734818583 0.32 4 7.25 7.37252783424157 R2
571 -0.446586062486269 0.402777777777778 9 19.75 24.0715080541291 R2
9001 -0.446586062486269 0.18 9 19.75 24.0715080541291 R2
9912 -0.453969922266159 0.18 9 14.5454545454545 12.2154668700789 R2
3608 -0.457466241725923 0.197530864197531 8 10.7142857142857 5.9333027592272 R2
1233 -0.460377830650382 0.444444444444444 2 5.30434782608696 7.17746947419006 R2
4228 -0.462236725820953 0.56 3 4.4 3.02875111776014 R2
2964 -0.464082617627872 0.48961937716263 23 39.2380952380952 34.9896648167845 R2
2965 -0.464082617627872 0.509387755102041 23 39.2380952380952 34.9896648167845 R2
10645 -0.46440461000193 0.448979591836735 5 8.77777777777778 8.13466898565472 R2
3241 -0.46440461000193 0.408163265306122 5 8.77777777777778 8.13466898565472 R2
10445 -0.464776972420729 0.21875 7 14 15.0609871301098 R2
10447 -0.464776972420729 0.21875 7 14 15.0609871301098 R2
10446 -0.464776972420729 0.21875 7 14 15.0609871301098 R2
8554 -0.465245290370589 0.475308641975309 11 18.6153846153846 16.3685367117174 R2
11046 -0.468754671127698 0.48 3 4.75 3.73329613076702 R2
103 -0.470360434191798 0.408163265306122 5 6.66666666666667 3.54338193757822 R2
7361 -0.474644452534568 0.32 4 5.07692307692308 2.26890480057733 R2
2215 -0.474644452534568 0.32 4 5.07692307692308 2.26890480057733 R2
5378 -0.481125224324688 0.612244897959184 4 5.42857142857143 2.96922995583236 R2
9750 -0.481679836228654 0.489795918367347 4 8.4375 9.21255088181335 R2
3215 -0.485063576906032 0.408163265306122 5 10.7586206896552 11.871888477767 R2
1038 -0.488128952019875 0.709141274238227 8 19.75 24.0715080541291 R3
3892 -0.488901207038705 0.5 4 5.75 3.57945526581909 R2
2006 -0.491506543959643 0.375 3 5.81818181818182 5.73376255680781 R2
8274 -0.491836597565206 0.277777777777778 5 10.5 11.1825757319144 R2
10451 -0.492664639082147 0.32 4 6.5 5.07444578254611 R2
10450 -0.492664639082147 0.32 4 6.5 5.07444578254611 R2
6634 -0.492664639082147 0.704081632653061 4 6.5 5.07444578254611 R3
10370 -0.493625883769876 0.277777777777778 5 7.3 4.6593991028887 R2
5621 -0.493939169953606 0.48 3 4.28571428571429 2.60298102261266 R2
7790 -0.495343961356699 0.244897959183674 6 12.8333333333333 13.7951279644502 R2
4224 -0.495343961356699 0.244897959183674 6 12.8333333333333 13.7951279644502 R2
9233 -0.496138938356834 0.32 4 5.33333333333333 2.68741924943285 R2
6533 -0.496903994999954 0.277777777777778 5 7 4.02492235949962 R2
3661 -0.497895308602173 0.375 6 9.52941176470588 7.08866242305958 R2
7241 -0.5 0.666666666666667 2 2.4 0.8 R3
6243 -0.500394359840115 0.277777777777778 5 11.76 13.5093449137995 R2
10412 -0.504184569469613 0.244897959183674 6 15.7435897435897 19.325442176542 R2
3693 -0.50545921888525 0.32 4 5.88235294117647 3.72404512737516 R2
9900 -0.506299481547393 0.375 3 13.2459016393443 20.2368400773983 R2
2427 -0.522232967867093 0.489795918367347 4 5.71428571428571 3.28260722659316 R2
3421 -0.523063684645739 0.571428571428571 4 9.56521739130435 10.6396554658035 R2
9384 -0.523166360868989 0.444444444444444 8 14.375 12.1854164885735 R2
7553 -0.525112572818286 0.489795918367347 4 9.33333333333333 10.156552345927 R2
12357 -0.525729545205988 0.32 4 10.3157894736842 12.0133812742246 R2
2476 -0.525729545205988 0.571428571428571 4 10.3157894736842 12.0133812742246 R2
12358 -0.525729545205988 0.32 4 10.3157894736842 12.0133812742246 R2
10000 -0.527088258934873 0.32 4 11.7 14.6085591349729 R2
5718 -0.530280798249037 0.345679012345679 7 11.5555555555556 8.5908363467012 R2
446 -0.532013714308067 0.32 12 19.125 13.3925119003121 R2
12852 -0.534151187337762 0.32 4 7.18518518518518 5.96307798370779 R2
9193 -0.534459387267487 0.32 12 19.8571428571429 14.7011036653576 R2
12500 -0.535476894336765 0.244897959183674 6 9.16666666666667 5.91373166640339 R2
7163 -0.536056267418897 0.244897959183674 6 13.5 13.9910685796332 R2
10469 -0.53813823519705 0.444444444444444 2 4.66666666666667 4.95535624910617 R2
9599 -0.539835836370218 0.277777777777778 5 9.30769230769231 7.97963383953284 R2
5614 -0.539835836370218 0.277777777777778 5 9.30769230769231 7.97963383953284 R2
2402 -0.540757591313499 0.375 3 7.5 8.32165848854662 R2
3296 -0.545098899638222 0.21875 7 14.3478260869565 13.4798035582776 R2
3298 -0.545098899638222 0.21875 7 14.3478260869565 13.4798035582776 R2
11103 -0.546095682997723 0.375 3 7.90909090909091 8.98943365042381 R2
11104 -0.546095682997723 0.375 3 7.90909090909091 8.98943365042381 R2
10850 -0.549313786382814 0.32 4 6.44444444444444 4.44999653211129 R2
3917 -0.549550275505973 0.493827160493827 6 10.5714285714286 8.31849018221243 R2
4605 -0.557609687149487 0.375 6 12.9230769230769 12.4156324443857 R2
2389 -0.557609687149487 0.59504132231405 6 12.9230769230769 12.4156324443857 R2
7575 -0.560723176219197 0.444444444444444 2 3.71428571428571 3.0572763655761 R2
6377 -0.560723176219197 0.444444444444444 2 3.71428571428571 3.0572763655761 R2
9046 -0.563473033215766 0.277777777777778 5 10.96 10.5772586240481 R2
9044 -0.563473033215766 0.277777777777778 5 10.96 10.5772586240481 R2
9045 -0.563473033215766 0.277777777777778 5 10.96 10.5772586240481 R2
1093 -0.563710765439292 0.32 4 10.6363636363636 11.7726395223125 R2
8198 -0.565143023896541 0.5 4 6.84210526315789 5.02900176235421 R2
8197 -0.565143023896541 0.5 4 6.84210526315789 5.02900176235421 R2
7890 -0.566744336953578 0.42 7 12 8.82232017857736 R2
7145 -0.570841027968562 0.21875 7 20.64 23.8945684204591 R2
8745 -0.573605326291805 0.255102040816327 12 25.8181818181818 24.0900514427096 R2
6861 -0.577163113401802 0.277777777777778 5 11.741935483871 11.681161403635 R2
4539 -0.578409142649955 0.297520661157025 9 15.75 11.6699400169838 R2
4149 -0.580566328389993 0.473372781065089 8 16.9230769230769 15.369608064977 R2
8161 -0.581261433486152 0.32 4 10.5 11.1825757319144 R2
4596 -0.581261433486152 0.32 4 10.5 11.1825757319144 R2
2992 -0.582161604617835 0.375 3 4.8 3.09192496674806 R2
5273 -0.58529361631299 0.277777777777778 5 8.70588235294118 6.33166371484809 R2
5274 -0.58529361631299 0.277777777777778 5 8.70588235294118 6.33166371484809 R2
1471 -0.587335242061265 0.32 4 8.77777777777778 8.13466898565472 R2
7043 -0.593712537349943 0.375 3 8 8.42158399133304 R2
4160 -0.595541279575766 0.56 3 11.7 14.6085591349729 R2
12126 -0.605005079717852 0.56 3 12.6086956521739 15.8820082248813 R2
8509 -0.607450107570798 0.394463667820069 13 16.5454545454545 5.83661851609982 R2
11255 -0.607450107570798 0.3203125 13 16.5454545454545 5.83661851609982 R2
12747 -0.607675086360744 0.444444444444444 4 15.7435897435897 19.325442176542 R2
2950 -0.607675086360744 0.32 4 15.7435897435897 19.325442176542 R2
3723 -0.608730464651253 0.46875 5 9.73333333333333 7.77574576630578 R2
3719 -0.608730464651253 0.46875 5 9.73333333333333 7.77574576630578 R2
9246 -0.60897005653027 0.375 3 10.3157894736842 12.0133812742246 R2
7269 -0.612372435695794 0.42 7 13.5454545454545 10.688682513963 R2
998 -0.616237410993624 0.444444444444444 2 5.92592592592593 6.37080101903541 R2
2592 -0.616269775230947 0.46875 5 13.6 13.9549274451715 R2
6935 -0.619508219113863 0.21875 7 25.9428571428571 30.5772491121308 R2
10270 -0.620765912781411 0.5 2 4.2 3.54400902933387 R2
2872 -0.626006436045999 0.345679012345679 7 10.7142857142857 5.9333027592272 R2
2272 -0.626411449725997 0.277777777777778 5 9.52380952380952 7.22178613719196 R2
3665 -0.632255211279155 0.277777777777778 5 8.61538461538461 5.71823616616794 R2
1277 -0.632455532033676 0.32 4 6 3.16227766016838 R2
1276 -0.632455532033676 0.32 4 6 3.16227766016838 R2
10480 -0.633520986558581 0.625 2 9.71428571428571 12.1768431953475 R3
632 -0.633865691046388 0.345679012345679 7 10 4.73286382647969 R2
1912 -0.634687338064687 0.53125 5 8.88888888888889 6.1272514128721 R2
12413 -0.638153308626635 0.277777777777778 5 12.9230769230769 12.4156324443857 R2
3662 -0.638965646039456 0.628099173553719 5 9.52941176470588 7.08866242305958 R3
1700 -0.649675243547053 0.375 3 7.33333333333333 6.66999916708307 R2
10584 -0.651635212451075 0.244897959183674 6 7.81818181818182 2.79018350058596 R2
10578 -0.651635212451075 0.244897959183674 6 7.81818181818182 2.79018350058596 R2
10579 -0.651635212451075 0.244897959183674 6 7.81818181818182 2.79018350058596 R2
76 -0.654653670707977 0.46875 5 7 3.05505046330389 R2
2226 -0.657337396200963 0.625 2 7.90909090909091 8.98943365042381 R3
4145 -0.658914465100411 0.444444444444444 4 7.71428571428571 5.63697704484253 R2
4147 -0.658914465100411 0.444444444444444 4 7.71428571428571 5.63697704484253 R2
3701 -0.66156811156811 0.277777777777778 5 10.3076923076923 8.02289622925072 R2
3648 -0.662771039313074 0.32 4 11.741935483871 11.681161403635 R2
11356 -0.663994300216658 0.444444444444444 2 11.7 14.6085591349729 R2
9210 -0.663994300216658 0.5 2 11.7 14.6085591349729 R2
4915 -0.664735264637297 0.34 8 22.2727272727273 21.471295464541 R2
7540 -0.665154869813305 0.32 4 9.30769230769231 7.97963383953284 R2
7542 -0.665154869813305 0.32 4 9.30769230769231 7.97963383953284 R2
7541 -0.665154869813305 0.32 4 9.30769230769231 7.97963383953284 R2
12302 -0.665564565219777 0.5 1 4.58823529411765 5.39126552347746 R2
2843 -0.666666666666666 0.486111111111111 7 9 3 R2
916 -0.667969409281248 0.444444444444444 2 12.6086956521739 15.8820082248813 R2
12209 -0.670686269407099 0.375 3 10.5 11.1825757319144 R2
4487 -0.670936482269279 0.56 3 5.42857142857143 3.61967413123427 R2
6564 -0.674782881364116 0.5 4 8.76190476190476 7.05694363834226 R2
8389 -0.675529752421514 0.375 6 12.4210526315789 9.50521070102678 R2
2500 -0.680093204344293 0.244897959183674 6 12 8.82232017857736 R2
2499 -0.680093204344293 0.56 6 12 8.82232017857736 R2
142 -0.680093204344293 0.628099173553719 6 12 8.82232017857736 R3
5141 -0.681350897271734 0.277777777777778 10 19.125 13.3925119003121 R2
9291 -0.682457347748607 0.375 3 8.35294117647059 7.84362743566272 R2
3284 -0.690287282199393 0.277777777777778 5 13.3684210526316 12.1230989885372 R2
8253 -0.693469014332649 0.277777777777778 5 14.3478260869565 13.4798035582776 R2
1120 -0.695888666719275 0.66 4 11.9090909090909 11.3654544000233 R3
6258 -0.697485832462914 0.489795918367347 4 5.2 1.72046505340853 R2
2207 -0.69804093468565 0.375 3 6 4.29774222531949 R2
2208 -0.69804093468565 0.375 3 6 4.29774222531949 R2
2356 -0.698774973683822 0.444444444444444 2 8.4375 9.21255088181335 R2
996 -0.701849815920548 0.56 3 7.18518518518518 5.96307798370779 R2
10481 -0.703561479318365 0.444444444444444 2 9.02702702702703 9.98779386534218 R2
5004 -0.705929335593763 0.569444444444444 6 13.5454545454545 10.688682513963 R2
12282 -0.707106781186548 0.5 1 1.33333333333333 0.471404520791032 R2
739 -0.710265874120599 0.375 3 8.77777777777778 8.13466898565472 R2
1362 -0.712103110091558 0.444444444444444 2 7.25 7.37252783424157 R2
6554 -0.712812041952323 0.48 3 12.8333333333333 13.7951279644502 R2
3923 -0.718696930103783 0.444444444444444 4 12.9230769230769 12.4156324443857 R2
10312 -0.732333837236824 0.5 4 8 5.46198986939131 R2
9423 -0.739006245613051 0.5 2 9.42857142857142 10.0521091298883 R2
8183 -0.739940073395943 0.5 1 4.66666666666667 4.95535624910617 R2
154 -0.744322927564787 0.5 1 4.33333333333333 4.4783429475148 R2
3282 -0.746784743191416 0.345679012345679 7 16.4 12.5872951820477 R2
11243 -0.747590432633643 0.32 4 6.44444444444444 3.26976421545826 R2
4187 -0.751579497134559 0.568047337278106 8 14.9523809523809 9.25036004692426 R2
9183 -0.751579497134559 0.197530864197531 8 14.9523809523809 9.25036004692426 R2
11730 -0.752617809006382 0.666666666666667 2 4.57142857142857 3.4166459266004 R3
7632 -0.761256434301568 0.18 9 19.4 13.6616250863505 R2
8103 -0.763989643415694 0.375 3 6.84210526315789 5.02900176235421 R2
9454 -0.768273325346536 0.375 3 5.75 3.57945526581909 R2
9455 -0.768273325346536 0.48 3 5.75 3.57945526581909 R2
9432 -0.770637113356694 0.32 4 9.11111111111111 6.63231892485484 R2
11515 -0.770709369906835 0.569444444444444 6 18.6153846153846 16.3685367117174 R2
3764 -0.77398442891804 0.56 3 5.88235294117647 3.72404512737516 R2
3694 -0.77398442891804 0.375 3 5.88235294117647 3.72404512737516 R2
3763 -0.77398442891804 0.56 3 5.88235294117647 3.72404512737516 R2
1923 -0.781688987703144 0.662721893491124 5 8.30769230769231 4.23146847368463 R3
1674 -0.78334945180064 0.5 5 8 3.82970843102535 R2
153 -0.78642745757457 0.495867768595041 6 13.5789473684211 9.63718559852345 R2
3302 -0.786663999135653 0.250865051903114 29 54.7142857142857 32.6877621736082 R2
3960 -0.786973154522251 0.444444444444444 4 11.8181818181818 9.9344962064532 R2
9600 -0.790473903256391 0.375 3 9.30769230769231 7.97963383953284 R2
11319 -0.791782255563471 0.375 3 6.18181818181818 4.01855201914552 R2
11317 -0.791782255563471 0.375 3 6.18181818181818 4.01855201914552 R2
5576 -0.79546738561799 0.48 6 9.29411764705882 4.14110962512895 R2
6199 -0.799486235491731 0.408163265306122 5 13.5454545454545 10.688682513963 R2
324 -0.799600299750219 0.444444444444444 2 7.33333333333333 6.66999916708307 R2
10356 -0.800543086724174 0.32 4 9.125 6.40190401365094 R2
12718 -0.803683689836747 0.5 1 9.02702702702703 9.98779386534218 R2
12384 -0.805654860719668 0.444444444444444 2 4.875 3.56852560590505 R2
2222 -0.805654860719668 0.5 2 4.875 3.56852560590505 R2
12441 -0.807041033000963 0.391111111111111 11 39.2380952380952 34.9896648167845 R2
12442 -0.807041033000963 0.391111111111111 11 39.2380952380952 34.9896648167845 R2
3675 -0.807041033000963 0.152777777777778 11 39.2380952380952 34.9896648167845 R2
371 -0.809278975440517 0.32 4 10.1538461538462 7.60410975769686 R2
5305 -0.809278975440517 0.444444444444444 4 10.1538461538462 7.60410975769686 R2
1337 -0.809949379745599 0.444444444444444 2 8.35294117647059 7.84362743566272 R2
2687 -0.819891591749924 0.355029585798817 10 13.1428571428571 3.83325938999963 R2
1640 -0.820757121271322 0.408163265306122 5 18 15.8390340614572 R2
1639 -0.820757121271322 0.408163265306122 5 18 15.8390340614572 R2
4765 -0.820782681668124 0.375 3 5.66666666666667 3.24893144826965 R2
11638 -0.820922069065183 0.5 3 7.42857142857143 5.3946307395712 R2
4993 -0.826229928637311 0.244897959183674 6 16.4 12.5872951820477 R2
4992 -0.826229928637311 0.244897959183674 6 16.4 12.5872951820477 R2
1217 -0.830688080235402 0.197530864197531 8 19.125 13.3925119003121 R2
7160 -0.831247603799882 0.625 2 13.6 13.9549274451715 R3
6378 -0.831737904503541 0.375 3 8.76190476190476 6.92754860720698 R2
12990 -0.833196506179934 0.444444444444444 2 8.77777777777778 8.13466898565472 R2
5078 -0.833493574337282 0.48 3 6.4 4.07921561087423 R2
3646 -0.833986891135618 0.444444444444444 2 11.741935483871 11.681161403635 R2
10772 -0.839254327416282 0.444444444444444 4 6.57142857142857 3.06394436993246 R2
6096 -0.840820199737231 0.5 4 16.9230769230769 15.369608064977 R2
9586 -0.842749828079053 0.375 3 6.57142857142857 4.23782770691181 R2
3470 -0.845909081542918 0.611111111111111 3 8.16666666666667 6.1078274006029 R2
3471 -0.845909081542918 0.693877551020408 3 8.16666666666667 6.1078274006029 R3
11021 -0.848634850843737 0.32 4 18.4210526315789 16.9932363928268 R2
7050 -0.849076105280404 0.444444444444444 2 9.75 9.12756813176434 R2
7051 -0.849076105280404 0.444444444444444 2 9.75 9.12756813176434 R2
9658 -0.854413013871008 0.277777777777778 5 9.33333333333333 5.07170801823431 R2
5006 -0.857142857142857 0.444444444444444 2 3.2 1.4 R2
11770 -0.857690027870236 0.48 3 7 4.66368952654441 R2
850 -0.858395075278952 0.444444444444444 2 4 2.32992949004287 R2
4214 -0.859683397407338 0.37037037037037 7 14.9523809523809 9.25036004692426 R2
1477 -0.860828462021116 0.5 1 3.42857142857143 2.82120252259021 R2
11823 -0.862662185627507 0.444444444444444 2 4.66666666666667 3.09120616516523 R2
11891 -0.864181708689627 0.448979591836735 5 25.8181818181818 24.0900514427096 R2
112 -0.869045969663715 0.644628099173554 5 12.4 8.51508465411041 R3
12501 -0.87367282760209 0.32 4 9.16666666666667 5.91373166640339 R2
12502 -0.87367282760209 0.32 4 9.16666666666667 5.91373166640339 R2
742 -0.892098047399778 0.48 3 7.52941176470588 5.07725779459767 R2
9556 -0.892895001721333 0.32 4 18.6153846153846 16.3685367117174 R2
9555 -0.892895001721333 0.32 4 18.6153846153846 16.3685367117174 R2
4447 -0.898669162696764 0.21875 7 14.125 7.92839044194974 R2
5775 -0.91085464636189 0.56 3 10.3076923076923 8.02289622925072 R2
5774 -0.91085464636189 0.56 3 10.3076923076923 8.02289622925072 R2
10114 -0.91541729654603 0.375 3 8 5.46198986939131 R2
8681 -0.91541729654603 0.611111111111111 3 8 5.46198986939131 R2
10113 -0.91541729654603 0.375 3 8 5.46198986939131 R2
10452 -0.927110065704154 0.56 3 8.22222222222222 5.63279638028292 R2
10453 -0.927110065704154 0.56 3 8.22222222222222 5.63279638028292 R2
7572 -0.928414165097055 0.5 2 6.57142857142857 4.92391083988974 R2
211 -0.93269905984293 0.56 3 6.76923076923077 4.04120785740421 R2
13043 -0.944923196574886 0.32 4 11.0666666666667 7.47856195326942 R2
10390 -0.947027447620757 0.56 3 18 15.8390340614572 R2
10389 -0.947027447620757 0.56 3 18 15.8390340614572 R2
12076 -0.948098232747842 0.444444444444444 2 4.7 2.84780617317963 R2
12077 -0.948098232747842 0.444444444444444 2 4.7 2.84780617317963 R2
8289 -0.948098232747842 0.444444444444444 2 4.7 2.84780617317963 R2
9347 -0.949525355953385 0.5 1 7.33333333333333 6.66999916708307 R2
7191 -0.955993750310592 0.32 4 9.42857142857143 5.67845911838623 R2
7192 -0.955993750310592 0.32 4 9.42857142857143 5.67845911838623 R2
11648 -0.957794511204573 0.375 3 6.54545454545455 3.70168601300042 R2
72 -0.957794511204573 0.375 3 6.54545454545455 3.70168601300042 R2
7904 -0.961097969069383 0.375 3 8.88888888888889 6.1272514128721 R2
7903 -0.961097969069383 0.375 3 8.88888888888889 6.1272514128721 R2
3 -0.963837499544313 0.244897959183674 12 19.3333333333333 7.60847480700888 R2
9325 -0.966328735267321 0.444444444444444 2 18.4210526315789 16.9932363928268 R2
3323 -0.966328735267321 0.444444444444444 2 18.4210526315789 16.9932363928268 R2
11592 -0.967787297680117 0.56198347107438 6 14.9523809523809 9.25036004692426 R2
8555 -0.980849636503944 0.375 6 19.4 13.6616250863505 R2
8556 -0.980849636503944 0.375 6 19.4 13.6616250863505 R2
3384 -0.984731927834662 0.375 3 6.2 3.24961536185438 R2
1775 -0.986484614212866 0.32 4 12.4 8.51508465411041 R2
6535 -0.993807989999907 0.375 3 7 4.02492235949962 R2
1607 -0.994901348772907 0.612244897959184 3 9.14285714285714 6.17433793856409 R2
11849 -1 0.444444444444444 2 3 1 R2
3044 -1 0.444444444444444 2 3 1 R2
11564 -1 0.444444444444444 2 3 1 R2
3645 -1 0.5 3 5 2 R2
4255 -1.00034620046043 0.48 3 8.66666666666667 5.66470554299946 R2
10343 -1.0068603594277 0.444444444444444 4 15.75 11.6699400169838 R2
8734 -1.00967172750307 0.444444444444444 2 5.39130434782609 3.35881876797008 R2
1879 -1.01508063353583 0.444444444444444 2 18.6153846153846 16.3685367117174 R2
6058 -1.01724828624946 0.244897959183674 6 21.5384615384615 15.2749940683125 R2
414 -1.02068635882274 0.375 3 6.6 3.52703841770968 R2
5284 -1.0232890201933 0.375 3 8 4.88620507142302 R2
7174 -1.02981407971435 0.5 1 5.52380952380952 4.39284101171383 R2
8612 -1.03567997658302 0.375 3 39.2380952380952 34.9896648167845 R2
7911 -1.03724707308612 0.5 1 7.18518518518518 5.96307798370779 R2
113 -1.04250963895083 0.444444444444444 2 5.88235294117647 3.72404512737516 R2
9860 -1.04764544365437 0.625 2 5.75 3.57945526581909 R3
10310 -1.05150661253372 0.244897959183674 6 9.45454545454545 3.28532927265321 R2
4504 -1.05910273428065 0.444444444444444 2 8.70588235294118 6.33166371484809 R2
10592 -1.05916292857085 0.375 3 30 25.491828756159 R2
9964 -1.06379937678491 0.444444444444444 2 8.8 6.39218272579875 R2
9723 -1.0690449676497 0.5 2 3.33333333333333 1.24721912892465 R2
12782 -1.07219076640931 0.444444444444444 2 9.11111111111111 6.63231892485484 R2
11662 -1.07417231105915 0.444444444444444 2 5.75 3.49106001094224 R2
13206 -1.07588765518308 0.444444444444444 2 5.71428571428571 3.45229884959845 R2
12259 -1.07588765518308 0.5 2 5.71428571428571 3.45229884959845 R2
4213 -1.0758911979529 0.277777777777778 5 14.9523809523809 9.25036004692426 R2
2988 -1.07912748506942 0.359861591695502 13 22.5 8.8034084308295 R2
10269 -1.07972362612304 0.277777777777778 5 12.5 6.9462219947249 R2
9898 -1.0937183966961 0.5 4 14.7272727272727 9.8080756067354 R2
2961 -1.09635156540541 0.444444444444444 2 12.4210526315789 9.50521070102678 R2
12813 -1.112950144958 0.444444444444444 2 9.125 6.40190401365094 R2
6621 -1.12089707663561 0.5 2 7.25 4.6837484987988 R2
984 -1.12216116074208 0.48 3 17.5555555555556 12.9710027977889 R2
9745 -1.12430328457173 0.444444444444444 2 8.88888888888889 6.1272514128721 R2
7631 -1.12724510463886 0.32 4 19.4 13.6616250863505 R2
13073 -1.12857618729367 0.444444444444444 2 5.66666666666667 3.24893144826965 R2
2247 -1.13150476371204 0.5 1 6.57142857142857 4.92391083988974 R2
10163 -1.13456337088467 0.5 1 3.2 1.93907194296653 R2
2420 -1.13456337088467 0.5 1 3.2 1.93907194296653 R2
5321 -1.13855008510662 0.444444444444444 2 9 6.14817045957576 R2
3283 -1.14401067042089 0.444444444444444 2 16.4 12.5872951820477 R2
2987 -1.17297885615425 0.375 3 9.16666666666667 5.25727009852917 R2
4793 -1.19610072080347 0.32 4 10.2222222222222 5.20208884920872 R2
983 -1.19925620231978 0.444444444444444 2 17.5555555555556 12.9710027977889 R2
5142 -1.20403103764457 0.48 3 19.125 13.3925119003121 R2
12574 -1.22347240884398 0.5 1 5.42857142857143 3.61967413123427 R2
7247 -1.22474487139159 0.489795918367347 3 6 2.44948974278318 R2
5020 -1.26228898988144 0.5 1 4.28571428571429 2.60298102261266 R2
12996 -1.2747548783982 0.5 1 2.85714285714286 1.45686271816937 R2
5143 -1.27869962912641 0.444444444444444 2 19.125 13.3925119003121 R2
11256 -1.29277843406093 0.297520661157025 9 16.5454545454545 5.83661851609982 R2
11045 -1.29399327844126 0.5 2 4.4 1.85472369909914 R2
3786 -1.29763199608011 0.444444444444444 2 14.7272727272727 9.8080756067354 R2
7517 -1.30631221876825 0.152777777777778 11 22.5 8.8034084308295 R2
13034 -1.31377849580405 0.56 3 11.1764705882353 6.22362948879838 R2
7945 -1.31377849580405 0.375 3 11.1764705882353 6.22362948879838 R2
10652 -1.31882271814083 0.5 1 9.14285714285714 6.17433793856409 R2
8890 -1.32378391218274 0.5 1 6.4 4.07921561087423 R2
9326 -1.33333333333333 0.493827160493827 5 9 3 R2
1525 -1.36029021567342 0.408163265306122 5 16.8571428571429 8.71662732005531 R2
8936 -1.40065671178657 0.5 4 10.5882352941176 4.70367595334207 R2
5199 -1.41421356237309 0.48 2 2.66666666666667 0.471404520791032 R2
10073 -1.4981700032969 0.375 3 16.8571428571429 9.2493794607078 R2
3873 -1.51856834619455 0.32 4 16 7.9021797274198 R2
11666 -1.52752523165195 0.444444444444444 2 5.5 2.29128784747792 R2
12113 -1.59654346917052 0.444444444444444 2 7.4 3.38230690505755 R2
11086 -1.59654346917052 0.444444444444444 2 7.4 3.38230690505755 R2
10809 -1.61245154965971 0.5 1 5.33333333333333 2.68741924943285 R2
11496 -1.65100165100248 0.666666666666667 1 2.85714285714286 1.12485826771597 R3
4908 -1.6583123951777 0.5 1 3.2 1.32664991614216 R2
10309 -1.66027359873745 0.32 4 9.45454545454545 3.28532927265321 R2
6361 -1.73205080756888 0.375 3 4.5 0.866025403784439 R2
12955 -1.83711730708738 0.5 1 2.8 0.979795897113271 R2
4062 -1.83711730708739 0.5 1 2.8 0.97979589711327 R2
8147 -1.92304789528165 0.5 1 5.66666666666667 2.42670329642684 R2
9951 -2.13766701175945 0.444444444444444 2 6.75 2.2220486043289 R2
10502 -2.182820625327 0.5 1 5.5 2.06155281280883 R2
6967 -2.38513917599976 0.375 6 10.5714285714286 1.91662969499983 R2
