559 0
127 0
32 1
443 0
206 0
1801 0
71 0
118 1
882 0
358 0
331 0
1050 0
560 0
737 0
1795 0
767 0
580 0
798 0
1031 0
805 0
84 1
512 0
437 0
194 0
517 0
1768 0
458 0
220 0
451 0
454 0
1250 0
846 0
31 1
1109 0
578 0
1861 0
1244 0
948 0
742 0
378 0
325 0
29 1
889 0
572 0
350 0
675 0
1233 0
540 0
1162 0
58 1
226 1
211 0
684 0
15 0
153 1
527 0
431 0
861 0
1145 0
382 0
337 0
1870 0
101 2
340 0
76 2
311 0
62 2
833 0
571 0
1214 0
1190 0
139 1
389 0
825 0
129 1
548 0
1246 0
859 0
1171 0
739 0
876 0
662 0
418 0
783 0
236 0
168 0
218 0
1172 0
135 1
14 1
348 0
1152 0
1259 0
145 0
49 0
789 0
834 0
178 0
285 0
772 0
124 1
627 0
1759 0
234 0
594 0
1216 0
1203 0
23 1
388 0
364 0
96 0
653 0
1425 0
950 0
486 0
509 0
160 0
569 0
1015 0
367 0
8 2
98 0
43 1
485 0
391 0
778 0
685 0
743 0
21 0
523 0
288 0
193 0
460 0
119 0
453 0
324 0
180 1
244 0
1202 0
637 0
351 0
410 0
246 0
595 0
690 0
488 0
1138 0
61 0
1168 0
752 0
1180 0
1232 0
430 0
1185 0
835 0
447 0
536 0
1267 0
1741 0
379 0
415 0
1130 0
113 1
1266 0
152 0
189 0
342 0
452 0
862 0
579 0
295 1
480 0
341 0
1153 0
438 0
107 1
535 0
87 1
77 1
444 0
1832 0
683 0
541 0
508 0
1215 0
221 0
39 0
64 0
558 0
417 0
1712 0
12 1
881 0
784 0
312 0
45 0
405 0
260 0
507 0
573 0
237 0
1173 0
1084 0
370 0
309 0
1144 0
734 0
875 0
567 0
1 1
506 0
136 0
116 1
1197 0
416 0
144 0
380 0
100 0
1258 0
300 0
824 0
661 0
120 0
286 0
800 0
381 0
1148 0
581 0
308 1
392 0
254 0
1349 0
177 1
678 0
496 0
605 0
373 0
607 0
1247 0
813 0
42 0
22 1
205 0
644 0
759 0
851 0
399 0
1820 0
1228 0
235 1
301 0
436 0
213 0
94 1
816 0
51 1
1260 0
1822 0
568 0
874 0
265 0
296 0
791 0
493 0
171 0
1143 0
445 0
796 0
200 0
366 0
1261 0
329 0
525 0
787 0
27 2
1561 0
272 0
161 0
775 0
582 0
534 0
746 0
400 0
744 0
1268 0
20 0
109 0
888 0
151 0
1858 0
1754 0
557 0
1161 0
468 0
287 0
475 0
441 0
78 0
868 0
294 0
413 0
764 0
672 0
349 0
769 0
1140 0
1181 0
275 1
515 0
803 0
197 1
1242 0
1208 0
853 0
1107 0
138 0
606 0
137 0
60 0
1245 0
1855 0
1746 0
724 0
1201 0
666 0
432 0
519 0
860 0
1195 0
346 0
17 0
427 0
677 0
708 0
82 0
110 0
1154 0
333 0
1868 0
590 0
1210 0
895 0
323 0
856 0
1763 0
112 0
69 1
664 0
1157 0
191 1
545 0
224 0
187 0
588 0
646 0
756 0
446 0
262 0
79 0
1220 0
212 0
352 0
126 1
1149 0
426 0
251 0
542 0
369 0
279 0
176 0
498 0
483 0
256 0
372 0
810 0
574 0
1238 0
170 0
33 1
660 0
428 0
7 2
887 0
227 0
26 2
977 0
99 1
526 0
566 0
72 1
869 0
500 0
264 1
255 1
806 0
1221 0
790 0
1200 0
533 0
359 0
918 0
182 0
1229 0
108 0
604 0
556 0
414 0
232 0
477 0
843 0
815 0
671 0
1209 0
1182 0
225 0
1804 0
142 1
330 0
207 0
263 0
394 0
167 0
48 1
1857 0
360 0
610 0
514 0
725 0
663 0
513 0
615 0
50 1
476 0
854 0
1198 0
1174 0
510 0
797 0
393 0
449 0
1175 0
293 0
658 0
274 0
549 0
877 0
1236 0
645 0
322 0
1141 0
469 1
682 0
353 0
575 0
375 0
1155 0
1176 0
788 0
128 0
28 2
310 0
40 1
589 0
303 0
192 1
250 1
614 1
1765 0
501 0
215 0
278 0
818 0
490 0
150 0
155 0
130 1
387 0
53 0
245 0
543 0
267 1
826 0
354 1
461 0
583 0
257 0
1879 0
757 0
782 0
85 1
809 0
1156 0
9 1
425 0
1217 0
1740 0
591 0
745 0
34 0
832 0
736 0
539 0
781 0
603 0
828 0
90 0
276 0
620 0
565 0
102 2
520 0
850 0
937 0
891 0
1218 0
532 0
16 0
55 1
233 0
1224 0
259 0
57 0
424 0
368 0
872 0
316 0
163 0
395 0
1146 0
994 0
1836 0
89 1
611 0
175 0
584 0
849 0
35 0
11 0
492 0
347 0
208 0
511 0
665 0
434 0
93 1
865 0
1184 0
292 0
1207 0
291 1
374 0
199 0
442 0
114 0
429 0
648 0
886 0
642 0
409 0
73 0
67 0
795 0
812 0
241 0
198 1
489 0
794 0
585 0
727 0
320 0
674 0
732 0
811 0
280 0
273 1
471 1
361 0
465 0
202 0
249 0
184 0
819 0
1189 0
1509 0
894 0
1748 0
24 1
858 0
140 0
104 2
1269 0
131 1
181 0
412 0
385 0
502 0
314 0
307 0
801 0
154 0
971 0
830 0
754 0
1264 0
1872 0
355 0
553 0
847 0
159 1
479 0
1166 0
1101 0
326 0
1165 0
555 0
681 0
47 1
1800 0
37 1
335 0
1717 0
855 0
270 0
698 0
195 1
5 1
1057 0
538 0
524 0
554 0
680 0
679 0
552 0
831 0
1147 0
521 0
598 0
162 1
433 0
780 0
1241 0
880 0
240 0
74 0
1206 0
334 0
440 0
786 0
890 0
230 0
740 0
115 1
299 0
377 0
103 0
201 1
602 0
871 0
841 0
423 0
1072 0
719 0
1139 0
612 0
1826 0
1222 0
827 0
91 0
266 0
1747 0
1240 0
1742 0
474 0
481 0
174 1
820 0
867 0
214 0
422 0
564 0
1219 0
817 0
1194 0
563 0
97 0
41 0
668 0
52 0
750 0
657 0
302 1
229 1
866 0
768 0
693 0
673 0
503 0
770 0
1636 0
593 0
68 1
188 0
402 1
315 0
1097 0
338 0
893 0
576 0
761 0
838 0
222 0
25 1
738 0
870 0
83 0
804 0
484 0
305 1
1253 0
1265 0
623 0
544 0
1196 0
217 0
328 0
755 0
239 1
777 0
122 0
143 0
878 0
1223 0
281 1
158 1
269 0
464 0
363 0
46 2
733 0
6 2
562 0
630 0
36 1
497 0
183 0
518 0
748 0
472 0
1211 0
362 0
439 0
317 0
608 0
132 1
411 0
169 0
1254 0
1234 0
478 0
398 0
892 0
384 0
836 0
546 0
537 0
407 0
1474 0
18 0
376 0
785 0
522 0
125 1
599 0
44 1
609 0
1167 0
587 0
667 0
1235 0
190 0
741 0
1188 0
998 0
95 1
298 0
1186 0
714 0
822 0
601 0
313 0
243 0
231 1
779 0
551 0
529 0
148 1
343 0
753 0
504 0
726 0
397 0
857 0
1150 0
106 1
157 0
65 0
203 0
261 0
1213 0
81 0
1191 0
459 0
321 0
284 0
1199 0
792 0
624 0
86 1
823 0
247 0
1158 0
656 0
371 0
1248 0
204 1
289 0
165 1
729 0
771 0
2 1
435 0
814 0
401 1
845 0
1652 0
186 0
885 0
884 0
147 0
1249 0
339 0
760 0
228 1
863 0
1142 0
749 0
531 0
268 0
829 0
345 1
596 0
172 0
319 0
735 0
223 0
404 0
516 0
613 0
1255 0
1813 0
282 0
669 0
420 0
1066 0
121 0
989 0
344 0
238 0
873 0
636 0
577 0
1137 0
253 0
561 0
1133 0
448 0
209 0
357 0
216 1
117 0
852 0
643 0
63 0
455 0
600 0
80 0
336 0
457 0
179 1
821 0
383 0
1187 0
297 0
676 0
1251 0
92 0
1192 0
1212 0
879 0
938 0
10 0
550 0
1164 0
1183 0
1883 0
505 0
670 0
1132 0
419 0
1225 0
837 0
133 0
290 1
592 0
149 0
123 0
304 1
712 0
210 1
547 0
406 1
396 0
482 1
173 1
530 0
56 0
499 0
66 1
19 1
1151 0
54 0
365 0
763 0
306 1
1204 0
470 0
70 0
839 0
1524 0
793 0
1205 0
166 0
88 0
1009 0
141 0
30 1
570 0
654 0
403 0
252 0
466 0
1159 0
883 0
1230 0
156 0
283 0
134 1
75 0
848 0
655 0
421 0
1163 0
59 1
450 0
271 0
1226 0
1256 0
1744 0
491 0
864 0
219 0
318 0
13 2
1170 0
799 1
105 0
473 0
840 0
185 0
3 2
597 0
248 0
390 0
111 0
146 0
356 0
802 0
38 0
408 0
4 0
528 0
164 1
807 0
196 0
945 0
242 0
