559 6
127 18
32 24
443 7
206 11
1801 3
71 9
118 17
882 5
358 5
331 7
1050 4
560 5
737 5
1795 3
767 4
580 5
798 6
1031 4
805 6
84 18
512 7
437 8
194 12
517 5
1768 3
458 7
220 9
451 8
454 4
1250 4
846 4
31 32
1109 4
578 7
1861 3
1244 3
948 3
742 7
378 9
325 8
29 27
889 4
572 6
350 9
675 6
1233 3
540 7
1162 3
58 19
226 21
211 12
684 7
15 26
153 12
527 5
431 6
861 4
1145 5
382 8
337 8
1870 3
101 22
340 8
76 26
311 11
62 20
833 4
571 6
1214 3
1190 3
139 19
389 6
825 5
129 20
548 11
1246 3
859 5
1171 3
739 7
876 4
662 7
418 5
783 4
236 13
168 7
218 9
1172 3
135 14
14 25
348 8
1152 3
1259 3
145 14
49 13
789 5
834 3
178 10
285 6
772 4
124 17
627 4
1759 3
234 6
594 4
1216 3
1203 3
23 24
388 7
364 7
96 14
653 5
1425 4
950 3
486 10
509 6
160 12
569 4
1015 4
367 11
8 36
98 12
43 20
485 6
391 9
778 6
685 7
743 6
21 14
523 10
288 8
193 13
460 10
119 9
453 7
324 10
180 23
244 8
1202 3
637 5
351 6
410 6
246 6
595 5
690 5
488 7
1138 5
61 10
1168 3
752 4
1180 4
1232 4
430 7
1185 4
835 3
447 5
536 6
1267 3
1741 3
379 11
415 5
1130 3
113 18
1266 3
152 11
189 9
342 5
452 9
862 4
579 7
295 11
480 6
341 9
1153 4
438 6
107 21
535 5
87 19
77 12
444 6
1832 3
683 5
541 3
508 5
1215 4
221 9
39 11
64 22
558 6
417 8
1712 4
12 39
881 5
784 5
312 9
45 13
405 9
260 11
507 7
573 7
237 8
1173 3
1084 3
370 8
309 10
1144 5
734 5
875 4
567 4
1 35
506 5
136 20
116 23
1197 3
416 5
144 11
380 11
100 15
1258 3
300 8
824 3
661 7
120 19
286 8
800 6
381 10
1148 4
581 8
308 14
392 7
254 9
1349 3
177 19
678 6
496 6
605 5
373 5
607 5
1247 3
813 4
42 14
22 28
205 9
644 5
759 5
851 4
399 4
1820 3
1228 3
235 17
301 7
436 7
213 11
94 21
816 4
51 26
1260 3
1822 3
568 6
874 4
265 12
296 6
791 5
493 6
171 12
1143 5
445 6
796 6
200 12
366 9
1261 4
329 7
525 6
787 4
27 35
1561 3
272 12
161 10
775 5
582 9
534 5
746 5
400 8
744 4
1268 3
20 19
109 12
888 3
151 16
1858 3
1754 3
557 6
1161 3
468 6
287 10
475 5
441 8
78 15
868 4
294 13
413 8
764 4
672 5
349 10
769 4
1140 5
1181 4
275 15
515 6
803 6
197 15
1242 3
1208 3
853 4
1107 4
138 13
606 4
137 15
60 23
1245 3
1855 3
1746 3
724 5
1201 4
666 4
432 6
519 9
860 5
1195 4
346 11
17 16
427 9
677 4
708 3
82 11
110 16
1154 3
333 5
1868 3
590 5
1210 4
895 4
323 11
856 4
1763 3
112 14
69 23
664 7
1157 3
191 12
545 8
224 7
187 12
588 6
646 5
756 4
446 5
262 12
79 17
1220 3
212 11
352 7
126 14
1149 3
426 9
251 11
542 7
369 9
279 7
176 17
498 4
483 7
256 8
372 6
810 4
574 7
1238 3
170 14
33 23
660 7
428 9
7 25
887 3
227 11
26 37
977 4
99 18
526 5
566 4
72 21
869 5
500 9
264 8
255 17
806 6
1221 3
790 4
1200 3
533 7
359 8
918 4
182 6
1229 3
108 17
604 4
556 6
414 5
232 11
477 6
843 4
815 4
671 5
1209 3
1182 4
225 11
1804 3
142 23
330 8
207 16
263 9
394 6
167 7
48 22
1857 3
360 10
610 4
514 6
725 3
663 7
513 7
615 7
50 19
476 7
854 3
1198 3
1174 4
510 6
797 6
393 8
449 7
1175 4
293 10
658 6
274 13
549 5
877 5
1236 4
645 5
322 7
1141 5
469 10
682 7
353 8
575 8
375 9
1155 3
1176 4
788 5
128 19
28 29
310 6
40 25
589 4
303 10
192 15
250 14
614 8
1765 3
501 8
215 15
278 8
818 4
490 5
150 10
155 15
130 17
387 7
53 16
245 9
543 6
267 11
826 5
354 11
461 7
583 8
257 8
1879 3
757 4
782 4
85 27
809 4
1156 3
9 24
425 9
1217 3
1740 3
591 7
745 6
34 16
832 5
736 6
539 4
781 4
603 5
828 3
90 17
276 10
620 5
565 7
102 25
520 9
850 5
937 4
891 4
1218 3
532 6
16 12
55 24
233 8
1224 3
259 10
57 13
424 7
368 11
872 4
316 10
163 11
395 5
1146 3
994 4
1836 3
89 19
611 3
175 13
584 6
849 4
35 26
11 33
492 4
347 7
208 10
511 5
665 6
434 7
93 19
865 4
1184 4
292 8
1207 3
291 12
374 7
199 7
442 6
114 20
429 10
648 4
886 4
642 6
409 7
73 16
67 15
795 4
812 5
241 10
198 13
489 6
794 4
585 5
727 4
320 6
674 5
732 5
811 5
280 7
273 14
471 10
361 5
465 6
202 15
249 10
184 16
819 5
1189 4
1509 3
894 5
1748 3
24 22
858 4
140 21
104 27
1269 3
131 18
181 17
412 9
385 9
502 9
314 10
307 6
801 7
154 13
971 4
830 6
754 4
1264 3
1872 3
355 10
553 5
847 4
159 14
479 8
1166 3
1101 4
326 12
1165 3
555 4
681 5
47 20
1800 3
37 27
335 9
1717 4
855 5
270 11
698 4
195 17
5 39
1057 3
538 4
524 6
554 7
680 4
679 5
552 6
831 4
1147 3
521 9
598 5
162 16
433 7
780 4
1241 3
880 3
240 10
74 15
1206 3
334 5
440 5
786 5
890 4
230 5
740 7
115 15
299 14
377 8
103 13
201 16
602 6
871 4
841 4
423 5
1072 5
719 5
1139 5
612 6
1826 3
1222 3
827 4
91 17
266 6
1747 3
1240 3
1742 3
474 4
481 5
174 10
820 3
867 4
214 5
422 7
564 8
1219 3
817 5
1194 3
563 5
97 8
41 17
668 5
52 12
750 4
657 5
302 11
229 16
866 4
768 4
693 4
673 5
503 10
770 4
1636 3
593 6
68 21
188 10
402 11
315 11
1097 4
338 6
893 6
576 7
761 6
838 5
222 7
25 23
738 5
870 3
83 21
804 6
484 6
305 12
1253 3
1265 3
623 6
544 5
1196 3
217 8
328 6
755 4
239 14
777 4
122 14
143 10
878 4
1223 4
281 14
158 23
269 10
464 6
363 9
46 21
733 4
6 50
562 5
630 5
36 25
497 6
183 14
518 10
748 5
472 9
1211 3
362 8
439 7
317 9
608 4
132 17
411 8
169 15
1254 3
1234 3
478 6
398 6
892 5
384 12
836 3
546 5
537 6
407 9
1474 3
18 21
376 4
785 5
522 8
125 16
599 6
44 19
609 6
1167 3
587 7
667 4
1235 4
190 12
741 7
1188 3
998 4
95 18
298 10
1186 4
714 3
822 3
601 5
313 6
243 7
231 13
779 4
551 6
529 5
148 23
343 5
753 5
504 8
726 5
397 6
857 5
1150 4
106 19
157 9
65 17
203 10
261 7
1213 3
81 20
1191 3
459 6
321 8
284 8
1199 3
792 4
624 4
86 24
823 4
247 9
1158 3
656 4
371 7
1248 3
204 16
289 12
165 17
729 4
771 5
2 21
435 7
814 4
401 10
845 4
1652 4
186 17
885 3
884 3
147 22
1249 4
339 7
760 4
228 11
863 5
1142 5
749 5
531 5
268 11
829 5
345 12
596 6
172 9
319 8
735 4
223 10
404 8
516 6
613 7
1255 3
1813 3
282 13
669 4
420 4
1066 4
121 16
989 4
344 12
238 13
873 4
636 5
577 7
1137 5
253 8
561 4
1133 3
448 7
209 20
357 5
216 18
117 11
852 4
643 4
63 14
455 8
600 5
80 13
336 9
457 6
179 22
821 5
383 8
1187 3
297 10
676 5
1251 4
92 10
1192 3
1212 3
879 3
938 4
10 22
550 4
1164 3
1183 4
1883 3
505 6
670 4
1132 3
419 5
1225 3
837 6
133 12
290 13
592 5
149 16
123 10
304 13
712 5
210 18
547 7
406 10
396 6
482 9
173 21
530 6
56 19
499 8
66 15
19 31
1151 3
54 16
365 10
763 4
306 12
1204 4
470 11
70 17
839 4
1524 3
793 4
1205 3
166 9
88 16
1009 4
141 9
30 22
570 4
654 6
403 8
252 8
466 7
1159 3
883 4
1230 3
156 14
283 12
134 15
75 21
848 4
655 5
421 6
1163 4
59 22
450 6
271 14
1226 3
1256 3
1744 3
491 7
864 4
219 9
318 7
13 38
1170 3
799 8
105 11
473 9
840 3
185 17
3 61
597 5
248 10
390 7
111 8
146 16
356 9
802 7
38 13
408 10
4 14
528 5
164 13
807 4
196 6
945 4
242 12
