*Vertices 540
1
1
4
9
5
2
18
9
9
9
9
11
10
19
3
10
6
3
4
8
17
24
19
7
4
4
3
1
22
3
3
3
3
22
4
4
8
5
2
4
2
2
4
5
5
6
7
5
18
2
13
12
7
13
7
23
12
25
2
11
4
9
2
2
2
22
2
8
3
20
24
1
3
5
3
5
5
5
18
2
6
2
14
13
7
4
4
3
17
12
6
12
12
5
7
5
4
8
9
9
10
10
1
3
4
35
6
6
6
2
12
8
6
5
2
1
17
4
2
18
6
6
12
10
14
3
10
12
15
3
2
4
3
8
3
6
8
2
2
2
2
3
3
3
3
2
2
2
7
7
7
7
4
10
1
1
15
14
14
14
14
14
6
5
2
3
1
5
5
5
7
14
7
11
12
13
11
2
2
2
4
1
1
1
5
2
4
2
2
5
2
3
2
3
3
2
2
4
1
1
3
15
16
8
11
9
15
6
6
6
6
6
6
6
3
5
3
4
3
3
12
5
5
5
5
5
9
9
9
9
9
9
4
7
2
2
2
3
3
14
11
9
9
9
1
3
1
8
4
4
4
4
8
11
17
33
4
8
4
4
4
4
4
4
4
1
1
3
3
3
3
4
2
8
3
8
10
1
3
4
4
4
4
1
1
8
7
2
3
2
8
1
3
6
6
4
5
2
2
6
2
1
1
4
4
4
11
3
4
6
2
2
4
14
12
7
16
12
7
16
7
2
2
1
1
1
1
4
4
2
1
1
1
6
4
5
1
11
2
29
28
28
28
28
30
28
28
28
28
28
28
32
28
32
4
3
2
2
2
7
1
1
3
4
4
4
14
6
7
4
4
1
10
10
9
9
12
9
9
3
1
1
4
1
1
1
1
1
6
1
2
2
2
2
4
4
4
4
6
7
6
5
5
2
1
1
2
2
2
2
3
7
7
2
2
8
3
4
4
8
8
3
3
2
2
2
2
1
4
1
4
1
1
1
3
4
4
4
1
3
3
3
6
6
6
6
6
6
7
16
17
1
1
1
5
20
5
6
1
2
1
1
1
3
2
2
2
2
2
2
1
1
8
8
5
5
5
5
5
5
5
5
5
3
1
2
1
8
3
1
1
1
5
5
3
1
5
2
2
2
1
2
2
6
1
3
2
1
1
1
4
5
1
2
2
3
1
3
1
2
2
2
1
1
3
1
1
4
4
4
1
1
1
3
3
3
3
1
1
2
