*Vertices 96
0.136949
0.102328
0.0545343
0.0481005
0.0425858
0.0297181
0.0294118
0.0278799
0.0272672
0.0242034
0.0226716
0.0196078
0.0193015
0.0189951
0.018076
0.0177696
0.0177696
0.0171569
0.0165441
0.0165441
0.0128676
0.0125613
0.0125613
0.0110294
0.0110294
0.010723
0.0101103
0.0101103
0.00980392
0.00919118
0.00919118
0.00765931
0.00735294
0.00643382
0.00643382
0.00643382
0.00643382
0.00612745
0.00612745
0.00612745
0.00551471
0.00520833
0.00490196
0.00428922
0.00428922
0.00428922
0.00428922
0.00398284
0.00367647
0.00367647
0.00367647
0.00367647
0.00367647
0.0033701
0.0033701
0.00306373
0.00275735
0.00275735
0.00275735
0.00245098
0.00245098
0.00214461
0.00183824
0.00183824
0.00183824
0.00183824
0.00183824
0.00183824
0.00183824
0.00183824
0.00183824
0.00153186
0.00122549
0.00122549
0.000612745
0.000612745
0.000612745
0.000612745
0.000612745
0.000612745
0.000612745
0.000612745
0.000612745
0.000612745
0.000612745
0.000612745
0.000612745
0.000612745
0.000612745
0.000612745
0.000612745
0.000612745
0.000612745
0.000612745
0.000612745
0.000612745
