104 2.67349857544799 0.345679012345679 28 8.94736842105263 7.12647904656346 R6
23 2.30466383879213 0.142011834319526 12 4.8 3.12409987036266 R2
39 2.10887847469991 0.486111111111111 8 3.66666666666667 2.05480466765633 R2
60 1.84553367631391 0.3046875 13 5.85714285714286 3.8703477668983 R2
62 1.75610822101489 0.506666666666667 10 4.75 2.98956518577535 R2
87 1.54865756349254 0.165289256198347 10 6.22222222222222 2.43938871112224 R2
69 1.34164078649987 0.571428571428571 4 2.5 1.11803398874989 R2
57 1.32878424694601 0.272189349112426 11 5.85714285714286 3.8703477668983 R2
112 1.27028109109684 0.244897959183674 18 8.94736842105263 7.12647904656346 R2
105 1.27028109109684 0.0997229916897509 18 8.94736842105263 7.12647904656346 R2
16 1.24807544150677 0.21875 7 4 2.40370085030933 R2
55 1.2247448713916 0.277777777777778 5 4.4 0.48989794855663 R2
56 1.2247448713916 0.448979591836735 5 4.4 0.48989794855663 R2
291 1.22474487139159 0.448979591836735 5 3.2 1.46969384566991 R2
14 1.21267812518167 0.277777777777778 5 3.33333333333333 1.37436854187255 R2
121 1.13871879668569 0.540816326530612 9 6.22222222222222 2.43938871112224 R2
65 1.08711461300922 0.579881656804734 8 4.75 2.98956518577535 R2
31 1.02441134543266 0.231111111111111 13 9.2 3.70944739819828 R2
25 1.02429503946317 0.685 8 4.8 3.12409987036266 R3
91 0.883883476483185 0.277777777777778 5 3.33333333333333 1.88561808316413 R2
64 0.883883476483185 0.66 5 3.33333333333333 1.88561808316413 R3
32 0.849315845791489 0.53125 15 8.94736842105263 7.12647904656346 R2
67 0.827605888602368 0.277777777777778 5 3.33333333333333 2.0138409955991 R2
68 0.827605888602368 0.277777777777778 5 3.33333333333333 2.0138409955991 R2
199 0.812034817578119 0.18 9 5.85714285714286 3.8703477668983 R2
86 0.812034817578119 0.314049586776859 9 5.85714285714286 3.8703477668983 R2
30 0.754829412424069 0.142011834319526 12 9.2 3.70944739819828 R2
150 0.728780029878842 0.197530864197531 8 6.22222222222222 2.43938871112224 R2
171 0.707106781186548 0.375 3 2.66666666666667 0.471404520791032 R2
228 0.707106781186548 0.375 3 2.66666666666667 0.471404520791032 R2
173 0.707106781186548 0.375 3 2.66666666666667 0.471404520791032 R2
7 0.553660102894172 0.197530864197531 8 5.85714285714286 3.8703477668983 R2
29 0.485247479415473 0.152777777777778 11 9.2 3.70944739819828 R2
66 0.418121005003545 0.244897959183674 6 4.75 2.98956518577535 R2
218 0.295285388210225 0.21875 7 5.85714285714286 3.8703477668983 R2
217 0.295285388210225 0.21875 7 5.85714285714286 3.8703477668983 R2
216 0.295285388210225 0.21875 7 5.85714285714286 3.8703477668983 R2
98 0.162221421130763 0.571428571428572 4 3.66666666666667 2.05480466765633 R2
61 0.0836242010007091 0.567901234567901 5 4.75 2.98956518577535 R2
63 0.0640184399664481 0.493827160493827 5 4.8 3.12409987036266 R2
137 0.00738535518079552 0.297520661157025 9 8.94736842105263 7.12647904656346 R2
152 -0.0910975037348549 0.244897959183674 6 6.22222222222222 2.43938871112224 R2
151 -0.0910975037348549 0.244897959183674 6 6.22222222222222 2.43938871112224 R2
148 -0.0910975037348549 0.244897959183674 6 6.22222222222222 2.43938871112224 R2
149 -0.0910975037348549 0.244897959183674 6 6.22222222222222 2.43938871112224 R2
201 -0.136082763487954 0.56 3 3.2 1.46969384566991 R2
174 -0.242535625036333 0.611111111111111 3 3.33333333333333 1.37436854187255 R2
106 -0.250872603002127 0.444444444444444 4 4.75 2.98956518577535 R2
26 -0.417028828114149 0.375 3 3.66666666666667 1.59861050777091 R2
59 -0.479838755841616 0.444444444444444 4 5.85714285714286 3.8703477668983 R2
170 -0.576165959698032 0.56 3 4.8 3.12409987036266 R2
92 -0.585369407004964 0.48 3 4.75 2.98956518577535 R2
175 -0.593080252618911 0.21875 7 9.2 3.70944739819828 R2
33 -0.816496580927725 0.444444444444444 2 3.2 1.46969384566991 R2
204 -0.816496580927735 0.32 4 4.4 0.48989794855663 R2
71 -0.996588185209509 0.5 2 5.85714285714286 3.8703477668983 R2
285 -1.1180339887499 0.48 3 4.66666666666667 1.49071198499986 R2
298 -1.25436301501064 0.5 1 4.75 2.98956518577535 R2
293 -1.41421356237309 0.444444444444444 2 2.66666666666667 0.471404520791032 R2
335 -1.4969103983675 0.5 1 3.2 1.46969384566991 R2
38 -1.67140798465329 0.5 3 9.2 3.70944739819828 R2
