17 3.55870532099018 0.1171875 15 3.68421052631579 3.17974894041963 R5
73 3.51953076051248 0.17687074829932 19 4.6 4.09145450909576 R5
274 3.33048624537021 0.2208 22 5.8 4.86415460280612 R5
93 3.2004127899397 0.104938271604938 17 3.69230769230769 4.15811746207372 R5
91 3.1426992543817 0.565376186997809 23 5.2 5.66392090340252 R6
138 3.13284159919122 0.4512 18 5.2 4.08574758561188 R6
119 3.05168719213519 0.407596371882086 63 17 15.0736288170528 R6
202 2.94361468342386 0.4053125 61 17.6190476190476 14.7373066948062 R6
56 2.87305835055856 0.411522633744856 20 5.66666666666667 4.98887651569859 R6
118 2.65364103663929 0.0961111111111112 57 17 15.0736288170528 R5
107 2.40039679259592 0.124444444444444 14 5.75 3.43693177121688 R2
258 2.3682058902363 0.444444444444445 22 7.29411764705882 6.20971445665725 R2
167 2.28217732293819 0.484429065743945 10 5 2.19089023002066 R2
126 2.25991856494864 0.0997229916897509 18 5.2 5.66392090340252 R2
98 2.24506627533468 0.345679012345679 7 3.42857142857143 1.59078981795144 R2
94 2.23100763074427 0.2848 21 5.88888888888889 6.77322251294585 R2
28 2.23100763074427 0.454221165279429 21 5.88888888888889 6.77322251294585 R2
261 2.20716788970023 0.331360946745562 21 7.29411764705882 6.20971445665725 R2
355 2.18487396488316 0.591796875 17 6.85714285714286 4.64230765979198 R2
509 2.18197546942044 0.18 9 4.18181818181818 2.20817414572566 R2
193 2.15132636487473 0.5 11 4.66666666666667 2.94392028877595 R2
4 2.13620698474894 0.231111111111111 13 5.8 3.37045990927054 R2
129 2.05608379376589 0.0487500000000001 39 12.4705882352941 12.9028845250101 R1
321 2.02526415937631 0.244897959183674 6 2.85714285714286 1.55182578445717 R2
493 1.9692206284646 0.104938271604938 17 7.47826086956522 4.83528305198533 R2
155 1.9692206284646 0.104938271604938 17 7.47826086956522 4.83528305198533 R2
20 1.95283366471236 0.18 9 5.25 1.92028643696715 R2
70 1.93572720902812 0.095 19 5.88888888888889 6.77322251294585 R2
491 1.91674543001366 0.408163265306122 5 2.4 1.35646599662505 R2
85 1.85996221990111 0.493827160493827 6 2.8 1.72046505340853 R2
128 1.73205080756888 0.375 3 1.5 0.866025403784439 R2
204 1.7222246171953 0.671687229610639 43 17.6190476190476 14.7373066948062 R3
446 1.68580167975529 0.124444444444444 14 5.8 4.86415460280612 R2
87 1.60356745147455 0.244897959183674 6 3.6 1.49666295470957 R2
596 1.58750158750238 0.345679012345679 7 4.22222222222222 1.74977952755818 R2
34 1.58750158750238 0.345679012345679 7 4.22222222222222 1.74977952755818 R2
552 1.58113883008419 0.512396694214876 7 4.5 1.58113883008419 R2
1024 1.58113883008419 0.244897959183674 6 3.5 1.58113883008419 R2
391 1.44947207814817 0.54320987654321 11 6.36363636363636 3.19865674286531 R2
517 1.4142135623731 0.444444444444444 2 1.33333333333333 0.471404520791032 R2
758 1.41421356237309 0.7 4 2.66666666666667 0.942809041582064 R3
113 1.39316154423563 0.138013087447948 38 17 15.0736288170528 R2
201 1.38294959879848 0.138013087447948 38 17.6190476190476 14.7373066948062 R2
86 1.35680105059994 0.448979591836735 5 3.2 1.32664991614216 R2
624 1.34878125237301 0.376543209876543 14 7.47826086956522 4.83528305198533 R2
704 1.19674700326782 0.46 7 5.14285714285714 1.55182578445717 R2
564 1.0690449676497 0.571428571428571 4 2.66666666666667 1.24721912892465 R2
562 1.0690449676497 0.59375 4 2.66666666666667 1.24721912892465 R2
466 1.0690449676497 0.408163265306122 5 3.66666666666667 1.24721912892465 R2
629 1.04278341963898 0.512396694214876 7 3.68421052631579 3.17974894041963 R2
180 0.981980506061966 0.13265306122449 13 7.6 5.49909083394701 R2
59 0.981980506061966 0.24 13 7.6 5.49909083394701 R2
486 0.953462589245592 0.375 6 4 2.0976176963403 R2
453 0.953462589245592 0.48 6 4 2.0976176963403 R2
504 0.9456108576893 0.375 9 5.75 3.43693177121688 R2
636 0.935155001645289 0.463667820069204 12 7.47826086956522 4.83528305198533 R2
53 0.928774362823752 0.386621315192744 31 17 15.0736288170528 R2
435 0.912870929175277 0.21875 7 5 2.19089023002066 R2
24 0.911322376865767 0.627218934911243 7 5.25 1.92028643696715 R3
811 0.904534033733291 0.277777777777778 5 3.2 1.98997487421324 R2
280 0.847469461855739 0.165289256198347 10 5.2 5.66392090340252 R2
144 0.823386969592618 0.244897959183674 6 4.18181818181818 2.20817414572566 R2
25 0.729751285075805 0.63330078125 28 17 15.0736288170528 R3
161 0.707106781186548 0.244897959183674 6 5.33333333333333 0.942809041582064 R2
159 0.707106781186548 0.244897959183674 6 5.33333333333333 0.942809041582064 R2
252 0.670478399654806 0.244897959183674 6 4.25 2.61007662722764 R2
512 0.654653670707977 0.197530864197531 8 5.75 3.43693177121688 R2
3 0.652729912006619 0.63 8 5.8 3.37045990927054 R3
210 0.636544558325468 0.512592592592593 27 17.6190476190476 14.7373066948062 R2
84 0.603022689155527 0.755102040816327 4 3.2 1.32664991614216 R3
51 0.597069233243841 0.278876170655567 26 17 15.0736288170528 R2
52 0.597069233243841 0.0713305898491085 26 17 15.0736288170528 R2
153 0.554984876868155 0.244897959183674 6 3.69230769230769 4.15811746207372 R2
742 0.521528750917565 0.165289256198347 10 7.47826086956522 4.83528305198533 R2
743 0.521528750917565 0.291666666666667 10 7.47826086956522 4.83528305198533 R2
746 0.521528750917565 0.165289256198347 10 7.47826086956522 4.83528305198533 R2
744 0.521528750917565 0.165289256198347 10 7.47826086956522 4.83528305198533 R2
745 0.521528750917565 0.165289256198347 10 7.47826086956522 4.83528305198533 R2
747 0.521528750917565 0.165289256198347 10 7.47826086956522 4.83528305198533 R2
741 0.521528750917565 0.165289256198347 10 7.47826086956522 4.83528305198533 R2
926 0.511578380522884 0.34 8 6.36363636363636 3.19865674286531 R2
928 0.511578380522884 0.34 8 6.36363636363636 3.19865674286531 R2
160 0.498058245091752 0.375 6 4.85714285714286 2.29462548631557 R2
90 0.498058245091752 0.444444444444444 6 4.85714285714286 2.29462548631557 R2
357 0.461593091172498 0.297520661157025 9 6.85714285714286 4.64230765979198 R2
434 0.456435464587639 0.375 6 5 2.19089023002066 R2
194 0.452910813657838 0.244897959183674 6 4.66666666666667 2.94392028877595 R2
205 0.432979547287374 0.536157779401023 24 17.6190476190476 14.7373066948062 R2
791 0.363696483726654 0.591715976331361 7 5.75 3.43693177121688 R2
105 0.363696483726654 0.21875 7 5.75 3.43693177121688 R2
100 0.35921060405355 0.444444444444444 4 3.42857142857143 1.59078981795144 R2
950 0.353553390593274 0.611111111111111 3 2.66666666666667 0.942809041582064 R2
951 0.353553390593274 0.611111111111111 3 2.66666666666667 0.942809041582064 R2
952 0.353553390593274 0.611111111111111 3 2.66666666666667 0.942809041582064 R2
247 0.342176601716491 0.40625 6 4.6 4.09145450909576 R2
237 0.311684889589274 0.197530864197531 8 5.88888888888889 6.77322251294585 R2
554 0.267261241912425 0.666666666666667 3 2.66666666666667 1.24721912892465 R3
563 0.267261241912425 0.375 3 2.66666666666667 1.24721912892465 R2
289 0.246702684842238 0.21875 7 5.8 4.86415460280612 R2
229 0.215665546406877 0.32 4 3.77777777777778 1.03040205505508 R2
2 0.171498585142509 0.56 3 2.8 1.16619037896906 R2
444 0.164044678731197 0.21875 7 5.88888888888889 6.77322251294585 R2
200 0.161559532569916 0.165289256198347 20 17.6190476190476 14.7373066948062 R2
203 0.161559532569916 0.165289256198347 20 17.6190476190476 14.7373066948062 R2
139 0.116247638743819 0.375 3 2.8 1.72046505340853 R2
630 0.0993127066322844 0.32 4 3.68421052631579 3.17974894041963 R2
242 0.0920574617898323 0.375 3 2.85714285714286 1.55182578445717 R2
58 0.0593390829096927 0.666666666666667 6 5.8 3.37045990927054 R3
369 0 0.197530864197531 8 8 3.3166247903554 R2
655 0 0.54 6 6 2.19089023002066 R2
232 -0.0420054784681782 0.255 17 17.6190476190476 14.7373066948062 R2
651 -0.100503781525921 0.375 3 3.2 1.98997487421324 R2
23 -0.130188910980824 0.277777777777778 5 5.25 1.92028643696715 R2
21 -0.130188910980824 0.567901234567901 5 5.25 1.92028643696715 R2
22 -0.130188910980824 0.277777777777778 5 5.25 1.92028643696715 R2
26 -0.130188910980824 0.277777777777778 5 5.25 1.92028643696715 R2
165 -0.132682051831965 0.405 15 17 15.0736288170528 R2
221 -0.133630620956212 0.493827160493827 5 5.66666666666667 4.98887651569859 R2
362 -0.164468456561492 0.644628099173554 5 5.8 4.86415460280612 R3
246 -0.166495463060447 0.612244897959184 3 3.69230769230769 4.15811746207372 R2
358 -0.192450089729875 0.5 3 3.25 1.29903810567666 R2
99 -0.208402118340794 0.444444444444444 6 7.29411764705882 6.20971445665725 R2
106 -0.218217890235992 0.277777777777778 5 5.75 3.43693177121688 R2
222 -0.245570489506272 0.124444444444444 14 17.6190476190476 14.7373066948062 R2
234 -0.313425493185637 0.13265306122449 13 17.6190476190476 14.7373066948062 R2
231 -0.313425493185637 0.13265306122449 13 17.6190476190476 14.7373066948062 R2
359 -0.369440118876862 0.448979591836735 5 7.29411764705882 6.20971445665725 R2
768 -0.381280496865001 0.542936288088643 12 17.6190476190476 14.7373066948062 R2
104 -0.400047345682832 0.46875 5 6.85714285714286 4.64230765979198 R2
368 -0.417028828114149 0.444444444444444 2 2.66666666666667 1.59861050777091 R2
50 -0.456435464587639 0.48 4 5 2.19089023002066 R2
211 -0.464387181411876 0.277777777777778 10 17 15.0736288170528 R2
895 -0.464990554975277 0.444444444444444 2 2.8 1.72046505340853 R2
48 -0.529667768705515 0.666666666666667 2 3.68421052631579 3.17974894041963 R3
612 -0.529667768705515 0.444444444444444 2 3.68421052631579 3.17974894041963 R2
553 -0.534051746187234 0.775510204081633 4 5.8 3.37045990927054 R3
361 -0.552344770738994 0.444444444444444 2 2.85714285714286 1.55182578445717 R2
812 -0.603022689155527 0.444444444444444 2 3.2 1.98997487421324 R2
373 -0.691516119948999 0.375 3 7.29411764705882 6.20971445665725 R2
374 -0.691516119948999 0.375 3 7.29411764705882 6.20971445665725 R2
861 -0.698500698501048 0.48 3 4.22222222222222 1.74977952755818 R2
757 -0.707106781186547 0.64 2 2.66666666666667 0.942809041582064 R3
182 -0.73399000176565 0.375 3 12.4705882352941 12.9028845250101 R2
190 -0.734968415259167 0.444444444444444 2 5.66666666666667 4.98887651569859 R2
930 -0.781225168667087 0.444444444444444 2 5.8 4.86415460280612 R2
723 -0.783210399797805 0.444444444444444 2 5.2 4.08574758561188 R2
898 -0.788410518941189 0.244897959183674 6 17.6190476190476 14.7373066948062 R2
108 -0.800132264198639 0.48 3 5.75 3.43693177121688 R2
710 -0.809344648274097 0.375 3 4.85714285714286 2.29462548631557 R2
792 -0.844158006374415 0.5 1 3.68421052631579 3.17974894041963 R2
309 -0.852554120485067 0.72 2 7.29411764705882 6.20971445665725 R3
360 -0.852554120485067 0.444444444444444 2 7.29411764705882 6.20971445665725 R2
166 -0.86243333690777 0.32 4 17 15.0736288170528 R2
785 -0.878114079917522 0.571428571428572 4 6.28571428571428 2.60298102261266 R2
582 -0.898026510133873 0.444444444444444 2 3.42857142857143 1.59078981795144 R2
97 -0.898026510133873 0.444444444444444 2 3.42857142857143 1.59078981795144 R2
637 -0.905821627315676 0.625 2 4.66666666666667 2.94392028877595 R3
638 -0.905821627315676 0.625 2 4.66666666666667 2.94392028877595 R3
984 -0.912870929175277 0.375 3 5 2.19089023002066 R2
985 -0.912870929175277 0.375 3 5 2.19089023002066 R2
960 -0.924120526299918 0.612244897959184 4 17.6190476190476 14.7373066948062 R2
899 -0.924120526299918 0.444444444444444 4 17.6190476190476 14.7373066948062 R2
1025 -0.948683298050514 0.444444444444444 2 3.5 1.58113883008419 R2
1023 -0.948683298050514 0.444444444444444 2 3.5 1.58113883008419 R2
137 -0.953462589245592 0.444444444444444 2 4 2.0976176963403 R2
586 -1.03209369308428 0.5 1 2.4 1.35646599662505 R2
102 -1.0690449676497 0.444444444444444 2 3.6 1.49666295470957 R2
103 -1.0690449676497 0.444444444444444 2 3.6 1.49666295470957 R2
751 -1.12744257528416 0.444444444444444 2 5.8 3.37045990927054 R2
986 -1.20019839629796 0.5 1 7.6 5.49909083394701 R2
846 -1.24514561272938 0.444444444444444 2 4.85714285714286 2.29462548631557 R2
845 -1.24514561272938 0.444444444444444 2 4.85714285714286 2.29462548631557 R2
839 -1.2451741707875 0.5 1 4.25 2.61007662722764 R2
949 -1.27000127000191 0.5 2 4.22222222222222 1.74977952755818 R2
1069 -1.33630620956212 0.625 1 2.66666666666667 1.24721912892465 R3
896 -1.33630620956212 0.666666666666667 1 2.66666666666667 1.24721912892465 R3
959 -1.36420901472769 0.625 2 6.36363636363636 3.19865674286531 R3
616 -1.36930639376292 0.444444444444444 2 5 2.19089023002066 R2
511 -1.38204663816129 0.5 1 5.75 3.43693177121688 R2
749 -1.42413798983262 0.5 1 5.8 3.37045990927054 R2
606 -1.43019388386839 0.5 1 4 2.0976176963403 R2
145 -1.44092719678708 0.5 1 4.18181818181818 2.20817414572566 R2
668 -1.58113883008419 0.625 2 4.5 1.58113883008419 R3
667 -1.58113883008419 0.625 2 4.5 1.58113883008419 R3
