17 3.55870532099018 0.1171875 15 3.68421052631579 3.17974894041963 R5
73 3.51953076051248 0.17687074829932 19 4.6 4.09145450909576 R5
274 3.33048624537021 0.2208 22 5.8 4.86415460280612 R5
93 3.2004127899397 0.104938271604938 17 3.69230769230769 4.15811746207372 R5
91 3.1426992543817 0.565376186997809 23 5.2 5.66392090340252 R6
138 3.13284159919122 0.4512 18 5.2 4.08574758561188 R6
119 3.05168719213519 0.407596371882086 63 17 15.0736288170528 R6
152 2.98551132158856 0 23 6.84210526315789 5.41210298550959 R5
217 2.96926148418557 0 12 4.25 2.61007662722764 R5
202 2.94361468342386 0.4053125 61 17.6190476190476 14.7373066948062 R6
19 2.93715264697662 0 8 2.33333333333333 1.92930615046504 R5
56 2.87305835055856 0.411522633744856 20 5.66666666666667 4.98887651569859 R6
118 2.65364103663929 0.0961111111111112 57 17 15.0736288170528 R5
330 2.57136025942002 0 18 9.875 3.15980616494113 R5
198 2.50564579890399 0 8 3.77777777777778 1.68508343201145 R5
460 2.41209075662211 0 8 3.2 1.98997487421324 R1
107 2.40039679259592 0.124444444444444 14 5.75 3.43693177121688 R2
258 2.3682058902363 0.444444444444445 22 7.29411764705882 6.20971445665725 R2
167 2.28217732293819 0.484429065743945 10 5 2.19089023002066 R2
126 2.25991856494864 0.0997229916897509 18 5.2 5.66392090340252 R2
169 2.24642708562527 0 19 6.84210526315789 5.41210298550959 R1
98 2.24506627533468 0.345679012345679 7 3.42857142857143 1.59078981795144 R2
94 2.23100763074427 0.2848 21 5.88888888888889 6.77322251294585 R2
28 2.23100763074427 0.454221165279429 21 5.88888888888889 6.77322251294585 R2
261 2.20716788970023 0.331360946745562 21 7.29411764705882 6.20971445665725 R2
355 2.18487396488316 0.591796875 17 6.85714285714286 4.64230765979198 R2
509 2.18197546942044 0.18 9 4.18181818181818 2.20817414572566 R2
278 2.15665546406877 0 6 3.77777777777778 1.03040205505508 R1
193 2.15132636487473 0.5 11 4.66666666666667 2.94392028877595 R2
312 2.13808993529939 0 6 3.33333333333333 1.24721912892465 R1
4 2.13620698474894 0.231111111111111 13 5.8 3.37045990927054 R2
251 2.11695098702863 0 6 3.25 1.29903810567666 R1
46 2.08514414057075 0 6 2.66666666666667 1.59861050777091 R1
129 2.05608379376589 0.0487500000000001 39 12.4705882352941 12.9028845250101 R1
321 2.02526415937631 0.244897959183674 6 2.85714285714286 1.55182578445717 R2
804 2.01246117974981 0 8 3.5 2.23606797749979 R1
478 2 0 4 2.4 0.799999999999999 R1
469 2 0 4 2.4 0.8 R1
186 1.96946385566932 0 16 6.85714285714286 4.64230765979198 R1
493 1.9692206284646 0.104938271604938 17 7.47826086956522 4.83528305198533 R2
155 1.9692206284646 0.104938271604938 17 7.47826086956522 4.83528305198533 R2
20 1.95283366471236 0.18 9 5.25 1.92028643696715 R2
316 1.94454364826301 0 6 3.55555555555556 1.25707872210942 R1
31 1.9406028953177 0 9 3.84615384615385 2.65579638486647 R1
379 1.9406028953177 0 9 3.84615384615385 2.65579638486647 R1
70 1.93572720902812 0.095 19 5.88888888888889 6.77322251294585 R2
491 1.91674543001366 0.408163265306122 5 2.4 1.35646599662505 R2
85 1.85996221990111 0.493827160493827 6 2.8 1.72046505340853 R2
176 1.83711730708739 0 5 3.2 0.97979589711327 R1
124 1.82357764413826 0 36 12.4705882352941 12.9028845250101 R1
39 1.81111028982989 0 11 6.28571428571428 2.60298102261266 R1
383 1.78885438199983 0 6 3.71428571428571 1.27775312999988 R1
63 1.77704663327728 0 13 7 3.37638860322683 R1
664 1.73719807243076 0 6 3.4 1.49666295470958 R1
128 1.73205080756888 0.375 3 1.5 0.866025403784439 R2
282 1.7302501512888 0 15 5.2 5.66392090340252 R1
204 1.7222246171953 0.671687229610639 43 17.6190476190476 14.7373066948062 R3
295 1.72061800402921 0 5 2.85714285714286 1.24539969815448 R1
446 1.68580167975529 0.124444444444444 14 5.8 4.86415460280612 R2
61 1.64763141070348 0 13 6.8 3.76297754444536 R1
87 1.60356745147455 0.244897959183674 6 3.6 1.49666295470957 R2
596 1.58750158750238 0.345679012345679 7 4.22222222222222 1.74977952755818 R2
34 1.58750158750238 0.345679012345679 7 4.22222222222222 1.74977952755818 R2
552 1.58113883008419 0.512396694214876 7 4.5 1.58113883008419 R2
1024 1.58113883008419 0.244897959183674 6 3.5 1.58113883008419 R2
599 1.54348726628258 0 5 3.2 1.16619037896906 R1
457 1.54348726628258 0 5 3.2 1.16619037896906 R1
14 1.52127765851133 0 5 2.75 1.4790199457749 R1
12 1.52127765851133 0 5 2.75 1.4790199457749 R1
391 1.44947207814817 0.54320987654321 11 6.36363636363636 3.19865674286531 R2
364 1.4142135623731 0 7 4.33333333333333 1.88561808316413 R1
363 1.4142135623731 0 7 4.33333333333333 1.88561808316413 R1
517 1.4142135623731 0.444444444444444 2 1.33333333333333 0.471404520791032 R2
851 1.4142135623731 0 2 1.33333333333333 0.471404520791032 R1
700 1.4142135623731 0 2 1.33333333333333 0.471404520791032 R1
503 1.4142135623731 0 2 1.33333333333333 0.471404520791032 R1
531 1.4142135623731 0 2 1.33333333333333 0.471404520791032 R1
421 1.4142135623731 0 2 1.33333333333333 0.471404520791032 R1
418 1.41421356237309 0 6 4 1.4142135623731 R1
758 1.41421356237309 0.7 4 2.66666666666667 0.942809041582064 R3
416 1.41421356237309 0 6 4 1.4142135623731 R1
110 1.41421356237309 0 3 2 0.707106781186548 R1
55 1.41421356237309 0 5 3 1.4142135623731 R1
981 1.41421356237309 0 3 2 0.707106781186548 R1
146 1.41421356237309 0 2 1.33333333333333 0.471404520791032 R1
113 1.39316154423563 0.138013087447948 38 17 15.0736288170528 R2
201 1.38294959879848 0.138013087447948 38 17.6190476190476 14.7373066948062 R2
424 1.36966017400232 0 8 4.85714285714286 2.29462548631557 R1
86 1.35680105059994 0.448979591836735 5 3.2 1.32664991614216 R2
624 1.34878125237301 0.376543209876543 14 7.47826086956522 4.83528305198533 R2
45 1.34715062810913 0 5 3.25 1.29903810567666 R1
44 1.34715062810913 0 5 3.25 1.29903810567666 R1
331 1.30545982401324 0 14 9.875 3.15980616494113 R1
120 1.28106329500713 0 29 12.4705882352941 12.9028845250101 R1
121 1.28106329500713 0 29 12.4705882352941 12.9028845250101 R1
257 1.24093988648382 0 15 7.29411764705882 6.20971445665725 R1
533 1.2247448713916 0 5 4.4 0.48989794855663 R1
532 1.2247448713916 0 5 4.4 0.48989794855663 R1
451 1.22474487139159 0 6 3.6 1.95959179422654 R1
450 1.22474487139159 0 6 3.6 1.95959179422654 R1
704 1.19674700326782 0.46 7 5.14285714285714 1.55182578445717 R2
705 1.19674700326782 0 7 5.14285714285714 1.55182578445717 R1
277 1.18616050523782 0 5 3.77777777777778 1.03040205505508 R1
67 1.18469775551818 0 11 7 3.37638860322683 R1
966 1.16666666666667 0 5 3.6 1.2 R1
523 1.16666666666667 0 5 3.6 1.2 R1
967 1.16666666666667 0 5 3.6 1.2 R1
521 1.16666666666667 0 5 3.6 1.2 R1
392 1.13684084560641 0 10 6.36363636363636 3.19865674286531 R1
390 1.13684084560641 0 10 6.36363636363636 3.19865674286531 R1
728 1.13389341902768 0 9 6.75 1.98431348329844 R1
731 1.13389341902768 0 9 6.75 1.98431348329844 R1
729 1.13389341902768 0 9 6.75 1.98431348329844 R1
130 1.12605919525538 0 27 12.4705882352941 12.9028845250101 R1
994 1.11803398874989 0 6 3.5 2.23606797749979 R1
227 1.07541217682326 0 9 4.6 4.09145450909576 R1
225 1.07541217682326 0 9 4.6 4.09145450909576 R1
660 1.0690449676497 0 5 3.4 1.49666295470958 R1
564 1.0690449676497 0.571428571428571 4 2.66666666666667 1.24721912892465 R2
562 1.0690449676497 0.59375 4 2.66666666666667 1.24721912892465 R2
466 1.0690449676497 0.408163265306122 5 3.66666666666667 1.24721912892465 R2
253 1.05360891374327 0 7 4.25 2.61007662722764 R1
629 1.04278341963898 0.512396694214876 7 3.68421052631579 3.17974894041963 R2
613 1.04278341963898 0 7 3.68421052631579 3.17974894041963 R1
1032 1.02899151085505 0 4 2.8 1.16619037896906 R1
1034 1.02899151085505 0 4 2.8 1.16619037896906 R1
843 1.02899151085505 0 4 2.8 1.16619037896906 R1
842 1.02899151085505 0 4 2.8 1.16619037896906 R1
370 1 0 5 3.5 1.5 R1
678 1 0 4 3 1 R1
677 1 0 4 3 1 R1
782 1 0 4 3 1 R1
781 1 0 4 3 1 R1
269 1 0 4 3 1 R1
268 1 0 4 3 1 R1
367 0.988984715161544 0 13 9.875 3.15980616494113 R1
180 0.981980506061966 0.13265306122449 13 7.6 5.49909083394701 R2
59 0.981980506061966 0.24 13 7.6 5.49909083394701 R2
486 0.953462589245592 0.375 6 4 2.0976176963403 R2
453 0.953462589245592 0.48 6 4 2.0976176963403 R2
136 0.953462589245592 0 6 4 2.0976176963403 R1
487 0.953462589245592 0 6 4 2.0976176963403 R1
828 0.948683298050514 0 5 3.5 1.58113883008419 R1
506 0.9456108576893 0 9 5.75 3.43693177121688 R1
504 0.9456108576893 0.375 9 5.75 3.43693177121688 R2
636 0.935155001645289 0.463667820069204 12 7.47826086956522 4.83528305198533 R2
609 0.933859209547035 0 7 4.85714285714286 2.29462548631557 R1
53 0.928774362823752 0.386621315192744 31 17 15.0736288170528 R2
294 0.917662935482247 0 4 2.85714285714286 1.24539969815448 R1
653 0.912870929175277 0 8 6 2.19089023002066 R1
652 0.912870929175277 0 8 6 2.19089023002066 R1
435 0.912870929175277 0.21875 7 5 2.19089023002066 R2
24 0.911322376865767 0.627218934911243 7 5.25 1.92028643696715 R3
405 0.904534033733291 0 6 4.5 1.6583123951777 R1
824 0.904534033733291 0 6 4.5 1.6583123951777 R1
811 0.904534033733291 0.277777777777778 5 3.2 1.98997487421324 R2
831 0.904534033733291 0 11 8 3.3166247903554 R1
823 0.904534033733291 0 6 4.5 1.6583123951777 R1
404 0.904534033733291 0 6 4.5 1.6583123951777 R1
191 0.868599036215379 0 10 5.66666666666667 4.98887651569859 R1
575 0.86386842558136 0 4 2.33333333333333 1.92930615046504 R1
280 0.847469461855739 0.165289256198347 10 5.2 5.66392090340252 R2
144 0.823386969592618 0.244897959183674 6 4.18181818181818 2.20817414572566 R2
29 0.810998224908889 0 6 3.84615384615385 2.65579638486647 R1
724 0.810998224908889 0 6 3.84615384615385 2.65579638486647 R1
481 0.792593923901217 0 7 4.66666666666667 2.94392028877595 R1
337 0.755928946018453 0 16 13.8181818181818 2.88627415752501 R1
340 0.755928946018453 0 16 13.8181818181818 2.88627415752501 R1
341 0.755928946018453 0 16 13.8181818181818 2.88627415752501 R1
338 0.755928946018453 0 16 13.8181818181818 2.88627415752501 R1
343 0.755928946018453 0 16 13.8181818181818 2.88627415752501 R1
339 0.755928946018453 0 16 13.8181818181818 2.88627415752501 R1
344 0.755928946018453 0 16 13.8181818181818 2.88627415752501 R1
320 0.736459694318659 0 4 2.85714285714286 1.55182578445717 R1
25 0.729751285075805 0.63330078125 28 17 15.0736288170528 R3
483 0.728293181970084 0 6 3.68421052631579 3.17974894041963 R1
161 0.707106781186548 0.244897959183674 6 5.33333333333333 0.942809041582064 R2
159 0.707106781186548 0.244897959183674 6 5.33333333333333 0.942809041582064 R2
233 0.704399562004832 0 28 17.6190476190476 14.7373066948062 R1
603 0.685994340570035 0 4 3.2 1.16619037896906 R1
185 0.67700320038633 0 10 6.85714285714286 4.64230765979198 R1
82 0.670913323969126 0 9 5.2 5.66392090340252 R1
218 0.670478399654806 0 6 4.25 2.61007662722764 R1
216 0.670478399654806 0 6 4.25 2.61007662722764 R1
252 0.670478399654806 0.244897959183674 6 4.25 2.61007662722764 R2
818 0.668153104781061 0 9 5.66666666666667 4.98887651569859 R1
75 0.658585559938142 0 8 6.28571428571428 2.60298102261266 R1
291 0.657873826245968 0 9 5.8 4.86415460280612 R1
448 0.657873826245968 0 9 5.8 4.86415460280612 R1
512 0.654653670707977 0.197530864197531 8 5.75 3.43693177121688 R2
5 0.652729912006619 0 8 5.8 3.37045990927054 R1
6 0.652729912006619 0 8 5.8 3.37045990927054 R1
3 0.652729912006619 0.63 8 5.8 3.37045990927054 R3
210 0.636544558325468 0.512592592592593 27 17.6190476190476 14.7373066948062 R2
84 0.603022689155527 0.755102040816327 4 3.2 1.32664991614216 R3
947 0.603022689155527 0 10 8 3.3166247903554 R1
946 0.603022689155527 0 10 8 3.3166247903554 R1
51 0.597069233243841 0.278876170655567 26 17 15.0736288170528 R2
52 0.597069233243841 0.0713305898491085 26 17 15.0736288170528 R2
260 0.596787884339547 0 11 7.29411764705882 6.20971445665725 R1
142 0.586588460085413 0 7 4.6 4.09145450909576 R1
170 0.583487554707862 0 10 6.84210526315789 5.41210298550959 R1
148 0.583487554707862 0 10 6.84210526315789 5.41210298550959 R1
43 0.577350269189626 0 4 3.25 1.29903810567666 R1
479 0.577350269189626 0 4 3.25 1.29903810567666 R1
153 0.554984876868155 0.244897959183674 6 3.69230769230769 4.15811746207372 R2
92 0.554984876868155 0 6 3.69230769230769 4.15811746207372 R1
742 0.521528750917565 0.165289256198347 10 7.47826086956522 4.83528305198533 R2
743 0.521528750917565 0.291666666666667 10 7.47826086956522 4.83528305198533 R2
746 0.521528750917565 0.165289256198347 10 7.47826086956522 4.83528305198533 R2
744 0.521528750917565 0.165289256198347 10 7.47826086956522 4.83528305198533 R2
745 0.521528750917565 0.165289256198347 10 7.47826086956522 4.83528305198533 R2
747 0.521528750917565 0.165289256198347 10 7.47826086956522 4.83528305198533 R2
741 0.521528750917565 0.165289256198347 10 7.47826086956522 4.83528305198533 R2
926 0.511578380522884 0.34 8 6.36363636363636 3.19865674286531 R2
928 0.511578380522884 0.34 8 6.36363636363636 3.19865674286531 R2
160 0.498058245091752 0.375 6 4.85714285714286 2.29462548631557 R2
90 0.498058245091752 0.444444444444444 6 4.85714285714286 2.29462548631557 R2
281 0.494357186082514 0 8 5.2 5.66392090340252 R1
488 0.476731294622796 0 5 4 2.0976176963403 R1
626 0.476731294622796 0 5 4 2.0976176963403 R1
357 0.461593091172498 0.297520661157025 9 6.85714285714286 4.64230765979198 R2
356 0.461593091172498 0 9 6.85714285714286 4.64230765979198 R1
434 0.456435464587639 0.375 6 5 2.19089023002066 R2
194 0.452910813657838 0.244897959183674 6 4.66666666666667 2.94392028877595 R2
594 0.444500444500667 0 5 4.22222222222222 1.74977952755818 R1
595 0.444500444500667 0 5 4.22222222222222 1.74977952755818 R1
593 0.444500444500667 0 5 4.22222222222222 1.74977952755818 R1
592 0.444500444500667 0 5 4.22222222222222 1.74977952755818 R1
597 0.444500444500667 0 5 4.22222222222222 1.74977952755818 R1
33 0.444500444500667 0 5 4.22222222222222 1.74977952755818 R1
35 0.444500444500667 0 5 4.22222222222222 1.74977952755818 R1
37 0.444500444500667 0 5 4.22222222222222 1.74977952755818 R1
36 0.444500444500667 0 5 4.22222222222222 1.74977952755818 R1
38 0.444500444500667 0 5 4.22222222222222 1.74977952755818 R1
181 0.436435780471985 0 10 7.6 5.49909083394701 R1
205 0.432979547287374 0.536157779401023 24 17.6190476190476 14.7373066948062 R2
762 0.402015126103685 0 4 3.2 1.98997487421324 R1
662 0.400891862868636 0 4 3.4 1.49666295470958 R1
244 0.400891862868636 0 4 3.4 1.49666295470958 R1
661 0.400891862868636 0 4 3.4 1.49666295470958 R1
663 0.400891862868636 0 4 3.4 1.49666295470958 R1
431 0.398716495717039 0 9 6.84210526315789 5.41210298550959 R1
572 0.370524136316678 0 5 4.18181818181818 2.20817414572566 R1
571 0.370524136316678 0 5 4.18181818181818 2.20817414572566 R1
569 0.370524136316678 0 5 4.18181818181818 2.20817414572566 R1
570 0.370524136316678 0 5 4.18181818181818 2.20817414572566 R1
789 0.363696483726654 0 7 5.75 3.43693177121688 R1
791 0.363696483726654 0.591715976331361 7 5.75 3.43693177121688 R2
790 0.363696483726654 0 7 5.75 3.43693177121688 R1
788 0.363696483726654 0 7 5.75 3.43693177121688 R1
105 0.363696483726654 0.21875 7 5.75 3.43693177121688 R2
100 0.35921060405355 0.444444444444444 4 3.42857142857143 1.59078981795144 R2
333 0.356034497458156 0 11 9.875 3.15980616494113 R1
335 0.356034497458156 0 11 9.875 3.15980616494113 R1
688 0.356034497458156 0 11 9.875 3.15980616494113 R1
950 0.353553390593274 0.611111111111111 3 2.66666666666667 0.942809041582064 R2
951 0.353553390593274 0.611111111111111 3 2.66666666666667 0.942809041582064 R2
952 0.353553390593274 0.611111111111111 3 2.66666666666667 0.942809041582064 R2
914 0.353553390593274 0 4 3.55555555555556 1.25707872210942 R1
916 0.353553390593274 0 4 3.55555555555556 1.25707872210942 R1
163 0.353553390593274 0 4 3.55555555555556 1.25707872210942 R1
913 0.353553390593274 0 4 3.55555555555556 1.25707872210942 R1
915 0.353553390593274 0 4 3.55555555555556 1.25707872210942 R1
750 0.345547370232544 0 3 2.33333333333333 1.92930615046504 R1
226 0.342176601716491 0 6 4.6 4.09145450909576 R1
247 0.342176601716491 0.40625 6 4.6 4.09145450909576 R2
372 0.333333333333333 0 4 3.5 1.5 R1
371 0.333333333333333 0 4 3.5 1.5 R1
178 0.31889640207164 0 8 6.8 3.76297754444536 R1
81 0.317801048195902 0 7 5.2 5.66392090340252 R1
1050 0.316227766016838 0 4 3.5 1.58113883008419 R1
548 0.316227766016838 0 5 4.5 1.58113883008419 R1
549 0.316227766016838 0 5 4.5 1.58113883008419 R1
682 0.316227766016838 0 4 3.5 1.58113883008419 R1
1051 0.316227766016838 0 4 3.5 1.58113883008419 R1
551 0.316227766016838 0 5 4.5 1.58113883008419 R1
550 0.316227766016838 0 5 4.5 1.58113883008419 R1
547 0.316227766016838 0 5 4.5 1.58113883008419 R1
237 0.311684889589274 0.197530864197531 8 5.88888888888889 6.77322251294585 R2
62 0.296174438879546 0 8 7 3.37638860322683 R1
64 0.296174438879546 0 8 7 3.37638860322683 R1
65 0.296174438879546 0 8 7 3.37638860322683 R1
66 0.296174438879546 0 8 7 3.37638860322683 R1
642 0.287347885566345 0 5 4.25 2.61007662722764 R1
259 0.27471188326741 0 9 7.29411764705882 6.20971445665725 R1
42 0.274410649974226 0 7 6.28571428571428 2.60298102261266 R1
40 0.274410649974226 0 7 6.28571428571428 2.60298102261266 R1
806 0.267261241912425 0 4 3.66666666666667 1.24721912892465 R1
809 0.267261241912425 0 4 3.66666666666667 1.24721912892465 R1
554 0.267261241912425 0.666666666666667 3 2.66666666666667 1.24721912892465 R3
563 0.267261241912425 0.375 3 2.66666666666667 1.24721912892465 R2
808 0.267261241912425 0 4 3.66666666666667 1.24721912892465 R1
807 0.267261241912425 0 4 3.66666666666667 1.24721912892465 R1
89 0.267261241912424 0 4 3.6 1.49666295470957 R1
88 0.267261241912424 0 4 3.6 1.49666295470957 R1
449 0.246702684842238 0 7 5.8 4.86415460280612 R1
289 0.246702684842238 0.21875 7 5.8 4.86415460280612 R2
290 0.246702684842238 0 7 5.8 4.86415460280612 R1
1080 0.223606797749979 0 4 3.71428571428571 1.27775312999988 R1
1078 0.223606797749979 0 4 3.71428571428571 1.27775312999988 R1
1079 0.223606797749979 0 4 3.71428571428571 1.27775312999988 R1
1081 0.223606797749979 0 4 3.71428571428571 1.27775312999988 R1
229 0.215665546406877 0.32 4 3.77777777777778 1.03040205505508 R2
228 0.215665546406877 0 4 3.77777777777778 1.03040205505508 R1
174 0.208514414057075 0 3 2.66666666666667 1.59861050777091 R1
675 0.195802599949451 0 6 5.2 4.08574758561188 R1
672 0.195802599949451 0 6 5.2 4.08574758561188 R1
853 0.195802599949451 0 6 5.2 4.08574758561188 R1
671 0.195802599949451 0 6 5.2 4.08574758561188 R1
854 0.195802599949451 0 6 5.2 4.08574758561188 R1
674 0.195802599949451 0 6 5.2 4.08574758561188 R1
673 0.195802599949451 0 6 5.2 4.08574758561188 R1
852 0.195802599949451 0 6 5.2 4.08574758561188 R1
670 0.195802599949451 0 6 5.2 4.08574758561188 R1
2 0.171498585142509 0.56 3 2.8 1.16619037896906 R2
727 0.171498585142509 0 3 2.8 1.16619037896906 R1
11 0.169030850945703 0 3 2.75 1.4790199457749 R1
13 0.169030850945703 0 3 2.75 1.4790199457749 R1
444 0.164044678731197 0.21875 7 5.88888888888889 6.77322251294585 R2
200 0.161559532569916 0.165289256198347 20 17.6190476190476 14.7373066948062 R2
203 0.161559532569916 0.165289256198347 20 17.6190476190476 14.7373066948062 R2
889 0.131876094679157 0 4 3.77777777777778 1.68508343201145 R1
891 0.131876094679157 0 4 3.77777777777778 1.68508343201145 R1
890 0.131876094679157 0 4 3.77777777777778 1.68508343201145 R1
892 0.131876094679157 0 4 3.77777777777778 1.68508343201145 R1
139 0.116247638743819 0.375 3 2.8 1.72046505340853 R2
296 0.114707866935281 0 3 2.85714285714286 1.24539969815448 R1
293 0.114707866935281 0 3 2.85714285714286 1.24539969815448 R1
195 0.11322770341446 0 5 4.66666666666667 2.94392028877595 R1
482 0.11322770341446 0 5 4.66666666666667 2.94392028877595 R1
628 0.0993127066322844 0 4 3.68421052631579 3.17974894041963 R1
630 0.0993127066322844 0.32 4 3.68421052631579 3.17974894041963 R2
242 0.0920574617898323 0.375 3 2.85714285714286 1.55182578445717 R2
116 0.0663410259159823 0 18 17 15.0736288170528 R1
114 0.0663410259159823 0 18 17 15.0736288170528 R1
115 0.0663410259159823 0 18 17 15.0736288170528 R1
117 0.0663410259159823 0 18 17 15.0736288170528 R1
58 0.0593390829096927 0.666666666666667 6 5.8 3.37045990927054 R3
286 0.0531494003452734 0 7 6.8 3.76297754444536 R1
288 0.041117114140373 0 6 5.8 4.86415460280612 R1
151 0.0291743777353932 0 7 6.84210526315789 5.41210298550959 R1
256 0.0164044678731197 0 6 5.88888888888889 6.77322251294585 R1
559 0 0 5 5 5.96046447753906e-08 R1
560 0 0 5 5 5.96046447753906e-08 R1
437 0 0 5 5 2.19089023002066 R1
463 0 0 3 3 1.4142135623731 R1
948 0 0 8 8 3.3166247903554 R1
982 0 0 2 2 0.707106781186548 R1
558 0 0 5 5 5.96046447753906e-08 R1
436 0 0 5 5 2.19089023002066 R1
557 0 0 5 5 5.96046447753906e-08 R1
112 0 0 3 3 1.4142135623731 R1
369 0 0.197530864197531 8 8 3.3166247903554 R2
556 0 0 5 5 5.96046447753906e-08 R1
658 0 0 2 2 0.707106781186548 R1
659 0 0 2 2 0.707106781186548 R1
555 0 0 5 5 5.96046447753906e-08 R1
433 0 0 5 5 2.19089023002066 R1
980 0 0 2 2 0.707106781186548 R1
654 0 0 6 6 2.19089023002066 R1
655 0 0.54 6 6 2.19089023002066 R2
232 -0.0420054784681782 0.255 17 17.6190476190476 14.7373066948062 R2
348 -0.0663410259159823 0 16 17 15.0736288170528 R1
324 -0.0663410259159823 0 16 17 15.0736288170528 R1
1040 -0.0920574617898327 0 5 5.14285714285714 1.55182578445717 R1
1039 -0.0920574617898327 0 5 5.14285714285714 1.55182578445717 R1
1038 -0.0920574617898327 0 5 5.14285714285714 1.55182578445717 R1
1037 -0.0920574617898327 0 5 5.14285714285714 1.55182578445717 R1
495 -0.0989106251740214 0 7 7.47826086956522 4.83528305198533 R1
156 -0.0989106251740214 0 7 7.47826086956522 4.83528305198533 R1
1020 -0.100503781525921 0 3 3.2 1.98997487421324 R1
1019 -0.100503781525921 0 3 3.2 1.98997487421324 R1
651 -0.100503781525921 0.375 3 3.2 1.98997487421324 R2
927 -0.113684084560641 0 6 6.36363636363636 3.19865674286531 R1
925 -0.113684084560641 0 6 6.36363636363636 3.19865674286531 R1
23 -0.130188910980824 0.277777777777778 5 5.25 1.92028643696715 R2
21 -0.130188910980824 0.567901234567901 5 5.25 1.92028643696715 R2
22 -0.130188910980824 0.277777777777778 5 5.25 1.92028643696715 R2
26 -0.130188910980824 0.277777777777778 5 5.25 1.92028643696715 R2
165 -0.132682051831965 0.405 15 17 15.0736288170528 R2
221 -0.133630620956212 0.493827160493827 5 5.66666666666667 4.98887651569859 R2
140 -0.146647115021353 0 4 4.6 4.09145450909576 R1
266 -0.146647115021353 0 4 4.6 4.09145450909576 R1
143 -0.146647115021353 0 4 4.6 4.09145450909576 R1
656 -0.146647115021353 0 4 4.6 4.09145450909576 R1
141 -0.146647115021353 0 4 4.6 4.09145450909576 R1
841 -0.150755672288882 0 3 3.2 1.32664991614216 R1
840 -0.150755672288882 0 3 3.2 1.32664991614216 R1
430 -0.15559668125543 0 6 6.84210526315789 5.41210298550959 R1
432 -0.15559668125543 0 6 6.84210526315789 5.41210298550959 R1
429 -0.15559668125543 0 6 6.84210526315789 5.41210298550959 R1
447 -0.164468456561492 0 5 5.8 4.86415460280612 R1
362 -0.164468456561492 0.644628099173554 5 5.8 4.86415460280612 R3
246 -0.166495463060447 0.612244897959184 3 3.69230769230769 4.15811746207372 R2
287 -0.166495463060447 0 3 3.69230769230769 4.15811746207372 R1
458 -0.171498585142509 0 3 3.2 1.16619037896906 R1
634 -0.171498585142509 0 3 3.2 1.16619037896906 R1
456 -0.171498585142509 0 3 3.2 1.16619037896906 R1
633 -0.171498585142509 0 3 3.2 1.16619037896906 R1
455 -0.171498585142509 0 3 3.2 1.16619037896906 R1
573 -0.172773685116272 0 2 2.33333333333333 1.92930615046504 R1
574 -0.172773685116272 0 2 2.33333333333333 1.92930615046504 R1
465 -0.172773685116272 0 2 2.33333333333333 1.92930615046504 R1
464 -0.172773685116272 0 2 2.33333333333333 1.92930615046504 R1
358 -0.192450089729875 0.5 3 3.25 1.29903810567666 R2
767 -0.192450089729875 0 3 3.25 1.29903810567666 R1
480 -0.192450089729875 0 3 3.25 1.29903810567666 R1
765 -0.192450089729875 0 3 3.25 1.29903810567666 R1
766 -0.192450089729875 0 3 3.25 1.29903810567666 R1
250 -0.192450089729875 0 3 3.25 1.29903810567666 R1
249 -0.192450089729875 0 3 3.25 1.29903810567666 R1
248 -0.192450089729875 0 3 3.25 1.29903810567666 R1
975 -0.204124145231932 0 3 3.2 0.97979589711327 R1
973 -0.204124145231932 0 3 3.2 0.97979589711327 R1
974 -0.204124145231932 0 3 3.2 0.97979589711327 R1
99 -0.208402118340794 0.444444444444444 6 7.29411764705882 6.20971445665725 R2
319 -0.208402118340794 0 6 7.29411764705882 6.20971445665725 R1
318 -0.208402118340794 0 6 7.29411764705882 6.20971445665725 R1
220 -0.211867365463935 0 4 5.2 5.66392090340252 R1
427 -0.211867365463935 0 4 5.2 5.66392090340252 R1
219 -0.211867365463935 0 4 5.2 5.66392090340252 R1
871 -0.215177531036615 0 3 3.68421052631579 3.17974894041963 R1
870 -0.215177531036615 0 3 3.68421052631579 3.17974894041963 R1
106 -0.218217890235992 0.277777777777778 5 5.75 3.43693177121688 R2
992 -0.223606797749979 0 3 3.5 2.23606797749979 R1
993 -0.223606797749979 0 3 3.5 2.23606797749979 R1
999 -0.223606797749979 0 3 3.5 2.23606797749979 R1
998 -0.223606797749979 0 3 3.5 2.23606797749979 R1
222 -0.245570489506272 0.124444444444444 14 17.6190476190476 14.7373066948062 R2
413 -0.267261241912424 0 3 3.33333333333333 1.24721912892465 R1
414 -0.267261241912424 0 3 3.33333333333333 1.24721912892465 R1
412 -0.267261241912424 0 3 3.33333333333333 1.24721912892465 R1
313 -0.267261241912424 0 3 3.33333333333333 1.24721912892465 R1
620 -0.269407953040162 0 3 3.42857142857143 1.59078981795144 R1
622 -0.269407953040162 0 3 3.42857142857143 1.59078981795144 R1
621 -0.269407953040162 0 3 3.42857142857143 1.59078981795144 R1
686 -0.276915720245232 0 9 9.875 3.15980616494113 R1
685 -0.276915720245232 0 9 9.875 3.15980616494113 R1
690 -0.276915720245232 0 9 9.875 3.15980616494113 R1
691 -0.276915720245232 0 9 9.875 3.15980616494113 R1
687 -0.276915720245232 0 9 9.875 3.15980616494113 R1
689 -0.276915720245232 0 9 9.875 3.15980616494113 R1
334 -0.276915720245232 0 9 9.875 3.15980616494113 R1
27 -0.278875953843034 0 4 5.88888888888889 6.77322251294585 R1
1053 -0.294883912309794 0 2 2.4 1.35646599662505 R1
760 -0.294883912309794 0 2 2.4 1.35646599662505 R1
1052 -0.294883912309794 0 2 2.4 1.35646599662505 R1
68 -0.296174438879546 0 6 7 3.37638860322683 R1
862 -0.301511344577764 0 4 4.5 1.6583123951777 R1
407 -0.301511344577764 0 4 4.5 1.6583123951777 R1
496 -0.305723750537883 0 6 7.47826086956522 4.83528305198533 R1
494 -0.305723750537883 0 6 7.47826086956522 4.83528305198533 R1
234 -0.313425493185637 0.13265306122449 13 17.6190476190476 14.7373066948062 R2
231 -0.313425493185637 0.13265306122449 13 17.6190476190476 14.7373066948062 R2
32 -0.318606445499921 0 3 3.84615384615385 2.65579638486647 R1
725 -0.318606445499921 0 3 3.84615384615385 2.65579638486647 R1
872 -0.318606445499921 0 3 3.84615384615385 2.65579638486647 R1
30 -0.318606445499921 0 3 3.84615384615385 2.65579638486647 R1
325 -0.331705129579911 0 12 17 15.0736288170528 R1
887 -0.334076552390531 0 4 5.66666666666667 4.98887651569859 R1
57 -0.334076552390531 0 4 5.66666666666667 4.98887651569859 R1
817 -0.334076552390531 0 4 5.66666666666667 4.98887651569859 R1
262 -0.369440118876862 0 5 7.29411764705882 6.20971445665725 R1
359 -0.369440118876862 0.448979591836735 5 7.29411764705882 6.20971445665725 R2
607 -0.370054027263357 0 4 5.8 4.86415460280612 R1
608 -0.370054027263357 0 4 5.8 4.86415460280612 R1
734 -0.377964473009227 0 6 6.75 1.98431348329844 R1
732 -0.377964473009227 0 6 6.75 1.98431348329844 R1
733 -0.377964473009227 0 6 6.75 1.98431348329844 R1
735 -0.377964473009227 0 6 6.75 1.98431348329844 R1
768 -0.381280496865001 0.542936288088643 12 17.6190476190476 14.7373066948062 R2
615 -0.388423503350547 0 3 5.2 5.66392090340252 R1
125 -0.388423503350547 0 3 5.2 5.66392090340252 R1
265 -0.391058973390275 0 3 4.6 4.09145450909576 R1
264 -0.391058973390275 0 3 4.6 4.09145450909576 R1
759 -0.400047345682832 0 5 6.85714285714286 4.64230765979198 R1
399 -0.400047345682832 0 5 6.85714285714286 4.64230765979198 R1
104 -0.400047345682832 0.46875 5 6.85714285714286 4.64230765979198 R2
398 -0.400047345682832 0 5 6.85714285714286 4.64230765979198 R1
397 -0.400047345682832 0 5 6.85714285714286 4.64230765979198 R1
189 -0.406988909703314 0 2 3.69230769230769 4.15811746207372 R1
953 -0.406988909703314 0 2 3.69230769230769 4.15811746207372 R1
154 -0.406988909703314 0 2 3.69230769230769 4.15811746207372 R1
423 -0.406988909703314 0 2 3.69230769230769 4.15811746207372 R1
422 -0.406988909703314 0 2 3.69230769230769 4.15811746207372 R1
368 -0.417028828114149 0.444444444444444 2 2.66666666666667 1.59861050777091 R2
657 -0.417028828114149 0 2 2.66666666666667 1.59861050777091 R1
173 -0.417028828114149 0 2 2.66666666666667 1.59861050777091 R1
123 -0.423981802262146 0 7 12.4705882352941 12.9028845250101 R1
810 -0.426516164701111 0 3 5.88888888888889 6.77322251294585 R1
83 -0.426516164701111 0 3 5.88888888888889 6.77322251294585 R1
50 -0.456435464587639 0.48 4 5 2.19089023002066 R2
197 -0.461566331377052 0 3 3.77777777777778 1.68508343201145 R1
196 -0.461566331377052 0 3 3.77777777777778 1.68508343201145 R1
211 -0.464387181411876 0.277777777777778 10 17 15.0736288170528 R2
349 -0.464387181411876 0 10 17 15.0736288170528 R1
895 -0.464990554975277 0.444444444444444 2 2.8 1.72046505340853 R2
111 -0.464990554975277 0 2 2.8 1.72046505340853 R1
254 -0.478913142610576 0 3 4.25 2.61007662722764 R1
773 -0.478913142610576 0 3 4.25 2.61007662722764 R1
644 -0.478913142610576 0 3 4.25 2.61007662722764 R1
775 -0.478913142610576 0 3 4.25 2.61007662722764 R1
774 -0.478913142610576 0 3 4.25 2.61007662722764 R1
641 -0.478913142610576 0 3 4.25 2.61007662722764 R1
643 -0.478913142610576 0 3 4.25 2.61007662722764 R1
1059 -0.5 0 2 2.4 0.8 R1
471 -0.5 0 2 2.4 0.8 R1
1058 -0.5 0 2 2.4 0.8 R1
470 -0.5 0 2 2.4 0.8 R1
968 -0.5 0 3 3.6 1.2 R1
969 -0.5 0 3 3.6 1.2 R1
524 -0.5 0 3 3.6 1.2 R1
522 -0.5 0 3 3.6 1.2 R1
1021 -0.500000000000001 0 2 2.4 0.799999999999999 R1
1022 -0.500000000000001 0 2 2.4 0.799999999999999 R1
477 -0.500000000000001 0 2 2.4 0.799999999999999 R1
476 -0.500000000000001 0 2 2.4 0.799999999999999 R1
988 -0.501483852138022 0 6 12.4705882352941 12.9028845250101 R1
987 -0.501483852138022 0 6 12.4705882352941 12.9028845250101 R1
76 -0.50709255283711 0 2 2.75 1.4790199457749 R1
77 -0.50709255283711 0 2 2.75 1.4790199457749 R1
168 -0.525138799237075 0 4 6.84210526315789 5.41210298550959 R1
171 -0.525138799237075 0 4 6.84210526315789 5.41210298550959 R1
150 -0.525138799237075 0 4 6.84210526315789 5.41210298550959 R1
149 -0.525138799237075 0 4 6.84210526315789 5.41210298550959 R1
978 -0.529667768705515 0 2 3.68421052631579 3.17974894041963 R1
15 -0.529667768705515 0 2 3.68421052631579 3.17974894041963 R1
49 -0.529667768705515 0 2 3.68421052631579 3.17974894041963 R1
485 -0.529667768705515 0 2 3.68421052631579 3.17974894041963 R1
956 -0.529667768705515 0 2 3.68421052631579 3.17974894041963 R1
48 -0.529667768705515 0.666666666666667 2 3.68421052631579 3.17974894041963 R3
979 -0.529667768705515 0 2 3.68421052631579 3.17974894041963 R1
16 -0.529667768705515 0 2 3.68421052631579 3.17974894041963 R1
612 -0.529667768705515 0.444444444444444 2 3.68421052631579 3.17974894041963 R2
484 -0.529667768705515 0 2 3.68421052631579 3.17974894041963 R1
377 -0.53047811941293 0 4 7.29411764705882 6.20971445665725 R1
7 -0.534051746187234 0 4 5.8 3.37045990927054 R1
553 -0.534051746187234 0.775510204081633 4 5.8 3.37045990927054 R3
640 -0.534051746187234 0 4 5.8 3.37045990927054 R1
276 -0.534522483824849 0 3 5.66666666666667 4.98887651569859 R1
748 -0.534522483824849 0 3 5.66666666666667 4.98887651569859 R1
508 -0.535201530235202 0 3 4.18181818181818 2.20817414572566 R1
507 -0.535201530235202 0 3 4.18181818181818 2.20817414572566 R1
510 -0.535201530235202 0 3 4.18181818181818 2.20817414572566 R1
322 -0.552344770738994 0 2 2.85714285714286 1.55182578445717 R1
361 -0.552344770738994 0.444444444444444 2 2.85714285714286 1.55182578445717 R2
336 -0.552344770738994 0 2 2.85714285714286 1.55182578445717 R1
917 -0.564979641237159 0 2 5.2 5.66392090340252 R1
1012 -0.564979641237159 0 2 5.2 5.66392090340252 R1
1011 -0.564979641237159 0 2 5.2 5.66392090340252 R1
428 -0.564979641237159 0 2 5.2 5.66392090340252 R1
500 -0.564979641237159 0 2 5.2 5.66392090340252 R1
918 -0.564979641237159 0 2 5.2 5.66392090340252 R1
614 -0.564979641237159 0 2 5.2 5.66392090340252 R1
501 -0.564979641237159 0 2 5.2 5.66392090340252 R1
292 -0.564979641237159 0 2 5.2 5.66392090340252 R1
825 -0.566138517072297 0 3 4.66666666666667 2.94392028877595 R1
443 -0.574156375559188 0 2 5.88888888888889 6.77322251294585 R1
236 -0.574156375559188 0 2 5.88888888888889 6.77322251294585 R1
888 -0.574156375559188 0 2 5.88888888888889 6.77322251294585 R1
698 -0.574156375559188 0 2 5.88888888888889 6.77322251294585 R1
697 -0.574156375559188 0 2 5.88888888888889 6.77322251294585 R1
381 -0.575639597965222 0 3 5.8 4.86415460280612 R1
761 -0.575639597965222 0 3 5.8 4.86415460280612 R1
127 -0.577350269189626 0 1 1.5 0.866025403784439 R1
798 -0.577350269189626 0 1 1.5 0.866025403784439 R1
805 -0.577350269189626 0 1 1.5 0.866025403784439 R1
172 -0.578985902013898 0 5 12.4705882352941 12.9028845250101 R1
378 -0.597069233243841 0 8 17 15.0736288170528 R1
886 -0.603022689155527 0 2 3.2 1.98997487421324 R1
812 -0.603022689155527 0.444444444444444 2 3.2 1.98997487421324 R2
69 -0.635470831759198 0 2 4.6 4.09145450909576 R1
954 -0.635470831759198 0 2 4.6 4.09145450909576 R1
955 -0.635470831759198 0 2 4.6 4.09145450909576 R1
8 -0.647482356346181 0 1 3.69230769230769 4.15811746207372 R1
777 -0.647482356346181 0 1 3.69230769230769 4.15811746207372 R1
631 -0.647482356346181 0 1 3.69230769230769 4.15811746207372 R1
134 -0.650944554904119 0 4 5.25 1.92028643696715 R1
527 -0.656487951889774 0 4 12.4705882352941 12.9028845250101 R1
525 -0.656487951889774 0 4 12.4705882352941 12.9028845250101 R1
526 -0.656487951889774 0 4 12.4705882352941 12.9028845250101 R1
122 -0.656487951889774 0 4 12.4705882352941 12.9028845250101 R1
983 -0.685994340570035 0 2 2.8 1.16619037896906 R1
1033 -0.685994340570036 0 2 2.8 1.16619037896906 R1
754 -0.688247201611685 0 2 2.85714285714286 1.24539969815448 R1
755 -0.688247201611685 0 2 2.85714285714286 1.24539969815448 R1
635 -0.691094740465088 0 1 2.33333333333333 1.92930615046504 R1
184 -0.691094740465088 0 1 2.33333333333333 1.92930615046504 R1
18 -0.691094740465088 0 1 2.33333333333333 1.92930615046504 R1
238 -0.691094740465088 0 1 2.33333333333333 1.92930615046504 R1
929 -0.691094740465088 0 1 2.33333333333333 1.92930615046504 R1
373 -0.691516119948999 0.375 3 7.29411764705882 6.20971445665725 R2
374 -0.691516119948999 0.375 3 7.29411764705882 6.20971445665725 R2
380 -0.695141335636191 0 2 3.84615384615385 2.65579638486647 R1
314 -0.695141335636191 0 2 3.84615384615385 2.65579638486647 R1
315 -0.695141335636191 0 2 3.84615384615385 2.65579638486647 R1
583 -0.698500698501047 0 3 4.22222222222222 1.74977952755818 R1
861 -0.698500698501048 0.48 3 4.22222222222222 1.74977952755818 R2
757 -0.707106781186547 0.64 2 2.66666666666667 0.942809041582064 R3
497 -0.707106781186547 0 1 1.33333333333333 0.471404520791032 R1
147 -0.707106781186547 0 1 1.33333333333333 0.471404520791032 R1
417 -0.707106781186547 0 3 4 1.4142135623731 R1
910 -0.707106781186547 0 3 4 1.4142135623731 R1
419 -0.707106781186547 0 3 4 1.4142135623731 R1
909 -0.707106781186547 0 3 4 1.4142135623731 R1
844 -0.707106781186548 0 1 1.33333333333333 0.471404520791032 R1
699 -0.707106781186548 0 1 1.33333333333333 0.471404520791032 R1
502 -0.707106781186548 0 1 1.33333333333333 0.471404520791032 R1
1008 -0.707106781186548 0 1 1.33333333333333 0.471404520791032 R1
701 -0.707106781186548 0 1 1.33333333333333 0.471404520791032 R1
912 -0.707106781186548 0 1 1.33333333333333 0.471404520791032 R1
1007 -0.707106781186548 0 1 1.33333333333333 0.471404520791032 R1
863 -0.707106781186548 0 1 1.33333333333333 0.471404520791032 R1
420 -0.707106781186548 0 1 1.33333333333333 0.471404520791032 R1
989 -0.707106781186548 0 1 1.33333333333333 0.471404520791032 R1
676 -0.707106781186548 0 1 1.33333333333333 0.471404520791032 R1
530 -0.707106781186548 0 1 1.33333333333333 0.471404520791032 R1
366 -0.707106781186548 0 3 4.33333333333333 1.88561808316413 R1
787 -0.707106781186548 0 3 4.33333333333333 1.88561808316413 R1
786 -0.707106781186548 0 3 4.33333333333333 1.88561808316413 R1
365 -0.707106781186548 0 3 4.33333333333333 1.88561808316413 R1
739 -0.709909858227898 0 3 6.84210526315789 5.41210298550959 R1
627 -0.709909858227898 0 3 6.84210526315789 5.41210298550959 R1
961 -0.709909858227898 0 3 6.84210526315789 5.41210298550959 R1
776 -0.709909858227898 0 3 6.84210526315789 5.41210298550959 R1
962 -0.709909858227898 0 3 6.84210526315789 5.41210298550959 R1
963 -0.709909858227898 0 3 6.84210526315789 5.41210298550959 R1
235 -0.720555515261824 0 7 17.6190476190476 14.7373066948062 R1
101 -0.721796586417265 0 1 5.88888888888889 6.77322251294585 R1
255 -0.721796586417265 0 1 5.88888888888889 6.77322251294585 R1
263 -0.721796586417265 0 1 5.88888888888889 6.77322251294585 R1
1027 -0.721796586417265 0 1 5.88888888888889 6.77322251294585 R1
410 -0.729751285075805 0 6 17 15.0736288170528 R1
323 -0.729751285075805 0 6 17 15.0736288170528 R1
409 -0.729751285075805 0 6 17 15.0736288170528 R1
327 -0.729751285075805 0 6 17 15.0736288170528 R1
326 -0.729751285075805 0 6 17 15.0736288170528 R1
411 -0.729751285075805 0 6 17 15.0736288170528 R1
666 -0.73399000176565 0 3 12.4705882352941 12.9028845250101 R1
182 -0.73399000176565 0.375 3 12.4705882352941 12.9028845250101 R2
183 -0.73399000176565 0 3 12.4705882352941 12.9028845250101 R1
516 -0.73399000176565 0 3 12.4705882352941 12.9028845250101 R1
1049 -0.734968415259167 0 2 5.66666666666667 4.98887651569859 R1
192 -0.734968415259167 0 2 5.66666666666667 4.98887651569859 R1
190 -0.734968415259167 0.444444444444444 2 5.66666666666667 4.98887651569859 R2
394 -0.738946549644165 0 4 6.36363636363636 3.19865674286531 R1
393 -0.738946549644165 0 4 6.36363636363636 3.19865674286531 R1
520 -0.741535779123772 0 1 5.2 5.66392090340252 R1
175 -0.741535779123772 0 1 5.2 5.66392090340252 R1
827 -0.741535779123772 0 1 5.2 5.66392090340252 R1
738 -0.741535779123772 0 1 5.2 5.66392090340252 R1
60 -0.744091604833828 0 4 6.8 3.76297754444536 R1
794 -0.754829412424068 0 3 3.77777777777778 1.03040205505508 R1
838 -0.754829412424068 0 3 3.77777777777778 1.03040205505508 R1
836 -0.754829412424068 0 3 3.77777777777778 1.03040205505508 R1
837 -0.754829412424068 0 3 3.77777777777778 1.03040205505508 R1
793 -0.754829412424068 0 3 3.77777777777778 1.03040205505508 R1
275 -0.781225168667087 0 2 5.8 4.86415460280612 R1
756 -0.781225168667087 0 2 5.8 4.86415460280612 R1
869 -0.781225168667087 0 2 5.8 4.86415460280612 R1
930 -0.781225168667087 0.444444444444444 2 5.8 4.86415460280612 R2
273 -0.781225168667087 0 2 5.8 4.86415460280612 R1
723 -0.783210399797805 0.444444444444444 2 5.2 4.08574758561188 R2
898 -0.788410518941189 0.244897959183674 6 17.6190476190476 14.7373066948062 R2
897 -0.788410518941189 0 6 17.6190476190476 14.7373066948062 R1
108 -0.800132264198639 0.48 3 5.75 3.43693177121688 R2
710 -0.809344648274097 0.375 3 4.85714285714286 2.29462548631557 R2
452 -0.816496580927725 0 2 3.6 1.95959179422654 R1
795 -0.816496580927725 0 2 3.6 1.95959179422654 R1
625 -0.816496580927725 0 2 3.6 1.95959179422654 R1
800 -0.816496580927735 0 4 4.4 0.48989794855663 R1
801 -0.816496580927735 0 4 4.4 0.48989794855663 R1
799 -0.816496580927735 0 4 4.4 0.48989794855663 R1
1048 -0.830867564110496 0 3 6.85714285714286 4.64230765979198 R1
1046 -0.830867564110496 0 3 6.85714285714286 4.64230765979198 R1
1047 -0.830867564110496 0 3 6.85714285714286 4.64230765979198 R1
792 -0.844158006374415 0.5 1 3.68421052631579 3.17974894041963 R2
309 -0.852554120485067 0.72 2 7.29411764705882 6.20971445665725 R3
360 -0.852554120485067 0.444444444444444 2 7.29411764705882 6.20971445665725 R2
395 -0.852554120485067 0 2 7.29411764705882 6.20971445665725 R1
396 -0.852554120485067 0 2 7.29411764705882 6.20971445665725 R1
911 -0.856265522620553 0 5 17.6190476190476 14.7373066948062 R1
708 -0.862043656699036 0 2 4.25 2.61007662722764 R1
709 -0.862043656699036 0 2 4.25 2.61007662722764 R1
166 -0.86243333690777 0.32 4 17 15.0736288170528 R2
74 -0.878114079917522 0 4 6.28571428571428 2.60298102261266 R1
785 -0.878114079917522 0.571428571428572 4 6.28571428571428 2.60298102261266 R2
835 -0.87988269012812 0 1 4.6 4.09145450909576 R1
784 -0.87988269012812 0 1 4.6 4.09145450909576 R1
279 -0.87988269012812 0 1 4.6 4.09145450909576 R1
72 -0.87988269012812 0 1 4.6 4.09145450909576 R1
582 -0.898026510133873 0.444444444444444 2 3.42857142857143 1.59078981795144 R2
97 -0.898026510133873 0.444444444444444 2 3.42857142857143 1.59078981795144 R2
637 -0.905821627315676 0.625 2 4.66666666666667 2.94392028877595 R3
638 -0.905821627315676 0.625 2 4.66666666666667 2.94392028877595 R3
332 -0.909865937948621 0 7 9.875 3.15980616494113 R1
984 -0.912870929175277 0.375 3 5 2.19089023002066 R2
985 -0.912870929175277 0.375 3 5 2.19089023002066 R2
764 -0.924120526299918 0 4 17.6190476190476 14.7373066948062 R1
960 -0.924120526299918 0.612244897959184 4 17.6190476190476 14.7373066948062 R2
899 -0.924120526299918 0.444444444444444 4 17.6190476190476 14.7373066948062 R2
763 -0.924120526299918 0 4 17.6190476190476 14.7373066948062 R1
158 -0.926163126629469 0 3 7.47826086956522 4.83528305198533 R1
157 -0.926163126629469 0 3 7.47826086956522 4.83528305198533 R1
566 -0.928774362823752 0 3 17 15.0736288170528 R1
565 -0.928774362823752 0 3 17 15.0736288170528 R1
245 -0.935414346693486 0 2 3.4 1.49666295470958 R1
855 -0.935414346693486 0 2 3.4 1.49666295470958 R1
243 -0.935414346693486 0 2 3.4 1.49666295470958 R1
1025 -0.948683298050514 0.444444444444444 2 3.5 1.58113883008419 R2
1023 -0.948683298050514 0.444444444444444 2 3.5 1.58113883008419 R2
137 -0.953462589245592 0.444444444444444 2 4 2.0976176963403 R2
945 -0.953462589245592 0 2 4 2.0976176963403 R1
540 -0.962250448649376 0 2 3.25 1.29903810567666 R1
382 -0.986810739368951 0 1 5.8 4.86415460280612 R1
329 -0.995115388739734 0 2 17 15.0736288170528 R1
783 -1 0 2 3 1 R1
772 -1 0 2 3 1 R1
931 -1 0 2 3 1 R1
270 -1 0 2 3 1 R1
679 -1 0 2 3 1 R1
696 -1 0 2 3 1 R1
695 -1.02796364973462 0 1 5.2 4.08574758561188 R1
445 -1.02796364973462 0 1 5.2 4.08574758561188 R1
814 -1.02796364973462 0 1 5.2 4.08574758561188 R1
802 -1.02796364973462 0 1 5.2 4.08574758561188 R1
598 -1.02899151085505 0 2 3.2 1.16619037896906 R1
586 -1.03209369308428 0.5 1 2.4 1.35646599662505 R2
47 -1.04257207028537 0 1 2.66666666666667 1.59861050777091 R1
1026 -1.04622874869437 0 1 2.8 1.72046505340853 R1
923 -1.05500875743326 0 2 3.77777777777778 1.68508343201145 R1
924 -1.05500875743326 0 2 3.77777777777778 1.68508343201145 R1
311 -1.0690449676497 0 2 3.33333333333333 1.24721912892465 R1
102 -1.0690449676497 0.444444444444444 2 3.6 1.49666295470957 R2
103 -1.0690449676497 0.444444444444444 2 3.6 1.49666295470957 R2
415 -1.07167622577246 0 1 3.84615384615385 2.65579638486647 R1
386 -1.07167622577246 0 1 3.84615384615385 2.65579638486647 R1
645 -1.09108945117996 0 2 5.75 3.43693177121688 R1
957 -1.09108945117996 0 2 5.75 3.43693177121688 R1
505 -1.09108945117996 0 2 5.75 3.43693177121688 R1
958 -1.09108945117996 0 2 5.75 3.43693177121688 R1
650 -1.10554159678513 0 1 3.2 1.98997487421324 R1
459 -1.10554159678513 0 1 3.2 1.98997487421324 R1
803 -1.11803398874989 0 1 3.5 2.23606797749979 R1
826 -1.11803398874989 0 1 3.5 2.23606797749979 R1
751 -1.12744257528416 0.444444444444444 2 5.8 3.37045990927054 R2
1031 -1.13297625199333 0 2 7.47826086956522 4.83528305198533 R1
1010 -1.13297625199333 0 2 7.47826086956522 4.83528305198533 R1
1030 -1.13297625199333 0 2 7.47826086956522 4.83528305198533 R1
1009 -1.13297625199333 0 2 7.47826086956522 4.83528305198533 R1
199 -1.18321595661992 0 1 2.75 1.4790199457749 R1
847 -1.18321595661992 0 1 2.75 1.4790199457749 R1
224 -1.18469775551818 0 3 7 3.37638860322683 R1
223 -1.18469775551818 0 3 7 3.37638860322683 R1
328 -1.19674700326782 0 1 2.85714285714286 1.55182578445717 R1
986 -1.20019839629796 0.5 1 7.6 5.49909083394701 R2
408 -1.20019839629796 0 1 7.6 5.49909083394701 R1
177 -1.22474487139159 0 2 3.2 0.97979589711327 R1
454 -1.22634104680032 0 6 9.875 3.15980616494113 R1
162 -1.23743686707646 0 2 3.55555555555556 1.25707872210942 R1
317 -1.23743686707646 0 2 3.55555555555556 1.25707872210942 R1
164 -1.23743686707646 0 2 3.55555555555556 1.25707872210942 R1
846 -1.24514561272938 0.444444444444444 2 4.85714285714286 2.29462548631557 R2
845 -1.24514561272938 0.444444444444444 2 4.85714285714286 2.29462548631557 R2
839 -1.2451741707875 0.5 1 4.25 2.61007662722764 R2
893 -1.24550473755905 0 1 4.66666666666667 2.94392028877595 R1
206 -1.26168778253816 0 1 6.85714285714286 4.64230765979198 R1
41 -1.26228898988144 0 3 6.28571428571428 2.60298102261266 R1
584 -1.2700012700019 0 2 4.22222222222222 1.74977952755818 R1
949 -1.27000127000191 0.5 2 4.22222222222222 1.74977952755818 R2
179 -1.27558560828656 0 2 6.8 3.76297754444536 R1
342 -1.32287565553229 0 10 13.8181818181818 2.88627415752501 R1
346 -1.32287565553229 0 10 13.8181818181818 2.88627415752501 R1
347 -1.32287565553229 0 10 13.8181818181818 2.88627415752501 R1
345 -1.32287565553229 0 10 13.8181818181818 2.88627415752501 R1
669 -1.33333333333333 0 2 3.6 1.2 R1
1060 -1.33333333333333 0 2 3.6 1.2 R1
1069 -1.33630620956212 0.625 1 2.66666666666667 1.24721912892465 R3
896 -1.33630620956212 0.666666666666667 1 2.66666666666667 1.24721912892465 R3
623 -1.33978937735719 0 1 7.47826086956522 4.83528305198533 R1
997 -1.33978937735719 0 1 7.47826086956522 4.83528305198533 R1
385 -1.34164078649987 0 2 3.71428571428571 1.27775312999988 R1
384 -1.34164078649987 0 2 3.71428571428571 1.27775312999988 R1
959 -1.36420901472769 0.625 2 6.36363636363636 3.19865674286531 R3
616 -1.36930639376292 0.444444444444444 2 5 2.19089023002066 R2
511 -1.38204663816129 0.5 1 5.75 3.43693177121688 R2
230 -1.41421356237309 0 4 5.33333333333333 0.942809041582064 R1
1002 -1.41421356237309 0 1 2 0.707106781186548 R1
109 -1.41421356237309 0 1 2 0.707106781186548 R1
54 -1.41421356237309 0 1 3 1.4142135623731 R1
749 -1.42413798983262 0.5 1 5.8 3.37045990927054 R2
135 -1.43019388386839 0 1 4 2.0976176963403 R1
606 -1.43019388386839 0.5 1 4 2.0976176963403 R2
145 -1.44092719678708 0.5 1 4.18181818181818 2.20817414572566 R2
601 -1.44092719678708 0 1 4.18181818181818 2.20817414572566 R1
71 -1.48087219439773 0 2 7 3.37638860322683 R1
1054 -1.49120227015865 0 1 2.85714285714286 1.24539969815448 R1
822 -1.50755672288882 0 2 4.5 1.6583123951777 R1
406 -1.50755672288882 0 2 4.5 1.6583123951777 R1
1 -1.54348726628258 0 1 2.8 1.16619037896906 R1
726 -1.54348726628258 0 1 2.8 1.16619037896906 R1
668 -1.58113883008419 0.625 2 4.5 1.58113883008419 R3
667 -1.58113883008419 0.625 2 4.5 1.58113883008419 R3
829 -1.58113883008419 0 1 3.5 1.58113883008419 R1
1068 -1.60356745147455 0 1 3.4 1.49666295470958 R1
267 -1.6583123951777 0 1 3.2 1.32664991614216 R1
492 -1.66666666666667 0 1 3.5 1.5 R1
944 -1.67684024726945 0 1 6.36363636363636 3.19865674286531 R1
1061 -1.69245584275071 0 2 5.25 1.92028643696715 R1
1062 -1.73205080756888 0 1 3.25 1.29903810567666 R1
740 -1.73205080756888 0 1 3.25 1.29903810567666 R1
813 -1.76776695296637 0 1 2.66666666666667 0.942809041582064 R1
873 -1.82574185835055 0 2 6 2.19089023002066 R1
1041 -1.84150184150276 0 1 4.22222222222222 1.74977952755818 R1
860 -1.84150184150276 0 1 4.22222222222222 1.74977952755818 R1
905 -1.8592912645037 0 4 9.875 3.15980616494113 R1
602 -1.8864844365676 0 1 3.2 1.16619037896906 R1
730 -1.88982236504614 0 3 6.75 1.98431348329844 R1
706 -2.02526415937631 0 2 5.14285714285714 1.55182578445717 R1
830 -2.11057941204435 0 1 8 3.3166247903554 R1
467 -2.1380899352994 0 1 3.66666666666667 1.24721912892465 R1
