1049 5
127 21
71 17
1481 3
1488 3
1050 5
560 7
898 5
1031 3
512 12
463 7
458 12
517 11
451 6
454 11
722 6
634 7
578 6
695 4
978 5
728 6
2154 3
742 8
325 11
378 11
29 23
350 8
1810 3
540 8
58 25
211 9
684 7
153 16
861 6
337 12
1546 3
101 29
340 11
76 27
311 10
982 5
571 6
825 5
389 8
917 5
495 8
966 4
2314 3
992 5
758 5
236 17
706 6
218 12
14 19
834 5
285 12
234 11
594 6
1438 4
2194 3
2188 3
96 11
1068 4
2088 3
486 7
160 15
569 5
8 55
98 23
1048 5
1000 6
1061 4
43 23
686 10
391 12
943 4
288 10
193 16
1555 3
119 25
180 22
410 10
246 19
690 7
999 5
61 27
430 10
447 7
1446 3
536 8
415 9
189 15
480 10
438 9
107 25
87 15
1022 5
1458 4
444 11
508 9
953 4
221 10
39 31
1424 5
1560 3
1089 3
558 5
417 11
12 45
1554 3
784 7
260 16
573 7
1084 5
1530 3
762 6
638 11
734 5
875 6
1522 4
1 30
506 6
136 18
116 25
144 11
661 5
1440 3
381 11
1471 4
581 7
308 11
177 13
678 6
1517 3
373 8
773 5
205 15
22 35
301 10
51 38
456 7
652 10
975 5
493 11
1033 4
1539 3
796 5
1026 4
366 8
844 5
1541 4
272 16
1469 3
1499 3
775 7
746 5
534 10
919 6
400 8
744 6
20 35
633 5
1011 6
151 10
1825 3
468 6
2093 3
287 10
1019 5
700 7
475 9
78 21
990 4
294 10
413 7
1442 4
764 6
349 7
2218 3
1549 3
1525 3
515 8
1107 4
138 20
606 5
137 17
1414 5
1201 4
724 7
666 6
432 8
519 8
860 6
1074 4
1567 3
1063 4
17 40
1327 3
708 6
110 14
333 13
710 6
323 12
856 6
2210 3
112 22
545 8
191 16
187 12
588 7
646 5
756 5
446 9
262 17
212 10
542 5
1305 3
961 4
2243 3
1288 4
1087 5
810 5
574 10
170 16
33 30
660 6
1559 3
7 52
227 15
26 33
977 4
566 5
526 10
264 11
255 15
359 16
182 7
108 17
604 8
1001 6
556 7
717 4
232 13
477 10
815 5
671 7
1511 4
225 15
330 7
1447 3
207 9
142 25
2249 3
1510 4
167 17
48 25
360 14
692 5
663 6
854 7
969 4
1076 4
510 4
766 5
393 9
449 7
1501 3
658 5
274 16
549 9
659 6
1508 3
682 8
353 10
375 15
984 4
946 4
1485 3
788 5
128 23
1520 3
250 11
303 17
614 6
501 5
278 10
490 8
130 12
155 14
387 7
53 32
1465 4
1302 3
941 7
461 5
1426 3
1562 3
257 17
951 5
782 7
85 31
809 6
1557 3
1486 3
425 8
832 3
2304 3
736 6
539 6
781 7
828 5
276 15
102 14
520 5
532 11
1404 4
55 25
259 20
57 14
424 10
872 6
163 20
1402 3
1106 6
395 12
89 24
175 16
1531 4
988 4
35 26
1550 3
1454 3
1421 5
347 13
665 5
1333 4
434 11
1476 3
865 3
442 7
649 6
689 9
642 8
648 7
1028 3
198 23
1098 3
1059 4
727 5
320 18
939 5
811 6
465 5
202 16
249 15
361 9
184 10
819 6
1537 4
776 9
858 4
1459 5
140 17
181 24
412 12
954 5
385 8
1479 4
307 9
985 5
830 4
1467 3
154 10
971 5
1463 4
754 4
479 10
847 7
1166 4
1101 5
704 6
1563 3
326 10
1462 4
1003 6
1054 4
681 7
619 10
335 9
1029 3
698 4
5 46
621 8
524 6
2176 3
554 11
552 4
598 10
780 8
1433 4
74 20
240 14
890 3
440 8
230 12
115 14
299 9
602 9
1044 5
1072 3
612 7
1391 3
936 5
91 20
1086 4
701 6
467 6
481 6
474 9
2121 3
867 5
214 21
564 5
817 5
563 8
731 6
657 6
229 7
768 6
1092 4
673 7
503 9
68 26
1483 3
315 12
338 10
761 5
576 9
222 11
1504 3
25 54
738 5
1415 5
484 6
1078 3
1036 5
305 16
623 6
544 6
1512 3
1526 3
217 17
328 10
239 13
122 20
158 21
269 15
1223 5
281 12
363 11
46 21
733 5
630 5
36 31
1418 5
748 5
472 11
1449 3
317 9
608 4
711 6
132 23
1254 4
892 4
2180 3
1428 4
546 11
537 7
1474 4
125 23
522 9
1018 4
44 27
1423 5
2152 3
667 5
1443 4
741 8
998 6
1564 3
714 5
313 15
529 5
1545 3
1058 4
397 7
1096 3
1535 3
459 11
284 8
823 4
247 15
289 16
165 16
1495 3
729 6
771 4
2 38
401 7
845 7
186 20
147 22
973 4
1046 3
319 12
1052 4
1456 5
735 6
404 10
516 5
1493 4
1551 3
702 6
1271 4
636 7
1104 5
561 6
209 11
357 13
117 14
455 9
600 8
80 17
1875 3
336 11
457 7
821 5
696 6
383 13
963 4
297 13
1431 3
92 15
1489 4
980 5
10 38
550 8
1081 4
505 10
670 5
1094 3
958 5
419 10
995 4
837 6
290 9
149 11
712 6
210 9
406 7
2289 3
173 23
530 9
66 32
19 13
1030 3
365 11
763 5
470 9
1524 3
793 5
570 6
654 6
252 13
156 26
283 9
655 6
421 6
59 15
271 14
1070 4
1024 5
491 10
864 4
1016 5
219 11
13 49
105 19
1514 3
925 4
597 6
390 9
111 30
1515 3
1042 4
38 30
1411 5
408 9
1480 3
196 17
242 7
945 6
559 7
32 33
118 23
206 9
443 7
959 4
331 7
358 15
1065 3
737 7
580 10
767 4
2228 3
1020 3
84 22
2173 3
437 7
194 16
220 11
846 8
1021 5
31 27
934 4
1989 3
1553 3
2161 3
948 5
2160 3
572 9
968 4
675 5
226 17
15 31
431 12
527 11
1430 3
382 11
1448 3
62 21
1506 4
139 12
1472 3
129 19
926 5
548 9
859 6
739 9
1083 3
662 5
418 9
783 6
1357 3
168 16
135 24
348 8
1518 3
145 12
49 31
789 4
178 18
124 16
772 6
627 7
993 4
1090 3
1429 3
715 5
23 33
1528 3
364 6
388 7
653 9
1425 5
950 4
1445 4
509 9
1025 4
367 12
976 4
716 3
940 7
1466 3
485 8
778 6
685 7
743 7
21 43
523 7
720 5
460 5
324 10
723 7
453 13
244 20
637 6
351 13
1040 5
488 7
752 5
1012 5
835 6
379 7
1267 4
1032 3
1386 4
1536 3
113 16
1035 3
152 17
452 6
342 6
1419 5
862 5
295 13
579 12
341 13
535 9
1056 5
77 19
683 6
541 5
64 21
1473 3
765 4
312 13
45 18
405 15
237 16
1002 6
370 5
309 8
416 9
100 16
380 6
965 6
300 11
1439 3
824 4
120 17
286 11
1395 4
1075 4
800 6
392 11
254 19
496 9
2254 3
605 7
1568 3
607 5
813 4
42 33
644 5
759 5
851 7
1228 4
235 11
1073 4
694 5
436 8
213 17
94 15
1103 6
1450 3
568 7
265 16
296 17
2273 3
1062 4
791 4
171 17
386 11
445 10
1457 4
200 10
329 12
525 8
27 36
1561 3
161 18
1866 3
109 15
557 4
718 4
1507 4
441 7
868 5
672 5
769 6
1556 4
275 11
983 4
197 15
853 7
751 6
1500 3
60 14
691 6
1067 4
2136 3
346 11
911 4
427 8
677 5
82 25
650 9
2238 3
590 6
69 18
664 6
224 18
79 24
617 10
1420 5
352 9
1006 6
126 26
426 12
1034 5
251 8
996 4
369 6
1533 3
1435 3
1548 3
279 12
651 8
176 12
483 6
498 8
629 7
947 4
256 14
1487 3
372 6
1540 3
920 4
428 10
99 21
72 37
500 8
869 5
1496 3
1200 4
533 10
918 4
1413 5
1108 4
1053 4
462 9
414 7
1014 5
1491 4
263 8
991 4
394 10
610 6
514 5
725 7
513 11
615 5
50 27
476 7
1519 3
1077 4
293 7
967 4
645 4
322 11
469 9
575 10
1088 4
1452 4
1039 5
979 4
709 5
1005 6
28 42
40 28
310 12
699 4
215 12
687 10
960 4
150 17
1038 5
245 12
267 14
543 8
826 6
354 11
1344 3
1064 4
757 5
332 7
9 37
2329 3
1099 4
34 23
603 8
90 16
565 6
1410 5
620 8
1434 4
850 7
1547 3
937 7
1004 6
1045 5
16 21
730 7
921 3
233 12
1069 5
1013 4
1490 4
368 10
316 13
994 4
611 5
849 7
11 16
492 11
208 7
842 4
511 12
1523 3
93 26
292 6
291 6
374 6
114 22
199 15
429 5
409 13
73 24
1091 3
67 24
812 4
241 14
489 7
794 5
327 8
944 6
1080 5
732 4
674 5
1317 4
280 16
957 5
273 7
471 8
622 7
1503 4
1509 3
1416 5
24 32
1936 3
104 21
131 17
1565 4
1558 3
502 7
314 18
1502 3
1513 3
1264 4
355 8
553 4
159 10
747 5
555 7
47 26
1037 6
1427 3
1484 3
37 25
1017 6
855 6
270 9
195 19
1057 3
538 5
680 7
679 5
521 4
1332 4
162 17
880 6
433 8
1441 3
647 6
1399 4
334 15
986 4
786 4
2292 3
740 7
1008 5
1027 3
103 20
201 22
871 7
423 10
719 7
1319 4
1529 3
827 4
266 15
1353 3
174 21
820 4
422 5
97 28
41 16
668 7
52 16
688 8
750 5
1451 3
302 10
774 6
1453 3
866 3
693 6
770 4
593 5
188 19
402 7
641 8
1097 4
838 5
616 4
640 8
83 14
870 4
804 4
1468 3
1464 4
1494 3
962 4
755 5
1085 5
777 5
143 15
464 5
2325 3
2011 3
6 30
1051 5
562 7
1497 3
497 8
183 14
1102 5
518 7
1478 3
362 7
411 9
169 14
2155 3
1542 4
705 6
478 9
384 11
942 7
955 5
407 6
18 45
376 8
1432 4
785 7
599 10
1930 3
609 6
1235 4
190 13
95 19
298 8
923 5
601 8
822 4
243 14
231 16
779 8
551 8
148 11
504 8
343 10
753 5
981 4
697 4
726 7
857 7
707 6
1010 6
106 26
157 11
964 5
65 25
203 10
261 11
1093 4
81 27
2252 3
1023 4
321 10
792 4
86 13
656 7
371 6
204 17
1079 5
1041 5
435 11
814 6
1516 4
1482 4
1412 5
884 4
339 9
760 4
228 8
863 4
749 5
531 9
268 13
345 12
172 18
596 6
1521 3
223 10
721 8
613 8
1043 4
282 16
669 5
420 6
1082 4
121 18
1066 4
952 4
639 8
989 4
1505 3
487 6
494 6
1071 4
238 17
873 6
577 5
253 13
448 9
1417 5
216 11
852 7
643 6
63 29
179 14
1532 4
1105 6
713 6
2193 3
676 5
1334 4
277 13
938 6
1095 4
1262 3
1444 4
1290 4
1527 3
133 12
123 15
304 7
547 10
631 7
1538 3
1544 3
258 12
396 11
1422 5
482 6
949 4
499 9
56 27
54 30
306 8
70 27
1047 5
1055 5
166 25
88 27
1009 6
30 20
141 21
909 5
403 7
466 8
75 22
134 17
618 9
848 6
450 6
1455 4
1060 3
1492 3
703 6
318 7
972 4
473 9
1100 4
1461 4
185 15
3 40
248 7
146 8
356 5
4 42
528 6
164 11
807 6
