1049 0
127 1
71 1
1481 0
1488 0
1050 0
560 0
898 0
1031 0
512 0
463 0
458 0
517 0
451 0
454 1
722 0
634 0
578 0
695 0
978 0
728 0
2154 0
742 0
325 0
378 0
29 1
350 0
1810 0
540 0
58 1
211 0
684 0
153 1
861 0
337 0
1546 0
101 1
340 1
76 1
311 0
982 0
571 0
825 0
389 0
917 0
495 0
966 0
2314 0
992 0
758 0
236 0
706 0
218 0
14 0
834 0
285 1
234 1
594 0
1438 0
2194 0
2188 0
96 0
1068 0
2088 0
486 0
160 1
569 0
8 3
98 1
1048 0
1000 0
1061 0
43 1
686 0
391 1
943 0
288 0
193 1
1555 0
119 1
180 1
410 0
246 1
690 0
999 0
61 2
430 0
447 0
1446 0
536 0
415 0
189 0
480 1
438 0
107 1
87 0
1022 0
1458 0
444 0
508 0
953 0
221 0
39 1
1424 0
1560 0
1089 0
558 0
417 0
12 1
1554 0
784 0
260 1
573 0
1084 0
1530 0
762 0
638 1
734 0
875 0
1522 0
1 1
506 0
136 0
116 1
144 0
661 0
1440 0
381 0
1471 0
581 0
308 0
177 1
678 0
1517 0
373 0
773 0
205 0
22 3
301 0
51 4
456 0
652 0
975 0
493 0
1033 0
1539 0
796 0
1026 0
366 0
844 0
1541 0
272 1
1469 0
1499 0
775 0
746 0
534 0
919 0
400 0
744 0
20 2
633 0
1011 0
151 0
1825 0
468 0
2093 0
287 0
1019 0
700 0
475 0
78 1
990 0
294 0
413 0
1442 0
764 0
349 0
2218 0
1549 0
1525 0
515 0
1107 0
138 1
606 0
137 1
1414 0
1201 0
724 0
666 0
432 0
519 0
860 0
1074 0
1567 0
1063 0
17 1
1327 0
708 0
110 0
333 1
710 0
323 1
856 0
2210 0
112 1
545 0
191 0
187 0
588 0
646 0
756 0
446 0
262 0
212 0
542 0
1305 0
961 0
2243 0
1288 0
1087 0
810 0
574 0
170 0
33 1
660 0
1559 0
7 1
227 1
26 1
977 0
566 0
526 1
264 0
255 1
359 0
182 0
108 1
604 0
1001 0
556 0
717 0
232 1
477 0
815 0
671 0
1511 0
225 1
330 0
1447 0
207 0
142 1
2249 0
1510 0
167 0
48 1
360 1
692 0
663 0
854 0
969 0
1076 0
510 0
766 0
393 0
449 0
1501 0
658 0
274 1
549 0
659 0
1508 0
682 0
353 0
375 0
984 0
946 0
1485 0
788 0
128 1
1520 0
250 0
303 1
614 0
501 0
278 0
490 0
130 0
155 1
387 0
53 2
1465 0
1302 0
941 0
461 0
1426 0
1562 0
257 1
951 0
782 0
85 1
809 0
1557 0
1486 0
425 0
832 0
2304 0
736 0
539 0
781 0
828 0
276 0
102 0
520 0
532 0
1404 0
55 1
259 1
57 0
424 0
872 0
163 1
1402 0
1106 0
395 0
89 2
175 1
1531 0
988 0
35 1
1550 0
1454 0
1421 0
347 1
665 0
1333 0
434 1
1476 0
865 0
442 0
649 0
689 0
642 0
648 0
1028 0
198 1
1098 0
1059 0
727 0
320 1
939 0
811 0
465 0
202 1
249 1
361 0
184 0
819 0
1537 0
776 1
858 0
1459 0
140 0
181 1
412 0
954 0
385 0
1479 0
307 0
985 0
830 0
1467 0
154 0
971 0
1463 0
754 0
479 1
847 0
1166 0
1101 0
704 0
1563 0
326 0
1462 0
1003 0
1054 0
681 0
619 0
335 0
1029 0
698 0
5 2
621 0
524 0
2176 0
554 0
552 0
598 1
780 0
1433 0
74 1
240 1
890 0
440 0
230 0
115 0
299 0
602 0
1044 0
1072 0
612 0
1391 0
936 0
91 0
1086 0
701 0
467 0
481 0
474 0
2121 0
867 0
214 1
564 0
817 0
563 0
731 0
657 0
229 0
768 0
1092 0
673 0
503 0
68 0
1483 0
315 0
338 0
761 0
576 0
222 0
1504 0
25 2
738 0
1415 0
484 0
1078 0
1036 0
305 0
623 0
544 0
1512 0
1526 0
217 0
328 0
239 0
122 1
158 1
269 1
1223 0
281 0
363 0
46 0
733 0
630 0
36 2
1418 0
748 0
472 0
1449 0
317 0
608 0
711 0
132 1
1254 0
892 0
2180 0
1428 0
546 0
537 0
1474 0
125 1
522 0
1018 0
44 1
1423 0
2152 0
667 0
1443 0
741 0
998 0
1564 0
714 0
313 0
529 0
1545 0
1058 0
397 0
1096 0
1535 0
459 0
284 0
823 0
247 1
289 0
165 1
1495 0
729 0
771 0
2 1
401 0
845 0
186 0
147 1
973 0
1046 0
319 0
1052 0
1456 0
735 0
404 0
516 0
1493 0
1551 0
702 0
1271 0
636 0
1104 0
561 0
209 0
357 0
117 0
455 0
600 0
80 0
1875 0
336 0
457 0
821 0
696 0
383 0
963 0
297 1
1431 0
92 0
1489 0
980 0
10 2
550 0
1081 0
505 0
670 0
1094 0
958 0
419 0
995 0
837 0
290 0
149 1
712 0
210 0
406 0
2289 0
173 1
530 0
66 1
19 0
1030 0
365 0
763 0
470 0
1524 0
793 0
570 0
654 0
252 0
156 1
283 0
655 0
421 0
59 0
271 0
1070 0
1024 0
491 1
864 0
1016 0
219 0
13 5
105 0
1514 0
925 0
597 0
390 0
111 1
1515 0
1042 0
38 0
1411 0
408 0
1480 0
196 1
242 0
945 0
559 0
32 2
118 1
206 0
443 0
959 0
331 0
358 0
1065 0
737 0
580 1
767 0
2228 0
1020 0
84 0
2173 0
437 0
194 0
220 0
846 1
1021 0
31 2
934 0
1989 0
1553 0
2161 0
948 0
2160 0
572 0
968 0
675 0
226 1
15 0
431 1
527 0
1430 0
382 1
1448 0
62 1
1506 0
139 0
1472 0
129 1
926 0
548 0
859 0
739 0
1083 0
662 0
418 0
783 0
1357 0
168 0
135 1
348 0
1518 0
145 0
49 3
789 0
178 1
124 1
772 0
627 0
993 0
1090 0
1429 0
715 0
23 2
1528 0
364 0
388 0
653 0
1425 0
950 0
1445 0
509 0
1025 0
367 0
976 0
716 0
940 0
1466 0
485 0
778 0
685 0
743 0
21 2
523 0
720 0
460 0
324 1
723 0
453 0
244 1
637 0
351 0
1040 0
488 0
752 0
1012 0
835 0
379 0
1267 0
1032 0
1386 0
1536 0
113 0
1035 0
152 0
452 0
342 0
1419 0
862 0
295 1
579 0
341 0
535 0
1056 0
77 0
683 0
541 0
64 1
1473 0
765 0
312 0
45 0
405 1
237 1
1002 0
370 0
309 0
416 0
100 0
380 0
965 0
300 0
1439 0
824 0
120 0
286 0
1395 0
1075 0
800 0
392 1
254 1
496 0
2254 0
605 0
1568 0
607 0
813 0
42 2
644 0
759 0
851 0
1228 0
235 0
1073 0
694 0
436 0
213 1
94 0
1103 0
1450 0
568 0
265 1
296 0
2273 0
1062 0
791 0
171 1
386 0
445 0
1457 0
200 0
329 0
525 0
27 0
1561 0
161 1
1866 0
109 0
557 0
718 0
1507 0
441 0
868 0
672 0
769 0
1556 0
275 0
983 0
197 0
853 0
751 0
1500 0
60 0
691 0
1067 0
2136 0
346 0
911 0
427 0
677 0
82 0
650 0
2238 0
590 0
69 0
664 0
224 0
79 0
617 1
1420 0
352 1
1006 0
126 0
426 1
1034 0
251 0
996 0
369 0
1533 0
1435 0
1548 0
279 1
651 0
176 0
483 0
498 0
629 0
947 0
256 0
1487 0
372 0
1540 0
920 0
428 0
99 1
72 2
500 0
869 0
1496 0
1200 0
533 0
918 0
1413 0
1108 0
1053 0
462 0
414 0
1014 0
1491 0
263 0
991 0
394 0
610 0
514 0
725 0
513 1
615 0
50 1
476 0
1519 0
1077 0
293 0
967 0
645 0
322 0
469 0
575 0
1088 0
1452 0
1039 0
979 0
709 0
1005 0
28 2
40 1
310 0
699 0
215 1
687 1
960 0
150 1
1038 0
245 0
267 0
543 0
826 0
354 0
1344 0
1064 0
757 0
332 0
9 1
2329 0
1099 0
34 1
603 0
90 1
565 0
1410 0
620 0
1434 0
850 0
1547 0
937 0
1004 0
1045 0
16 1
730 0
921 0
233 0
1069 0
1013 0
1490 0
368 0
316 0
994 0
611 0
849 0
11 0
492 0
208 0
842 0
511 1
1523 0
93 1
292 0
291 0
374 0
114 1
199 1
429 0
409 0
73 2
1091 0
67 1
812 0
241 0
489 0
794 0
327 0
944 0
1080 0
732 0
674 0
1317 0
280 0
957 0
273 0
471 0
622 0
1503 0
1509 0
1416 0
24 2
1936 0
104 2
131 0
1565 0
1558 0
502 0
314 0
1502 0
1513 0
1264 0
355 0
553 0
159 0
747 0
555 0
47 1
1037 0
1427 0
1484 0
37 1
1017 0
855 0
270 0
195 0
1057 0
538 0
680 0
679 0
521 0
1332 0
162 1
880 0
433 0
1441 0
647 0
1399 0
334 0
986 0
786 0
2292 0
740 0
1008 0
1027 0
103 2
201 1
871 0
423 1
719 0
1319 0
1529 0
827 0
266 1
1353 0
174 1
820 0
422 0
97 2
41 0
668 0
52 0
688 0
750 0
1451 0
302 0
774 0
1453 0
866 0
693 0
770 0
593 0
188 1
402 0
641 0
1097 0
838 0
616 0
640 0
83 0
870 0
804 0
1468 0
1464 0
1494 0
962 0
755 0
1085 0
777 0
143 1
464 0
2325 0
2011 0
6 2
1051 0
562 0
1497 0
497 0
183 1
1102 0
518 0
1478 0
362 0
411 0
169 0
2155 0
1542 0
705 0
478 0
384 0
942 0
955 0
407 0
18 2
376 0
1432 0
785 0
599 0
1930 0
609 0
1235 0
190 1
95 1
298 0
923 0
601 0
822 0
243 0
231 1
779 0
551 0
148 0
504 0
343 0
753 0
981 0
697 0
726 0
857 0
707 0
1010 0
106 1
157 0
964 0
65 1
203 0
261 0
1093 0
81 1
2252 0
1023 0
321 0
792 0
86 0
656 0
371 0
204 1
1079 0
1041 0
435 1
814 0
1516 0
1482 0
1412 0
884 0
339 0
760 0
228 0
863 0
749 0
531 0
268 1
345 0
172 1
596 0
1521 0
223 0
721 0
613 0
1043 0
282 1
669 0
420 0
1082 0
121 1
1066 0
952 0
639 0
989 0
1505 0
487 0
494 0
1071 0
238 0
873 0
577 0
253 0
448 0
1417 0
216 0
852 0
643 0
63 0
179 0
1532 0
1105 0
713 0
2193 0
676 0
1334 0
277 0
938 0
1095 0
1262 0
1444 0
1290 0
1527 0
133 0
123 0
304 0
547 0
631 0
1538 0
1544 0
258 1
396 1
1422 0
482 0
949 0
499 0
56 2
54 1
306 0
70 1
1047 0
1055 0
166 1
88 1
1009 0
30 0
141 1
909 0
403 0
466 0
75 1
134 1
618 0
848 0
450 0
1455 0
1060 0
1492 0
703 0
318 0
972 0
473 0
1100 0
1461 0
185 0
3 2
248 0
146 0
356 0
4 2
528 0
164 0
807 0
