*Vertices 4794
0.0134119
0.00798692
0.00673546
0.00648753
0.0064403
0.00629272
0.00607431
0.00590312
0.00528919
0.00518884
0.00501765
0.00485827
0.00482285
0.00465166
0.00451589
0.00429157
0.00407315
0.00406135
0.00400231
0.00400231
0.00380161
0.0037957
0.00369535
0.00361271
0.00353597
0.00342971
0.00341791
0.00337068
0.00335887
0.00329394
0.00325262
0.0032113
0.00318178
0.0030224
0.00299878
0.00297517
0.00288072
0.00288072
0.00285121
0.00282759
0.00282169
0.00281579
0.00280398
0.00280398
0.00280398
0.00271543
0.00270953
0.0026446
0.00260918
0.00257376
0.00255015
0.00251473
0.00249702
0.00249112
0.00247341
0.00243799
0.00243799
0.00242618
0.00239667
0.00239076
0.00237305
0.00236125
0.00234944
0.00234354
0.00233763
0.00233763
0.00231993
0.00230222
0.00229631
0.0022786
0.0022727
0.0022727
0.0022668
0.00226089
0.00225499
0.00221367
0.00220186
0.00219006
0.00217825
0.00216644
0.00216054
0.00215464
0.00211922
0.00210741
0.00206609
0.00203067
0.00200706
0.00200116
0.00197164
0.00195984
0.00195984
0.00195393
0.00192442
0.00192442
0.0019008
0.00188309
0.00187129
0.00185358
0.00184768
0.00184177
0.00182997
0.00182997
0.00181226
0.00180635
0.00180635
0.00179455
0.00178864
0.00178274
0.00177684
0.00176503
0.00176503
0.00175913
0.00174142
0.00172961
0.0017119
0.0017119
0.001706
0.0017001
0.00168239
0.00167649
0.00167649
0.00167649
0.00167058
0.00167058
0.00164107
0.00161155
0.00161155
0.00160565
0.00159384
0.00159384
0.00157023
0.00156433
0.00155842
0.00155842
0.00153481
0.00153481
0.00152891
0.0015171
0.0015171
0.0015053
0.00149349
0.00148168
0.00147578
0.00146397
0.00144036
0.00144036
0.00144036
0.00143446
0.00142855
0.00142855
0.00142855
0.00141675
0.00141085
0.00139904
0.00139904
0.00139314
0.00138723
0.00137543
0.00137543
0.00136952
0.00135772
0.00135181
0.00134591
0.00134001
0.00134001
0.00134001
0.0013341
0.0013282
0.0013223
0.00131049
0.00131049
0.00130459
0.00129869
0.00128688
0.00126917
0.00126327
0.00125146
0.00124556
0.00123965
0.00123965
0.00122785
0.00122785
0.00121604
0.00121014
0.00119833
0.00119243
0.00119243
0.00118653
0.00118653
0.00118062
0.00118062
0.00117472
0.00116882
0.00116882
0.00116291
0.00116291
0.00115701
0.00115701
0.00115701
0.00115701
0.00115701
0.00115111
0.00115111
0.00115111
0.0011452
0.0011452
0.0011393
0.0011393
0.0011334
0.0011334
0.0011334
0.00112159
0.00112159
0.00112159
0.00111569
0.00110979
0.00110979
0.00110979
0.00109798
0.00109798
0.00109798
0.00109798
0.00109208
0.00108617
0.00106846
0.00106846
0.00106846
0.00106846
0.00106846
0.00106846
0.00106256
0.00106256
0.00106256
0.00105666
0.00105666
0.00105666
0.00104485
0.00103895
0.00102714
0.00102714
0.00102124
0.00102124
0.00102124
0.00101534
0.00100353
0.00100353
0.00100353
0.000997627
0.000979918
0.000968111
0.000962208
0.000950402
0.000950402
0.000938596
0.000938596
0.00092679
0.00092679
0.00092679
0.000920886
0.000920886
0.000920886
0.000920886
0.000920886
0.00090908
0.00090908
0.00090908
0.00090908
0.000903177
0.000903177
0.000897274
0.000897274
0.000879565
0.000879565
0.000879565
0.000879565
0.000879565
0.000873661
0.000873661
0.000873661
0.000873661
0.000867758
0.000867758
0.000867758
0.000861855
0.000861855
0.000855952
0.000855952
0.000850049
0.000850049
0.000844146
0.000838243
0.00083234
0.00083234
0.000826437
0.000826437
0.000820533
0.00081463
0.00081463
0.000808727
0.000808727
0.000808727
0.000808727
0.000802824
0.000802824
0.000796921
0.000791018
0.000791018
0.000791018
0.000791018
0.000791018
0.000791018
0.000791018
0.000779212
0.000779212
0.000779212
0.000779212
0.000779212
0.000779212
0.000773308
0.000773308
0.000773308
0.000773308
0.000767405
0.000767405
0.000761502
0.000755599
0.000755599
0.000749696
0.000743793
0.000743793
0.000743793
0.000743793
0.000743793
0.000743793
0.00073789
0.00073789
0.000731987
0.000731987
0.000726084
0.000726084
0.00072018
0.00072018
0.00072018
0.00072018
0.000708374
0.000708374
0.000696568
0.000696568
0.000696568
0.000690665
0.000690665
0.000684762
0.000684762
0.000684762
0.000684762
0.000678859
0.000672955
0.000672955
0.000672955
0.000672955
0.000667052
0.000667052
0.000661149
0.000661149
0.000661149
0.000661149
0.000661149
0.000655246
0.000655246
0.000649343
0.000649343
0.000649343
0.00064344
0.00064344
0.000637537
0.000637537
0.000637537
0.000637537
0.000637537
0.000637537
0.000637537
0.000637537
0.000637537
0.000637537
0.000631634
0.000631634
0.000625731
0.000625731
0.000625731
0.000625731
0.000625731
0.000619827
0.000619827
0.000619827
0.000619827
0.000619827
0.000613924
0.000613924
0.000613924
0.000613924
0.000608021
0.000608021
0.000602118
0.000602118
0.000602118
0.000602118
0.000602118
0.000602118
0.000602118
0.000602118
0.000596215
0.000590312
0.000590312
0.000590312
0.000590312
0.000590312
0.000590312
0.000584409
0.000584409
0.000584409
0.000584409
0.000578506
0.000578506
0.000578506
0.000578506
0.000578506
0.000578506
0.000578506
0.000572602
0.000572602
0.000572602
0.000566699
0.000566699
0.000566699
0.000566699
0.000560796
0.000560796
0.000560796
0.000560796
0.000560796
0.000560796
0.000554893
0.000554893
0.000554893
0.000554893
0.000554893
0.000554893
0.000554893
0.00054899
0.000543087
0.000543087
0.000543087
0.000543087
0.000543087
0.000543087
0.000543087
0.000531281
0.000531281
0.000531281
0.000531281
0.000531281
0.000525378
0.000525378
0.000519474
0.000519474
0.000519474
0.000507668
0.000507668
0.000507668
0.000507668
0.000507668
0.000507668
0.000507668
0.000507668
0.000507668
0.000501765
0.000501765
0.000495862
0.000495862
0.000495862
0.000495862
0.000495862
0.000495862
0.000495862
0.000495862
0.000495862
0.000489959
0.000489959
0.000489959
0.000489959
0.000484056
0.000484056
0.000484056
0.000484056
0.000484056
0.000484056
0.000484056
0.000484056
0.000484056
0.000478153
0.000478153
0.000478153
0.000472249
0.000472249
0.000472249
0.000472249
0.000472249
0.000472249
0.000472249
0.000472249
0.000472249
0.000466346
0.000466346
0.000466346
0.000466346
0.000460443
0.000460443
0.000460443
0.000460443
0.000460443
0.00045454
0.00045454
0.00045454
0.00045454
0.00045454
0.000448637
0.000448637
0.000448637
0.000448637
0.000442734
0.000436831
0.000436831
0.000436831
0.000436831
0.000436831
0.000436831
0.000430928
0.000430928
0.000430928
0.000425024
0.000425024
0.000425024
0.000425024
0.000425024
0.000425024
0.000425024
0.000425024
0.000425024
0.000425024
0.000425024
0.000425024
0.000425024
0.000419121
0.000419121
0.000413218
0.000413218
0.000413218
0.000413218
0.000413218
0.000413218
0.000413218
0.000413218
0.000413218
0.000413218
0.000413218
0.000401412
0.000401412
0.000401412
0.000401412
0.000401412
0.000401412
0.000401412
0.000401412
0.000401412
0.000395509
0.000395509
0.000395509
0.000395509
0.000395509
0.000389606
0.000389606
0.000389606
0.000389606
0.000389606
0.000389606
0.000389606
0.000389606
0.000383703
0.000383703
0.000383703
0.000383703
0.0003778
0.0003778
0.0003778
0.0003778
0.0003778
0.0003778
0.0003778
0.000371896
0.000371896
0.000371896
0.000371896
0.000371896
0.000365993
0.000365993
0.000365993
0.000365993
0.000365993
0.000365993
0.000365993
0.000365993
0.000365993
0.000365993
0.000365993
0.000365993
0.000365993
0.00036009
0.00036009
0.000354187
0.000354187
0.000354187
0.000354187
0.000354187
0.000354187
0.000354187
0.000354187
0.000354187
0.000354187
0.000354187
0.000354187
0.000354187
0.000354187
0.000354187
0.000354187
0.000354187
0.000354187
0.000354187
0.000354187
0.000348284
0.000348284
0.000348284
0.000348284
0.000348284
0.000348284
0.000342381
0.000342381
0.000342381
0.000342381
0.000342381
0.000342381
0.000342381
0.000342381
0.000342381
0.000336478
0.000330575
0.000330575
0.000330575
0.000330575
0.000330575
0.000330575
0.000330575
0.000330575
0.000330575
0.000330575
0.000330575
0.000330575
0.000330575
0.000324671
0.000324671
0.000324671
0.000324671
0.000324671
0.000318768
0.000318768
0.000318768
0.000318768
0.000318768
0.000318768
0.000318768
0.000318768
0.000318768
0.000318768
0.000318768
0.000318768
0.000318768
0.000312865
0.000306962
0.000306962
0.000306962
0.000306962
0.000306962
0.000306962
0.000306962
0.000306962
0.000306962
0.000306962
0.000306962
0.000306962
0.000306962
0.000306962
0.000301059
0.000301059
0.000301059
0.000301059
0.000301059
0.000295156
0.000295156
0.000295156
0.000295156
0.000295156
0.000295156
0.000295156
0.000295156
0.000295156
0.000295156
0.000295156
0.000295156
0.000295156
0.000295156
0.000295156
0.000295156
0.000295156
0.000295156
0.000295156
0.000295156
0.000295156
0.000295156
0.000295156
0.000289253
0.000289253
0.000289253
0.00028335
0.00028335
0.00028335
0.00028335
0.00028335
0.00028335
0.00028335
0.00028335
0.00028335
0.00028335
0.00028335
0.00028335
0.00028335
0.00028335
0.00028335
0.00028335
0.00028335
0.00028335
0.00028335
0.000277447
0.000277447
0.000277447
0.000277447
0.000271543
0.000271543
0.000271543
0.000271543
0.000271543
0.000271543
0.000271543
0.000271543
0.000271543
0.000271543
0.000271543
0.000271543
0.000271543
0.000271543
0.000271543
0.000271543
0.000271543
0.000271543
0.000271543
0.00026564
0.00026564
0.00026564
0.00026564
0.00026564
0.00026564
0.00026564
0.000259737
0.000259737
0.000259737
0.000259737
0.000259737
0.000259737
0.000259737
0.000259737
0.000259737
0.000259737
0.000259737
0.000259737
0.000259737
0.000259737
0.000259737
0.000259737
0.000259737
0.000259737
0.000259737
0.000259737
0.000259737
0.000259737
0.000259737
0.000259737
0.000259737
0.000253834
0.000253834
0.000247931
0.000247931
0.000247931
0.000247931
0.000247931
0.000247931
0.000247931
0.000247931
0.000247931
0.000247931
0.000247931
0.000247931
0.000247931
0.000247931
0.000247931
0.000247931
0.000247931
0.000247931
0.000247931
0.000247931
0.000247931
0.000247931
0.000247931
0.000247931
0.000247931
0.000242028
0.000242028
0.000236125
0.000236125
0.000236125
0.000236125
0.000236125
0.000236125
0.000236125
0.000236125
0.000236125
0.000236125
0.000236125
0.000236125
0.000236125
0.000236125
0.000236125
0.000236125
0.000236125
0.000236125
0.000236125
0.000236125
0.000236125
0.000236125
0.000236125
0.000236125
0.000236125
0.000236125
0.000236125
0.000236125
0.000236125
0.000236125
0.000236125
0.000236125
0.000230222
0.000230222
0.000230222
0.000230222
0.000230222
0.000230222
0.000224318
0.000224318
0.000224318
0.000224318
0.000224318
0.000224318
0.000224318
0.000224318
0.000224318
0.000224318
0.000224318
0.000224318
0.000224318
0.000224318
0.000224318
0.000224318
0.000224318
0.000224318
0.000224318
0.000224318
0.000224318
0.000218415
0.000218415
0.000218415
0.000218415
0.000212512
0.000212512
0.000212512
0.000212512
0.000212512
0.000212512
0.000212512
0.000212512
0.000212512
0.000212512
0.000212512
0.000212512
0.000212512
0.000212512
0.000212512
0.000212512
0.000212512
0.000212512
0.000212512
0.000212512
0.000212512
0.000212512
0.000212512
0.000206609
0.000206609
0.000206609
0.000200706
0.000200706
0.000200706
0.000200706
0.000200706
0.000200706
0.000200706
0.000200706
0.000200706
0.000200706
0.000200706
0.000200706
0.000200706
0.000200706
0.000200706
0.000200706
0.000200706
0.000194803
0.000194803
0.000194803
0.000194803
0.000194803
0.000194803
0.0001889
0.0001889
0.0001889
0.0001889
0.0001889
0.0001889
0.0001889
0.0001889
0.0001889
0.0001889
0.0001889
0.0001889
0.0001889
0.0001889
0.0001889
0.0001889
0.0001889
0.0001889
0.0001889
0.0001889
0.0001889
0.0001889
0.0001889
0.0001889
0.0001889
0.0001889
0.0001889
0.0001889
0.0001889
0.0001889
0.0001889
0.0001889
0.0001889
0.0001889
0.0001889
0.0001889
0.0001889
0.0001889
0.0001889
0.0001889
0.0001889
0.0001889
0.0001889
0.0001889
0.0001889
0.0001889
0.0001889
0.0001889
0.0001889
0.0001889
0.0001889
0.0001889
0.0001889
0.000182997
0.000182997
0.000182997
0.000182997
0.000182997
0.000177094
0.000177094
0.000177094
0.000177094
0.000177094
0.000177094
0.000177094
0.000177094
0.000177094
0.000177094
0.000177094
0.000177094
0.000177094
0.000177094
0.000177094
0.000177094
0.000177094
0.000177094
0.000177094
0.000177094
0.000177094
0.000177094
0.000177094
0.000177094
0.000177094
0.000177094
0.000177094
0.000177094
0.000177094
0.000177094
0.000177094
0.000177094
0.000177094
0.000177094
0.000177094
0.000177094
0.000177094
0.000177094
0.000177094
0.000177094
0.000177094
0.000177094
0.000177094
0.000177094
0.000177094
0.000177094
0.000177094
0.000177094
0.000177094
0.000177094
0.000177094
0.000177094
0.00017119
0.00017119
0.00017119
0.00017119
0.00017119
0.00017119
0.000165287
0.000165287
0.000165287
0.000165287
0.000165287
0.000165287
0.000165287
0.000165287
0.000165287
0.000165287
0.000165287
0.000165287
0.000165287
0.000165287
0.000165287
0.000165287
0.000165287
0.000165287
0.000165287
0.000165287
0.000165287
0.000165287
0.000165287
0.000165287
0.000165287
0.000159384
0.000159384
0.000159384
0.000159384
0.000159384
0.000159384
0.000153481
0.000153481
0.000153481
0.000153481
0.000153481
0.000153481
0.000153481
0.000153481
0.000153481
0.000153481
0.000153481
0.000153481
0.000153481
0.000153481
0.000153481
0.000153481
0.000153481
0.000153481
0.000153481
0.000153481
0.000153481
0.000153481
0.000153481
0.000153481
0.000153481
0.000153481
0.000153481
0.000153481
0.000153481
0.000153481
0.000153481
0.000153481
0.000153481
0.000153481
0.000153481
0.000153481
0.000153481
0.000153481
0.000153481
0.000153481
0.000153481
0.000147578
0.000147578
0.000147578
0.000147578
0.000147578
0.000141675
0.000141675
0.000141675
0.000141675
0.000141675
0.000141675
0.000141675
0.000141675
0.000141675
0.000141675
0.000141675
0.000141675
0.000141675
0.000141675
0.000141675
0.000141675
0.000141675
0.000141675
0.000141675
0.000141675
0.000141675
0.000141675
0.000141675
0.000141675
0.000141675
0.000141675
0.000141675
0.000141675
0.000141675
0.000141675
0.000141675
0.000141675
0.000141675
0.000141675
0.000141675
0.000141675
0.000141675
0.000141675
0.000141675
0.000141675
0.000141675
0.000141675
0.000141675
0.000141675
0.000141675
0.000141675
0.000141675
0.000141675
0.000141675
0.000141675
0.000141675
0.000141675
0.000141675
0.000141675
0.000141675
0.000141675
0.000141675
0.000141675
0.000141675
0.000141675
0.000141675
0.000141675
0.000141675
0.000141675
0.000141675
0.000141675
0.000141675
0.000141675
0.000135772
0.000129869
0.000129869
0.000129869
0.000129869
0.000129869
0.000129869
0.000129869
0.000129869
0.000129869
0.000129869
0.000129869
0.000129869
0.000129869
0.000129869
0.000129869
0.000129869
0.000129869
0.000129869
0.000129869
0.000129869
0.000129869
0.000129869
0.000129869
0.000129869
0.000129869
0.000129869
0.000129869
0.000129869
0.000129869
0.000129869
0.000129869
0.000129869
0.000129869
0.000129869
0.000129869
0.000129869
0.000129869
0.000129869
0.000123965
0.000123965
0.000123965
0.000123965
0.000123965
0.000123965
0.000123965
0.000123965
0.000123965
0.000118062
0.000118062
0.000118062
0.000118062
0.000118062
0.000118062
0.000118062
0.000118062
0.000118062
0.000118062
0.000118062
0.000118062
0.000118062
0.000118062
0.000118062
0.000118062
0.000118062
0.000118062
0.000118062
0.000118062
0.000118062
0.000118062
0.000118062
0.000118062
0.000118062
0.000118062
0.000118062
0.000118062
0.000118062
0.000118062
0.000118062
0.000118062
0.000118062
0.000118062
0.000118062
0.000118062
0.000118062
0.000118062
0.000118062
0.000118062
0.000118062
0.000118062
0.000118062
0.000118062
0.000118062
0.000118062
0.000118062
0.000118062
0.000118062
0.000118062
0.000118062
0.000118062
0.000118062
0.000118062
0.000118062
0.000118062
0.000118062
0.000118062
0.000118062
0.000118062
0.000118062
0.000118062
0.000118062
0.000118062
0.000118062
0.000118062
0.000118062
0.000118062
0.000118062
0.000118062
0.000118062
0.000118062
0.000118062
0.000118062
0.000118062
0.000118062
0.000118062
0.000118062
0.000118062
0.000118062
0.000118062
0.000118062
0.000118062
0.000118062
0.000118062
0.000118062
0.000118062
0.000118062
0.000118062
0.000118062
0.000118062
0.000118062
0.000118062
0.000118062
0.000118062
0.000118062
0.000118062
0.000118062
0.000118062
0.000118062
0.000118062
0.000118062
0.000118062
0.000118062
0.000118062
0.000118062
0.000118062
0.000118062
0.000118062
0.000118062
0.000118062
0.000118062
0.000118062
0.000118062
0.000118062
0.000118062
0.000118062
0.000118062
0.000118062
0.000118062
0.000118062
0.000118062
0.000118062
0.000118062
0.000118062
0.000118062
0.000118062
0.000118062
0.000118062
0.000112159
0.000112159
0.000112159
0.000106256
0.000106256
0.000106256
0.000106256
0.000106256
0.000106256
0.000106256
0.000106256
0.000106256
0.000106256
0.000106256
0.000106256
0.000106256
0.000106256
0.000106256
0.000106256
0.000106256
0.000106256
0.000106256
0.000106256
0.000106256
0.000106256
0.000106256
0.000106256
0.000106256
0.000106256
0.000106256
0.000106256
0.000106256
0.000106256
0.000106256
0.000106256
0.000106256
0.000106256
0.000106256
0.000106256
0.000106256
0.000106256
0.000106256
0.000106256
0.000106256
0.000106256
0.000106256
0.000106256
0.000106256
0.000106256
0.000106256
0.000106256
0.000106256
0.000106256
0.000106256
0.000106256
0.000106256
0.000106256
0.000106256
0.000106256
0.000106256
0.000106256
0.000106256
0.000106256
0.000106256
0.000106256
0.000106256
0.000106256
0.000106256
0.000106256
0.000106256
0.000106256
0.000106256
0.000106256
0.000106256
0.000106256
0.000106256
0.000106256
0.000106256
0.000106256
0.000106256
0.000106256
0.000106256
0.000106256
0.000106256
0.000106256
0.000106256
0.000106256
0.000106256
0.000106256
0.000106256
0.000106256
0.000106256
0.000106256
0.000106256
0.000106256
0.000106256
0.000106256
0.000106256
0.000106256
0.000106256
0.000106256
0.000106256
0.000106256
0.000106256
0.000106256
0.000106256
0.000106256
0.000106256
0.000106256
0.000106256
0.000106256
0.000106256
0.000106256
0.000106256
0.000106256
0.000106256
0.000106256
0.000106256
0.000106256
0.000106256
0.000100353
0.000100353
0.000100353
0.000100353
9.44499e-05
9.44499e-05
9.44499e-05
9.44499e-05
9.44499e-05
9.44499e-05
9.44499e-05
9.44499e-05
9.44499e-05
9.44499e-05
9.44499e-05
9.44499e-05
9.44499e-05
9.44499e-05
9.44499e-05
9.44499e-05
9.44499e-05
9.44499e-05
9.44499e-05
9.44499e-05
9.44499e-05
9.44499e-05
9.44499e-05
9.44499e-05
9.44499e-05
9.44499e-05
9.44499e-05
9.44499e-05
9.44499e-05
9.44499e-05
9.44499e-05
9.44499e-05
9.44499e-05
8.85468e-05
8.85468e-05
8.85468e-05
8.26437e-05
8.26437e-05
8.26437e-05
8.26437e-05
8.26437e-05
8.26437e-05
8.26437e-05
8.26437e-05
8.26437e-05
8.26437e-05
8.26437e-05
8.26437e-05
8.26437e-05
8.26437e-05
8.26437e-05
8.26437e-05
8.26437e-05
8.26437e-05
8.26437e-05
8.26437e-05
8.26437e-05
8.26437e-05
8.26437e-05
8.26437e-05
8.26437e-05
8.26437e-05
8.26437e-05
8.26437e-05
8.26437e-05
8.26437e-05
8.26437e-05
8.26437e-05
8.26437e-05
8.26437e-05
8.26437e-05
8.26437e-05
8.26437e-05
8.26437e-05
8.26437e-05
8.26437e-05
8.26437e-05
8.26437e-05
8.26437e-05
8.26437e-05
8.26437e-05
8.26437e-05
8.26437e-05
8.26437e-05
8.26437e-05
8.26437e-05
8.26437e-05
8.26437e-05
8.26437e-05
8.26437e-05
8.26437e-05
8.26437e-05
8.26437e-05
8.26437e-05
8.26437e-05
8.26437e-05
8.26437e-05
8.26437e-05
8.26437e-05
8.26437e-05
8.26437e-05
8.26437e-05
8.26437e-05
8.26437e-05
8.26437e-05
8.26437e-05
8.26437e-05
8.26437e-05
8.26437e-05
8.26437e-05
8.26437e-05
8.26437e-05
8.26437e-05
7.67405e-05
7.67405e-05
7.67405e-05
7.67405e-05
7.67405e-05
7.67405e-05
7.08374e-05
7.08374e-05
7.08374e-05
7.08374e-05
7.08374e-05
7.08374e-05
7.08374e-05
7.08374e-05
7.08374e-05
7.08374e-05
7.08374e-05
7.08374e-05
7.08374e-05
7.08374e-05
7.08374e-05
7.08374e-05
7.08374e-05
7.08374e-05
7.08374e-05
7.08374e-05
7.08374e-05
7.08374e-05
7.08374e-05
7.08374e-05
7.08374e-05
7.08374e-05
7.08374e-05
7.08374e-05
7.08374e-05
7.08374e-05
7.08374e-05
7.08374e-05
7.08374e-05
7.08374e-05
7.08374e-05
7.08374e-05
7.08374e-05
7.08374e-05
7.08374e-05
7.08374e-05
7.08374e-05
7.08374e-05
7.08374e-05
7.08374e-05
7.08374e-05
7.08374e-05
7.08374e-05
7.08374e-05
7.08374e-05
7.08374e-05
7.08374e-05
7.08374e-05
7.08374e-05
7.08374e-05
7.08374e-05
7.08374e-05
7.08374e-05
7.08374e-05
7.08374e-05
7.08374e-05
7.08374e-05
7.08374e-05
7.08374e-05
7.08374e-05
7.08374e-05
7.08374e-05
7.08374e-05
7.08374e-05
7.08374e-05
7.08374e-05
7.08374e-05
7.08374e-05
7.08374e-05
7.08374e-05
7.08374e-05
7.08374e-05
7.08374e-05
7.08374e-05
7.08374e-05
7.08374e-05
7.08374e-05
7.08374e-05
7.08374e-05
7.08374e-05
7.08374e-05
7.08374e-05
7.08374e-05
7.08374e-05
7.08374e-05
7.08374e-05
7.08374e-05
7.08374e-05
7.08374e-05
7.08374e-05
7.08374e-05
7.08374e-05
7.08374e-05
7.08374e-05
7.08374e-05
7.08374e-05
7.08374e-05
7.08374e-05
7.08374e-05
7.08374e-05
7.08374e-05
7.08374e-05
7.08374e-05
7.08374e-05
7.08374e-05
7.08374e-05
7.08374e-05
7.08374e-05
7.08374e-05
7.08374e-05
7.08374e-05
7.08374e-05
7.08374e-05
7.08374e-05
7.08374e-05
7.08374e-05
7.08374e-05
7.08374e-05
7.08374e-05
7.08374e-05
7.08374e-05
7.08374e-05
7.08374e-05
7.08374e-05
7.08374e-05
7.08374e-05
7.08374e-05
7.08374e-05
7.08374e-05
7.08374e-05
7.08374e-05
7.08374e-05
7.08374e-05
7.08374e-05
7.08374e-05
7.08374e-05
7.08374e-05
7.08374e-05
7.08374e-05
7.08374e-05
7.08374e-05
7.08374e-05
7.08374e-05
7.08374e-05
7.08374e-05
7.08374e-05
7.08374e-05
7.08374e-05
7.08374e-05
7.08374e-05
7.08374e-05
7.08374e-05
7.08374e-05
7.08374e-05
7.08374e-05
7.08374e-05
7.08374e-05
7.08374e-05
7.08374e-05
7.08374e-05
7.08374e-05
7.08374e-05
7.08374e-05
7.08374e-05
7.08374e-05
7.08374e-05
7.08374e-05
7.08374e-05
7.08374e-05
7.08374e-05
7.08374e-05
7.08374e-05
7.08374e-05
7.08374e-05
7.08374e-05
7.08374e-05
7.08374e-05
7.08374e-05
7.08374e-05
7.08374e-05
7.08374e-05
7.08374e-05
7.08374e-05
7.08374e-05
7.08374e-05
7.08374e-05
7.08374e-05
7.08374e-05
7.08374e-05
7.08374e-05
7.08374e-05
7.08374e-05
7.08374e-05
7.08374e-05
7.08374e-05
7.08374e-05
7.08374e-05
7.08374e-05
7.08374e-05
7.08374e-05
7.08374e-05
7.08374e-05
7.08374e-05
7.08374e-05
7.08374e-05
7.08374e-05
7.08374e-05
7.08374e-05
7.08374e-05
7.08374e-05
7.08374e-05
7.08374e-05
7.08374e-05
7.08374e-05
7.08374e-05
7.08374e-05
7.08374e-05
7.08374e-05
7.08374e-05
7.08374e-05
7.08374e-05
7.08374e-05
7.08374e-05
7.08374e-05
7.08374e-05
7.08374e-05
7.08374e-05
7.08374e-05
7.08374e-05
7.08374e-05
7.08374e-05
7.08374e-05
7.08374e-05
7.08374e-05
7.08374e-05
7.08374e-05
7.08374e-05
7.08374e-05
7.08374e-05
7.08374e-05
7.08374e-05
7.08374e-05
7.08374e-05
7.08374e-05
7.08374e-05
7.08374e-05
7.08374e-05
7.08374e-05
7.08374e-05
7.08374e-05
7.08374e-05
7.08374e-05
7.08374e-05
7.08374e-05
7.08374e-05
7.08374e-05
7.08374e-05
7.08374e-05
7.08374e-05
7.08374e-05
7.08374e-05
7.08374e-05
7.08374e-05
7.08374e-05
7.08374e-05
7.08374e-05
7.08374e-05
7.08374e-05
7.08374e-05
7.08374e-05
7.08374e-05
7.08374e-05
7.08374e-05
7.08374e-05
7.08374e-05
7.08374e-05
7.08374e-05
7.08374e-05
7.08374e-05
7.08374e-05
7.08374e-05
7.08374e-05
7.08374e-05
7.08374e-05
7.08374e-05
7.08374e-05
7.08374e-05
7.08374e-05
7.08374e-05
7.08374e-05
7.08374e-05
7.08374e-05
7.08374e-05
7.08374e-05
7.08374e-05
7.08374e-05
7.08374e-05
7.08374e-05
7.08374e-05
7.08374e-05
7.08374e-05
7.08374e-05
7.08374e-05
7.08374e-05
7.08374e-05
7.08374e-05
7.08374e-05
7.08374e-05
7.08374e-05
7.08374e-05
7.08374e-05
7.08374e-05
7.08374e-05
7.08374e-05
7.08374e-05
7.08374e-05
7.08374e-05
7.08374e-05
7.08374e-05
7.08374e-05
7.08374e-05
7.08374e-05
7.08374e-05
7.08374e-05
7.08374e-05
7.08374e-05
7.08374e-05
7.08374e-05
7.08374e-05
7.08374e-05
7.08374e-05
7.08374e-05
7.08374e-05
7.08374e-05
7.08374e-05
7.08374e-05
7.08374e-05
7.08374e-05
7.08374e-05
7.08374e-05
7.08374e-05
7.08374e-05
7.08374e-05
7.08374e-05
7.08374e-05
7.08374e-05
7.08374e-05
7.08374e-05
7.08374e-05
7.08374e-05
7.08374e-05
7.08374e-05
7.08374e-05
7.08374e-05
7.08374e-05
7.08374e-05
7.08374e-05
7.08374e-05
7.08374e-05
7.08374e-05
7.08374e-05
7.08374e-05
7.08374e-05
7.08374e-05
7.08374e-05
7.08374e-05
7.08374e-05
7.08374e-05
7.08374e-05
7.08374e-05
7.08374e-05
7.08374e-05
7.08374e-05
7.08374e-05
7.08374e-05
7.08374e-05
7.08374e-05
7.08374e-05
7.08374e-05
7.08374e-05
7.08374e-05
7.08374e-05
7.08374e-05
7.08374e-05
7.08374e-05
7.08374e-05
7.08374e-05
7.08374e-05
7.08374e-05
7.08374e-05
7.08374e-05
7.08374e-05
7.08374e-05
7.08374e-05
7.08374e-05
7.08374e-05
7.08374e-05
7.08374e-05
7.08374e-05
7.08374e-05
7.08374e-05
7.08374e-05
7.08374e-05
7.08374e-05
7.08374e-05
7.08374e-05
7.08374e-05
7.08374e-05
7.08374e-05
7.08374e-05
7.08374e-05
7.08374e-05
7.08374e-05
7.08374e-05
7.08374e-05
7.08374e-05
7.08374e-05
7.08374e-05
7.08374e-05
7.08374e-05
7.08374e-05
7.08374e-05
7.08374e-05
7.08374e-05
7.08374e-05
7.08374e-05
7.08374e-05
5.90312e-05
5.90312e-05
5.90312e-05
5.90312e-05
5.90312e-05
5.90312e-05
5.90312e-05
5.90312e-05
5.90312e-05
5.90312e-05
5.90312e-05
5.90312e-05
5.90312e-05
5.90312e-05
5.90312e-05
5.90312e-05
5.90312e-05
5.90312e-05
5.90312e-05
5.90312e-05
5.90312e-05
5.90312e-05
5.90312e-05
5.90312e-05
5.90312e-05
5.90312e-05
5.90312e-05
5.90312e-05
5.90312e-05
5.90312e-05
5.90312e-05
5.90312e-05
5.90312e-05
5.90312e-05
5.90312e-05
5.90312e-05
5.90312e-05
5.90312e-05
5.31281e-05
5.31281e-05
5.31281e-05
5.31281e-05
5.31281e-05
5.31281e-05
4.72249e-05
4.72249e-05
4.72249e-05
4.72249e-05
4.72249e-05
4.72249e-05
4.72249e-05
4.72249e-05
4.72249e-05
4.72249e-05
4.72249e-05
4.72249e-05
4.72249e-05
4.72249e-05
4.72249e-05
4.72249e-05
4.72249e-05
4.72249e-05
4.72249e-05
4.72249e-05
4.72249e-05
4.72249e-05
4.72249e-05
4.72249e-05
4.72249e-05
4.72249e-05
4.72249e-05
4.72249e-05
4.72249e-05
4.72249e-05
4.72249e-05
4.72249e-05
4.72249e-05
4.72249e-05
4.72249e-05
4.72249e-05
4.72249e-05
4.72249e-05
4.72249e-05
4.72249e-05
4.72249e-05
4.72249e-05
4.72249e-05
4.72249e-05
4.72249e-05
4.72249e-05
4.72249e-05
4.72249e-05
4.72249e-05
4.72249e-05
4.72249e-05
4.72249e-05
4.72249e-05
4.72249e-05
4.72249e-05
4.72249e-05
4.72249e-05
4.72249e-05
4.72249e-05
4.72249e-05
4.72249e-05
4.72249e-05
4.72249e-05
4.72249e-05
4.72249e-05
4.72249e-05
4.72249e-05
4.72249e-05
4.72249e-05
4.72249e-05
4.72249e-05
4.72249e-05
4.72249e-05
4.72249e-05
4.72249e-05
4.72249e-05
4.72249e-05
4.72249e-05
4.72249e-05
4.72249e-05
4.72249e-05
4.72249e-05
4.72249e-05
4.72249e-05
4.72249e-05
4.72249e-05
4.72249e-05
4.72249e-05
4.72249e-05
4.72249e-05
4.72249e-05
4.72249e-05
4.72249e-05
4.72249e-05
4.72249e-05
4.72249e-05
4.72249e-05
4.72249e-05
4.72249e-05
4.72249e-05
4.72249e-05
4.72249e-05
4.72249e-05
4.72249e-05
4.72249e-05
4.72249e-05
4.72249e-05
4.72249e-05
4.72249e-05
4.72249e-05
4.72249e-05
4.72249e-05
4.72249e-05
4.72249e-05
4.72249e-05
4.72249e-05
4.72249e-05
4.72249e-05
4.72249e-05
4.72249e-05
4.72249e-05
4.72249e-05
4.72249e-05
4.72249e-05
4.72249e-05
4.13218e-05
4.13218e-05
4.13218e-05
4.13218e-05
4.13218e-05
3.54187e-05
3.54187e-05
3.54187e-05
3.54187e-05
3.54187e-05
3.54187e-05
3.54187e-05
3.54187e-05
3.54187e-05
3.54187e-05
3.54187e-05
3.54187e-05
3.54187e-05
3.54187e-05
3.54187e-05
3.54187e-05
3.54187e-05
3.54187e-05
3.54187e-05
3.54187e-05
3.54187e-05
3.54187e-05
3.54187e-05
3.54187e-05
3.54187e-05
3.54187e-05
3.54187e-05
3.54187e-05
3.54187e-05
3.54187e-05
3.54187e-05
3.54187e-05
3.54187e-05
3.54187e-05
3.54187e-05
3.54187e-05
3.54187e-05
3.54187e-05
3.54187e-05
3.54187e-05
3.54187e-05
3.54187e-05
3.54187e-05
3.54187e-05
3.54187e-05
3.54187e-05
3.54187e-05
3.54187e-05
3.54187e-05
3.54187e-05
3.54187e-05
3.54187e-05
3.54187e-05
3.54187e-05
3.54187e-05
3.54187e-05
3.54187e-05
3.54187e-05
3.54187e-05
3.54187e-05
3.54187e-05
3.54187e-05
3.54187e-05
3.54187e-05
3.54187e-05
3.54187e-05
3.54187e-05
3.54187e-05
3.54187e-05
3.54187e-05
3.54187e-05
3.54187e-05
3.54187e-05
3.54187e-05
3.54187e-05
3.54187e-05
3.54187e-05
3.54187e-05
3.54187e-05
3.54187e-05
3.54187e-05
3.54187e-05
3.54187e-05
3.54187e-05
3.54187e-05
3.54187e-05
3.54187e-05
3.54187e-05
3.54187e-05
3.54187e-05
3.54187e-05
3.54187e-05
3.54187e-05
3.54187e-05
3.54187e-05
3.54187e-05
3.54187e-05
3.54187e-05
3.54187e-05
3.54187e-05
3.54187e-05
3.54187e-05
3.54187e-05
3.54187e-05
3.54187e-05
3.54187e-05
3.54187e-05
3.54187e-05
3.54187e-05
3.54187e-05
3.54187e-05
3.54187e-05
3.54187e-05
3.54187e-05
3.54187e-05
3.54187e-05
3.54187e-05
3.54187e-05
3.54187e-05
3.54187e-05
3.54187e-05
3.54187e-05
3.54187e-05
3.54187e-05
3.54187e-05
3.54187e-05
3.54187e-05
3.54187e-05
3.54187e-05
3.54187e-05
3.54187e-05
3.54187e-05
3.54187e-05
3.54187e-05
3.54187e-05
3.54187e-05
3.54187e-05
3.54187e-05
3.54187e-05
3.54187e-05
3.54187e-05
3.54187e-05
3.54187e-05
3.54187e-05
3.54187e-05
3.54187e-05
3.54187e-05
3.54187e-05
3.54187e-05
3.54187e-05
3.54187e-05
3.54187e-05
3.54187e-05
3.54187e-05
3.54187e-05
3.54187e-05
3.54187e-05
3.54187e-05
3.54187e-05
3.54187e-05
3.54187e-05
3.54187e-05
3.54187e-05
3.54187e-05
3.54187e-05
3.54187e-05
3.54187e-05
3.54187e-05
3.54187e-05
3.54187e-05
3.54187e-05
3.54187e-05
3.54187e-05
3.54187e-05
3.54187e-05
3.54187e-05
3.54187e-05
3.54187e-05
3.54187e-05
3.54187e-05
3.54187e-05
3.54187e-05
3.54187e-05
3.54187e-05
3.54187e-05
3.54187e-05
3.54187e-05
3.54187e-05
3.54187e-05
3.54187e-05
3.54187e-05
3.54187e-05
3.54187e-05
3.54187e-05
3.54187e-05
3.54187e-05
3.54187e-05
3.54187e-05
3.54187e-05
3.54187e-05
3.54187e-05
3.54187e-05
3.54187e-05
3.54187e-05
3.54187e-05
3.54187e-05
3.54187e-05
3.54187e-05
3.54187e-05
3.54187e-05
3.54187e-05
3.54187e-05
3.54187e-05
3.54187e-05
3.54187e-05
3.54187e-05
3.54187e-05
3.54187e-05
3.54187e-05
3.54187e-05
3.54187e-05
3.54187e-05
3.54187e-05
3.54187e-05
3.54187e-05
3.54187e-05
3.54187e-05
3.54187e-05
3.54187e-05
3.54187e-05
3.54187e-05
3.54187e-05
3.54187e-05
3.54187e-05
3.54187e-05
3.54187e-05
3.54187e-05
3.54187e-05
3.54187e-05
3.54187e-05
3.54187e-05
3.54187e-05
3.54187e-05
3.54187e-05
3.54187e-05
3.54187e-05
3.54187e-05
3.54187e-05
3.54187e-05
3.54187e-05
3.54187e-05
3.54187e-05
3.54187e-05
3.54187e-05
3.54187e-05
3.54187e-05
3.54187e-05
3.54187e-05
3.54187e-05
3.54187e-05
3.54187e-05
3.54187e-05
3.54187e-05
3.54187e-05
3.54187e-05
3.54187e-05
3.54187e-05
3.54187e-05
3.54187e-05
3.54187e-05
3.54187e-05
3.54187e-05
3.54187e-05
3.54187e-05
3.54187e-05
3.54187e-05
3.54187e-05
3.54187e-05
3.54187e-05
3.54187e-05
3.54187e-05
3.54187e-05
3.54187e-05
3.54187e-05
3.54187e-05
3.54187e-05
3.54187e-05
3.54187e-05
3.54187e-05
3.54187e-05
3.54187e-05
3.54187e-05
3.54187e-05
3.54187e-05
3.54187e-05
3.54187e-05
3.54187e-05
3.54187e-05
3.54187e-05
3.54187e-05
3.54187e-05
3.54187e-05
3.54187e-05
3.54187e-05
3.54187e-05
3.54187e-05
3.54187e-05
3.54187e-05
3.54187e-05
3.54187e-05
3.54187e-05
3.54187e-05
3.54187e-05
3.54187e-05
3.54187e-05
3.54187e-05
3.54187e-05
3.54187e-05
3.54187e-05
3.54187e-05
3.54187e-05
3.54187e-05
3.54187e-05
3.54187e-05
3.54187e-05
3.54187e-05
3.54187e-05
3.54187e-05
3.54187e-05
3.54187e-05
3.54187e-05
3.54187e-05
3.54187e-05
3.54187e-05
3.54187e-05
3.54187e-05
3.54187e-05
3.54187e-05
3.54187e-05
3.54187e-05
3.54187e-05
3.54187e-05
3.54187e-05
3.54187e-05
3.54187e-05
3.54187e-05
3.54187e-05
3.54187e-05
3.54187e-05
3.54187e-05
3.54187e-05
3.54187e-05
3.54187e-05
3.54187e-05
3.54187e-05
3.54187e-05
3.54187e-05
3.54187e-05
3.54187e-05
3.54187e-05
3.54187e-05
3.54187e-05
3.54187e-05
3.54187e-05
3.54187e-05
3.54187e-05
3.54187e-05
3.54187e-05
3.54187e-05
3.54187e-05
3.54187e-05
3.54187e-05
3.54187e-05
3.54187e-05
3.54187e-05
3.54187e-05
3.54187e-05
3.54187e-05
3.54187e-05
3.54187e-05
3.54187e-05
3.54187e-05
3.54187e-05
3.54187e-05
3.54187e-05
3.54187e-05
3.54187e-05
3.54187e-05
3.54187e-05
3.54187e-05
3.54187e-05
3.54187e-05
3.54187e-05
3.54187e-05
3.54187e-05
3.54187e-05
3.54187e-05
3.54187e-05
3.54187e-05
3.54187e-05
3.54187e-05
3.54187e-05
3.54187e-05
3.54187e-05
3.54187e-05
3.54187e-05
3.54187e-05
3.54187e-05
3.54187e-05
3.54187e-05
3.54187e-05
3.54187e-05
3.54187e-05
3.54187e-05
3.54187e-05
3.54187e-05
3.54187e-05
3.54187e-05
3.54187e-05
3.54187e-05
3.54187e-05
3.54187e-05
3.54187e-05
3.54187e-05
3.54187e-05
3.54187e-05
3.54187e-05
3.54187e-05
3.54187e-05
3.54187e-05
3.54187e-05
3.54187e-05
3.54187e-05
3.54187e-05
3.54187e-05
3.54187e-05
3.54187e-05
3.54187e-05
3.54187e-05
3.54187e-05
3.54187e-05
3.54187e-05
3.54187e-05
3.54187e-05
3.54187e-05
3.54187e-05
3.54187e-05
3.54187e-05
3.54187e-05
3.54187e-05
3.54187e-05
3.54187e-05
3.54187e-05
3.54187e-05
3.54187e-05
3.54187e-05
3.54187e-05
3.54187e-05
3.54187e-05
3.54187e-05
3.54187e-05
3.54187e-05
3.54187e-05
3.54187e-05
3.54187e-05
3.54187e-05
3.54187e-05
3.54187e-05
3.54187e-05
3.54187e-05
3.54187e-05
3.54187e-05
3.54187e-05
3.54187e-05
3.54187e-05
3.54187e-05
3.54187e-05
3.54187e-05
3.54187e-05
3.54187e-05
3.54187e-05
3.54187e-05
3.54187e-05
3.54187e-05
3.54187e-05
3.54187e-05
3.54187e-05
3.54187e-05
3.54187e-05
3.54187e-05
3.54187e-05
3.54187e-05
3.54187e-05
3.54187e-05
3.54187e-05
3.54187e-05
3.54187e-05
3.54187e-05
3.54187e-05
3.54187e-05
3.54187e-05
3.54187e-05
3.54187e-05
3.54187e-05
3.54187e-05
3.54187e-05
3.54187e-05
3.54187e-05
3.54187e-05
3.54187e-05
3.54187e-05
3.54187e-05
3.54187e-05
3.54187e-05
3.54187e-05
3.54187e-05
3.54187e-05
3.54187e-05
3.54187e-05
3.54187e-05
3.54187e-05
3.54187e-05
3.54187e-05
3.54187e-05
3.54187e-05
3.54187e-05
3.54187e-05
3.54187e-05
3.54187e-05
3.54187e-05
3.54187e-05
3.54187e-05
3.54187e-05
3.54187e-05
3.54187e-05
3.54187e-05
3.54187e-05
3.54187e-05
3.54187e-05
3.54187e-05
3.54187e-05
3.54187e-05
3.54187e-05
3.54187e-05
3.54187e-05
3.54187e-05
3.54187e-05
3.54187e-05
3.54187e-05
3.54187e-05
3.54187e-05
3.54187e-05
3.54187e-05
3.54187e-05
3.54187e-05
3.54187e-05
3.54187e-05
3.54187e-05
3.54187e-05
3.54187e-05
3.54187e-05
3.54187e-05
3.54187e-05
3.54187e-05
3.54187e-05
3.54187e-05
3.54187e-05
3.54187e-05
3.54187e-05
3.54187e-05
3.54187e-05
3.54187e-05
3.54187e-05
3.54187e-05
3.54187e-05
3.54187e-05
3.54187e-05
3.54187e-05
3.54187e-05
3.54187e-05
3.54187e-05
3.54187e-05
3.54187e-05
3.54187e-05
3.54187e-05
3.54187e-05
3.54187e-05
3.54187e-05
3.54187e-05
3.54187e-05
3.54187e-05
3.54187e-05
3.54187e-05
3.54187e-05
3.54187e-05
3.54187e-05
3.54187e-05
3.54187e-05
3.54187e-05
3.54187e-05
3.54187e-05
3.54187e-05
3.54187e-05
3.54187e-05
3.54187e-05
3.54187e-05
3.54187e-05
3.54187e-05
3.54187e-05
3.54187e-05
3.54187e-05
3.54187e-05
3.54187e-05
3.54187e-05
3.54187e-05
3.54187e-05
3.54187e-05
3.54187e-05
3.54187e-05
3.54187e-05
3.54187e-05
3.54187e-05
3.54187e-05
3.54187e-05
3.54187e-05
3.54187e-05
3.54187e-05
3.54187e-05
3.54187e-05
3.54187e-05
3.54187e-05
3.54187e-05
3.54187e-05
3.54187e-05
3.54187e-05
3.54187e-05
3.54187e-05
3.54187e-05
3.54187e-05
3.54187e-05
3.54187e-05
3.54187e-05
3.54187e-05
3.54187e-05
3.54187e-05
3.54187e-05
3.54187e-05
3.54187e-05
3.54187e-05
3.54187e-05
3.54187e-05
3.54187e-05
3.54187e-05
3.54187e-05
3.54187e-05
3.54187e-05
3.54187e-05
3.54187e-05
3.54187e-05
3.54187e-05
3.54187e-05
3.54187e-05
3.54187e-05
3.54187e-05
3.54187e-05
3.54187e-05
3.54187e-05
3.54187e-05
3.54187e-05
3.54187e-05
3.54187e-05
3.54187e-05
3.54187e-05
3.54187e-05
3.54187e-05
3.54187e-05
3.54187e-05
3.54187e-05
3.54187e-05
3.54187e-05
3.54187e-05
3.54187e-05
3.54187e-05
3.54187e-05
3.54187e-05
3.54187e-05
3.54187e-05
3.54187e-05
3.54187e-05
3.54187e-05
3.54187e-05
3.54187e-05
3.54187e-05
3.54187e-05
3.54187e-05
3.54187e-05
3.54187e-05
3.54187e-05
3.54187e-05
3.54187e-05
3.54187e-05
3.54187e-05
3.54187e-05
3.54187e-05
3.54187e-05
3.54187e-05
3.54187e-05
3.54187e-05
3.54187e-05
3.54187e-05
3.54187e-05
3.54187e-05
3.54187e-05
3.54187e-05
3.54187e-05
3.54187e-05
3.54187e-05
3.54187e-05
3.54187e-05
3.54187e-05
3.54187e-05
3.54187e-05
3.54187e-05
3.54187e-05
3.54187e-05
3.54187e-05
3.54187e-05
3.54187e-05
3.54187e-05
3.54187e-05
3.54187e-05
3.54187e-05
3.54187e-05
3.54187e-05
3.54187e-05
3.54187e-05
3.54187e-05
3.54187e-05
3.54187e-05
3.54187e-05
3.54187e-05
3.54187e-05
3.54187e-05
3.54187e-05
3.54187e-05
3.54187e-05
3.54187e-05
3.54187e-05
3.54187e-05
3.54187e-05
3.54187e-05
3.54187e-05
3.54187e-05
3.54187e-05
3.54187e-05
3.54187e-05
3.54187e-05
3.54187e-05
3.54187e-05
3.54187e-05
3.54187e-05
3.54187e-05
3.54187e-05
3.54187e-05
3.54187e-05
3.54187e-05
3.54187e-05
3.54187e-05
3.54187e-05
3.54187e-05
3.54187e-05
3.54187e-05
3.54187e-05
3.54187e-05
3.54187e-05
3.54187e-05
3.54187e-05
3.54187e-05
3.54187e-05
3.54187e-05
3.54187e-05
3.54187e-05
3.54187e-05
3.54187e-05
3.54187e-05
3.54187e-05
3.54187e-05
3.54187e-05
3.54187e-05
3.54187e-05
3.54187e-05
3.54187e-05
3.54187e-05
3.54187e-05
3.54187e-05
3.54187e-05
3.54187e-05
3.54187e-05
3.54187e-05
3.54187e-05
3.54187e-05
3.54187e-05
3.54187e-05
3.54187e-05
3.54187e-05
3.54187e-05
3.54187e-05
3.54187e-05
3.54187e-05
3.54187e-05
3.54187e-05
3.54187e-05
3.54187e-05
3.54187e-05
3.54187e-05
3.54187e-05
3.54187e-05
3.54187e-05
3.54187e-05
3.54187e-05
3.54187e-05
2.95156e-05
2.95156e-05
2.95156e-05
2.36125e-05
2.36125e-05
2.36125e-05
2.36125e-05
2.36125e-05
2.36125e-05
2.36125e-05
2.36125e-05
2.36125e-05
2.36125e-05
2.36125e-05
2.36125e-05
2.36125e-05
2.36125e-05
2.36125e-05
2.36125e-05
2.36125e-05
2.36125e-05
2.36125e-05
2.36125e-05
2.36125e-05
2.36125e-05
2.36125e-05
2.36125e-05
2.36125e-05
2.36125e-05
2.36125e-05
2.36125e-05
2.36125e-05
2.36125e-05
2.36125e-05
2.36125e-05
2.36125e-05
2.36125e-05
2.36125e-05
2.36125e-05
2.36125e-05
2.36125e-05
2.36125e-05
2.36125e-05
2.36125e-05
2.36125e-05
2.36125e-05
2.36125e-05
2.36125e-05
2.36125e-05
2.36125e-05
2.36125e-05
2.36125e-05
2.36125e-05
2.36125e-05
2.36125e-05
2.36125e-05
2.36125e-05
2.36125e-05
2.36125e-05
2.36125e-05
2.36125e-05
2.36125e-05
2.36125e-05
2.36125e-05
2.36125e-05
2.36125e-05
2.36125e-05
2.36125e-05
2.36125e-05
2.36125e-05
2.36125e-05
2.36125e-05
2.36125e-05
2.36125e-05
2.36125e-05
2.36125e-05
2.36125e-05
2.36125e-05
2.36125e-05
2.36125e-05
2.36125e-05
2.36125e-05
2.36125e-05
2.36125e-05
2.36125e-05
2.36125e-05
2.36125e-05
2.36125e-05
2.36125e-05
2.36125e-05
2.36125e-05
2.36125e-05
2.36125e-05
2.36125e-05
2.36125e-05
2.36125e-05
2.36125e-05
2.36125e-05
2.36125e-05
2.36125e-05
2.36125e-05
2.36125e-05
2.36125e-05
2.36125e-05
2.36125e-05
2.36125e-05
2.36125e-05
2.36125e-05
2.36125e-05
2.36125e-05
2.36125e-05
2.36125e-05
2.36125e-05
2.36125e-05
2.36125e-05
2.36125e-05
2.36125e-05
2.36125e-05
2.36125e-05
2.36125e-05
2.36125e-05
2.36125e-05
2.36125e-05
2.36125e-05
2.36125e-05
2.36125e-05
2.36125e-05
2.36125e-05
2.36125e-05
2.36125e-05
2.36125e-05
2.36125e-05
2.36125e-05
2.36125e-05
2.36125e-05
2.36125e-05
2.36125e-05
2.36125e-05
2.36125e-05
2.36125e-05
2.36125e-05
2.36125e-05
2.36125e-05
2.36125e-05
2.36125e-05
2.36125e-05
2.36125e-05
2.36125e-05
2.36125e-05
2.36125e-05
2.36125e-05
2.36125e-05
2.36125e-05
2.36125e-05
2.36125e-05
2.36125e-05
2.36125e-05
2.36125e-05
2.36125e-05
2.36125e-05
2.36125e-05
2.36125e-05
2.36125e-05
2.36125e-05
2.36125e-05
2.36125e-05
2.36125e-05
2.36125e-05
2.36125e-05
2.36125e-05
2.36125e-05
2.36125e-05
2.36125e-05
2.36125e-05
2.36125e-05
2.36125e-05
2.36125e-05
2.36125e-05
2.36125e-05
2.36125e-05
2.36125e-05
2.36125e-05
2.36125e-05
2.36125e-05
2.36125e-05
2.36125e-05
2.36125e-05
2.36125e-05
2.36125e-05
2.36125e-05
2.36125e-05
2.36125e-05
2.36125e-05
2.36125e-05
1.18062e-05
1.18062e-05
1.18062e-05
1.18062e-05
1.18062e-05
1.18062e-05
1.18062e-05
1.18062e-05
1.18062e-05
1.18062e-05
1.18062e-05
1.18062e-05
1.18062e-05
1.18062e-05
1.18062e-05
1.18062e-05
1.18062e-05
1.18062e-05
1.18062e-05
1.18062e-05
1.18062e-05
1.18062e-05
1.18062e-05
1.18062e-05
1.18062e-05
1.18062e-05
1.18062e-05
1.18062e-05
1.18062e-05
1.18062e-05
1.18062e-05
1.18062e-05
1.18062e-05
1.18062e-05
1.18062e-05
1.18062e-05
1.18062e-05
1.18062e-05
1.18062e-05
1.18062e-05
1.18062e-05
1.18062e-05
1.18062e-05
1.18062e-05
1.18062e-05
1.18062e-05
1.18062e-05
1.18062e-05
1.18062e-05
1.18062e-05
1.18062e-05
1.18062e-05
1.18062e-05
1.18062e-05
1.18062e-05
1.18062e-05
1.18062e-05
1.18062e-05
1.18062e-05
1.18062e-05
1.18062e-05
1.18062e-05
1.18062e-05
1.18062e-05
1.18062e-05
1.18062e-05
1.18062e-05
1.18062e-05
1.18062e-05
1.18062e-05
1.18062e-05
1.18062e-05
1.18062e-05
1.18062e-05
1.18062e-05
1.18062e-05
1.18062e-05
1.18062e-05
1.18062e-05
1.18062e-05
1.18062e-05
1.18062e-05
1.18062e-05
1.18062e-05
1.18062e-05
1.18062e-05
1.18062e-05
1.18062e-05
1.18062e-05
1.18062e-05
1.18062e-05
1.18062e-05
1.18062e-05
1.18062e-05
1.18062e-05
1.18062e-05
1.18062e-05
1.18062e-05
1.18062e-05
1.18062e-05
1.18062e-05
1.18062e-05
1.18062e-05
1.18062e-05
1.18062e-05
1.18062e-05
1.18062e-05
1.18062e-05
1.18062e-05
1.18062e-05
1.18062e-05
1.18062e-05
1.18062e-05
1.18062e-05
1.18062e-05
1.18062e-05
1.18062e-05
1.18062e-05
1.18062e-05
1.18062e-05
1.18062e-05
1.18062e-05
1.18062e-05
1.18062e-05
1.18062e-05
1.18062e-05
1.18062e-05
1.18062e-05
1.18062e-05
1.18062e-05
1.18062e-05
1.18062e-05
1.18062e-05
1.18062e-05
1.18062e-05
1.18062e-05
1.18062e-05
1.18062e-05
1.18062e-05
1.18062e-05
1.18062e-05
1.18062e-05
1.18062e-05
1.18062e-05
1.18062e-05
1.18062e-05
1.18062e-05
1.18062e-05
1.18062e-05
1.18062e-05
1.18062e-05
1.18062e-05
1.18062e-05
1.18062e-05
1.18062e-05
1.18062e-05
1.18062e-05
1.18062e-05
1.18062e-05
1.18062e-05
1.18062e-05
1.18062e-05
1.18062e-05
1.18062e-05
1.18062e-05
1.18062e-05
1.18062e-05
1.18062e-05
1.18062e-05
1.18062e-05
1.18062e-05
1.18062e-05
1.18062e-05
1.18062e-05
1.18062e-05
1.18062e-05
1.18062e-05
1.18062e-05
1.18062e-05
1.18062e-05
1.18062e-05
1.18062e-05
1.18062e-05
1.18062e-05
1.18062e-05
1.18062e-05
1.18062e-05
1.18062e-05
1.18062e-05
1.18062e-05
1.18062e-05
1.18062e-05
1.18062e-05
1.18062e-05
1.18062e-05
1.18062e-05
1.18062e-05
1.18062e-05
1.18062e-05
1.18062e-05
1.18062e-05
1.18062e-05
1.18062e-05
1.18062e-05
1.18062e-05
1.18062e-05
1.18062e-05
1.18062e-05
1.18062e-05
1.18062e-05
1.18062e-05
1.18062e-05
1.18062e-05
1.18062e-05
1.18062e-05
1.18062e-05
1.18062e-05
1.18062e-05
1.18062e-05
1.18062e-05
1.18062e-05
1.18062e-05
1.18062e-05
1.18062e-05
1.18062e-05
1.18062e-05
1.18062e-05
1.18062e-05
1.18062e-05
1.18062e-05
1.18062e-05
1.18062e-05
1.18062e-05
1.18062e-05
1.18062e-05
1.18062e-05
1.18062e-05
1.18062e-05
1.18062e-05
1.18062e-05
1.18062e-05
1.18062e-05
1.18062e-05
1.18062e-05
1.18062e-05
1.18062e-05
1.18062e-05
1.18062e-05
1.18062e-05
1.18062e-05
1.18062e-05
1.18062e-05
1.18062e-05
1.18062e-05
1.18062e-05
1.18062e-05
1.18062e-05
1.18062e-05
1.18062e-05
1.18062e-05
1.18062e-05
1.18062e-05
1.18062e-05
1.18062e-05
1.18062e-05
1.18062e-05
1.18062e-05
1.18062e-05
1.18062e-05
1.18062e-05
1.18062e-05
1.18062e-05
1.18062e-05
1.18062e-05
1.18062e-05
1.18062e-05
1.18062e-05
1.18062e-05
1.18062e-05
1.18062e-05
1.18062e-05
1.18062e-05
1.18062e-05
1.18062e-05
1.18062e-05
1.18062e-05
1.18062e-05
1.18062e-05
1.18062e-05
1.18062e-05
1.18062e-05
1.18062e-05
1.18062e-05
1.18062e-05
1.18062e-05
1.18062e-05
1.18062e-05
1.18062e-05
1.18062e-05
1.18062e-05
1.18062e-05
1.18062e-05
1.18062e-05
1.18062e-05
1.18062e-05
1.18062e-05
1.18062e-05
1.18062e-05
1.18062e-05
1.18062e-05
1.18062e-05
1.18062e-05
1.18062e-05
1.18062e-05
1.18062e-05
1.18062e-05
1.18062e-05
1.18062e-05
1.18062e-05
1.18062e-05
1.18062e-05
1.18062e-05
1.18062e-05
1.18062e-05
1.18062e-05
1.18062e-05
1.18062e-05
1.18062e-05
1.18062e-05
1.18062e-05
1.18062e-05
1.18062e-05
1.18062e-05
1.18062e-05
1.18062e-05
1.18062e-05
1.18062e-05
1.18062e-05
1.18062e-05
1.18062e-05
1.18062e-05
1.18062e-05
1.18062e-05
1.18062e-05
1.18062e-05
1.18062e-05
1.18062e-05
1.18062e-05
1.18062e-05
1.18062e-05
1.18062e-05
1.18062e-05
1.18062e-05
1.18062e-05
1.18062e-05
1.18062e-05
1.18062e-05
1.18062e-05
1.18062e-05
1.18062e-05
1.18062e-05
1.18062e-05
1.18062e-05
1.18062e-05
1.18062e-05
1.18062e-05
1.18062e-05
1.18062e-05
1.18062e-05
1.18062e-05
1.18062e-05
1.18062e-05
1.18062e-05
1.18062e-05
1.18062e-05
1.18062e-05
1.18062e-05
1.18062e-05
1.18062e-05
1.18062e-05
1.18062e-05
1.18062e-05
1.18062e-05
1.18062e-05
1.18062e-05
1.18062e-05
1.18062e-05
1.18062e-05
1.18062e-05
1.18062e-05
1.18062e-05
1.18062e-05
1.18062e-05
1.18062e-05
1.18062e-05
1.18062e-05
1.18062e-05
1.18062e-05
1.18062e-05
1.18062e-05
1.18062e-05
1.18062e-05
1.18062e-05
1.18062e-05
1.18062e-05
1.18062e-05
1.18062e-05
1.18062e-05
1.18062e-05
1.18062e-05
1.18062e-05
1.18062e-05
1.18062e-05
1.18062e-05
1.18062e-05
1.18062e-05
1.18062e-05
1.18062e-05
1.18062e-05
1.18062e-05
1.18062e-05
1.18062e-05
1.18062e-05
1.18062e-05
1.18062e-05
1.18062e-05
1.18062e-05
1.18062e-05
1.18062e-05
1.18062e-05
1.18062e-05
1.18062e-05
1.18062e-05
1.18062e-05
1.18062e-05
1.18062e-05
1.18062e-05
1.18062e-05
1.18062e-05
1.18062e-05
1.18062e-05
1.18062e-05
1.18062e-05
1.18062e-05
1.18062e-05
1.18062e-05
1.18062e-05
1.18062e-05
1.18062e-05
1.18062e-05
1.18062e-05
1.18062e-05
1.18062e-05
1.18062e-05
1.18062e-05
1.18062e-05
1.18062e-05
1.18062e-05
1.18062e-05
1.18062e-05
1.18062e-05
1.18062e-05
1.18062e-05
1.18062e-05
1.18062e-05
1.18062e-05
1.18062e-05
1.18062e-05
1.18062e-05
1.18062e-05
1.18062e-05
1.18062e-05
1.18062e-05
1.18062e-05
1.18062e-05
1.18062e-05
1.18062e-05
1.18062e-05
1.18062e-05
1.18062e-05
1.18062e-05
1.18062e-05
1.18062e-05
1.18062e-05
1.18062e-05
1.18062e-05
1.18062e-05
1.18062e-05
1.18062e-05
1.18062e-05
1.18062e-05
1.18062e-05
1.18062e-05
1.18062e-05
1.18062e-05
1.18062e-05
1.18062e-05
1.18062e-05
1.18062e-05
1.18062e-05
1.18062e-05
1.18062e-05
1.18062e-05
1.18062e-05
1.18062e-05
1.18062e-05
1.18062e-05
1.18062e-05
1.18062e-05
1.18062e-05
1.18062e-05
1.18062e-05
1.18062e-05
1.18062e-05
1.18062e-05
1.18062e-05
1.18062e-05
1.18062e-05
1.18062e-05
1.18062e-05
1.18062e-05
1.18062e-05
1.18062e-05
1.18062e-05
1.18062e-05
1.18062e-05
1.18062e-05
1.18062e-05
1.18062e-05
1.18062e-05
1.18062e-05
1.18062e-05
1.18062e-05
1.18062e-05
1.18062e-05
1.18062e-05
1.18062e-05
1.18062e-05
1.18062e-05
1.18062e-05
1.18062e-05
1.18062e-05
1.18062e-05
1.18062e-05
1.18062e-05
1.18062e-05
1.18062e-05
1.18062e-05
1.18062e-05
1.18062e-05
1.18062e-05
1.18062e-05
1.18062e-05
1.18062e-05
1.18062e-05
1.18062e-05
1.18062e-05
1.18062e-05
1.18062e-05
1.18062e-05
1.18062e-05
1.18062e-05
1.18062e-05
1.18062e-05
1.18062e-05
1.18062e-05
1.18062e-05
1.18062e-05
1.18062e-05
1.18062e-05
1.18062e-05
1.18062e-05
1.18062e-05
1.18062e-05
1.18062e-05
1.18062e-05
1.18062e-05
1.18062e-05
1.18062e-05
1.18062e-05
1.18062e-05
1.18062e-05
1.18062e-05
1.18062e-05
1.18062e-05
1.18062e-05
1.18062e-05
1.18062e-05
1.18062e-05
1.18062e-05
1.18062e-05
1.18062e-05
1.18062e-05
1.18062e-05
1.18062e-05
1.18062e-05
1.18062e-05
1.18062e-05
1.18062e-05
1.18062e-05
1.18062e-05
1.18062e-05
1.18062e-05
1.18062e-05
1.18062e-05
1.18062e-05
1.18062e-05
1.18062e-05
1.18062e-05
1.18062e-05
1.18062e-05
1.18062e-05
1.18062e-05
1.18062e-05
1.18062e-05
1.18062e-05
1.18062e-05
1.18062e-05
1.18062e-05
1.18062e-05
1.18062e-05
1.18062e-05
1.18062e-05
1.18062e-05
1.18062e-05
1.18062e-05
1.18062e-05
1.18062e-05
1.18062e-05
1.18062e-05
1.18062e-05
1.18062e-05
1.18062e-05
1.18062e-05
1.18062e-05
1.18062e-05
1.18062e-05
1.18062e-05
1.18062e-05
1.18062e-05
1.18062e-05
1.18062e-05
1.18062e-05
1.18062e-05
1.18062e-05
1.18062e-05
1.18062e-05
1.18062e-05
1.18062e-05
1.18062e-05
1.18062e-05
1.18062e-05
1.18062e-05
1.18062e-05
1.18062e-05
1.18062e-05
1.18062e-05
1.18062e-05
1.18062e-05
1.18062e-05
1.18062e-05
1.18062e-05
1.18062e-05
1.18062e-05
1.18062e-05
1.18062e-05
1.18062e-05
1.18062e-05
1.18062e-05
1.18062e-05
1.18062e-05
1.18062e-05
1.18062e-05
1.18062e-05
1.18062e-05
1.18062e-05
1.18062e-05
1.18062e-05
1.18062e-05
1.18062e-05
1.18062e-05
1.18062e-05
1.18062e-05
1.18062e-05
1.18062e-05
1.18062e-05
1.18062e-05
1.18062e-05
1.18062e-05
1.18062e-05
1.18062e-05
1.18062e-05
1.18062e-05
1.18062e-05
1.18062e-05
1.18062e-05
1.18062e-05
1.18062e-05
1.18062e-05
1.18062e-05
1.18062e-05
1.18062e-05
1.18062e-05
1.18062e-05
1.18062e-05
1.18062e-05
1.18062e-05
1.18062e-05
1.18062e-05
1.18062e-05
1.18062e-05
1.18062e-05
1.18062e-05
1.18062e-05
1.18062e-05
1.18062e-05
1.18062e-05
1.18062e-05
1.18062e-05
1.18062e-05
1.18062e-05
1.18062e-05
1.18062e-05
1.18062e-05
1.18062e-05
1.18062e-05
1.18062e-05
1.18062e-05
1.18062e-05
1.18062e-05
1.18062e-05
1.18062e-05
1.18062e-05
1.18062e-05
1.18062e-05
1.18062e-05
1.18062e-05
1.18062e-05
1.18062e-05
1.18062e-05
1.18062e-05
1.18062e-05
1.18062e-05
1.18062e-05
1.18062e-05
1.18062e-05
1.18062e-05
1.18062e-05
1.18062e-05
1.18062e-05
1.18062e-05
1.18062e-05
1.18062e-05
1.18062e-05
1.18062e-05
1.18062e-05
1.18062e-05
1.18062e-05
1.18062e-05
1.18062e-05
1.18062e-05
1.18062e-05
1.18062e-05
1.18062e-05
1.18062e-05
1.18062e-05
1.18062e-05
1.18062e-05
1.18062e-05
1.18062e-05
1.18062e-05
1.18062e-05
1.18062e-05
1.18062e-05
1.18062e-05
1.18062e-05
1.18062e-05
1.18062e-05
1.18062e-05
1.18062e-05
1.18062e-05
1.18062e-05
1.18062e-05
1.18062e-05
1.18062e-05
1.18062e-05
1.18062e-05
1.18062e-05
1.18062e-05
1.18062e-05
1.18062e-05
1.18062e-05
1.18062e-05
1.18062e-05
1.18062e-05
1.18062e-05
1.18062e-05
1.18062e-05
1.18062e-05
1.18062e-05
1.18062e-05
1.18062e-05
1.18062e-05
1.18062e-05
1.18062e-05
1.18062e-05
1.18062e-05
1.18062e-05
1.18062e-05
1.18062e-05
1.18062e-05
1.18062e-05
1.18062e-05
1.18062e-05
1.18062e-05
1.18062e-05
1.18062e-05
1.18062e-05
1.18062e-05
1.18062e-05
1.18062e-05
1.18062e-05
1.18062e-05
1.18062e-05
1.18062e-05
1.18062e-05
1.18062e-05
1.18062e-05
1.18062e-05
1.18062e-05
1.18062e-05
1.18062e-05
1.18062e-05
1.18062e-05
1.18062e-05
1.18062e-05
1.18062e-05
1.18062e-05
1.18062e-05
1.18062e-05
1.18062e-05
1.18062e-05
1.18062e-05
1.18062e-05
1.18062e-05
1.18062e-05
1.18062e-05
1.18062e-05
1.18062e-05
1.18062e-05
1.18062e-05
1.18062e-05
1.18062e-05
1.18062e-05
1.18062e-05
1.18062e-05
1.18062e-05
1.18062e-05
1.18062e-05
1.18062e-05
1.18062e-05
1.18062e-05
1.18062e-05
1.18062e-05
1.18062e-05
1.18062e-05
1.18062e-05
1.18062e-05
1.18062e-05
1.18062e-05
1.18062e-05
1.18062e-05
1.18062e-05
1.18062e-05
1.18062e-05
1.18062e-05
1.18062e-05
1.18062e-05
1.18062e-05
1.18062e-05
1.18062e-05
1.18062e-05
1.18062e-05
1.18062e-05
1.18062e-05
1.18062e-05
1.18062e-05
1.18062e-05
1.18062e-05
1.18062e-05
1.18062e-05
1.18062e-05
1.18062e-05
1.18062e-05
1.18062e-05
1.18062e-05
1.18062e-05
1.18062e-05
1.18062e-05
1.18062e-05
1.18062e-05
1.18062e-05
1.18062e-05
1.18062e-05
1.18062e-05
1.18062e-05
1.18062e-05
1.18062e-05
1.18062e-05
1.18062e-05
1.18062e-05
1.18062e-05
1.18062e-05
1.18062e-05
1.18062e-05
1.18062e-05
1.18062e-05
1.18062e-05
1.18062e-05
1.18062e-05
1.18062e-05
1.18062e-05
1.18062e-05
1.18062e-05
1.18062e-05
1.18062e-05
1.18062e-05
1.18062e-05
1.18062e-05
1.18062e-05
1.18062e-05
1.18062e-05
1.18062e-05
1.18062e-05
1.18062e-05
1.18062e-05
1.18062e-05
1.18062e-05
1.18062e-05
1.18062e-05
1.18062e-05
1.18062e-05
1.18062e-05
1.18062e-05
1.18062e-05
1.18062e-05
1.18062e-05
1.18062e-05
1.18062e-05
1.18062e-05
1.18062e-05
1.18062e-05
1.18062e-05
1.18062e-05
1.18062e-05
1.18062e-05
1.18062e-05
1.18062e-05
1.18062e-05
1.18062e-05
1.18062e-05
1.18062e-05
1.18062e-05
1.18062e-05
1.18062e-05
1.18062e-05
1.18062e-05
1.18062e-05
1.18062e-05
1.18062e-05
1.18062e-05
1.18062e-05
1.18062e-05
1.18062e-05
1.18062e-05
1.18062e-05
1.18062e-05
1.18062e-05
1.18062e-05
1.18062e-05
1.18062e-05
1.18062e-05
1.18062e-05
1.18062e-05
1.18062e-05
1.18062e-05
1.18062e-05
1.18062e-05
1.18062e-05
1.18062e-05
1.18062e-05
1.18062e-05
1.18062e-05
1.18062e-05
1.18062e-05
1.18062e-05
1.18062e-05
1.18062e-05
1.18062e-05
1.18062e-05
1.18062e-05
1.18062e-05
1.18062e-05
1.18062e-05
1.18062e-05
1.18062e-05
1.18062e-05
1.18062e-05
1.18062e-05
1.18062e-05
1.18062e-05
1.18062e-05
1.18062e-05
1.18062e-05
1.18062e-05
1.18062e-05
1.18062e-05
1.18062e-05
1.18062e-05
1.18062e-05
1.18062e-05
1.18062e-05
1.18062e-05
1.18062e-05
1.18062e-05
1.18062e-05
1.18062e-05
1.18062e-05
1.18062e-05
1.18062e-05
1.18062e-05
1.18062e-05
1.18062e-05
1.18062e-05
1.18062e-05
1.18062e-05
1.18062e-05
1.18062e-05
1.18062e-05
1.18062e-05
1.18062e-05
1.18062e-05
1.18062e-05
1.18062e-05
1.18062e-05
1.18062e-05
1.18062e-05
1.18062e-05
1.18062e-05
1.18062e-05
1.18062e-05
1.18062e-05
1.18062e-05
1.18062e-05
1.18062e-05
1.18062e-05
1.18062e-05
1.18062e-05
1.18062e-05
1.18062e-05
1.18062e-05
1.18062e-05
1.18062e-05
1.18062e-05
1.18062e-05
1.18062e-05
1.18062e-05
1.18062e-05
1.18062e-05
1.18062e-05
1.18062e-05
1.18062e-05
1.18062e-05
1.18062e-05
1.18062e-05
1.18062e-05
1.18062e-05
1.18062e-05
1.18062e-05
1.18062e-05
1.18062e-05
1.18062e-05
1.18062e-05
1.18062e-05
1.18062e-05
1.18062e-05
1.18062e-05
1.18062e-05
1.18062e-05
1.18062e-05
1.18062e-05
1.18062e-05
1.18062e-05
1.18062e-05
1.18062e-05
1.18062e-05
1.18062e-05
1.18062e-05
1.18062e-05
1.18062e-05
1.18062e-05
1.18062e-05
1.18062e-05
1.18062e-05
1.18062e-05
1.18062e-05
1.18062e-05
1.18062e-05
1.18062e-05
1.18062e-05
1.18062e-05
1.18062e-05
1.18062e-05
1.18062e-05
1.18062e-05
1.18062e-05
1.18062e-05
1.18062e-05
1.18062e-05
1.18062e-05
1.18062e-05
1.18062e-05
1.18062e-05
1.18062e-05
1.18062e-05
1.18062e-05
1.18062e-05
1.18062e-05
1.18062e-05
1.18062e-05
1.18062e-05
1.18062e-05
1.18062e-05
1.18062e-05
1.18062e-05
1.18062e-05
1.18062e-05
1.18062e-05
1.18062e-05
1.18062e-05
1.18062e-05
1.18062e-05
1.18062e-05
1.18062e-05
1.18062e-05
1.18062e-05
1.18062e-05
1.18062e-05
1.18062e-05
1.18062e-05
1.18062e-05
1.18062e-05
1.18062e-05
1.18062e-05
1.18062e-05
1.18062e-05
1.18062e-05
1.18062e-05
1.18062e-05
1.18062e-05
1.18062e-05
1.18062e-05
1.18062e-05
1.18062e-05
1.18062e-05
1.18062e-05
1.18062e-05
1.18062e-05
1.18062e-05
1.18062e-05
1.18062e-05
1.18062e-05
1.18062e-05
1.18062e-05
1.18062e-05
1.18062e-05
1.18062e-05
1.18062e-05
1.18062e-05
1.18062e-05
1.18062e-05
1.18062e-05
1.18062e-05
1.18062e-05
1.18062e-05
1.18062e-05
1.18062e-05
1.18062e-05
1.18062e-05
1.18062e-05
1.18062e-05
1.18062e-05
1.18062e-05
1.18062e-05
1.18062e-05
1.18062e-05
1.18062e-05
1.18062e-05
1.18062e-05
1.18062e-05
1.18062e-05
1.18062e-05
1.18062e-05
1.18062e-05
1.18062e-05
1.18062e-05
1.18062e-05
1.18062e-05
1.18062e-05
1.18062e-05
1.18062e-05
1.18062e-05
1.18062e-05
1.18062e-05
1.18062e-05
1.18062e-05
1.18062e-05
1.18062e-05
1.18062e-05
1.18062e-05
1.18062e-05
1.18062e-05
1.18062e-05
1.18062e-05
1.18062e-05
1.18062e-05
1.18062e-05
1.18062e-05
1.18062e-05
1.18062e-05
1.18062e-05
1.18062e-05
1.18062e-05
1.18062e-05
1.18062e-05
1.18062e-05
1.18062e-05
1.18062e-05
1.18062e-05
1.18062e-05
1.18062e-05
1.18062e-05
1.18062e-05
1.18062e-05
1.18062e-05
1.18062e-05
1.18062e-05
1.18062e-05
1.18062e-05
1.18062e-05
1.18062e-05
1.18062e-05
1.18062e-05
1.18062e-05
1.18062e-05
1.18062e-05
1.18062e-05
1.18062e-05
1.18062e-05
1.18062e-05
1.18062e-05
1.18062e-05
1.18062e-05
1.18062e-05
1.18062e-05
1.18062e-05
1.18062e-05
1.18062e-05
1.18062e-05
1.18062e-05
1.18062e-05
1.18062e-05
1.18062e-05
1.18062e-05
1.18062e-05
1.18062e-05
1.18062e-05
1.18062e-05
1.18062e-05
1.18062e-05
1.18062e-05
1.18062e-05
1.18062e-05
1.18062e-05
1.18062e-05
1.18062e-05
1.18062e-05
1.18062e-05
1.18062e-05
1.18062e-05
1.18062e-05
1.18062e-05
1.18062e-05
1.18062e-05
1.18062e-05
1.18062e-05
1.18062e-05
1.18062e-05
1.18062e-05
1.18062e-05
1.18062e-05
1.18062e-05
1.18062e-05
1.18062e-05
1.18062e-05
1.18062e-05
1.18062e-05
1.18062e-05
1.18062e-05
1.18062e-05
1.18062e-05
1.18062e-05
1.18062e-05
1.18062e-05
1.18062e-05
1.18062e-05
1.18062e-05
1.18062e-05
1.18062e-05
1.18062e-05
1.18062e-05
1.18062e-05
1.18062e-05
1.18062e-05
1.18062e-05
1.18062e-05
1.18062e-05
1.18062e-05
1.18062e-05
1.18062e-05
1.18062e-05
1.18062e-05
1.18062e-05
1.18062e-05
1.18062e-05
1.18062e-05
1.18062e-05
1.18062e-05
1.18062e-05
1.18062e-05
1.18062e-05
1.18062e-05
1.18062e-05
1.18062e-05
1.18062e-05
1.18062e-05
1.18062e-05
1.18062e-05
1.18062e-05
1.18062e-05
1.18062e-05
1.18062e-05
1.18062e-05
1.18062e-05
1.18062e-05
1.18062e-05
1.18062e-05
1.18062e-05
1.18062e-05
1.18062e-05
1.18062e-05
1.18062e-05
1.18062e-05
1.18062e-05
1.18062e-05
1.18062e-05
1.18062e-05
1.18062e-05
1.18062e-05
1.18062e-05
1.18062e-05
1.18062e-05
1.18062e-05
1.18062e-05
1.18062e-05
1.18062e-05
1.18062e-05
1.18062e-05
1.18062e-05
1.18062e-05
1.18062e-05
1.18062e-05
1.18062e-05
1.18062e-05
1.18062e-05
1.18062e-05
1.18062e-05
1.18062e-05
1.18062e-05
1.18062e-05
1.18062e-05
1.18062e-05
1.18062e-05
1.18062e-05
1.18062e-05
1.18062e-05
1.18062e-05
1.18062e-05
1.18062e-05
1.18062e-05
1.18062e-05
1.18062e-05
1.18062e-05
1.18062e-05
1.18062e-05
1.18062e-05
1.18062e-05
1.18062e-05
1.18062e-05
1.18062e-05
1.18062e-05
1.18062e-05
1.18062e-05
1.18062e-05
1.18062e-05
1.18062e-05
1.18062e-05
1.18062e-05
1.18062e-05
1.18062e-05
1.18062e-05
1.18062e-05
1.18062e-05
1.18062e-05
1.18062e-05
1.18062e-05
1.18062e-05
1.18062e-05
1.18062e-05
1.18062e-05
1.18062e-05
1.18062e-05
1.18062e-05
1.18062e-05
1.18062e-05
1.18062e-05
1.18062e-05
1.18062e-05
1.18062e-05
1.18062e-05
1.18062e-05
1.18062e-05
1.18062e-05
1.18062e-05
1.18062e-05
1.18062e-05
1.18062e-05
1.18062e-05
1.18062e-05
1.18062e-05
1.18062e-05
1.18062e-05
1.18062e-05
1.18062e-05
1.18062e-05
1.18062e-05
1.18062e-05
1.18062e-05
1.18062e-05
1.18062e-05
1.18062e-05
1.18062e-05
1.18062e-05
1.18062e-05
1.18062e-05
1.18062e-05
1.18062e-05
1.18062e-05
1.18062e-05
1.18062e-05
1.18062e-05
1.18062e-05
1.18062e-05
1.18062e-05
1.18062e-05
1.18062e-05
1.18062e-05
1.18062e-05
1.18062e-05
1.18062e-05
1.18062e-05
1.18062e-05
1.18062e-05
1.18062e-05
1.18062e-05
1.18062e-05
1.18062e-05
1.18062e-05
1.18062e-05
1.18062e-05
1.18062e-05
1.18062e-05
1.18062e-05
1.18062e-05
1.18062e-05
1.18062e-05
1.18062e-05
1.18062e-05
1.18062e-05
1.18062e-05
1.18062e-05
1.18062e-05
1.18062e-05
1.18062e-05
1.18062e-05
1.18062e-05
1.18062e-05
1.18062e-05
1.18062e-05
1.18062e-05
1.18062e-05
1.18062e-05
1.18062e-05
1.18062e-05
1.18062e-05
1.18062e-05
1.18062e-05
1.18062e-05
1.18062e-05
1.18062e-05
1.18062e-05
1.18062e-05
1.18062e-05
1.18062e-05
1.18062e-05
1.18062e-05
1.18062e-05
1.18062e-05
1.18062e-05
1.18062e-05
1.18062e-05
1.18062e-05
1.18062e-05
1.18062e-05
1.18062e-05
1.18062e-05
1.18062e-05
1.18062e-05
1.18062e-05
1.18062e-05
1.18062e-05
1.18062e-05
1.18062e-05
1.18062e-05
1.18062e-05
0
0
