*Vertices 109
0.0483871
0.0448029
0.0385305
0.0385305
0.0382318
0.0364397
0.0340502
0.0334528
0.0334528
0.0301673
0.0292712
0.0289725
0.0253883
0.0247909
0.0244922
0.0241935
0.0232975
0.0221027
0.0221027
0.0185185
0.0176225
0.0173238
0.0173238
0.0167264
0.016129
0.0155317
0.0137395
0.0137395
0.0125448
0.0125448
0.0107527
0.00955795
0.00955795
0.00925926
0.00896057
0.00896057
0.00776583
0.00776583
0.00716846
0.00657109
0.0062724
0.0062724
0.00597372
0.00597372
0.00567503
0.00477897
0.00477897
0.00448029
0.0041816
0.0041816
0.0041816
0.0041816
0.00358423
0.00358423
0.00358423
0.00358423
0.00358423
0.00358423
0.00358423
0.00298686
0.00298686
0.0020908
0.00179211
0.00179211
0.00179211
0.00179211
0.00179211
0.00179211
0.00179211
0.00179211
0.00179211
0.00179211
0.00179211
0.00179211
0.00179211
0.00149343
0.00149343
0.00119474
0.00119474
0.00119474
0.000597372
0.000597372
0.000597372
0.000597372
0.000597372
0.000597372
0.000597372
0.000597372
0.000597372
0.000597372
0.000597372
0.000597372
0.000597372
0.000597372
0.000597372
0.000597372
0.000597372
0.000597372
0.000597372
0.000597372
0.000597372
0.000597372
0.000597372
0.000597372
0.000597372
0.000597372
0.000597372
0.000597372
0.000597372
