*Vertices 645
5
1
6
7
3
11
2
8
8
31
11
10
7
5
3
5
2
2
22
19
26
9
8
4
2
1
13
11
3
5
5
8
4
4
4
4
23
6
18
3
4
7
4
13
7
22
12
12
26
1
1
7
7
7
7
6
2
28
9
23
11
2
11
5
4
4
3
21
14
14
5
6
10
7
1
1
6
18
5
4
4
4
7
7
3
3
38
23
11
9
1
1
1
2
2
23
8
12
9
5
1
1
7
5
5
5
7
9
7
21
21
10
10
13
2
2
2
7
6
24
4
2
2
2
25
2
2
4
4
19
4
20
18
3
4
10
17
3
3
7
7
10
7
7
9
16
13
6
16
9
12
5
10
5
5
13
10
9
9
11
9
9
9
9
2
3
2
2
2
4
7
5
21
19
19
1
3
1
1
13
18
4
4
11
8
15
15
5
11
8
4
4
4
4
4
4
1
1
3
4
3
4
2
6
3
3
3
4
4
4
4
3
3
32
9
6
5
5
7
2
2
16
2
2
17
13
1
3
5
3
6
1
1
2
2
2
1
4
2
2
2
1
8
3
3
19
12
23
12
2
2
2
25
3
4
8
4
4
2
4
7
1
1
4
4
10
1
5
26
9
13
2
3
1
1
1
1
2
2
4
4
3
7
4
4
4
4
4
4
4
6
6
1
4
4
4
4
3
6
6
3
4
2
1
2
1
1
5
9
1
3
6
4
1
1
2
2
3
5
1
1
1
2
2
2
10
10
10
3
5
1
13
6
6
14
6
6
17
14
2
12
1
1
6
4
10
1
2
4
2
5
2
1
1
1
1
2
2
2
3
3
3
9
3
13
4
4
4
9
1
1
1
2
7
9
10
5
2
2
4
4
2
2
5
5
12
3
3
3
3
3
3
3
2
2
9
11
9
9
5
5
4
2
2
4
4
1
1
1
1
2
6
2
1
1
2
2
2
2
3
4
4
3
2
6
4
4
6
4
3
3
1
2
4
4
4
1
5
3
3
2
2
1
4
2
2
2
3
3
1
7
9
4
2
7
1
1
1
4
1
1
2
2
2
7
5
7
6
1
3
1
1
3
3
3
1
1
1
4
4
1
1
3
2
2
1
1
1
4
1
1
9
2
2
2
3
3
1
1
6
3
1
6
4
6
6
3
3
1
3
2
9
9
4
6
1
1
1
2
2
2
3
3
3
7
3
2
2
2
4
1
5
5
2
3
1
8
1
4
2
4
4
1
3
3
2
2
7
3
6
3
3
8
4
1
4
4
1
6
8
5
2
2
1
4
3
6
2
2
1
2
2
2
1
8
8
11
11
11
1
1
1
4
6
2
2
3
1
3
5
1
5
2
1
2
1
1
3
2
2
1
1
3
2
4
3
3
3
3
1
1
2
2
2
1
1
3
2
1
1
1
4
4
3
3
1
1
4
4
2
3
2
1
3
1
3
3
4
4
4
3
3
3
3
1
