127 1
71 2
1648 0
1481 0
2927 0
1178 0
2915 0
1387 0
512 1
1932 0
463 1
458 0
517 0
1250 0
1363 0
722 0
1109 0
2067 0
1630 0
728 0
1244 0
1638 0
742 0
29 1
350 0
1969 0
58 1
153 1
2932 0
1546 0
101 2
2994 0
340 1
311 0
825 0
917 0
495 0
2086 0
1322 0
1816 0
1172 1
1259 0
834 0
285 1
2976 0
1216 0
3879 0
1135 0
1203 0
2864 0
4198 0
96 1
2088 0
1068 0
1667 0
2114 0
486 0
1354 0
2134 0
569 0
8 2
4269 0
1396 0
686 0
2033 0
391 1
943 0
1887 0
1375 0
2907 0
180 2
1585 0
1877 0
2939 0
246 0
2227 0
690 1
1168 0
61 1
536 1
1653 0
1688 0
1266 0
2958 0
1458 0
444 0
508 1
1336 0
39 2
1089 0
558 0
12 2
1554 0
573 0
1084 0
638 0
875 0
2479 0
1522 0
1 2
506 0
136 1
116 1
1197 1
1580 0
2937 0
661 0
2845 0
581 0
308 1
4200 0
678 0
1517 0
2808 0
1975 0
2910 0
1973 0
1991 0
927 0
301 1
51 1
456 0
2745 0
652 0
1033 0
2034 0
1539 0
2029 0
796 1
366 1
844 0
1541 0
2723 0
4218 0
272 1
775 0
2518 0
2108 0
20 1
888 0
1011 0
1983 0
1627 0
468 1
2093 0
700 0
1019 0
1927 0
78 2
2853 0
1380 0
990 0
413 0
294 0
1614 0
1442 0
764 0
349 0
2075 0
1981 0
2081 0
1383 0
606 0
137 1
4416 0
1414 0
1855 0
432 0
666 0
1074 0
860 0
1567 0
1063 0
708 1
2796 0
2814 0
710 1
1656 0
323 1
856 0
2142 0
1664 0
112 1
545 0
191 1
187 1
588 0
1684 0
756 0
1283 0
262 1
1944 0
212 1
4422 0
1331 0
542 0
1305 0
961 0
2882 0
1662 0
2099 0
2988 0
574 0
170 1
1921 0
660 1
26 2
2116 0
977 1
526 0
566 1
1901 0
359 0
2765 0
1229 0
108 1
2820 0
604 0
1001 0
232 0
477 0
1338 0
1182 0
225 1
1447 0
330 1
207 1
142 1
1510 0
48 2
1857 0
360 0
1988 0
1076 0
766 0
449 0
4376 0
1574 0
1579 0
659 0
2774 0
682 0
2971 0
353 0
375 1
984 0
2989 0
1155 0
2833 0
1485 0
788 0
128 1
501 1
1313 0
2944 0
278 0
1617 0
490 0
1843 1
155 2
387 0
1913 0
2626 0
626 0
1112 0
1294 0
461 1
2712 0
1426 0
257 2
1358 0
782 0
951 1
85 1
809 1
1486 0
425 0
2056 0
736 0
2876 0
539 0
781 0
2847 0
2865 0
1698 0
520 1
2782 0
2037 0
532 1
1193 0
3963 0
55 1
1890 0
1681 0
57 0
872 0
395 0
89 2
175 1
584 1
988 0
35 1
1550 0
1882 0
1454 0
1421 1
665 0
2827 0
1476 0
1207 0
3007 0
1584 0
904 0
930 0
1675 0
649 0
2972 0
2150 0
1318 0
642 0
648 1
2006 0
2130 0
1908 0
1028 0
1589 0
198 0
2792 0
1098 0
1059 0
913 0
2019 0
361 0
202 0
184 2
776 0
1459 0
1570 0
1984 0
1269 0
181 1
412 0
307 1
1671 0
4242 0
1463 0
1467 0
830 0
2041 0
154 1
2893 0
2062 0
1101 0
2801 0
704 0
326 0
1462 0
2886 0
681 0
335 0
1029 0
2715 0
5 1
2105 0
554 0
1957 0
2791 0
552 0
1867 0
4006 0
1623 0
74 0
440 0
2936 0
890 0
1926 0
1289 0
299 1
2024 0
1282 0
841 0
1898 0
1044 0
1350 0
91 1
2137 0
1240 1
2815 0
467 0
481 0
2121 0
474 0
867 0
1976 0
817 0
563 0
2751 0
2919 0
229 1
673 1
68 1
2059 0
315 0
1827 0
1947 0
1347 0
222 0
2911 0
1504 0
25 1
305 1
1253 0
928 0
1526 0
217 1
281 0
158 1
3784 0
46 1
1316 0
1851 0
1418 0
36 1
1368 0
748 0
472 0
3505 0
1655 0
317 0
132 1
711 1
1254 0
1642 0
892 1
2071 0
1428 0
2769 0
546 0
537 1
1018 0
1125 1
1007 0
1443 0
741 0
1186 0
998 0
2076 0
529 0
1545 0
1058 0
987 0
2984 0
1150 0
2860 0
4314 0
908 1
1335 0
284 0
903 0
247 2
1340 0
289 0
165 1
729 0
2119 0
2 3
4229 0
808 0
845 0
2125 0
1847 0
2979 0
147 1
1249 0
973 0
2961 0
1046 0
1142 0
2095 0
1291 0
319 0
2960 0
2857 0
1052 0
1179 1
735 0
1922 0
1493 0
2948 0
4298 0
974 0
1271 0
344 1
1613 0
2103 0
2949 0
636 0
1104 0
1406 0
1133 0
209 0
1905 0
2837 0
1118 0
1575 0
117 1
600 0
4191 0
80 0
336 1
457 0
1301 0
821 0
383 1
696 0
2532 0
1873 0
1431 0
92 0
1489 0
1212 0
1805 0
2787 0
1477 0
2824 0
505 0
670 0
1094 0
419 1
995 1
1225 0
837 0
2015 0
2909 0
290 0
149 0
625 0
712 0
210 1
406 0
2289 0
19 1
365 0
1030 1
763 0
3332 0
2021 0
1895 0
2920 0
570 0
2038 0
1880 0
252 0
883 0
4399 0
655 0
421 0
1998 0
2930 0
1367 0
271 1
1024 0
1070 0
2867 0
2871 0
491 0
1863 0
13 3
105 1
1514 0
840 0
1647 0
597 0
111 1
1411 0
408 0
1480 0
242 0
2777 0
559 0
32 2
1588 0
443 0
580 0
2800 0
1257 0
846 0
31 1
1689 0
1861 0
2825 0
1296 0
1553 0
2897 0
1303 0
2133 0
1654 0
968 0
675 0
15 1
431 0
382 2
2846 0
1506 0
2855 0
139 1
129 1
926 0
2145 0
859 0
1083 0
739 0
1293 0
876 0
2890 0
662 0
168 1
135 0
145 0
1518 0
178 0
1131 0
1876 0
772 1
124 0
1429 0
1974 0
2032 0
4350 0
1374 0
1528 0
653 0
2807 0
1692 0
509 0
1015 0
976 1
367 0
716 0
1886 0
1972 0
940 0
685 0
743 0
21 1
523 0
2129 0
1460 0
723 0
453 0
1202 0
351 0
1040 0
595 0
2838 0
1138 0
488 0
1854 0
2926 0
1012 0
835 0
1498 0
1267 0
1032 1
901 0
113 0
152 0
2931 0
342 0
862 0
1419 0
341 0
1056 0
2883 0
2284 0
64 2
1473 0
881 0
45 1
507 1
405 0
1173 1
309 0
2085 0
2113 0
1258 0
824 0
120 0
4030 0
2568 0
1148 0
392 1
254 0
1321 0
1987 0
813 0
2014 0
644 0
851 0
1820 0
399 0
2110 0
436 0
1342 0
1968 0
94 1
213 0
2775 0
1450 0
2863 0
568 0
791 0
1129 0
1143 0
1355 0
2848 0
1961 0
916 0
386 1
2043 0
1457 0
200 0
1261 0
1352 0
329 0
525 0
2970 0
27 2
1621 0
787 0
1902 0
161 1
1866 0
2001 0
1310 0
109 1
2115 0
4357 0
1239 0
2797 0
769 0
1181 1
803 0
60 1
1245 0
1400 0
1067 0
691 1
2615 0
1388 0
1676 0
346 1
911 0
427 0
2072 0
82 1
650 0
1154 0
895 0
2965 0
69 2
1910 0
1470 0
224 0
2100 0
1982 0
1006 1
426 0
996 0
1435 0
279 0
2069 0
956 0
629 0
498 0
483 0
2055 0
1487 0
372 1
1540 0
2028 0
1284 0
1661 0
1330 0
2064 0
1160 0
99 1
1592 0
1933 0
2022 0
790 1
533 0
2080 0
1122 0
2997 0
1697 0
1053 0
414 1
462 0
2735 0
1209 0
263 0
991 0
2985 0
931 0
615 0
476 0
1198 0
1409 0
1626 0
2141 0
1077 0
4219 0
293 0
2854 0
1272 0
1299 0
1663 0
2888 0
967 0
1611 0
322 0
469 0
635 0
1088 0
575 0
1835 0
1566 0
979 0
709 0
40 0
310 0
192 0
699 1
1115 0
960 0
818 0
4320 0
1038 0
2908 0
543 1
267 0
1892 0
2044 0
354 0
1437 0
2813 0
1064 0
757 0
9 2
1600 0
603 0
90 1
1850 0
565 0
1346 0
1964 0
850 1
2818 0
1004 0
891 0
2106 0
1360 0
1013 0
233 1
1490 0
1693 0
316 0
2947 0
4199 0
2025 0
1370 0
11 0
3804 0
842 0
511 1
899 1
199 1
4254 0
1979 0
1929 0
1737 0
1948 0
795 0
794 0
1609 0
944 0
1113 0
2122 0
674 1
1317 0
280 1
957 0
273 0
471 0
2943 0
1503 0
1509 0
2912 0
1325 0
1643 0
131 1
502 1
1286 0
314 0
2998 0
1502 0
1872 0
355 0
553 0
2058 0
1252 0
2877 0
555 0
1037 0
2935 0
37 1
855 0
195 1
2005 0
680 0
679 0
831 0
1147 0
1960 0
1241 0
2783 0
1441 0
647 0
1206 0
334 1
1027 0
1997 0
423 0
1680 0
1953 0
2879 0
1319 0
2077 0
1222 0
2036 0
1747 0
174 0
820 0
1571 0
422 0
905 0
1194 0
41 0
52 3
2887 0
1451 0
302 1
866 0
1453 0
770 1
593 0
188 1
402 0
1940 0
1097 0
641 0
1641 0
838 0
2962 0
616 0
640 0
870 0
1121 0
1384 0
896 1
1468 0
2068 0
2903 0
1464 0
1494 0
777 0
4310 0
2018 0
1906 0
464 0
2786 0
2977 0
1685 0
2011 0
1891 0
6 3
562 0
2768 0
1304 0
183 1
1102 0
1478 0
439 1
362 1
1379 0
705 0
3798 0
407 0
18 0
912 0
376 1
785 1
1432 0
1930 0
599 1
587 0
1167 0
1393 0
609 0
1235 0
95 0
298 0
923 0
243 0
2051 0
148 0
753 1
1343 0
726 1
2955 0
106 2
964 0
4110 0
4425 0
157 0
2009 0
65 0
1909 0
935 0
203 1
4373 0
1213 0
1093 0
1023 0
81 1
2084 0
1300 0
1199 0
624 0
86 0
1158 0
656 0
371 1
204 1
1041 1
2921 0
435 0
1990 0
814 1
1482 0
885 0
2109 0
884 0
1412 0
339 1
228 1
749 0
268 0
829 0
2872 0
345 2
596 0
1297 0
2090 0
1521 0
1862 0
613 1
1082 0
1066 0
121 1
952 0
487 0
1071 0
494 0
1956 0
2778 0
238 0
873 0
253 1
448 0
3634 0
63 0
1637 0
179 0
1105 0
713 0
1334 0
2499 0
2805 0
2096 0
938 0
2839 0
2149 0
1679 0
4238 0
1620 0
1262 0
1290 0
1527 0
1132 0
929 0
1925 0
2916 0
631 0
547 0
1583 0
1616 0
258 1
396 0
1422 0
482 0
949 0
499 0
1047 0
2138 0
1055 0
1276 0
141 0
909 0
2981 0
1124 0
1230 0
75 0
2793 0
2993 0
1917 0
1163 0
450 0
1405 0
1060 0
2104 0
2126 0
2894 0
2858 0
900 0
318 1
2526 0
972 0
473 0
3 3
248 1
146 1
1351 0
802 0
356 0
2063 0
528 0
164 1
807 0
2040 0
1049 0
2898 0
882 0
4379 0
2812 0
1050 0
1488 0
560 0
2830 0
798 0
898 0
1031 0
1273 0
2942 0
451 1
454 1
1364 0
1408 0
2969 0
634 0
578 0
4418 0
695 0
978 0
2144 0
325 1
378 0
889 0
1233 0
540 1
1615 0
1162 0
211 1
2831 0
684 0
2073 0
861 0
337 0
76 0
1924 0
982 0
571 0
1214 0
1190 0
389 0
1660 0
1171 0
1345 0
1123 0
966 0
992 0
1954 0
236 1
706 0
218 0
2843 0
14 3
2973 0
2999 0
2889 0
234 1
3786 0
594 0
1438 0
1903 0
2767 0
1859 0
2339 0
160 1
98 2
2776 0
1278 0
1048 0
2901 0
1381 0
1000 1
43 2
1061 0
2054 0
2785 0
193 0
288 0
119 0
586 0
2870 0
410 0
2859 0
999 0
1180 0
430 1
1185 0
447 1
1446 0
2118 0
4211 0
415 0
1130 0
1315 0
189 0
4196 0
1292 0
1356 0
2849 0
480 0
1871 0
107 1
438 0
1153 0
87 0
1022 0
2795 0
953 0
221 1
1424 0
1560 0
417 0
784 0
260 1
2061 0
1844 0
762 0
1144 0
734 0
2798 0
2952 0
2047 0
144 1
1440 0
381 0
1471 0
906 0
1349 0
177 1
2966 0
373 0
2078 0
773 0
1247 0
22 1
205 0
1309 0
1576 0
2874 0
1622 0
1260 0
874 0
975 0
493 0
1911 0
1436 0
2856 0
2528 0
1677 0
1320 0
1026 0
1390 0
1993 0
1893 0
1646 0
1499 0
1469 0
746 0
534 0
400 0
919 0
744 1
1268 1
633 0
1372 0
151 1
1977 0
1669 0
1825 0
1285 0
1952 0
287 0
475 0
932 0
515 0
1525 0
1242 0
1208 0
138 0
1107 0
2996 0
1874 0
1201 0
724 0
519 1
1195 0
3300 0
17 1
1327 0
1274 0
110 1
1995 0
333 0
4427 0
2780 0
646 0
446 1
1220 0
1582 0
2842 0
1599 0
1149 0
2900 0
1288 0
1087 0
810 0
1238 0
33 4
4351 0
2866 0
7 2
227 0
1860 0
2013 0
1937 0
255 1
264 0
806 0
1885 0
182 0
2905 0
556 0
717 0
2817 0
815 1
671 0
1511 0
167 0
692 0
1605 0
663 0
854 0
1945 0
969 0
1174 0
1946 0
510 1
393 1
1501 0
658 1
274 1
549 1
4392 0
877 0
1508 0
1128 0
2891 0
946 0
1520 0
4056 0
303 1
250 1
1361 0
614 0
2963 0
2959 0
130 1
1373 0
53 1
1465 0
2925 0
2990 0
1302 0
1397 0
941 0
583 0
1879 0
2917 0
1869 0
591 0
832 1
2135 0
2804 0
828 0
276 0
1920 0
102 1
3827 0
2992 0
1218 0
1404 0
259 2
424 0
1625 0
163 0
1402 0
1106 0
1836 0
1531 0
2929 0
347 0
1333 0
4307 0
434 1
865 0
1184 0
2770 0
442 0
1572 0
689 0
886 0
1116 0
1329 0
2835 0
2869 0
727 0
4220 0
320 1
939 0
811 0
1670 0
249 0
465 1
2834 0
1612 0
819 0
1177 0
1189 0
1127 0
4237 0
894 0
4415 0
1298 0
858 0
2127 0
140 0
1900 0
954 0
385 0
1359 0
1479 0
801 0
985 0
971 0
754 0
479 0
847 0
1166 0
1378 0
1003 0
1054 0
2821 0
619 0
2101 0
698 1
1634 0
621 0
524 0
1848 0
4380 0
598 0
2486 0
780 1
240 1
1433 0
1666 0
230 0
115 1
377 0
922 0
602 0
2050 0
1311 0
1072 0
1394 0
612 1
2772 0
1391 0
936 0
1277 0
1086 0
701 0
2794 0
214 0
564 0
2789 0
1650 0
2074 0
2539 0
731 0
1967 0
2850 0
2779 0
657 0
2139 0
1865 0
768 0
1928 0
1092 0
3877 0
1636 0
1483 0
338 1
576 0
761 0
1996 0
738 0
1415 0
484 0
1036 1
1243 0
1078 0
1265 0
2065 0
544 0
623 1
3885 0
1512 0
2956 0
1196 0
1114 0
2946 0
328 0
239 0
122 1
1223 0
269 0
628 0
878 0
363 1
733 0
630 0
997 0
1449 0
608 0
2873 0
1234 0
2878 0
1314 0
1798 0
1474 0
522 1
125 1
1632 0
44 1
1423 0
2152 0
1687 0
667 0
1188 0
2008 0
2862 0
1564 0
714 0
1280 0
313 0
2017 0
4031 0
2884 0
1324 0
397 1
1096 0
2934 0
1657 0
1191 0
459 0
823 0
4267 0
1495 0
771 0
401 1
186 0
1119 0
1914 0
1919 0
1938 0
915 0
2978 0
1586 0
1986 0
1456 0
404 0
516 0
2004 0
2060 0
702 0
4383 0
2904 0
561 0
2112 0
2221 0
2982 0
357 0
1307 0
1941 0
2826 0
455 0
1875 0
1673 0
2132 0
963 1
297 0
2031 0
1889 0
980 0
10 1
550 0
2083 0
2097 0
1081 0
1651 0
958 0
1569 0
592 0
1978 0
2123 0
173 1
530 0
66 2
470 1
2026 0
1524 0
793 0
1287 0
1205 0
1696 0
654 0
283 1
156 0
59 1
2091 0
1971 0
1226 0
1949 0
1256 0
1853 0
864 0
219 0
1016 1
2913 0
799 0
1170 0
925 0
1896 0
390 0
2895 0
1686 0
1515 0
1042 0
38 0
1955 0
196 0
945 0
4143 0
1169 0
2784 0
206 0
118 3
1674 0
959 0
1065 0
331 0
358 0
1659 0
2746 0
737 0
767 0
2070 0
84 1
1020 0
805 0
437 1
194 0
220 1
1312 0
1021 0
1263 0
934 0
1989 0
948 0
572 0
1398 0
226 0
1430 0
527 0
1145 0
1870 0
1448 0
62 1
833 0
1573 0
1472 0
548 0
2020 0
1110 0
1999 0
2799 0
418 1
783 1
933 0
1357 0
348 0
789 0
49 2
993 0
1090 0
2868 0
627 0
2967 0
1308 0
2117 0
715 0
1934 0
1916 0
4232 0
23 2
364 0
388 1
1425 0
950 1
2957 0
1845 0
1445 0
1678 0
1025 0
1992 0
1842 0
1466 0
485 1
778 0
2143 0
720 0
1270 0
460 1
2449 0
1645 0
324 1
1389 0
244 0
637 0
2066 0
2811 0
752 0
2679 0
1232 0
2899 0
379 0
1607 0
1386 0
1035 0
452 0
4187 0
295 0
579 0
1894 0
535 0
1618 0
77 1
683 0
541 1
1215 0
4378 0
2995 0
765 0
312 0
1628 0
897 0
1002 0
237 1
370 0
2923 0
567 1
416 0
2950 0
380 0
100 1
914 0
965 0
300 1
1279 0
2079 0
2974 0
286 1
1395 0
1075 0
800 0
1365 0
1407 0
496 0
2829 0
605 0
2987 0
607 0
1699 0
2902 0
42 2
759 0
1228 0
235 1
1073 0
2291 0
1931 0
694 0
816 0
1103 0
296 0
1062 0
265 1
171 2
1700 0
2609 0
445 0
2131 0
1339 0
582 0
2120 0
1858 0
557 1
718 0
1581 0
1507 0
1604 0
441 0
868 0
672 0
1140 0
983 0
275 1
4257 0
2035 0
197 1
853 0
751 1
1500 0
4300 0
1980 0
2136 0
1295 0
2832 0
1111 0
677 0
907 0
1868 0
1210 0
590 0
664 0
1878 0
2938 0
1690 1
2964 0
617 1
79 2
1420 0
3845 0
352 1
2918 0
126 1
1034 0
251 0
1594 0
2803 0
369 0
2875 0
1548 0
651 0
176 1
947 1
256 0
1823 0
2537 0
2810 0
920 0
428 0
887 0
72 2
500 1
1496 0
1221 0
1200 0
4193 0
918 0
1682 0
2781 0
1413 0
1108 0
1275 0
2107 0
1598 0
1014 0
843 0
1856 0
1491 0
1362 0
632 0
1371 0
394 1
514 1
610 0
725 0
513 0
50 0
2645 0
1994 0
1519 0
2633 0
797 0
1136 0
1175 0
4318 0
1236 1
1683 0
645 0
1326 0
1382 0
1452 0
1176 0
1039 0
2881 0
1005 1
28 1
2089 0
589 0
1337 0
2087 0
215 1
687 0
2098 0
150 0
2298 0
245 1
4424 0
826 0
332 1
2329 0
1099 0
1965 0
34 3
745 0
2980 0
2082 0
1410 0
620 0
4194 0
1434 0
937 0
1045 0
1619 0
730 0
16 2
1069 0
2880 0
1224 0
368 0
994 0
611 1
1849 0
849 0
492 1
2740 0
208 1
2140 0
2788 0
1523 0
93 1
292 0
2773 0
291 1
374 0
2790 0
114 1
1306 0
429 0
1939 0
1328 0
73 2
1091 0
409 0
67 3
1962 0
812 0
241 1
489 0
585 0
327 0
1392 0
1970 0
1080 0
1281 0
732 1
2819 0
1864 0
1603 0
622 0
1881 0
970 0
2771 0
24 2
1416 0
1658 0
104 0
1558 0
2057 0
1635 0
1237 0
1513 0
1264 0
159 1
747 0
2563 0
1633 0
47 1
4333 0
1942 0
1427 0
1484 0
1017 0
270 1
2042 0
1057 0
538 0
2840 0
1602 0
521 0
2007 0
1332 0
162 1
433 1
880 0
1912 0
986 0
786 0
740 0
1117 0
1008 0
103 0
201 1
871 0
1401 0
719 0
1529 0
4305 0
902 0
827 0
266 1
2039 0
1353 0
1624 0
2892 0
1695 0
1219 0
97 1
668 0
688 0
750 0
774 0
1126 0
910 0
2128 0
1341 0
693 0
893 0
1915 0
3959 0
804 0
83 0
1385 0
1818 0
962 0
2094 0
755 0
1085 0
143 0
1403 0
2822 0
1051 0
1497 0
497 1
518 0
4236 0
2914 0
1211 0
2906 0
2852 0
169 1
411 0
1542 0
2991 0
2836 0
2102 0
478 1
384 0
398 1
2016 0
836 0
942 0
955 0
1376 0
1888 0
2030 0
190 1
2816 0
1808 0
2802 0
822 0
601 0
231 0
1610 0
779 0
551 0
343 1
981 0
697 0
3753 0
857 0
1010 0
707 0
1966 0
1665 0
261 1
321 1
792 0
2896 0
1248 0
1079 0
1590 0
1652 0
1516 0
2053 0
924 0
2933 0
760 0
863 0
531 1
2027 0
172 0
1366 0
223 0
1897 0
721 0
2124 0
1043 0
1255 0
669 0
282 0
2660 0
420 0
1852 0
639 0
989 0
1505 0
1348 0
2945 0
1137 0
577 1
2809 0
1417 0
216 1
852 0
643 0
2766 0
1120 0
1475 0
2928 0
1187 0
676 0
2092 0
2968 0
1251 0
277 0
1192 0
879 0
1095 0
1183 0
2975 0
1444 0
1883 0
1846 0
133 0
123 1
304 0
1631 0
1828 0
2605 0
56 0
1369 0
54 1
4282 0
306 1
1204 0
70 1
839 0
166 0
88 0
1009 0
30 1
403 0
466 0
134 1
618 0
2151 0
848 0
1904 0
1629 0
1918 0
1323 0
4197 0
1455 0
1492 0
703 0
1134 0
1100 0
1377 0
2885 0
2861 0
1461 0
185 0
4 2
2716 0
1985 0
1691 0
2003 0
