127 28
71 39
1648 6
1481 5
2927 3
1178 7
2915 4
1387 6
512 16
1932 4
463 20
458 8
517 11
1250 6
1363 6
722 10
1109 8
2067 5
1630 7
728 10
1244 9
1638 4
742 14
29 36
350 15
1969 6
58 23
153 24
2932 3
1546 5
101 33
2994 4
340 18
311 19
825 7
917 9
495 9
2086 5
1322 7
1816 4
1172 9
1259 5
834 8
285 29
2976 3
1216 7
3879 3
1135 8
1203 6
2864 3
4198 3
96 24
2088 5
1068 7
1667 5
2114 3
486 10
1354 6
2134 3
569 7
8 47
4269 3
1396 5
686 11
2033 3
391 13
943 9
1887 4
1375 6
2907 3
180 22
1585 6
1877 4
2939 3
246 13
2227 4
690 12
1168 7
61 29
536 15
1653 5
1688 5
1266 8
2958 4
1458 6
444 11
508 16
1336 7
39 43
1089 12
558 16
12 32
1554 5
573 16
1084 10
638 8
875 8
2479 4
1522 6
1 53
506 14
136 23
116 28
1197 9
1580 4
2937 3
661 17
2845 4
581 8
308 17
4200 3
678 13
1517 8
2808 4
1975 6
2910 4
1973 6
1991 6
927 11
301 13
51 27
456 9
2745 3
652 15
1033 11
2034 4
1539 5
2029 4
796 12
366 20
844 10
1541 5
2723 4
4218 3
272 16
775 5
2518 4
2108 3
20 26
888 6
1011 9
1983 5
1627 5
468 19
2093 3
700 7
1019 8
1927 4
78 36
2853 3
1380 6
990 6
413 11
294 19
1614 6
1442 5
764 10
349 23
2075 5
1981 5
2081 4
1383 6
606 12
137 31
4416 3
1414 8
1855 5
432 11
666 10
1074 8
860 12
1567 6
1063 8
708 13
2796 4
2814 3
710 12
1656 6
323 24
856 9
2142 6
1664 5
112 35
545 16
191 26
187 19
588 8
1684 6
756 7
1283 6
262 19
1944 4
212 23
4422 3
1331 8
542 9
1305 5
961 10
2882 3
1662 5
2099 4
2988 4
574 9
170 30
1921 4
660 13
26 53
2116 4
977 12
526 9
566 14
1901 5
359 13
2765 5
1229 3
108 31
2820 3
604 14
1001 10
232 14
477 11
1338 7
1182 6
225 22
1447 8
330 17
207 16
142 32
1510 8
48 39
1857 4
360 16
1988 6
1076 5
766 10
449 14
4376 3
1574 5
1579 6
659 12
2774 5
682 8
2971 3
353 7
375 15
984 7
2989 4
1155 5
2833 4
1485 5
788 8
128 35
501 18
1313 5
2944 3
278 23
1617 7
490 13
1843 8
155 25
387 19
1913 4
2626 4
626 8
1112 5
1294 6
461 13
2712 4
1426 4
257 24
1358 6
782 10
951 13
85 21
809 11
1486 3
425 9
2056 5
736 7
2876 3
539 15
781 9
2847 4
2865 3
1698 5
520 13
2782 5
2037 4
532 21
1193 5
3963 3
55 42
1890 4
1681 6
57 21
872 6
395 9
89 29
175 33
584 15
988 8
35 47
1550 6
1882 5
1454 7
1421 9
665 8
2827 3
1476 4
1207 6
3007 3
1584 5
904 9
930 8
1675 6
649 10
2972 3
2150 3
1318 6
642 10
648 15
2006 5
2130 3
1908 4
1028 11
1589 5
198 19
2792 3
1098 6
1059 7
913 10
2019 5
361 11
202 25
184 33
776 9
1459 5
1570 5
1984 5
1269 10
181 26
412 17
307 17
1671 6
4242 3
1463 4
1467 7
830 8
2041 5
154 29
2893 3
2062 4
1101 7
2801 3
704 10
326 7
1462 6
2886 3
681 7
335 15
1029 10
2715 4
5 42
2105 5
554 7
1957 5
2791 6
552 6
1867 5
4006 3
1623 6
74 24
440 8
2936 3
890 11
1926 4
1289 7
299 21
2024 3
1282 5
841 7
1898 4
1044 7
1350 6
91 29
2137 4
1240 9
2815 3
467 6
481 10
2121 5
474 11
867 9
1976 6
817 7
563 12
2751 3
2919 3
229 31
673 15
68 32
2059 4
315 10
1827 5
1947 6
1347 6
222 9
2911 4
1504 7
25 39
305 27
1253 7
928 10
1526 7
217 29
281 17
158 27
3784 3
46 26
1316 5
1851 4
1418 7
36 33
1368 5
748 8
472 16
3505 3
1655 5
317 17
132 28
711 14
1254 6
1642 7
892 10
2071 4
1428 7
2769 5
546 12
537 13
1018 8
1125 12
1007 7
1443 6
741 12
1186 7
998 10
2076 5
529 14
1545 6
1058 7
987 6
2984 3
1150 6
2860 4
4314 3
908 11
1335 6
284 17
903 10
247 25
1340 8
289 12
165 26
729 9
2119 4
2 56
4229 3
808 9
845 9
2125 4
1847 6
2979 4
147 32
1249 9
973 11
2961 3
1046 6
1142 6
2095 3
1291 6
319 11
2960 3
2857 4
1052 9
1179 10
735 8
1922 6
1493 5
2948 3
4298 3
974 10
1271 5
344 16
1613 6
2103 5
2949 3
636 15
1104 7
1406 6
1133 7
209 19
1905 4
2837 4
1118 7
1575 6
117 21
600 8
4191 3
80 21
336 23
457 10
1301 6
821 12
383 16
696 13
2532 4
1873 5
1431 7
92 21
1489 6
1212 8
1805 5
2787 5
1477 4
2824 3
505 8
670 9
1094 7
419 18
995 9
1225 4
837 7
2015 4
2909 4
290 13
149 16
625 13
712 10
210 32
406 11
2289 4
19 26
365 20
1030 9
763 8
3332 3
2021 4
1895 4
2920 4
570 10
2038 6
1880 5
252 21
883 6
4399 3
655 11
421 18
1998 5
2930 4
1367 6
271 15
1024 5
1070 7
2867 4
2871 4
491 17
1863 4
13 37
105 31
1514 6
840 7
1647 4
597 14
111 27
1411 7
408 14
1480 5
242 10
2777 4
559 15
32 38
1588 6
443 12
580 6
2800 3
1257 6
846 13
31 36
1689 8
1861 4
2825 4
1296 5
1553 5
2897 3
1303 5
2133 4
1654 5
968 7
675 10
15 33
431 8
382 19
2846 4
1506 7
2855 4
139 27
129 29
926 10
2145 3
859 9
1083 10
739 13
1293 5
876 6
2890 4
662 7
168 26
135 24
145 20
1518 7
178 16
1131 8
1876 5
772 16
124 17
1429 8
1974 6
2032 3
4350 3
1374 5
1528 7
653 6
2807 4
1692 6
509 10
1015 9
976 12
367 18
716 12
1886 4
1972 6
940 8
685 6
743 10
21 37
523 15
2129 4
1460 6
723 11
453 17
1202 9
351 19
1040 10
595 9
2838 4
1138 10
488 12
1854 4
2926 4
1012 9
835 6
1498 6
1267 9
1032 8
901 5
113 29
152 28
2931 3
342 13
862 7
1419 7
341 16
1056 9
2883 3
2284 4
64 38
1473 5
881 6
45 39
507 15
405 18
1173 9
309 12
2085 4
2113 5
1258 7
824 11
120 24
4030 3
2568 4
1148 5
392 15
254 17
1321 5
1987 6
813 6
2014 4
644 9
851 13
1820 4
399 20
2110 3
436 11
1342 9
1968 4
94 24
213 22
2775 5
1450 8
2863 3
568 10
791 8
1129 10
1143 6
1355 6
2848 4
1961 5
916 8
386 23
2043 4
1457 8
200 21
1261 6
1352 6
329 13
525 11
2970 3
27 37
1621 7
787 8
1902 5
161 23
1866 4
2001 5
1310 4
109 30
2115 5
4357 3
1239 8
2797 3
769 13
1181 11
803 7
60 30
1245 8
1400 6
1067 6
691 14
2615 6
1388 6
1676 5
346 16
911 9
427 19
2072 3
82 33
650 8
1154 4
895 9
2965 3
69 52
1910 4
1470 6
224 12
2100 3
1982 6
1006 10
426 13
996 6
1435 5
279 16
2069 4
956 6
629 7
498 15
483 12
2055 5
1487 3
372 20
1540 5
2028 5
1284 6
1661 5
1330 8
2064 5
1160 6
99 44
1592 5
1933 4
2022 3
790 15
533 9
2080 4
1122 9
2997 4
1697 6
1053 11
414 20
462 13
2735 4
1209 8
263 20
991 5
2985 4
931 7
615 12
476 10
1198 7
1409 4
1626 7
2141 6
1077 6
4219 3
293 19
2854 4
1272 7
1299 5
1663 5
2888 3
967 9
1611 7
322 13
469 18
635 12
1088 9
575 17
1835 5
1566 6
979 8
709 9
40 32
310 20
192 19
699 12
1115 7
960 8
818 10
4320 3
1038 10
2908 3
543 13
267 18
1892 5
2044 7
354 12
1437 6
2813 3
1064 6
757 6
9 45
1600 5
603 12
90 31
1850 5
565 17
1346 6
1964 5
850 13
2818 4
1004 11
891 11
2106 4
1360 6
1013 6
233 24
1490 6
1693 4
316 17
2947 4
4199 3
2025 5
1370 5
11 49
3804 3
842 8
511 16
899 13
199 22
4254 3
1979 6
1929 4
1737 5
1948 4
795 9
794 5
1609 6
944 8
1113 7
2122 4
674 18
1317 5
280 30
957 9
273 22
471 12
2943 4
1503 5
1509 6
2912 3
1325 8
1643 5
131 29
502 20
1286 5
314 19
2998 5
1502 4
1872 4
355 12
553 9
2058 5
1252 6
2877 4
555 11
1037 9
2935 3
37 32
855 11
195 26
2005 5
680 7
679 12
831 11
1147 6
1960 5
1241 8
2783 5
1441 6
647 14
1206 6
334 22
1027 6
1997 6
423 15
1680 5
1953 4
2879 4
1319 5
2077 5
1222 5
2036 5
1747 5
174 26
820 13
1571 6
422 13
905 8
1194 6
41 25
52 35
2887 4
1451 8
302 21
866 6
1453 6
770 14
593 12
188 21
402 14
1940 5
1097 7
641 10
1641 7
838 6
2962 3
616 6
640 6
870 7
1121 7
1384 4
896 13
1468 5
2068 5
2903 3
1464 5
1494 5
777 7
4310 3
2018 5
1906 5
464 9
2786 5
2977 4
1685 5
2011 5
1891 4
6 47
562 12
2768 5
1304 6
183 25
1102 7
1478 5
439 26
362 24
1379 6
705 13
3798 3
407 15
18 18
912 11
376 21
785 12
1432 5
1930 4
599 13
587 9
1167 5
1393 6
609 18
1235 6
95 21
298 23
923 7
243 12
2051 6
148 13
753 17
1343 8
726 14
2955 4
106 33
964 6
4110 3
4425 3
157 22
2009 5
65 20
1909 4
935 7
203 25
4373 3
1213 7
1093 8
1023 8
81 31
2084 3
1300 6
1199 8
624 15
86 30
1158 8
656 7
371 24
204 31
1041 12
2921 4
435 19
1990 6
814 14
1482 6
885 6
2109 5
884 6
1412 6
339 23
228 24
749 8
268 11
829 8
2872 3
345 23
596 15
1297 6
2090 5
1521 6
1862 4
613 14
1082 9
1066 9
121 39
952 9
487 7
1071 7
494 10
1956 4
2778 5
238 19
873 7
253 24
448 16
3634 3
63 24
1637 4
179 23
1105 7
713 8
1334 8
2499 4
2805 3
2096 5
938 7
2839 4
2149 4
1679 4
4238 3
1620 6
1262 7
1290 6
1527 7
1132 7
929 11
1925 4
2916 3
631 11
547 13
1583 5
1616 7
258 22
396 11
1422 7
482 10
949 10
499 12
1047 8
2138 4
1055 9
1276 8
141 15
909 13
2981 3
1124 9
1230 6
75 24
2793 3
2993 3
1917 5
1163 6
450 7
1405 6
1060 7
2104 3
2126 5
2894 4
2858 3
900 7
318 23
2526 4
972 10
473 12
3 67
248 18
146 18
1351 6
802 7
356 17
2063 4
528 11
164 25
807 12
2040 4
1049 6
2898 3
882 6
4379 3
2812 3
1050 9
1488 4
560 9
2830 4
798 14
898 9
1031 9
1273 6
2942 4
451 20
454 17
1364 6
1408 6
2969 3
634 17
578 11
4418 3
695 7
978 9
2144 6
325 21
378 9
889 11
1233 7
540 18
1615 6
1162 6
211 23
2831 5
684 5
2073 3
861 11
337 14
76 14
1924 4
982 8
571 10
1214 8
1190 5
389 23
1660 6
1171 8
1345 6
1123 9
966 6
992 7
1954 4
236 24
706 10
218 14
2843 4
14 40
2973 4
2999 3
2889 3
234 28
3786 3
594 12
1438 7
1903 4
2767 5
1859 4
2339 4
160 29
98 28
2776 5
1278 6
1048 8
2901 3
1381 4
1000 10
43 41
1061 7
2054 5
2785 5
193 21
288 13
119 16
586 14
2870 4
410 11
2859 3
999 11
1180 8
430 18
1185 7
447 15
1446 8
2118 4
4211 3
415 20
1130 10
1315 7
189 17
4196 3
1292 6
1356 6
2849 3
480 12
1871 4
107 21
438 13
1153 6
87 26
1022 5
2795 3
953 10
221 25
1424 6
1560 4
417 12
784 10
260 22
2061 5
1844 7
762 9
1144 6
734 9
2798 4
2952 3
2047 7
144 25
1440 6
381 16
1471 5
906 5
1349 6
177 18
2966 4
373 14
2078 4
773 16
1247 7
22 25
205 10
1309 7
1576 5
2874 3
1622 7
1260 6
874 6
975 6
493 8
1911 4
1436 7
2856 4
2528 4
1677 5
1320 5
1026 9
1390 6
1993 6
1893 5
1646 6
1499 5
1469 5
746 14
534 9
400 12
919 7
744 13
1268 8
633 9
1372 6
151 26
1977 6
1669 6
1825 4
1285 6
1952 4
287 14
475 13
932 7
515 11
1525 7
1242 7
1208 5
138 16
1107 7
2996 3
1874 5
1201 10
724 12
519 19
1195 7
3300 3
17 41
1327 8
1274 8
110 19
1995 6
333 13
4427 3
2780 5
646 9
446 17
1220 4
1582 4
2842 3
1599 6
1149 6
2900 4
1288 5
1087 9
810 10
1238 8
33 41
4351 3
2866 4
7 43
227 20
1860 5
2013 5
1937 5
255 25
264 20
806 11
1885 5
182 16
2905 3
556 11
717 12
2817 3
815 11
671 11
1511 7
167 10
692 15
1605 4
663 8
854 10
1945 5
969 7
1174 10
1946 5
510 15
393 19
1501 6
658 19
274 22
549 17
4392 3
877 6
1508 8
1128 9
2891 3
946 10
1520 6
4056 3
303 22
250 22
1361 6
614 10
2963 3
2959 3
130 37
1373 6
53 37
1465 6
2925 3
2990 4
1302 6
1397 6
941 8
583 12
1879 4
2917 3
1869 5
591 6
832 15
2135 3
2804 3
828 10
276 17
1920 4
102 37
3827 3
2992 3
1218 5
1404 5
259 32
424 10
1625 7
163 31
1402 4
1106 6
1836 3
1531 6
2929 3
347 20
1333 6
4307 3
434 18
865 7
1184 6
2770 5
442 11
1572 6
689 9
886 8
1116 4
1329 8
2835 4
2869 3
727 12
4220 3
320 15
939 10
811 14
1670 6
249 15
465 18
2834 5
1612 7
819 8
1177 8
1189 6
1127 10
4237 3
894 11
4415 3
1298 5
858 10
2127 3
140 22
1900 5
954 6
385 12
1359 6
1479 6
801 9
985 8
971 9
754 9
479 15
847 10
1166 6
1378 6
1003 7
1054 9
2821 3
619 12
2101 5
698 14
1634 7
621 10
524 11
1848 4
4380 3
598 10
2486 4
780 11
240 20
1433 5
1666 5
230 12
115 30
377 16
922 9
602 7
2050 4
1311 5
1072 4
1394 6
612 12
2772 4
1391 6
936 8
1277 6
1086 8
701 10
2794 4
214 18
564 17
2789 5
1650 6
2074 4
2539 4
731 5
1967 4
2850 3
2779 5
657 11
2139 4
1865 5
768 11
1928 4
1092 7
3877 3
1636 6
1483 4
338 19
576 8
761 7
1996 6
738 11
1415 9
484 13
1036 12
1243 8
1078 6
1265 10
2065 5
544 12
623 17
3885 3
1512 8
2956 3
1196 11
1114 6
2946 3
328 17
239 15
122 27
1223 4
269 15
628 9
878 7
363 29
733 15
630 7
997 10
1449 8
608 14
2873 4
1234 8
2878 3
1314 7
1798 4
1474 5
522 15
125 22
1632 7
44 36
1423 6
2152 4
1687 6
667 7
1188 5
2008 5
2862 3
1564 4
714 11
1280 7
313 9
2017 3
4031 3
2884 4
1324 9
397 18
1096 7
2934 4
1657 6
1191 4
459 12
823 12
4267 3
1495 5
771 11
401 13
186 23
1119 6
1914 5
1919 5
1938 5
915 10
2978 3
1586 6
1986 6
1456 6
404 14
516 6
2004 4
2060 5
702 9
4383 3
2904 3
561 14
2112 4
2221 4
2982 4
357 12
1307 5
1941 5
2826 3
455 13
1875 4
1673 6
2132 4
963 9
297 14
2031 3
1889 5
980 6
10 33
550 14
2083 4
2097 4
1081 8
1651 6
958 13
1569 5
592 11
1978 6
2123 5
173 17
530 8
66 26
470 20
2026 3
1524 6
793 5
1287 6
1205 7
1696 4
654 9
283 19
156 17
59 29
2091 4
1971 6
1226 5
1949 4
1256 7
1853 4
864 6
219 20
1016 13
2913 4
799 10
1170 10
925 6
1896 4
390 12
2895 4
1686 5
1515 5
1042 10
38 19
1955 4
196 20
945 9
4143 4
1169 7
2784 5
206 15
118 33
1674 4
959 8
1065 7
331 19
358 8
1659 6
2746 4
737 5
767 10
2070 4
84 40
1020 8
805 8
437 14
194 11
220 27
1312 4
1021 8
1263 7
934 9
1989 6
948 11
572 12
1398 6
226 10
1430 7
527 6
1145 4
1870 4
1448 8
62 34
833 9
1573 4
1472 5
548 14
2020 4
1110 4
1999 6
2799 3
418 18
783 17
933 7
1357 6
348 15
789 14
49 36
993 7
1090 8
2868 4
627 9
2967 3
1308 7
2117 4
715 7
1934 5
1916 5
4232 3
23 27
364 16
388 14
1425 5
950 12
2957 3
1845 6
1445 4
1678 4
1025 7
1992 6
1842 6
1466 5
485 17
778 6
2143 6
720 7
1270 9
460 16
2449 4
1645 7
324 19
1389 5
244 24
637 7
2066 4
2811 3
752 10
2679 4
1232 9
2899 4
379 12
1607 5
1386 6
1035 10
452 12
4187 4
295 13
579 10
1894 4
535 10
1618 7
77 21
683 8
541 20
1215 6
4378 3
2995 3
765 8
312 20
1628 7
897 8
1002 11
237 15
370 14
2923 3
567 15
416 13
2950 3
380 15
100 28
914 8
965 9
300 26
1279 5
2079 4
2974 3
286 15
1395 5
1075 9
800 10
1365 6
1407 4
496 20
2829 3
605 15
2987 3
607 17
1699 6
2902 3
42 34
759 7
1228 5
235 20
1073 8
2291 4
1931 4
694 13
816 6
1103 7
296 12
1062 9
265 23
171 28
1700 6
2609 3
445 19
2131 3
1339 12
582 16
2120 3
1858 4
557 15
718 6
1581 5
1507 7
1604 4
441 8
868 6
672 13
1140 7
983 6
275 22
4257 3
2035 5
197 26
853 9
751 13
1500 6
4300 3
1980 6
2136 4
1295 5
2832 5
1111 6
677 9
907 11
1868 4
1210 6
590 12
664 7
1878 5
2938 3
1690 9
2964 4
617 15
79 24
1420 9
3845 3
352 28
2918 3
126 20
1034 10
251 23
1594 6
2803 3
369 12
2875 4
1548 5
651 10
176 30
947 15
256 12
1823 4
2537 3
2810 3
920 7
428 12
887 7
72 43
500 17
1496 4
1221 5
1200 9
4193 3
918 5
1682 5
2781 5
1413 8
1108 9
1275 6
2107 4
1598 4
1014 10
843 10
1856 5
1491 6
1362 6
632 16
1371 6
394 17
514 21
610 6
725 13
513 11
50 12
2645 4
1994 6
1519 6
2633 4
797 12
1136 8
1175 8
4318 3
1236 11
1683 3
645 10
1326 8
1382 8
1452 7
1176 10
1039 8
2881 4
1005 10
28 35
2089 5
589 10
1337 7
2087 5
215 19
687 10
2098 4
150 27
2298 3
245 23
4424 3
826 9
332 14
2329 4
1099 7
1965 5
34 55
745 10
2980 3
2082 4
1410 6
620 14
4194 3
1434 5
937 6
1045 7
1619 7
730 14
16 44
1069 7
2880 3
1224 5
368 13
994 6
611 14
1849 5
849 13
492 13
2740 4
208 26
2140 5
2788 5
1523 8
93 37
292 18
2773 5
291 23
374 15
2790 5
114 31
1306 5
429 13
1939 5
1328 8
73 28
1091 8
409 11
67 39
1962 4
812 11
241 25
489 18
585 12
327 12
1392 6
1970 6
1080 7
1281 6
732 11
2819 3
1864 4
1603 5
622 10
1881 5
970 8
2771 5
24 42
1416 7
1658 5
104 16
1558 6
2057 5
1635 7
1237 9
1513 6
1264 9
159 22
747 8
2563 5
1633 6
47 40
4333 3
1942 4
1427 7
1484 6
1017 6
270 25
2042 6
1057 7
538 13
2840 4
1602 7
521 15
2007 5
1332 8
162 28
433 15
880 9
1912 4
986 6
786 9
740 11
1117 7
1008 9
103 13
201 30
871 6
1401 6
719 7
1529 6
4305 3
902 9
827 10
266 17
2039 3
1353 6
1624 7
2892 4
1695 4
1219 6
97 26
668 7
688 9
750 11
774 11
1126 7
910 8
2128 3
1341 8
693 11
893 8
1915 5
3959 4
804 8
83 27
1385 4
1818 5
962 10
2094 5
755 12
1085 9
143 16
1403 5
2822 3
1051 6
1497 6
497 19
518 12
4236 3
2914 3
1211 9
2906 3
2852 3
169 30
411 10
1542 5
2991 3
2836 5
2102 4
478 13
384 14
398 23
2016 6
836 7
942 6
955 6
1376 6
1888 4
2030 5
190 18
2816 3
1808 4
2802 3
822 8
601 9
231 20
1610 7
779 7
551 12
343 18
981 7
697 11
3753 3
857 8
1010 10
707 15
1966 3
1665 6
261 20
321 17
792 7
2896 3
1248 8
1079 6
1590 4
1652 6
1516 6
2053 6
924 8
2933 3
760 5
863 6
531 11
2027 4
172 20
1366 6
223 13
1897 5
721 6
2124 3
1043 9
1255 7
669 7
282 15
2660 4
420 12
1852 6
639 10
989 7
1505 5
1348 6
2945 3
1137 7
577 15
2809 3
1417 7
216 22
852 11
643 7
2766 5
1120 5
1475 6
2928 3
1187 8
676 9
2092 4
2968 3
1251 6
277 22
1192 5
879 6
1095 7
1183 7
2975 3
1444 4
1883 5
1846 6
133 13
123 30
304 20
1631 6
1828 4
2605 3
56 20
1369 6
54 28
4282 3
306 17
1204 5
70 23
839 6
166 20
88 21
1009 10
30 31
403 13
466 12
134 26
618 12
2151 4
848 6
1904 4
1629 7
1918 5
1323 9
4197 3
1455 7
1492 5
703 7
1134 6
1100 7
1377 6
2885 3
2861 3
1461 5
185 21
4 50
2716 4
1985 6
1691 6
2003 4
