43 2.82842712474619 0.612244897959184 7 2.33333333333333 1.64991582276861 R6
44 2.65552589931303 0.302040816326531 29 10.25 7.06074830784009 R6
99 2.63856021344975 0.0624349635796044 30 10.3333333333333 7.4535599249993 R5
111 2.51389785134967 0 28 10.25 7.06074830784009 R5
30 2.4726767752342 0.210059171597633 23 8 6.06630035524124 R2
131 2.45651842220259 0 17 8.25 3.56195171219375 R1
8 2.34520787991171 0.291666666666667 10 4.5 2.34520787991171 R2
69 2.33549683248457 0.165289256198347 10 4 2.56904651573303 R2
32 2.30783165688526 0.399524375743163 22 8 6.06630035524124 R2
25 2.16930457818656 0.21875 7 3 1.84390889145858 R2
117 2.13000299334951 0.197530864197531 8 3.27272727272727 2.21937374831522 R2
60 2.12361863279662 0.540816326530612 9 4.22222222222222 2.24982852570184 R2
28 1.9876757031404 0.260355029585799 11 4.85714285714286 3.09047252182628 R2
34 1.94028500029066 0.124444444444444 14 6 4.12310562561766 R2
118 1.87265835513809 0.527777777777778 8 3.42857142857143 2.44114392723358 R2
57 1.81329630183841 0.298676748582231 19 8 6.06630035524124 R2
59 1.73719807243076 0.805 7 4.4 1.49666295470958 R4
23 1.70698362717639 0.461538461538462 9 4.66666666666667 2.53859103528797 R2
206 1.56892908110547 0 6 3.33333333333333 1.69967317119759 R1
38 1.52250151560614 0.706172839506173 21 10.25 7.06074830784009 R3
221 1.50755672288882 0.444444444444444 4 2.33333333333333 1.10554159678513 R2
175 1.5 0 7 4 2 R1
176 1.5 0 7 4 2 R1
21 1.46993683051833 0 9 5.33333333333333 2.49443825784929 R1
122 1.45999279017686 0 8 5.42857142857143 1.76126114370542 R1
188 1.44380175306841 0 38 21.5454545454546 11.3966792321562 R1
165 1.4142135623731 0 2 1.33333333333333 0.471404520791032 R1
93 1.41421356237309 0 3 2 0.707106781186548 R1
152 1.41421356237309 0.625 2 1.33333333333333 0.471404520791032 R3
190 1.41421356237309 0 2 1.33333333333333 0.471404520791032 R1
320 1.41421356237309 0 10 6.66666666666667 2.35702260395516 R1
319 1.41421356237309 0 10 6.66666666666667 2.35702260395516 R1
318 1.41421356237309 0 10 6.66666666666667 2.35702260395516 R1
17 1.31306432859723 0 8 4.66666666666667 2.53859103528797 R1
127 1.30558241966773 0.355029585798817 10 5.71428571428571 3.28260722659316 R2
194 1.30188910980824 0 9 5.66666666666667 2.5603819159562 R1
195 1.30188910980824 0 9 5.66666666666667 2.5603819159562 R1
39 1.29691942694988 0.456632653061224 20 10.3333333333333 7.4535599249993 R2
42 1.29099444873581 0.32 4 2.75 0.968245836551854 R2
238 1.29099444873581 0 4 2.75 0.968245836551854 R1
113 1.23466199581199 0.21875 7 4.22222222222222 2.24982852570184 R2
330 1.22884788077856 0 6 3.27272727272727 2.21937374831522 R1
87 1.22620463933689 0.332409972299169 15 10.4444444444444 3.71516744384455 R2
252 1.22620463933689 0 15 10.4444444444444 3.71516744384455 R1
65 1.22474487139159 0.5 4 2.8 0.979795897113271 R2
76 1.22474487139159 0.375 3 2 0.816496580927726 R2
14 1.21267812518166 0.152777777777778 11 6 4.12310562561766 R2
33 1.21267812518166 0.152777777777778 11 6 4.12310562561766 R2
361 1.19674700326782 0.37037037037037 7 5.14285714285714 1.55182578445717 R2
360 1.19674700326782 0.37037037037037 7 5.14285714285714 1.55182578445717 R2
62 1.16774841624228 0.48 7 4 2.56904651573303 R2
49 1.16666666666667 0 5 3.6 1.2 R1
50 1.16666666666667 0 5 3.6 1.2 R1
73 1.12815214963553 0 10 8 1.77281052085584 R1
74 1.12815214963553 0 10 8 1.77281052085584 R1
11 1.10940039245046 0 11 7 3.60555127546399 R1
299 1.09761737171605 0 18 10.25 7.06074830784009 R1
107 1.08465228909328 0 5 3 1.84390889145858 R1
5 1.0690449676497 0 5 3.66666666666667 1.24721912892465 R1
95 1.05337032476518 0.628099173553719 6 3.42857142857143 2.44114392723358 R3
90 1.02062072615966 0.32 4 2.57142857142857 1.39970842444753 R2
58 1.02062072615966 0.777777777777778 4 2.57142857142857 1.39970842444753 R3
88 1.02062072615966 0.32 4 2.57142857142857 1.39970842444753 R2
85 1.01015254455221 0 4 2.33333333333333 1.64991582276861 R1
129 1.00094652174526 0 9 5.71428571428571 3.28260722659316 R1
126 1.00094652174526 0 9 5.71428571428571 3.28260722659316 R1
230 1 0 4 3.5 0.5 R1
229 1 0.32 4 3.5 0.5 R2
264 1 0 4 3.5 0.5 R1
263 1 0 4 3.5 0.5 R1
63 0.98058067569092 0.617283950617284 5 3.33333333333333 1.69967317119759 R2
51 0.970142500145332 0.378698224852071 10 6 4.12310562561766 R2
247 0.957037767287327 0 14 10.4444444444444 3.71516744384455 R1
286 0.9173326055407 0 32 21.5454545454546 11.3966792321562 R1
311 0.892217816219195 0 7 5.42857142857143 1.76126114370542 R1
364 0.824225591744734 0.387543252595156 13 8 6.06630035524124 R2
393 0.824225591744734 0 13 8 6.06630035524124 R1
211 0.778270324493089 0.277777777777778 5 3.27272727272727 2.21937374831522 R2
281 0.741842889698131 0 30 21.5454545454546 11.3966792321562 R1
84 0.727606875108999 0.314049586776859 9 6 4.12310562561766 R2
54 0.727606875108999 0.56 9 6 4.12310562561766 R2
424 0.707106781186548 0 3 2.66666666666667 0.471404520791032 R1
422 0.707106781186548 0 3 2.66666666666667 0.471404520791032 R1
19 0.668153104781061 0 7 5.33333333333333 2.49443825784929 R1
31 0.659380473395787 0 12 8 6.06630035524124 R1
125 0.659380473395787 0 12 8 6.06630035524124 R1
96 0.654098031776847 0 29 21.5454545454546 11.3966792321562 R1
218 0.603022689155527 0.48 3 2.33333333333333 1.10554159678513 R2
219 0.603022689155527 0.375 3 2.33333333333333 1.10554159678513 R2
132 0.577350269189626 0 3 2.5 0.866025403784439 R1
133 0.577350269189626 0 3 2.5 0.866025403784439 R1
134 0.577350269189626 0 3 2.5 0.866025403784439 R1
276 0.566353173855562 0 28 21.5454545454546 11.3966792321562 R1
280 0.566353173855562 0 28 21.5454545454546 11.3966792321562 R1
285 0.566353173855562 0 28 21.5454545454546 11.3966792321562 R1
260 0.566353173855562 0.0665873959571937 28 21.5454545454546 11.3966792321562 R2
287 0.566353173855562 0 28 21.5454545454546 11.3966792321562 R1
284 0.566353173855562 0 28 21.5454545454546 11.3966792321562 R1
282 0.566353173855562 0 28 21.5454545454546 11.3966792321562 R1
279 0.566353173855562 0 28 21.5454545454546 11.3966792321562 R1
277 0.566353173855562 0 28 21.5454545454546 11.3966792321562 R1
283 0.566353173855562 0 28 21.5454545454546 11.3966792321562 R1
278 0.566353173855562 0 28 21.5454545454546 11.3966792321562 R1
71 0.564076074817765 0 9 8 1.77281052085584 R1
72 0.564076074817765 0 9 8 1.77281052085584 R1
12 0.554700196225229 0 9 7 3.60555127546399 R1
10 0.554700196225229 0 9 7 3.60555127546399 R1
9 0.554700196225229 0 9 7 3.60555127546399 R1
26 0.54232614454664 0 4 3 1.84390889145858 R1
53 0.54232614454664 0.72 4 3 1.84390889145858 R3
16 0.52522573143889 0 6 4.66666666666667 2.53859103528797 R1
24 0.52522573143889 0 6 4.66666666666667 2.53859103528797 R1
148 0.499999999999997 0 7 6.4 1.20000000000001 R1
147 0.499999999999997 0 7 6.4 1.20000000000001 R1
149 0.499999999999997 0 7 6.4 1.20000000000001 R1
146 0.499999999999997 0 7 6.4 1.20000000000001 R1
159 0.491934955049954 0 14 10.3333333333333 7.4535599249993 R1
160 0.491934955049954 0 14 10.3333333333333 7.4535599249993 R1
158 0.491934955049954 0 14 10.3333333333333 7.4535599249993 R1
161 0.491934955049954 0 14 10.3333333333333 7.4535599249993 R1
157 0.491934955049954 0 14 10.3333333333333 7.4535599249993 R1
156 0.491934955049954 0 14 10.3333333333333 7.4535599249993 R1
250 0.418704023188205 0 12 10.4444444444444 3.71516744384455 R1
248 0.418704023188205 0 12 10.4444444444444 3.71516744384455 R1
327 0.404061017820884 0 3 2.33333333333333 1.64991582276861 R1
222 0.400891862868636 0.408163265306122 5 4.4 1.49666295470958 R2
61 0.389249472080761 0.277777777777778 5 4 2.56904651573303 R2
162 0.369800130816819 0 6 4.85714285714286 3.09047252182628 R1
215 0.369800130816819 0 6 4.85714285714286 3.09047252182628 R1
119 0.327692768207616 0 4 3.27272727272727 2.21937374831522 R1
120 0.327692768207616 0 4 3.27272727272727 2.21937374831522 R1
123 0.324442842261525 0 6 5.42857142857143 1.76126114370542 R1
89 0.306186217847897 0.375 3 2.57142857142857 1.39970842444753 R2
1 0.267261241912425 0 4 3.66666666666667 1.24721912892465 R1
2 0.267261241912425 0 4 3.66666666666667 1.24721912892465 R1
3 0.267261241912425 0 4 3.66666666666667 1.24721912892465 R1
4 0.267261241912425 0 4 3.66666666666667 1.24721912892465 R1
20 0.267261241912424 0 6 5.33333333333333 2.49443825784929 R1
41 0.258198889747161 0.611111111111111 3 2.75 0.968245836551854 R2
239 0.258198889747161 0.48 3 2.75 0.968245836551854 R2
40 0.258198889747161 0.375 3 2.75 0.968245836551854 R2
307 0.242535625036333 0.21875 7 6 4.12310562561766 R2
306 0.242535625036333 0.21875 7 6 4.12310562561766 R2
236 0.223606797749979 0.142011834319526 12 10.3333333333333 7.4535599249993 R2
335 0.21320071635561 0 5 4.5 2.34520787991171 R1
6 0.21320071635561 0 5 4.5 2.34520787991171 R1
336 0.21320071635561 0 5 4.5 2.34520787991171 R1
67 0.204124145231931 0 3 2.8 0.979795897113271 R1
64 0.204124145231931 0 3 2.8 0.979795897113271 R1
66 0.204124145231931 0 3 2.8 0.979795897113271 R1
240 0.164845118348946 0.314049586776859 9 8 6.06630035524124 R2
108 0.164845118348946 0.609375 9 8 6.06630035524124 R2
220 0.106221035972521 0.537037037037037 11 10.25 7.06074830784009 R2
292 0.106221035972521 0 11 10.25 7.06074830784009 R1
291 0.106221035972521 0 11 10.25 7.06074830784009 R1
217 0.106221035972521 0 11 10.25 7.06074830784009 R1
234 0.0894427190999915 0.36734693877551 11 10.3333333333333 7.4535599249993 R2
235 0.0894427190999915 0.272189349112426 11 10.3333333333333 7.4535599249993 R2
27 0.0462250163521025 0.408163265306122 5 4.85714285714286 3.09047252182628 R2
199 1.05367121277235e-08 0 6 6 8.42936970217881e-08 R1
198 1.05367121277235e-08 0 6 6 8.42936970217881e-08 R1
202 1.05367121277235e-08 0 6 6 8.42936970217881e-08 R1
201 1.05367121277235e-08 0 6 6 8.42936970217881e-08 R1
200 1.05367121277235e-08 0 6 6 8.42936970217881e-08 R1
197 1.05367121277235e-08 0 6 6 8.42936970217881e-08 R1
203 1.05367121277235e-08 0 6 6 8.42936970217881e-08 R1
213 2.71947991102104e-16 0 2 2 0.816496580927726 R1
177 2.22044604925031e-16 0 4 4 2 R1
382 0 0 5 5 5.96046447753906e-08 R1
379 0 0 5 5 5.96046447753906e-08 R1
91 0 0 2 2 0.707106781186548 R1
68 0 0 4 4 2.56904651573303 R1
380 0 0 5 5 5.96046447753906e-08 R1
381 0 0 5 5 5.96046447753906e-08 R1
384 0 0.46875 5 5 5.96046447753906e-08 R2
383 0 0 5 5 5.96046447753906e-08 R1
92 0 0 2 2 0.707106781186548 R1
70 0 0.32 4 4 2.56904651573303 R2
391 -5.85647506841791e-16 0 8 8 6.06630035524124 R1
392 -5.85647506841791e-16 0 8 8 6.06630035524124 R1
295 -0.0354070119908401 0 10 10.25 7.06074830784009 R1
272 -0.0701862406343596 0 8 8.25 3.56195171219375 R1
142 -0.0701862406343596 0 8 8.25 3.56195171219375 R1
271 -0.0701862406343596 0 8 8.25 3.56195171219375 R1
130 -0.0701862406343596 0 8 8.25 3.56195171219375 R1
358 -0.0920574617898327 0.277777777777778 5 5.14285714285714 1.55182578445717 R2
362 -0.0920574617898327 0.277777777777778 5 5.14285714285714 1.55182578445717 R2
265 -0.0920574617898327 0.53125 5 5.14285714285714 1.55182578445717 R2
359 -0.0920574617898327 0.277777777777778 5 5.14285714285714 1.55182578445717 R2
139 -0.098772959664959 0 4 4.22222222222222 2.24982852570184 R1
140 -0.098772959664959 0 4 4.22222222222222 2.24982852570184 R1
56 -0.098772959664959 0.694214876033058 4 4.22222222222222 2.24982852570184 R3
141 -0.098772959664959 0 4 4.22222222222222 2.24982852570184 R1
18 -0.133630620956213 0 5 5.33333333333333 2.49443825784929 R1
29 -0.164845118348947 0 7 8 6.06630035524124 R1
94 -0.175561720794196 0 3 3.42857142857143 2.44114392723358 R1
110 -0.175561720794196 0.375 3 3.42857142857143 2.44114392723358 R2
334 -0.177035059954202 0 9 10.25 7.06074830784009 R1
302 -0.177035059954202 0 9 10.25 7.06074830784009 R1
300 -0.177035059954202 0 9 10.25 7.06074830784009 R1
301 -0.177035059954202 0 9 10.25 7.06074830784009 R1
296 -0.177035059954202 0 9 10.25 7.06074830784009 R1
298 -0.177035059954202 0 9 10.25 7.06074830784009 R1
333 -0.177035059954202 0 9 10.25 7.06074830784009 R1
297 -0.177035059954202 0 9 10.25 7.06074830784009 R1
205 -0.196116135138184 0 3 3.33333333333333 1.69967317119759 R1
204 -0.196116135138184 0 3 3.33333333333333 1.69967317119759 R1
326 -0.202030508910442 0 2 2.33333333333333 1.64991582276861 R1
376 -0.202030508910442 0 2 2.33333333333333 1.64991582276861 R1
86 -0.202030508910442 0 2 2.33333333333333 1.64991582276861 R1
172 -0.202030508910442 0 2 2.33333333333333 1.64991582276861 R1
274 -0.202030508910442 0 2 2.33333333333333 1.64991582276861 R1
395 -0.243332131696144 0 5 5.42857142857143 1.76126114370542 R1
394 -0.243332131696144 0 5 5.42857142857143 1.76126114370542 R1
396 -0.243332131696144 0 5 5.42857142857143 1.76126114370542 R1
184 -0.260377821961647 0 5 5.66666666666667 2.5603819159562 R1
185 -0.260377821961647 0 5 5.66666666666667 2.5603819159562 R1
455 -0.262612865719445 0 4 4.66666666666667 2.53859103528797 R1
115 -0.267261241912425 0.625 4 4.4 1.49666295470958 R3
174 -0.301511344577764 0 2 2.33333333333333 1.10554159678513 R1
343 -0.350931203171798 0 7 8.25 3.56195171219375 R1
183 -0.485071250072666 0 4 6 4.12310562561766 R1
437 -0.494535355046841 0 5 8 6.06630035524124 R1
438 -0.494535355046841 0 5 8 6.06630035524124 R1
328 -0.494535355046841 0 5 8 6.06630035524124 R1
436 -0.494535355046841 0 5 8 6.06630035524124 R1
178 -0.499999999999999 0 3 4 2 R1
179 -0.499999999999999 0.375 3 4 2 R2
420 -0.5 0 3 3.6 1.2 R1
421 -0.5 0 3 3.6 1.2 R1
443 -0.522232967867094 0 4 5.71428571428571 3.28260722659316 R1
442 -0.522232967867094 0 4 5.71428571428571 3.28260722659316 R1
209 -0.534522483824849 0.74 4 5.33333333333333 2.49443825784929 R3
208 -0.542326144546641 0.444444444444444 2 3 1.84390889145858 R2
254 -0.542326144546641 0 2 3 1.84390889145858 R1
255 -0.542326144546641 0 2 3 1.84390889145858 R1
207 -0.542326144546641 0.444444444444444 2 3 1.84390889145858 R2
342 -0.573462344363329 0 2 3.27272727272727 2.21937374831522 R1
121 -0.573462344363329 0 2 3.27272727272727 2.21937374831522 R1
212 -0.573462344363329 0 2 3.27272727272727 2.21937374831522 R1
369 -0.581377674149945 0.40625 6 10.3333333333333 7.4535599249993 R2
331 -0.585205735980652 0.444444444444444 2 3.42857142857143 2.44114392723358 R2
216 -0.600925212577331 0 3 4.85714285714286 3.09047252182628 R1
429 -0.631676165709237 0 6 8.25 3.56195171219375 R1
337 -0.639602149066831 0 3 4.5 2.34520787991171 R1
106 -0.639602149066831 0 3 4.5 2.34520787991171 R1
105 -0.639602149066831 0 3 4.5 2.34520787991171 R1
226 -0.650944554904119 0 4 5.66666666666667 2.5603819159562 R1
22 -0.656532164298613 0.375 3 4.66666666666667 2.53859103528797 R2
124 -0.659380473395788 0 4 8 6.06630035524124 R1
246 -0.659380473395788 0.5 4 8 6.06630035524124 R2
339 -0.659380473395788 0.571428571428571 4 8 6.06630035524124 R2
399 -0.707106781186547 0 5 6.66666666666667 2.35702260395516 R1
398 -0.707106781186547 0 5 6.66666666666667 2.35702260395516 R1
400 -0.707106781186547 0 5 6.66666666666667 2.35702260395516 R1
321 -0.707106781186547 0 5 6.66666666666667 2.35702260395516 R1
323 -0.707106781186547 0 5 6.66666666666667 2.35702260395516 R1
322 -0.707106781186547 0 5 6.66666666666667 2.35702260395516 R1
153 -0.707106781186547 0.5 1 1.33333333333333 0.471404520791032 R2
389 -0.707106781186547 0 1 1.33333333333333 0.471404520791032 R1
273 -0.707106781186547 0 1 1.33333333333333 0.471404520791032 R1
189 -0.707106781186547 0 1 1.33333333333333 0.471404520791032 R1
372 -0.707106781186548 0 1 1.33333333333333 0.471404520791032 R1
166 -0.707106781186548 0 1 1.33333333333333 0.471404520791032 R1
104 -0.727606875108999 0 3 6 4.12310562561766 R1
103 -0.727606875108999 0 3 6 4.12310562561766 R1
375 -0.727606875108999 0 3 6 4.12310562561766 R1
405 -0.743547251807648 0 5 10.25 7.06074830784009 R1
404 -0.743547251807648 0 5 10.25 7.06074830784009 R1
403 -0.743547251807648 0 5 10.25 7.06074830784009 R1
314 -0.774596669241483 0 2 2.75 0.968245836551854 R1
237 -0.774596669241483 0 2 2.75 0.968245836551854 R1
431 -0.778498944161523 0 2 4 2.56904651573303 R1
433 -0.778498944161523 0 2 4 2.56904651573303 R1
430 -0.778498944161523 0 2 4 2.56904651573303 R1
441 -0.778498944161523 0.444444444444444 2 4 2.56904651573303 R2
432 -0.778498944161523 0 2 4 2.56904651573303 R1
419 -0.784464540552737 0 2 3.33333333333333 1.69967317119759 R1
351 -0.808122035641769 0 1 2.33333333333333 1.64991582276861 R1
363 -0.808122035641769 0 1 2.33333333333333 1.64991582276861 R1
439 -0.808122035641769 0 1 2.33333333333333 1.64991582276861 R1
275 -0.808122035641769 0.5 1 2.33333333333333 1.64991582276861 R2
288 -0.824225591744735 0 3 8 6.06630035524124 R1
329 -0.824225591744735 0 3 8 6.06630035524124 R1
289 -0.824225591744735 0 3 8 6.06630035524124 R1
128 -0.826868865789565 0 3 5.71428571428571 3.28260722659316 R1
365 -0.924500327042048 0 2 4.85714285714286 3.09047252182628 R1
249 -0.927130337059598 0 7 10.4444444444444 3.71516744384455 R1
251 -0.927130337059598 0 7 10.4444444444444 3.71516744384455 R1
253 -0.927130337059598 0 7 10.4444444444444 3.71516744384455 R1
55 -0.935414346693486 0.6875 3 4.4 1.49666295470958 R3
241 -0.935414346693486 0 3 4.4 1.49666295470958 R1
13 -0.970142500145332 0 2 6 4.12310562561766 R1
316 -0.98772959664959 0.444444444444444 2 4.22222222222222 2.24982852570184 R2
317 -0.98772959664959 0 2 4.22222222222222 2.24982852570184 R1
112 -0.98772959664959 0.5 2 4.22222222222222 2.24982852570184 R2
457 -0.989070710093682 0 2 8 6.06630035524124 R1
109 -0.994849751167109 0.5 1 3.42857142857143 2.44114392723358 R2
346 -0.994849751167109 0 1 3.42857142857143 2.44114392723358 R1
196 -0.999999999999999 0 2 4 2 R1
242 -0.999999999999999 0 2 4 2 R1
451 -1 0 3 3.5 0.5 R1
418 -1 0 3 3.5 0.5 R1
417 -1 0 3 3.5 0.5 R1
450 -1 0 3 3.5 0.5 R1
187 -1.01305426872756 0 10 21.5454545454546 11.3966792321562 R1
114 -1.0240399006488 0.5 1 3.27272727272727 2.21937374831522 R2
440 -1.0240399006488 0 1 3.27272727272727 2.21937374831522 R1
116 -1.0240399006488 0.5 1 3.27272727272727 2.21937374831522 R2
332 -1.02680334773437 0 3 10.25 7.06074830784009 R1
347 -1.05045146287778 0.5 2 4.66666666666667 2.53859103528797 R2
15 -1.05045146287778 0 2 4.66666666666667 2.53859103528797 R1
151 -1.05045146287778 0.444444444444444 2 4.66666666666667 2.53859103528797 R2
7 -1.06600358177805 0 2 4.5 2.34520787991171 R1
293 -1.08465228909328 0 1 3 1.84390889145858 R1
303 -1.08465228909328 0.666666666666667 1 3 1.84390889145858 R3
378 -1.11803398874989 0 2 10.3333333333333 7.4535599249993 R1
98 -1.11803398874989 0 2 10.3333333333333 7.4535599249993 R1
193 -1.11803398874989 0.5 2 10.3333333333333 7.4535599249993 R2
377 -1.11803398874989 0 2 10.3333333333333 7.4535599249993 R1
171 -1.11803398874989 0 2 10.3333333333333 7.4535599249993 R1
170 -1.11803398874989 0 2 10.3333333333333 7.4535599249993 R1
313 -1.12268279877562 0.5 1 2.57142857142857 1.39970842444753 R2
349 -1.12268279877562 0 1 2.57142857142857 1.39970842444753 R1
210 -1.12268279877562 0 1 2.57142857142857 1.39970842444753 R1
102 -1.12815214963553 0 6 8 1.77281052085584 R1
101 -1.12815214963553 0 6 8 1.77281052085584 R1
100 -1.12815214963553 0 6 8 1.77281052085584 R1
294 -1.15391582844263 0 1 8 6.06630035524124 R1
344 -1.15391582844263 0 1 8 6.06630035524124 R1
409 -1.16843139569773 0 2 10.25 7.06074830784009 R1
231 -1.16843139569773 0 2 10.25 7.06074830784009 R1
408 -1.16843139569773 0 2 10.25 7.06074830784009 R1
345 -1.19316609078411 0 4 8.25 3.56195171219375 R1
290 -1.20604537831105 0 1 2.33333333333333 1.10554159678513 R1
173 -1.20604537831105 0.5 1 2.33333333333333 1.10554159678513 R2
350 -1.21267812518166 0 1 6 4.12310562561766 R1
52 -1.21267812518166 0 1 6 4.12310562561766 R1
224 -1.21267812518166 0 1 6 4.12310562561766 R1
75 -1.22474487139159 0 1 2 0.816496580927726 R1
366 -1.24807544150676 0 1 4.85714285714286 3.09047252182628 R1
97 -1.27628884249141 0 7 21.5454545454546 11.3966792321562 R1
48 -1.33333333333333 0 2 3.6 1.2 R1
186 -1.36403370041269 0 6 21.5454545454546 11.3966792321562 R1
315 -1.37281294596729 0 1 3.33333333333333 1.69967317119759 R1
233 -1.38675049056307 0 2 7 3.60555127546399 R1
232 -1.38675049056307 0 2 7 3.60555127546399 R1
423 -1.41421356237309 0 2 2.66666666666667 0.471404520791032 R1
448 -1.41421356237309 0 1 2 0.707106781186548 R1
225 -1.43207802078906 0 2 5.66666666666667 2.5603819159562 R1
390 -1.43614066163451 0 1 5.71428571428571 3.28260722659316 R1
397 -1.46546408115872 0 5 10.4444444444444 3.71516744384455 R1
444 -1.53952341625526 0 4 21.5454545454546 11.3966792321562 R1
445 -1.53952341625526 0 4 21.5454545454546 11.3966792321562 R1
461 -1.53952341625526 0 4 21.5454545454546 11.3966792321562 R1
388 -1.71501313209783 0 2 21.5454545454546 11.3966792321562 R1
449 -1.73205080756888 0 1 2.5 0.866025403784439 R1
456 -1.73719807243076 0 1 5.33333333333333 2.49443825784929 R1
261 -1.80739222823013 0.5 1 2.75 0.968245836551854 R2
338 -1.83711730708738 0.666666666666667 1 2.8 0.979795897113271 R3
312 -1.94665705356915 0 2 5.42857142857143 1.76126114370542 R1
150 -1.99999999999998 0 4 6.4 1.20000000000001 R1
416 -2.02526415937631 0.72 2 5.14285714285714 1.55182578445717 R3
45 -2.13808993529939 0 1 3.66666666666667 1.24721912892465 R1
