43 2.82842712474619 0.612244897959184 7 2.33333333333333 1.64991582276861 R6
44 2.65552589931303 0.302040816326531 29 10.25 7.06074830784009 R6
99 2.63856021344975 0.0624349635796044 30 10.3333333333333 7.4535599249993 R5
30 2.4726767752342 0.210059171597633 23 8 6.06630035524124 R2
8 2.34520787991171 0.291666666666667 10 4.5 2.34520787991171 R2
69 2.33549683248457 0.165289256198347 10 4 2.56904651573303 R2
32 2.30783165688526 0.399524375743163 22 8 6.06630035524124 R2
25 2.16930457818656 0.21875 7 3 1.84390889145858 R2
117 2.13000299334951 0.197530864197531 8 3.27272727272727 2.21937374831522 R2
60 2.12361863279662 0.540816326530612 9 4.22222222222222 2.24982852570184 R2
28 1.9876757031404 0.260355029585799 11 4.85714285714286 3.09047252182628 R2
34 1.94028500029066 0.124444444444444 14 6 4.12310562561766 R2
118 1.87265835513809 0.527777777777778 8 3.42857142857143 2.44114392723358 R2
57 1.81329630183841 0.298676748582231 19 8 6.06630035524124 R2
59 1.73719807243076 0.805 7 4.4 1.49666295470958 R4
23 1.70698362717639 0.461538461538462 9 4.66666666666667 2.53859103528797 R2
38 1.52250151560614 0.706172839506173 21 10.25 7.06074830784009 R3
221 1.50755672288882 0.444444444444444 4 2.33333333333333 1.10554159678513 R2
152 1.41421356237309 0.625 2 1.33333333333333 0.471404520791032 R3
127 1.30558241966773 0.355029585798817 10 5.71428571428571 3.28260722659316 R2
39 1.29691942694988 0.456632653061224 20 10.3333333333333 7.4535599249993 R2
42 1.29099444873581 0.32 4 2.75 0.968245836551854 R2
113 1.23466199581199 0.21875 7 4.22222222222222 2.24982852570184 R2
87 1.22620463933689 0.332409972299169 15 10.4444444444444 3.71516744384455 R2
65 1.22474487139159 0.5 4 2.8 0.979795897113271 R2
76 1.22474487139159 0.375 3 2 0.816496580927726 R2
14 1.21267812518166 0.152777777777778 11 6 4.12310562561766 R2
33 1.21267812518166 0.152777777777778 11 6 4.12310562561766 R2
361 1.19674700326782 0.37037037037037 7 5.14285714285714 1.55182578445717 R2
360 1.19674700326782 0.37037037037037 7 5.14285714285714 1.55182578445717 R2
62 1.16774841624228 0.48 7 4 2.56904651573303 R2
95 1.05337032476518 0.628099173553719 6 3.42857142857143 2.44114392723358 R3
90 1.02062072615966 0.32 4 2.57142857142857 1.39970842444753 R2
58 1.02062072615966 0.777777777777778 4 2.57142857142857 1.39970842444753 R3
88 1.02062072615966 0.32 4 2.57142857142857 1.39970842444753 R2
229 1 0.32 4 3.5 0.5 R2
63 0.98058067569092 0.617283950617284 5 3.33333333333333 1.69967317119759 R2
51 0.970142500145332 0.378698224852071 10 6 4.12310562561766 R2
364 0.824225591744734 0.387543252595156 13 8 6.06630035524124 R2
211 0.778270324493089 0.277777777777778 5 3.27272727272727 2.21937374831522 R2
84 0.727606875108999 0.314049586776859 9 6 4.12310562561766 R2
54 0.727606875108999 0.56 9 6 4.12310562561766 R2
218 0.603022689155527 0.48 3 2.33333333333333 1.10554159678513 R2
219 0.603022689155527 0.375 3 2.33333333333333 1.10554159678513 R2
260 0.566353173855562 0.0665873959571937 28 21.5454545454546 11.3966792321562 R2
53 0.54232614454664 0.72 4 3 1.84390889145858 R3
222 0.400891862868636 0.408163265306122 5 4.4 1.49666295470958 R2
61 0.389249472080761 0.277777777777778 5 4 2.56904651573303 R2
89 0.306186217847897 0.375 3 2.57142857142857 1.39970842444753 R2
41 0.258198889747161 0.611111111111111 3 2.75 0.968245836551854 R2
239 0.258198889747161 0.48 3 2.75 0.968245836551854 R2
40 0.258198889747161 0.375 3 2.75 0.968245836551854 R2
307 0.242535625036333 0.21875 7 6 4.12310562561766 R2
306 0.242535625036333 0.21875 7 6 4.12310562561766 R2
236 0.223606797749979 0.142011834319526 12 10.3333333333333 7.4535599249993 R2
240 0.164845118348946 0.314049586776859 9 8 6.06630035524124 R2
108 0.164845118348946 0.609375 9 8 6.06630035524124 R2
220 0.106221035972521 0.537037037037037 11 10.25 7.06074830784009 R2
234 0.0894427190999915 0.36734693877551 11 10.3333333333333 7.4535599249993 R2
235 0.0894427190999915 0.272189349112426 11 10.3333333333333 7.4535599249993 R2
27 0.0462250163521025 0.408163265306122 5 4.85714285714286 3.09047252182628 R2
384 0 0.46875 5 5 5.96046447753906e-08 R2
70 0 0.32 4 4 2.56904651573303 R2
358 -0.0920574617898327 0.277777777777778 5 5.14285714285714 1.55182578445717 R2
362 -0.0920574617898327 0.277777777777778 5 5.14285714285714 1.55182578445717 R2
265 -0.0920574617898327 0.53125 5 5.14285714285714 1.55182578445717 R2
359 -0.0920574617898327 0.277777777777778 5 5.14285714285714 1.55182578445717 R2
56 -0.098772959664959 0.694214876033058 4 4.22222222222222 2.24982852570184 R3
110 -0.175561720794196 0.375 3 3.42857142857143 2.44114392723358 R2
115 -0.267261241912425 0.625 4 4.4 1.49666295470958 R3
179 -0.499999999999999 0.375 3 4 2 R2
209 -0.534522483824849 0.74 4 5.33333333333333 2.49443825784929 R3
208 -0.542326144546641 0.444444444444444 2 3 1.84390889145858 R2
207 -0.542326144546641 0.444444444444444 2 3 1.84390889145858 R2
369 -0.581377674149945 0.40625 6 10.3333333333333 7.4535599249993 R2
331 -0.585205735980652 0.444444444444444 2 3.42857142857143 2.44114392723358 R2
22 -0.656532164298613 0.375 3 4.66666666666667 2.53859103528797 R2
246 -0.659380473395788 0.5 4 8 6.06630035524124 R2
339 -0.659380473395788 0.571428571428571 4 8 6.06630035524124 R2
153 -0.707106781186547 0.5 1 1.33333333333333 0.471404520791032 R2
441 -0.778498944161523 0.444444444444444 2 4 2.56904651573303 R2
275 -0.808122035641769 0.5 1 2.33333333333333 1.64991582276861 R2
55 -0.935414346693486 0.6875 3 4.4 1.49666295470958 R3
316 -0.98772959664959 0.444444444444444 2 4.22222222222222 2.24982852570184 R2
112 -0.98772959664959 0.5 2 4.22222222222222 2.24982852570184 R2
109 -0.994849751167109 0.5 1 3.42857142857143 2.44114392723358 R2
114 -1.0240399006488 0.5 1 3.27272727272727 2.21937374831522 R2
116 -1.0240399006488 0.5 1 3.27272727272727 2.21937374831522 R2
347 -1.05045146287778 0.5 2 4.66666666666667 2.53859103528797 R2
151 -1.05045146287778 0.444444444444444 2 4.66666666666667 2.53859103528797 R2
303 -1.08465228909328 0.666666666666667 1 3 1.84390889145858 R3
193 -1.11803398874989 0.5 2 10.3333333333333 7.4535599249993 R2
313 -1.12268279877562 0.5 1 2.57142857142857 1.39970842444753 R2
173 -1.20604537831105 0.5 1 2.33333333333333 1.10554159678513 R2
261 -1.80739222823013 0.5 1 2.75 0.968245836551854 R2
338 -1.83711730708738 0.666666666666667 1 2.8 0.979795897113271 R3
416 -2.02526415937631 0.72 2 5.14285714285714 1.55182578445717 R3
