*Vertices 870
1
62
13
19
5
5
5
17
8
13
6
28
43
4
22
19
4
14
10
10
10
10
10
19
7
4
39
12
7
7
9
22
3
4
11
13
33
8
12
8
8
5
10
4
4
4
4
4
16
17
33
8
7
5
7
4
24
12
1
3
3
3
4
1
16
2
34
25
27
27
34
11
12
8
8
41
9
15
7
12
1
4
3
4
5
7
19
12
12
5
5
35
5
8
8
8
1
1
17
15
13
22
8
48
4
6
8
2
8
13
7
3
12
16
10
20
6
34
7
3
1
1
16
7
12
1
1
1
2
19
8
7
8
32
6
10
7
2
2
13
4
12
4
8
11
21
2
2
8
8
4
4
4
16
4
12
3
3
7
18
4
1
3
20
5
10
20
13
3
11
30
5
10
1
4
24
2
3
3
10
5
19
4
4
3
3
3
9
10
1
1
8
12
4
4
5
4
1
1
2
2
2
21
2
2
9
4
6
9
6
3
3
25
9
9
9
9
2
2
2
2
4
4
7
2
2
4
4
4
5
11
16
8
8
11
15
5
22
11
4
5
5
4
3
6
6
4
9
12
26
4
6
18
32
5
10
6
12
4
18
6
3
4
16
2
10
5
36
7
5
5
5
5
5
1
8
4
4
4
4
4
2
3
7
9
13
5
2
2
19
14
11
1
1
5
11
3
2
6
6
8
2
1
5
4
13
3
2
5
3
2
3
4
2
6
5
19
16
5
4
13
18
3
5
10
2
7
4
6
11
9
5
5
5
1
5
5
2
20
7
7
7
10
12
29
18
41
12
12
2
2
2
26
8
6
6
6
6
5
6
1
1
2
2
18
4
5
4
1
1
5
4
6
6
6
2
9
9
9
17
6
10
3
3
3
3
1
1
2
3
4
1
1
4
3
6
4
2
4
2
12
1
1
1
4
4
4
4
5
10
2
14
11
1
1
11
11
9
3
5
2
2
6
9
3
2
2
4
1
2
2
2
7
5
2
2
2
2
1
1
1
11
3
3
3
1
2
3
4
2
6
6
6
5
1
1
2
2
8
6
7
9
4
7
12
3
3
3
9
1
1
9
4
13
1
1
4
4
2
2
2
22
5
24
5
1
1
1
2
5
7
10
26
8
6
6
6
6
6
6
1
3
1
1
8
15
2
2
3
4
11
3
4
5
1
1
1
2
12
13
4
4
4
4
5
5
5
2
2
2
2
4
6
3
7
3
3
3
3
2
5
5
5
5
5
2
2
5
5
6
3
3
4
2
2
2
2
3
3
3
1
1
3
3
2
2
1
2
11
6
1
3
3
7
11
4
6
2
8
8
8
8
10
8
3
7
6
6
2
3
3
3
5
6
3
3
3
3
5
5
2
2
5
6
1
12
20
2
2
12
6
4
1
1
3
1
1
4
2
4
5
1
6
5
5
5
5
5
5
11
9
8
8
6
10
2
2
2
4
6
6
8
5
14
5
1
1
1
6
4
17
17
18
8
8
1
2
2
2
5
2
2
2
2
3
3
3
2
2
1
1
1
2
2
4
9
10
10
19
19
19
19
19
8
10
4
8
4
2
2
3
7
12
1
1
2
3
2
2
2
3
3
3
3
2
7
2
2
5
1
1
6
6
5
5
5
5
1
2
2
2
6
6
6
2
2
4
4
4
3
2
5
3
3
2
2
6
6
10
6
5
5
5
3
3
10
10
1
2
1
5
4
5
1
3
3
3
3
3
3
4
4
3
2
2
8
1
4
7
1
1
2
1
6
5
2
2
5
2
2
2
1
1
6
12
12
6
12
1
4
1
1
1
1
2
2
3
3
2
4
9
9
9
2
2
2
5
8
5
2
2
3
4
4
4
4
4
4
1
6
3
3
2
2
1
1
2
2
3
6
1
4
1
2
1
1
3
1
1
11
11
9
9
9
9
9
9
9
9
2
2
2
2
1
1
1
10
4
1
1
1
3
3
2
1
2
2
3
3
2
