*Vertices 133
0.0663923
0.0483178
0.0463493
0.0429492
0.0390122
0.0320329
0.0313171
0.0309592
0.0288117
0.027917
0.02398
0.0229062
0.0218325
0.0209377
0.0187903
0.0184324
0.0171797
0.0171797
0.0171797
0.0148533
0.0146743
0.0136006
0.0134216
0.0127058
0.0121689
0.01199
0.011811
0.0116321
0.0109162
0.0100215
0.00966356
0.00966356
0.00966356
0.00948461
0.0091267
0.00894775
0.00876879
0.00858984
0.00841088
0.00841088
0.00805297
0.00751611
0.00733715
0.00697924
0.00644238
0.00644238
0.00644238
0.00608447
0.0055476
0.00536865
0.00483178
0.00465283
0.00465283
0.00447387
0.00447387
0.00429492
0.00411596
0.00375805
0.0035791
0.0035791
0.0035791
0.0035791
0.00322119
0.00322119
0.00322119
0.00322119
0.00304223
0.00304223
0.00286328
0.00286328
0.00268432
0.00268432
0.00250537
0.00214746
0.00214746
0.00214746
0.00214746
0.00214746
0.00214746
0.0019685
0.00178955
0.00178955
0.00161059
0.00143164
0.00143164
0.00143164
0.00143164
0.00125268
0.00107373
0.00107373
0.00107373
0.00107373
0.00107373
0.00107373
0.00107373
0.00071582
0.00071582
0.00071582
0.00071582
0.00071582
0.00071582
0.00071582
0.00035791
0.00035791
0.00035791
0.00035791
0.00035791
0.00035791
0.00035791
0.00035791
0.00035791
0.00035791
0.00035791
0.00035791
0.00035791
0.00035791
0.00035791
0.00035791
0.00035791
0.00035791
0.00035791
0.00035791
0.00035791
0.00035791
0.00035791
0.00035791
0.00035791
0.00035791
0.00035791
0.00035791
0.00035791
0.00035791
0.00035791
