54 4.04277954465671 0.234056541748849 34 5.78947368421053 6.97800263511152 R5
71 3.4111701562792 0.397506925207756 29 6.16666666666667 6.69369520934107 R6
2 3.38185491633796 0.464928782585326 44 10.5 9.90580637807948 R6
685 3.37918985479961 0.142011834319526 24 6.7 5.11957029446808 R5
257 3.357919954926 0.33203125 26 6.58823529411765 5.78088964789221 R6
36 3.08731785398451 0.492271105826397 19 5.85714285714286 4.2570469787861 R6
135 2.91512011951537 0.380622837370242 13 3.85714285714286 3.13635691430002 R6
140 2.75018834111451 0.337148803329865 25 6.5 6.72681202353686 R6
447 2.73881580642768 0.2112 22 7.68 5.22853708029311 R5
269 2.69902822571916 0.442148760330578 16 4.6 4.22374241638858 R6
38 2.65059040524991 0.1171875 15 5.38461538461539 3.62763880693895 R5
100 2.49364674957684 0.424557752341311 23 7.44444444444444 6.23807504338587 R2
144 2.48788165428449 0.0907029478458051 20 11.1111111111111 3.57287448684746 R2
62 2.47970485546421 0.765 9 4.75 1.71391365010026 R3
181 2.47487373415292 0.835629017447199 11 4 2.82842712474619 R4
84 2.45287068261565 0.313775510204082 23 6.5 6.72681202353686 R2
548 2.42821465589316 0.677514792899408 13 4.66666666666667 3.43187671366233 R3
540 2.35913866655646 0.0907029478458051 20 6.72727272727273 5.62609034427848 R2
131 2.31422423347801 0.380622837370242 13 5.2 3.37045990927054 R2
436 2.31060357674978 0.583333333333333 7 2.57142857142857 1.91662969499982 R2
64 2.19581752049967 0.666666666666667 15 5.52941176470588 4.31301241878197 R3
45 2.1380899352994 0.277777777777778 5 2.33333333333333 1.24721912892465 R2
362 2.11674754163995 0.378698224852071 10 5.14285714285714 2.29462548631557 R2
344 2.04043287971785 0.37037037037037 7 2.85714285714286 2.0303814862217 R2
296 2 0.760330578512397 4 2.4 0.8 R3
189 1.98361053228744 0.17687074829932 19 9.14285714285714 4.96929346597888 R2
324 1.97378345826352 0.309917355371901 18 7.68 5.22853708029311 R2
52 1.9661566092457 0.429752066115702 8 3.2 2.44131112314674 R2
146 1.96396101212393 0.124444444444444 14 5.52941176470588 4.31301241878197 R2
581 1.94935886896179 0.716049382716049 9 4.25 2.43669858620224 R3
108 1.94098991766189 0.835000000000001 7 3.4 1.85472369909914 R4
530 1.94028500029066 0.567901234567901 5 2.33333333333333 1.37436854187255 R2
15 1.91887491120591 0.110726643598616 16 6.9 4.74236228055175 R2
168 1.91887491120591 0.335 16 6.9 4.74236228055175 R2
8 1.91722702214233 0.603515625 19 6.16666666666667 6.69369520934107 R2
9 1.91722702214233 0.306238185255199 19 6.16666666666667 6.69369520934107 R2
394 1.88379302766504 0.423611111111111 18 7.84615384615385 5.39010708964765 R2
82 1.87082869338697 0.704861111111111 11 5.55555555555556 2.91017796749084 R3
309 1.78885438199983 0.244897959183674 6 3.71428571428571 1.27775312999988 R2
226 1.74420569920143 0.304498269896194 14 8 3.43996124009171 R2
632 1.74420569920143 0.21875 14 8 3.43996124009171 R2
63 1.73210450374819 0.45679012345679 13 5.52941176470588 4.31301241878197 R2
774 1.66410058867569 0.32 4 2.28571428571429 1.03015750727543 R2
244 1.6583123951777 0.448979591836735 5 2.8 1.32664991614216 R2
150 1.6583123951777 0.7 5 2.8 1.32664991614216 R3
395 1.62122981473045 0.471655328798186 15 6.7 5.11957029446808 R2
109 1.61211987187164 0.185 18 9 5.58271140814807 R2
229 1.60579308398418 0.346666666666666 12 5.66666666666667 3.94405318873308 R2
325 1.59126728418145 0.110726643598616 16 7.68 5.22853708029311 R2
265 1.56669890360128 0.664359861591695 8 5 1.91485421551268 R3
27 1.4886505305175 0.438775510204082 10 5.8 2.82134719593318 R2
538 1.47042204559341 0.1171875 15 6.72727272727273 5.62609034427848 R2
551 1.45960089839952 0.297520661157025 9 5.5 2.39791576165636 R2
673 1.41421356237309 0.48 3 2 0.707106781186548 R2
402 1.41225887786962 0.197530864197531 16 6.5 6.72681202353686 R2
178 1.38842026900125 0.444444444444444 10 5.55555555555556 3.20108006464176 R2
66 1.37360563948689 0.5390625 9 5.66666666666667 2.42670329642684 R2
17 1.37150571226726 0.592152199762188 16 7.44444444444444 6.23807504338587 R2
191 1.34871254240545 0.110726643598616 16 8.53333333333333 5.53614386454045 R2
190 1.34871254240545 0.110726643598616 16 8.53333333333333 5.53614386454045 R2
477 1.32721781494583 0.214532871972318 15 7.84615384615385 5.39010708964765 R2
111 1.32721781494583 0.639231824417009 15 7.84615384615385 5.39010708964765 R3
205 1.29986736723936 0.244897959183674 12 7.33333333333333 3.590109871423 R2
425 1.28627878663253 0.231111111111111 13 6.9 4.74236228055175 R2
565 1.28627878663253 0.380622837370242 13 6.9 4.74236228055175 R2
133 1.26491106406735 0.244897959183674 6 4 1.58113883008419 R2
206 1.23057202804841 0.724444444444444 13 6.7 5.11957029446808 R3
48 1.21355975243384 0.714285714285714 6 3.75 1.85404962177392 R3
98 1.21119984979446 0.207612456747405 15 7.44444444444444 6.23807504338587 R2
20 1.19925070239338 0.244897959183674 6 3.71428571428571 1.90595200916091 R2
222 1.19925070239338 0.493827160493827 6 3.71428571428571 1.90595200916091 R2
606 1.12268279877562 0.277777777777778 5 3.42857142857143 1.39970842444753 R2
228 1.09870053114707 0.756143667296786 10 5.66666666666667 3.94405318873308 R3
151 1.07474658124776 0.5312 15 9 5.58271140814807 R2
180 1.06066017177982 0.21875 7 4 2.82842712474619 R2
154 0.961523947640824 0.429752066115702 8 5.66666666666667 2.42670329642684 R2
593 0.953462589245591 0.48 6 4.57142857142857 1.49829835452879 R2
434 0.892080191736858 0.0867768595041321 21 11.3636363636364 10.8021271244706 R2
95 0.89058812484887 0.401234567901235 13 7.44444444444444 6.23807504338587 R2
225 0.872102849600717 0.272189349112426 11 8 3.43996124009171 R2
410 0.839963903153334 0.396694214876033 8 5.55555555555556 2.91017796749084 R2
79 0.839963903153334 0.197530864197531 8 5.55555555555556 2.91017796749084 R2
33 0.826234936017289 0.3984375 12 7.68 5.22853708029311 R2
23 0.779769325509169 0.444444444444444 8 5.8 2.82134719593318 R2
494 0.770642602226609 0.255102040816327 12 7.84615384615385 5.39010708964765 R2
160 0.763163626119545 0.417777777777778 11 6.58823529411765 5.78088964789221 R2
274 0.742781352708207 0.46875 10 7.33333333333333 3.590109871423 R2
846 0.738271660735427 0.18 9 5.85714285714286 4.2570469787861 R2
177 0.720960590227975 0.32 8 5.38461538461539 3.62763880693895 R2
40 0.720960590227975 0.32 8 5.38461538461539 3.62763880693895 R2
757 0.718184846459608 0.561224489795918 6 4.25 2.43669858620224 R2
380 0.707106781186548 0.48 3 2.66666666666667 0.471404520791032 R2
137 0.699760824183943 0.5078125 10 6.58823529411765 4.87561547884755 R2
404 0.693375245281536 0.56 3 2.28571428571429 1.03015750727543 R2
485 0.683231278011415 0.375 6 3.85714285714286 3.13635691430002 R2
547 0.679900103650085 0.46 7 4.66666666666667 3.43187671366233 R2
665 0.674199862463242 0.277777777777778 5 3.75 1.85404962177392 R2
19 0.656180804662589 0.404536862003781 17 10.5 9.90580637807948 R2
132 0.632455532033676 0.277777777777778 5 4 1.58113883008419 R2
259 0.590179870865781 0.497777777777778 10 6.58823529411765 5.78088964789221 R2
268 0.568216468572454 0.37037037037037 7 4.6 4.22374241638858 R2
155 0.549442255794756 0.21875 7 5.66666666666667 2.42670329642684 R2
794 0.547722557505166 0.76530612244898 6 5 1.82574185835055 R3
439 0.547722557505166 0.444444444444444 6 5 1.82574185835055 R2
172 0.541246301391837 0.84 6 4.61538461538461 2.55819833051014 R4
50 0.5 0.56 3 2.4 1.2 R2
765 0.449256454684341 0.18 9 6.7 5.11957029446808 R2
330 0.445556822044656 0.36734693877551 11 8.53333333333333 5.53614386454045 R2
446 0.443718761935211 0.355029585798817 10 7.68 5.22853708029311 R2
570 0.442817287201364 0.18 9 6.9 4.74236228055175 R2
331 0.423283888005449 0.546712802768166 9 6.16666666666667 6.69369520934107 R2
276 0.403962100437749 0.524444444444444 9 6.72727272727273 5.62609034427848 R2
843 0.399592460413797 0.291666666666667 10 7.84615384615385 5.39010708964765 R2
512 0.373543683818814 0.244897959183674 6 5.14285714285714 2.29462548631557 R2
514 0.373543683818814 0.244897959183674 6 5.14285714285714 2.29462548631557 R2
595 0.353553390593274 0.277777777777778 5 4 2.82842712474619 R2
467 0.323498319610315 0.571428571428571 4 3.4 1.85472369909914 R2
307 0.307793505625546 0.46875 5 4.25 2.43669858620224 R2
224 0.290700949866906 0.297520661157025 9 8 3.43996124009171 R2
78 0.273889574591761 0.6328125 8 6.16666666666667 6.69369520934107 R3
489 0.273889574591761 0.197530864197531 8 6.16666666666667 6.69369520934107 R2
90 0.26846242208561 0.545454545454546 7 5.85714285714286 4.2570469787861 R2
221 0.252377232562534 0.401234567901235 13 10.5 9.90580637807948 R2
4 0.249364674957684 0.461538461538462 9 7.44444444444444 6.23807504338587 R2
127 0.237356331638771 0.495867768595041 6 5.2 3.37045990927054 R2
805 0.22298824387415 0.32 8 6.5 6.72681202353686 R2
806 0.22298824387415 0.32 8 6.5 6.72681202353686 R2
411 0.152720709664243 0.375 6 5.55555555555556 2.91017796749084 R2
186 0.151426339537521 0.676748582230624 12 10.5 9.90580637807948 R3
241 0.150755672288882 0.5 3 2.8 1.32664991614216 R2
148 0.150755672288882 0.56 3 2.8 1.32664991614216 R2
786 0.150346194831066 0.277777777777778 5 4.61538461538461 2.55819833051014 R2
139 0.149906337799172 0.59375 4 3.71428571428571 1.90595200916091 R2
718 0.109108945117996 0.54 6 5.52941176470588 4.31301241878197 R2
648 0.0971285862357263 0.277777777777778 5 4.66666666666667 3.43187671366233 R2
634 0.0947027447620758 0.277777777777778 5 4.6 4.22374241638858 R2
478 0.0947027447620758 0.408163265306122 5 4.6 4.22374241638858 R2
85 0.0743294146247169 0.21875 7 6.5 6.72681202353686 R2
35 0.0335578027607011 0.244897959183674 6 5.85714285714286 4.2570469787861 R2
107 0.0301699966019159 0.244897959183674 6 5.78947368421053 6.97800263511152 R2
476 0.0285423186009854 0.197530864197531 8 7.84615384615385 5.39010708964765 R2
809 3.14018491736755e-16 0.32 4 4 2.82842712474619 R2
730 0 0.489795918367347 3 3 1 R2
453 -0.0248990522356144 0.54 6 6.16666666666667 6.69369520934107 R2
143 -0.0310985206785555 0.152777777777778 11 11.1111111111111 3.57287448684746 R2
5 -0.0712470499879093 0.42 7 7.44444444444444 6.23807504338587 R2
401 -0.0743294146247163 0.244897959183674 6 6.5 6.72681202353686 R2
354 -0.0819231920519041 0.375 3 3.2 2.44131112314674 R2
39 -0.106023616209996 0.66 5 5.38461538461539 3.62763880693895 R3
283 -0.122747563257745 0.46875 5 5.52941176470588 4.31301241878197 R2
358 -0.130055499187907 0.42 7 7.68 5.22853708029311 R2
687 -0.136730225338713 0.375 6 6.7 5.11957029446808 R2
44 -0.136730225338713 0.674556213017751 6 6.7 5.11957029446808 R3
357 -0.136730225338713 0.444444444444444 6 6.7 5.11957029446808 R2
270 -0.142054117143113 0.32 4 4.6 4.22374241638858 R2
916 -0.174293365649302 0.448979591836735 5 6.16666666666667 6.69369520934107 R2
202 -0.174293365649302 0.448979591836735 5 6.16666666666667 6.69369520934107 R2
549 -0.194257172471453 0.444444444444444 4 4.66666666666667 3.43187671366233 R2
291 -0.194257172471453 0.32 4 4.66666666666667 3.43187671366233 R2
167 -0.22298824387415 0.277777777777778 5 6.5 6.72681202353686 R2
816 -0.240553911729705 0.32 4 4.61538461538461 2.55819833051014 R2
175 -0.242535625036333 0.444444444444444 2 2.33333333333333 1.37436854187255 R2
43 -0.267261241912425 0.444444444444444 2 2.33333333333333 1.24721912892465 R2
46 -0.267261241912425 0.444444444444444 2 2.33333333333333 1.24721912892465 R2
316 -0.274738905403036 0.493827160493827 5 6.58823529411765 5.78088964789221 R2
853 -0.277350098112614 0.444444444444444 2 2.28571428571429 1.03015750727543 R2
656 -0.294883912309795 0.64 2 2.4 1.35646599662505 R3
515 -0.307011196332689 0.493827160493827 5 6.72727272727273 5.62609034427848 R2
251 -0.31098520678556 0.165289256198347 10 11.1111111111111 3.57287448684746 R2
253 -0.31098520678556 0.165289256198347 10 11.1111111111111 3.57287448684746 R2
252 -0.31098520678556 0.165289256198347 10 11.1111111111111 3.57287448684746 R2
359 -0.321313586228946 0.56 6 7.68 5.22853708029311 R2
646 -0.332059118679731 0.408163265306122 5 6.7 5.11957029446808 R2
264 -0.332059118679731 0.775510204081633 5 6.7 5.11957029446808 R3
870 -0.332059118679731 0.46875 5 6.7 5.11957029446808 R2
810 -0.353553390593273 0.375 3 4 2.82842712474619 R2
811 -0.353553390593273 0.56 3 4 2.82842712474619 R2
169 -0.371647073123583 0.32 4 6.5 6.72681202353686 R2
232 -0.379473319220206 0.32 4 4.92307692307692 2.4325212770526 R2
105 -0.379473319220206 0.59375 4 4.92307692307692 2.4325212770526 R2
179 -0.399752454975384 0.48 3 5.78947368421053 6.97800263511152 R2
475 -0.422577127364258 0.32 4 5.66666666666667 3.94405318873308 R2
227 -0.422577127364258 0.32 4 5.66666666666667 3.94405318873308 R2
298 -0.431219680932051 0.48 7 9.14285714285714 4.96929346597888 R2
847 -0.436251435889116 0.32 4 5.85714285714286 4.2570469787861 R2
709 -0.447722660656799 0.32 4 6.58823529411765 5.78088964789221 R2
292 -0.447722660656799 0.59375 4 6.58823529411765 5.78088964789221 R2
611 -0.473081992476678 0.375 3 6.16666666666667 6.69369520934107 R2
203 -0.473081992476678 0.375 3 6.16666666666667 6.69369520934107 R2
800 -0.491539152311424 0.444444444444444 2 3.2 2.44131112314674 R2
602 -0.491539152311424 0.625 2 3.2 2.44131112314674 R3
313 -0.491539152311424 0.444444444444444 2 3.2 2.44131112314674 R2
360 -0.498058245091752 0.444444444444444 4 5.14285714285714 2.29462548631557 R2
361 -0.498058245091752 0.444444444444444 4 5.14285714285714 2.29462548631557 R2
295 -0.5 0.5 2 2.4 0.8 R2
34 -0.512571673269986 0.567901234567901 5 7.68 5.22853708029311 R2
750 -0.527388012020749 0.59375 4 6.7 5.11957029446808 R2
889 -0.528032894118232 0.277777777777778 5 7.84615384615385 5.39010708964765 R2
844 -0.528032894118232 0.277777777777778 5 7.84615384615385 5.39010708964765 R2
192 -0.532290647422376 0.46875 5 6 1.87867287325545 R2
110 -0.537373290623879 0.40625 6 9 5.58271140814807 R2
931 -0.586460580009229 0.375 3 5.52941176470588 4.31301241878197 R2
16 -0.586460580009229 0.375 3 5.52941176470588 4.31301241878197 R2
277 -0.586460580009229 0.611111111111111 3 5.52941176470588 4.31301241878197 R2
788 -0.589109560580944 0.277777777777778 5 11.3636363636364 10.8021271244706 R2
136 -0.59213377427656 0.64 2 3.85714285714286 3.13635691430002 R3
534 -0.603022689155527 0.625 2 2.8 1.32664991614216 R3
149 -0.603022689155527 0.625 2 2.8 1.32664991614216 R3
568 -0.611509587087598 0.32 4 6.9 4.74236228055175 R2
195 -0.615567840953492 0.72 2 4.6 4.22374241638858 R3
474 -0.620706415910563 0.48 3 6.58823529411765 5.78088964789221 R2
756 -0.622476305890365 0.444444444444444 2 6.16666666666667 6.69369520934107 R2
837 -0.622476305890365 0.444444444444444 2 6.16666666666667 6.69369520934107 R2
511 -0.637993084507501 0.32 4 5.8 2.82134719593318 R2
482 -0.668964731622449 0.444444444444444 2 6.5 6.72681202353686 R2
532 -0.671156055214025 0.375 3 5.85714285714286 4.2570469787861 R2
531 -0.671156055214025 0.611111111111111 3 5.85714285714286 4.2570469787861 R2
123 -0.671156055214025 0.653061224489796 3 5.85714285714286 4.2570469787861 R3
267 -0.676123403782813 0.375 3 5.66666666666667 3.94405318873308 R2
156 -0.686802819743446 0.612244897959184 4 5.66666666666667 2.42670329642684 R2
483 -0.703829760311025 0.32 4 7.68 5.22853708029311 R2
596 -0.707106781186547 0.444444444444444 2 4 2.82842712474619 R2
597 -0.707106781186547 0.444444444444444 2 4 2.82842712474619 R2
3 -0.712470499879096 0.611111111111111 3 7.44444444444444 6.23807504338587 R2
176 -0.713557965024638 0.641975308641975 4 7.84615384615385 5.39010708964765 R3
769 -0.722716905361767 0.375 3 6.7 5.11957029446808 R2
770 -0.722716905361767 0.375 3 6.7 5.11957029446808 R2
194 -0.754829412424069 0.444444444444444 2 3.4 1.85472369909914 R2
193 -0.754829412424069 0.444444444444444 2 3.4 1.85472369909914 R2
510 -0.816496580927729 0.444444444444444 4 4.4 0.489897948556634 R2
808 -0.817623560871882 0.5 1 6.5 6.72681202353686 R2
278 -0.818317088384971 0.444444444444444 2 5.52941176470588 4.31301241878197 R2
106 -0.81886118646045 0.65625 4 8.53333333333333 5.53614386454045 R3
742 -0.819891591749922 0.75 1 2.57142857142857 1.91662969499982 R3
761 -0.840241168910518 0.444444444444444 2 6.72727272727273 5.62609034427848 R2
855 -0.852324702858681 0.5 1 4.6 4.22374241638858 R2
364 -0.872102849600717 0.46875 5 8 3.43996124009171 R2
363 -0.872102849600717 0.46875 5 8 3.43996124009171 R2
660 -0.872776362351892 0.444444444444444 2 7.44444444444444 6.23807504338587 R2
566 -0.872776362351892 0.625 2 7.44444444444444 6.23807504338587 R3
250 -0.872776362351892 0.444444444444444 2 7.44444444444444 6.23807504338587 R2
81 -0.878144080569394 0.375 3 5.55555555555556 2.91017796749084 R2
80 -0.878144080569394 0.375 3 5.55555555555556 2.91017796749084 R2
686 -0.895087847352064 0.375 3 7.68 5.22853708029311 R2
760 -0.895087847352064 0.56 3 7.68 5.22853708029311 R2
70 -0.899438026795034 0.5 2 3.71428571428571 1.90595200916091 R2
898 -0.914676808149379 0.5 1 2.85714285714286 2.0303814862217 R2
426 -0.914676808149379 0.5 1 2.85714285714286 2.0303814862217 R2
524 -0.918045798702785 0.444444444444444 2 6.7 5.11957029446808 R2
204 -0.928476690885259 0.66 4 7.33333333333333 3.590109871423 R3
513 -0.933859209547035 0.375 3 5.14285714285714 2.29462548631557 R2
928 -0.943879807448539 0.444444444444444 2 3.75 1.85404962177392 R2
929 -0.943879807448539 0.444444444444444 2 3.75 1.85404962177392 R2
921 -1.02062072615966 0.444444444444444 2 3.42857142857143 1.39970842444753 R2
922 -1.02062072615966 0.444444444444444 2 3.42857142857143 1.39970842444753 R2
569 -1.03324033680318 0.444444444444444 2 6.9 4.74236228055175 R2
926 -1.06841444859299 0.5 1 4.66666666666667 3.43187671366233 R2
824 -1.0863459343931 0.444444444444444 2 7.68 5.22853708029311 R2
51 -1.16666666666667 0.666666666666667 1 2.4 1.2 R3
614 -1.18012347460477 0.444444444444444 2 8.53333333333333 5.53614386454045 R2
408 -1.20166551086399 0.5 2 4.92307692307692 2.4325212770526 R2
393 -1.20866922479396 0.666666666666667 1 5.38461538461539 3.62763880693895 R3
188 -1.23616308533855 0.56 3 9.14285714285714 4.96929346597888 R2
403 -1.24807544150676 0.666666666666667 1 2.28571428571429 1.03015750727543 R3
495 -1.27013317774386 0.5 1 7.84615384615385 5.39010708964765 R2
813 -1.34164078649987 0.444444444444444 2 3.71428571428571 1.27775312999988 R2
814 -1.34164078649987 0.444444444444444 2 3.71428571428571 1.27775312999988 R2
600 -1.35680105059994 0.5 1 2.8 1.32664991614216 R2
385 -1.37281294596729 0.5 1 3.33333333333333 1.6996731711976 R2
379 -1.41421356237309 0.444444444444444 2 2.66666666666667 0.471404520791032 R2
266 -1.56669890360128 0.5 2 5 1.91485421551268 R2
930 -2.19089023002066 0.5 1 5 1.82574185835055 R2
