54 4.04277954465671 0.234056541748849 34 5.78947368421053 6.97800263511152 R5
71 3.4111701562792 0.397506925207756 29 6.16666666666667 6.69369520934107 R6
2 3.38185491633796 0.464928782585326 44 10.5 9.90580637807948 R6
685 3.37918985479961 0.142011834319526 24 6.7 5.11957029446808 R5
257 3.357919954926 0.33203125 26 6.58823529411765 5.78088964789221 R6
256 3.29901353925329 0 47 11.3636363636364 10.8021271244706 R5
36 3.08731785398451 0.492271105826397 19 5.85714285714286 4.2570469787861 R6
135 2.91512011951537 0.380622837370242 13 3.85714285714286 3.13635691430002 R6
350 2.86707319328478 0 14 5.53846153846154 2.95128093742321 R5
140 2.75018834111451 0.337148803329865 25 6.5 6.72681202353686 R6
447 2.73881580642768 0.2112 22 7.68 5.22853708029311 R5
269 2.69902822571916 0.442148760330578 16 4.6 4.22374241638858 R6
38 2.65059040524991 0.1171875 15 5.38461538461539 3.62763880693895 R5
75 2.49574683419569 0 11 4.61538461538461 2.55819833051014 R1
100 2.49364674957684 0.424557752341311 23 7.44444444444444 6.23807504338587 R2
144 2.48788165428449 0.0907029478458051 20 11.1111111111111 3.57287448684746 R2
62 2.47970485546421 0.765 9 4.75 1.71391365010026 R3
181 2.47487373415292 0.835629017447199 11 4 2.82842712474619 R4
84 2.45287068261565 0.313775510204082 23 6.5 6.72681202353686 R2
548 2.42821465589316 0.677514792899408 13 4.66666666666667 3.43187671366233 R3
540 2.35913866655646 0.0907029478458051 20 6.72727272727273 5.62609034427848 R2
131 2.31422423347801 0.380622837370242 13 5.2 3.37045990927054 R2
436 2.31060357674978 0.583333333333333 7 2.57142857142857 1.91662969499982 R2
64 2.19581752049967 0.666666666666667 15 5.52941176470588 4.31301241878197 R3
45 2.1380899352994 0.277777777777778 5 2.33333333333333 1.24721912892465 R2
586 2.13808993529939 0 5 2.33333333333333 1.24721912892465 R1
542 2.12916258968951 0 10 6 1.87867287325545 R1
362 2.11674754163995 0.378698224852071 10 5.14285714285714 2.29462548631557 R2
301 2.10829949244986 0 14 5.46666666666667 4.04749579644281 R1
304 2.10829949244986 0 14 5.46666666666667 4.04749579644281 R1
344 2.04043287971785 0.37037037037037 7 2.85714285714286 2.0303814862217 R2
505 2.01792812020277 0 7 3.55555555555556 1.70692127730413 R1
296 2 0.760330578512397 4 2.4 0.8 R3
334 2 0 5 3 1 R1
189 1.98361053228744 0.17687074829932 19 9.14285714285714 4.96929346597888 R2
324 1.97378345826352 0.309917355371901 18 7.68 5.22853708029311 R2
52 1.9661566092457 0.429752066115702 8 3.2 2.44131112314674 R2
141 1.9661566092457 0 8 3.2 2.44131112314674 R1
146 1.96396101212393 0.124444444444444 14 5.52941176470588 4.31301241878197 R2
581 1.94935886896179 0.716049382716049 9 4.25 2.43669858620224 R3
108 1.94098991766189 0.835000000000001 7 3.4 1.85472369909914 R4
530 1.94028500029066 0.567901234567901 5 2.33333333333333 1.37436854187255 R2
714 1.93554681250923 0 17 10.1428571428571 3.54274193361065 R1
713 1.93554681250923 0 17 10.1428571428571 3.54274193361065 R1
574 1.93037468740398 0 16 6.58823529411765 4.87561547884755 R1
15 1.91887491120591 0.110726643598616 16 6.9 4.74236228055175 R2
168 1.91887491120591 0.335 16 6.9 4.74236228055175 R2
8 1.91722702214233 0.603515625 19 6.16666666666667 6.69369520934107 R2
9 1.91722702214233 0.306238185255199 19 6.16666666666667 6.69369520934107 R2
394 1.88379302766504 0.423611111111111 18 7.84615384615385 5.39010708964765 R2
82 1.87082869338697 0.704861111111111 11 5.55555555555556 2.91017796749084 R3
255 1.81782378693549 0 31 11.3636363636364 10.8021271244706 R1
309 1.78885438199983 0.244897959183674 6 3.71428571428571 1.27775312999988 R2
49 1.75291964240443 0 7 3.75 1.85404962177392 R1
226 1.74420569920143 0.304498269896194 14 8 3.43996124009171 R2
632 1.74420569920143 0.21875 14 8 3.43996124009171 R2
63 1.73210450374819 0.45679012345679 13 5.52941176470588 4.31301241878197 R2
701 1.73205080756888 0 3 1.5 0.866025403784439 R1
562 1.73205080756888 0 3 1.5 0.866025403784439 R1
73 1.72952081593777 0 27 13.4545454545455 7.83191183397813 R1
573 1.72527237686731 0 15 6.58823529411765 4.87561547884755 R1
103 1.67600715988924 0 9 4.92307692307692 2.4325212770526 R1
774 1.66410058867569 0.32 4 2.28571428571429 1.03015750727543 R2
244 1.6583123951777 0.448979591836735 5 2.8 1.32664991614216 R2
150 1.6583123951777 0.7 5 2.8 1.32664991614216 R3
395 1.62122981473045 0.471655328798186 15 6.7 5.11957029446808 R2
109 1.61211987187164 0.185 18 9 5.58271140814807 R2
229 1.60579308398418 0.346666666666666 12 5.66666666666667 3.94405318873308 R2
220 1.59687194226713 0 9 6 1.87867287325545 R1
217 1.59687194226713 0 9 6 1.87867287325545 R1
325 1.59126728418145 0.110726643598616 16 7.68 5.22853708029311 R2
265 1.56669890360128 0.664359861591695 8 5 1.91485421551268 R3
27 1.4886505305175 0.438775510204082 10 5.8 2.82134719593318 R2
538 1.47042204559341 0.1171875 15 6.72727272727273 5.62609034427848 R2
519 1.45960089839952 0 9 5.5 2.39791576165636 R1
554 1.45960089839952 0 9 5.5 2.39791576165636 R1
551 1.45960089839952 0.297520661157025 9 5.5 2.39791576165636 R2
543 1.4142135623731 0 2 1.33333333333333 0.471404520791032 R1
689 1.4142135623731 0 2 1.33333333333333 0.471404520791032 R1
673 1.41421356237309 0.48 3 2 0.707106781186548 R2
402 1.41225887786962 0.197530864197531 16 6.5 6.72681202353686 R2
231 1.4018260516447 0 7 4.4 1.85472369909914 R1
450 1.4018260516447 0 6 3.4 1.85472369909914 R1
178 1.38842026900125 0.444444444444444 10 5.55555555555556 3.20108006464176 R2
199 1.38842026900125 0 10 5.55555555555556 3.20108006464176 R1
66 1.37360563948689 0.5390625 9 5.66666666666667 2.42670329642684 R2
17 1.37150571226726 0.592152199762188 16 7.44444444444444 6.23807504338587 R2
191 1.34871254240545 0.110726643598616 16 8.53333333333333 5.53614386454045 R2
190 1.34871254240545 0.110726643598616 16 8.53333333333333 5.53614386454045 R2
460 1.33333333333333 0 4 2.4 1.2 R1
477 1.32721781494583 0.214532871972318 15 7.84615384615385 5.39010708964765 R2
111 1.32721781494583 0.639231824417009 15 7.84615384615385 5.39010708964765 R3
654 1.31506775579396 0 13 6.58823529411765 4.87561547884755 R1
205 1.29986736723936 0.244897959183674 12 7.33333333333333 3.590109871423 R2
425 1.28627878663253 0.231111111111111 13 6.9 4.74236228055175 R2
565 1.28627878663253 0.380622837370242 13 6.9 4.74236228055175 R2
102 1.26491106406735 0 8 4.92307692307692 2.4325212770526 R1
442 1.26491106406735 0 8 4.92307692307692 2.4325212770526 R1
407 1.26491106406735 0 8 4.92307692307692 2.4325212770526 R1
133 1.26491106406735 0.244897959183674 6 4 1.58113883008419 R2
206 1.23057202804841 0.724444444444444 13 6.7 5.11957029446808 R3
355 1.22474487139159 0 5 4.4 0.489897948556634 R1
356 1.22474487139159 0 5 4.4 0.489897948556634 R1
59 1.22474487139159 0 4 2.8 0.979795897113272 R1
166 1.22052886965015 0 7 4.57142857142857 1.98976975388345 R1
208 1.21878983673467 0 23 13.4545454545455 7.83191183397813 R1
48 1.21355975243384 0.714285714285714 6 3.75 1.85404962177392 R3
98 1.21119984979446 0.207612456747405 15 7.44444444444444 6.23807504338587 R2
97 1.21119984979446 0 15 7.44444444444444 6.23807504338587 R1
20 1.19925070239338 0.244897959183674 6 3.71428571428571 1.90595200916091 R2
222 1.19925070239338 0.493827160493827 6 3.71428571428571 1.90595200916091 R2
115 1.19207912135854 0 9 6 2.51661147842358 R1
118 1.17953564923918 0 4 2.4 1.35646599662505 R1
698 1.17953564923918 0 4 2.4 1.35646599662505 R1
605 1.12268279877562 0 5 3.42857142857143 1.39970842444753 R1
606 1.12268279877562 0.277777777777778 5 3.42857142857143 1.39970842444753 R2
604 1.12268279877562 0 5 3.42857142857143 1.39970842444753 R1
305 1.12003410536399 0 10 5.46666666666667 4.04749579644281 R1
228 1.09870053114707 0.756143667296786 10 5.66666666666667 3.94405318873308 R3
151 1.07474658124776 0.5312 15 9 5.58271140814807 R2
218 1.06458129484475 0 8 6 1.87867287325545 R1
219 1.06458129484475 0 8 6 1.87867287325545 R1
180 1.06066017177982 0.21875 7 4 2.82842712474619 R2
159 1.01749302305833 0 13 7.68 5.22853708029311 R1
906 1.00564748338642 0 11 8.72727272727273 2.25996416266473 R1
905 1.00564748338642 0 11 8.72727272727273 2.25996416266473 R1
820 1 0 4 3.5 0.5 R1
821 1 0 4 3.5 0.5 R1
7 0.98058067569092 0 5 3.33333333333333 1.6996731711976 R1
210 0.963424347133121 0 21 13.4545454545455 7.83191183397813 R1
154 0.961523947640824 0.429752066115702 8 5.66666666666667 2.42670329642684 R2
764 0.953462589245592 0 6 4.57142857142857 1.49829835452879 R1
593 0.953462589245591 0.48 6 4.57142857142857 1.49829835452879 R2
317 0.936147381373308 0 12 6.58823529411765 5.78088964789221 R1
171 0.932146407952609 0 7 4.61538461538461 2.55819833051014 R1
260 0.904534033733291 0 6 4.5 1.6583123951777 R1
262 0.904534033733291 0 6 4.5 1.6583123951777 R1
645 0.892080191736858 0 21 11.3636363636364 10.8021271244706 R1
583 0.892080191736858 0 21 11.3636363636364 10.8021271244706 R1
434 0.892080191736858 0.0867768595041321 21 11.3636363636364 10.8021271244706 R2
95 0.89058812484887 0.401234567901235 13 7.44444444444444 6.23807504338587 R2
225 0.872102849600717 0.272189349112426 11 8 3.43996124009171 R2
13 0.864548036916949 0 11 6.9 4.74236228055175 R1
396 0.862662185627508 0 6 4.4 1.85472369909914 R1
164 0.858082590712617 0 19 10.5 9.90580637807948 R1
506 0.846227921375355 0 5 3.55555555555556 1.70692127730413 R1
410 0.839963903153334 0.396694214876033 8 5.55555555555556 2.91017796749084 R2
79 0.839963903153334 0.197530864197531 8 5.55555555555556 2.91017796749084 R2
351 0.834057656228299 0 8 5.53846153846154 2.95128093742321 R1
33 0.826234936017289 0.3984375 12 7.68 5.22853708029311 R2
87 0.808561537642459 0 14 11.1111111111111 3.57287448684746 R1
627 0.806819110188973 0 13 8.53333333333333 5.53614386454045 R1
629 0.806819110188973 0 13 8.53333333333333 5.53614386454045 R1
628 0.806819110188973 0 13 8.53333333333333 5.53614386454045 R1
630 0.806819110188973 0 13 8.53333333333333 5.53614386454045 R1
631 0.806819110188973 0 13 8.53333333333333 5.53614386454045 R1
23 0.779769325509169 0.444444444444444 8 5.8 2.82134719593318 R2
22 0.779769325509169 0 8 5.8 2.82134719593318 R1
24 0.779769325509169 0 8 5.8 2.82134719593318 R1
25 0.779769325509169 0 8 5.8 2.82134719593318 R1
494 0.770642602226609 0.255102040816327 12 7.84615384615385 5.39010708964765 R2
198 0.763631147950686 0 8 5.55555555555556 3.20108006464176 R1
160 0.763163626119545 0.417777777777778 11 6.58823529411765 5.78088964789221 R2
275 0.742781352708207 0 10 7.33333333333333 3.590109871423 R1
274 0.742781352708207 0.46875 10 7.33333333333333 3.590109871423 R2
846 0.738271660735427 0.18 9 5.85714285714286 4.2570469787861 R2
125 0.738271660735427 0 9 5.85714285714286 4.2570469787861 R1
177 0.720960590227975 0.32 8 5.38461538461539 3.62763880693895 R2
40 0.720960590227975 0.32 8 5.38461538461539 3.62763880693895 R2
757 0.718184846459608 0.561224489795918 6 4.25 2.43669858620224 R2
246 0.717958158617738 0 6 4.57142857142857 1.98976975388345 R1
245 0.717958158617738 0 6 4.57142857142857 1.98976975388345 R1
247 0.717958158617738 0 6 4.57142857142857 1.98976975388345 R1
616 0.716497720831839 0 13 9 5.58271140814807 R1
209 0.708058857531571 0 19 13.4545454545455 7.83191183397813 R1
722 0.707106781186548 0 3 2.66666666666667 0.471404520791032 R1
378 0.707106781186548 0 3 2.66666666666667 0.471404520791032 R1
723 0.707106781186548 0 3 2.66666666666667 0.471404520791032 R1
380 0.707106781186548 0.48 3 2.66666666666667 0.471404520791032 R2
137 0.699760824183943 0.5078125 10 6.58823529411765 4.87561547884755 R2
775 0.693375245281536 0 3 2.28571428571429 1.03015750727543 R1
404 0.693375245281536 0.56 3 2.28571428571429 1.03015750727543 R2
485 0.683231278011415 0.375 6 3.85714285714286 3.13635691430002 R2
504 0.683231278011415 0 6 3.85714285714286 3.13635691430002 R1
547 0.679900103650085 0.46 7 4.66666666666667 3.43187671366233 R2
459 0.674578520096275 0 5 3.71428571428571 1.90595200916091 R1
665 0.674199862463242 0.277777777777778 5 3.75 1.85404962177392 R2
19 0.656180804662589 0.404536862003781 17 10.5 9.90580637807948 R2
390 0.653682662059156 0 10 6.9 4.74236228055175 R1
326 0.63497684897625 0 11 7.68 5.22853708029311 R1
132 0.632455532033676 0.277777777777778 5 4 1.58113883008419 R2
259 0.590179870865781 0.497777777777778 10 6.58823529411765 5.78088964789221 R2
281 0.57282196186948 0 8 5.52941176470588 4.31301241878197 R1
268 0.568216468572454 0.37037037037037 7 4.6 4.22374241638858 R2
345 0.562878035784234 0 4 2.85714285714286 2.0303814862217 R1
155 0.549442255794756 0.21875 7 5.66666666666667 2.42670329642684 R2
441 0.547722557505166 0 6 5 1.82574185835055 R1
794 0.547722557505166 0.76530612244898 6 5 1.82574185835055 R3
440 0.547722557505166 0 6 5 1.82574185835055 R1
439 0.547722557505166 0.444444444444444 6 5 1.82574185835055 R2
787 0.541246301391837 0 6 4.61538461538461 2.55819833051014 R1
172 0.541246301391837 0.84 6 4.61538461538461 2.55819833051014 R4
617 0.537373290623879 0 12 9 5.58271140814807 R1
620 0.537373290623879 0 12 9 5.58271140814807 R1
619 0.537373290623879 0 12 9 5.58271140814807 R1
618 0.537373290623879 0 12 9 5.58271140814807 R1
129 0.534051746187234 0 7 5.2 3.37045990927054 R1
130 0.534051746187234 0 7 5.2 3.37045990927054 R1
119 0.524210595054582 0 12 10.1428571428571 3.54274193361065 R1
122 0.524210595054582 0 12 10.1428571428571 3.54274193361065 R1
121 0.524210595054582 0 12 10.1428571428571 3.54274193361065 R1
682 0.522232967867093 0 6 5 1.91485421551268 R1
679 0.522232967867093 0 6 5 1.91485421551268 R1
454 0.5 0 7 6.4 1.2 R1
456 0.5 0 7 6.4 1.2 R1
455 0.5 0 7 6.4 1.2 R1
457 0.5 0 7 6.4 1.2 R1
50 0.5 0.56 3 2.4 1.2 R2
461 0.5 0 3 2.4 1.2 R1
652 0.49465851364727 0 9 6.58823529411765 4.87561547884755 R1
650 0.49465851364727 0 9 6.58823529411765 4.87561547884755 R1
860 0.485071250072666 0 3 2.33333333333333 1.37436854187255 R1
352 0.460092448179215 0 9 5.78947368421053 6.97800263511152 R1
765 0.449256454684341 0.18 9 6.7 5.11957029446808 R2
330 0.445556822044656 0.36734693877551 11 8.53333333333333 5.53614386454045 R2
37 0.445299188081985 0 7 5.38461538461539 3.62763880693895 R1
446 0.443718761935211 0.355029585798817 10 7.68 5.22853708029311 R2
14 0.442817287201364 0 9 6.9 4.74236228055175 R1
570 0.442817287201364 0.18 9 6.9 4.74236228055175 R2
409 0.442718872423573 0 6 4.92307692307692 2.4325212770526 R1
331 0.423283888005449 0.546712802768166 9 6.16666666666667 6.69369520934107 R2
276 0.403962100437749 0.524444444444444 9 6.72727272727273 5.62609034427848 R2
843 0.399592460413797 0.291666666666667 10 7.84615384615385 5.39010708964765 R2
113 0.397359707119513 0 7 6 2.51661147842358 R1
112 0.397359707119513 0 7 6 2.51661147842358 R1
114 0.397359707119513 0 7 6 2.51661147842358 R1
6 0.392232270276368 0 4 3.33333333333333 1.6996731711976 R1
300 0.378835065049585 0 7 5.46666666666667 4.04749579644281 R1
303 0.378835065049585 0 7 5.46666666666667 4.04749579644281 R1
480 0.373723723474445 0 11 9.14285714285714 4.96929346597888 R1
479 0.373723723474445 0 11 9.14285714285714 4.96929346597888 R1
512 0.373543683818814 0.244897959183674 6 5.14285714285714 2.29462548631557 R2
514 0.373543683818814 0.244897959183674 6 5.14285714285714 2.29462548631557 R2
496 0.364390014939421 0 5 3.85714285714286 3.13635691430002 R1
677 0.364390014939421 0 5 3.85714285714286 3.13635691430002 R1
497 0.364390014939421 0 5 3.85714285714286 3.13635691430002 R1
595 0.353553390593274 0.277777777777778 5 4 2.82842712474619 R2
182 0.353553390593274 0 5 4 2.82842712474619 R1
468 0.323498319610315 0 4 3.4 1.85472369909914 R1
467 0.323498319610315 0.571428571428571 4 3.4 1.85472369909914 R2
466 0.323498319610315 0 4 3.4 1.85472369909914 R1
307 0.307793505625546 0.46875 5 4.25 2.43669858620224 R2
712 0.307793505625546 0 5 4.25 2.43669858620224 R1
224 0.290700949866906 0.297520661157025 9 8 3.43996124009171 R2
377 0.290700949866906 0 9 8 3.43996124009171 R1
653 0.289556203110597 0 8 6.58823529411765 4.87561547884755 R1
651 0.289556203110597 0 8 6.58823529411765 4.87561547884755 R1
655 0.289556203110597 0 8 6.58823529411765 4.87561547884755 R1
594 0.286038776773678 0 5 4.57142857142857 1.49829835452879 R1
590 0.286038776773678 0 5 4.57142857142857 1.49829835452879 R1
589 0.286038776773678 0 5 4.57142857142857 1.49829835452879 R1
591 0.286038776773678 0 5 4.57142857142857 1.49829835452879 R1
592 0.286038776773678 0 5 4.57142857142857 1.49829835452879 R1
778 0.286038776773677 0 5 4.57142857142857 1.49829835452879 R1
776 0.286038776773677 0 5 4.57142857142857 1.49829835452879 R1
780 0.286038776773677 0 5 4.57142857142857 1.49829835452879 R1
777 0.286038776773677 0 5 4.57142857142857 1.49829835452879 R1
779 0.286038776773677 0 5 4.57142857142857 1.49829835452879 R1
78 0.273889574591761 0.6328125 8 6.16666666666667 6.69369520934107 R3
489 0.273889574591761 0.197530864197531 8 6.16666666666667 6.69369520934107 R2
90 0.26846242208561 0.545454545454546 7 5.85714285714286 4.2570469787861 R2
286 0.260377821961648 0 4 3.55555555555556 1.70692127730413 R1
329 0.260377821961648 0 4 3.55555555555556 1.70692127730413 R1
287 0.260377821961648 0 4 3.55555555555556 1.70692127730413 R1
767 0.253927561343323 0 8 6.7 5.11957029446808 R1
444 0.252460674894171 0 9 7.68 5.22853708029311 R1
445 0.252460674894171 0 9 7.68 5.22853708029311 R1
449 0.252460674894171 0 9 7.68 5.22853708029311 R1
448 0.252460674894171 0 9 7.68 5.22853708029311 R1
221 0.252377232562534 0.401234567901235 13 10.5 9.90580637807948 R2
4 0.249364674957684 0.461538461538462 9 7.44444444444444 6.23807504338587 R2
127 0.237356331638771 0.495867768595041 6 5.2 3.37045990927054 R2
311 0.223606797749979 0 4 3.71428571428571 1.27775312999988 R1
312 0.223606797749979 0 4 3.71428571428571 1.27775312999988 R1
308 0.223606797749979 0 4 3.71428571428571 1.27775312999988 R1
310 0.223606797749979 0 4 3.71428571428571 1.27775312999988 R1
435 0.223606797749979 0 3 2.57142857142857 1.91662969499982 R1
805 0.22298824387415 0.32 8 6.5 6.72681202353686 R2
806 0.22298824387415 0.32 8 6.5 6.72681202353686 R2
553 0.208514414057075 0 6 5.5 2.39791576165636 R1
555 0.208514414057075 0 6 5.5 2.39791576165636 R1
552 0.208514414057075 0 6 5.5 2.39791576165636 R1
550 0.208514414057075 0 6 5.5 2.39791576165636 R1
58 0.204124145231932 0 3 2.8 0.979795897113272 R1
57 0.204124145231932 0 3 2.8 0.979795897113272 R1
56 0.204124145231932 0 3 2.8 0.979795897113272 R1
53 0.173477480461016 0 7 5.78947368421053 6.97800263511152 R1
233 0.173477480461016 0 7 5.78947368421053 6.97800263511152 R1
487 0.169637785935994 0 6 5.38461538461539 3.62763880693895 R1
418 0.156385810542806 0 6 5.53846153846154 2.95128093742321 R1
415 0.156385810542806 0 6 5.53846153846154 2.95128093742321 R1
417 0.156385810542806 0 6 5.53846153846154 2.95128093742321 R1
416 0.156385810542806 0 6 5.53846153846154 2.95128093742321 R1
419 0.156385810542806 0 6 5.53846153846154 2.95128093742321 R1
411 0.152720709664243 0.375 6 5.55555555555556 2.91017796749084 R2
186 0.151426339537521 0.676748582230624 12 10.5 9.90580637807948 R3
241 0.150755672288882 0.5 3 2.8 1.32664991614216 R2
243 0.150755672288882 0 3 2.8 1.32664991614216 R1
148 0.150755672288882 0.56 3 2.8 1.32664991614216 R2
242 0.150755672288882 0 3 2.8 1.32664991614216 R1
77 0.150346194831066 0 5 4.61538461538461 2.55819833051014 R1
633 0.150346194831066 0 5 4.61538461538461 2.55819833051014 R1
786 0.150346194831066 0.277777777777778 5 4.61538461538461 2.55819833051014 R2
139 0.149906337799172 0.59375 4 3.71428571428571 1.90595200916091 R2
668 0.145864991497895 0 5 4.75 1.71391365010026 R1
667 0.145864991497895 0 5 4.75 1.71391365010026 R1
272 0.138842026900125 0 6 5.55555555555556 3.20108006464176 R1
271 0.138842026900125 0 6 5.55555555555556 3.20108006464176 R1
914 0.120677698006369 0 9 8.72727272727273 2.25996416266473 R1
911 0.120677698006369 0 9 8.72727272727273 2.25996416266473 R1
907 0.120677698006369 0 9 8.72727272727273 2.25996416266473 R1
913 0.120677698006369 0 9 8.72727272727273 2.25996416266473 R1
910 0.120677698006369 0 9 8.72727272727273 2.25996416266473 R1
912 0.120677698006369 0 9 8.72727272727273 2.25996416266473 R1
908 0.120677698006369 0 9 8.72727272727273 2.25996416266473 R1
909 0.120677698006369 0 9 8.72727272727273 2.25996416266473 R1
718 0.109108945117996 0.54 6 5.52941176470588 4.31301241878197 R2
648 0.0971285862357263 0.277777777777778 5 4.66666666666667 3.43187671366233 R2
634 0.0947027447620758 0.277777777777778 5 4.6 4.22374241638858 R2
478 0.0947027447620758 0.408163265306122 5 4.6 4.22374241638858 R2
96 0.0890588124848873 0 8 7.44444444444444 6.23807504338587 R1
85 0.0743294146247169 0.21875 7 6.5 6.72681202353686 R2
314 0.071228605104491 0 7 6.58823529411765 5.78088964789221 R1
346 0.0703597544730294 0 3 2.85714285714286 2.0303814862217 R1
343 0.0703597544730294 0 3 2.85714285714286 2.0303814862217 R1
207 0.0696451335276957 0 14 13.4545454545455 7.83191183397813 R1
374 0.0696451335276957 0 14 13.4545454545455 7.83191183397813 R1
739 0.0589109560580945 0 12 11.3636363636364 10.8021271244706 R1
539 0.0484754520525302 0 7 6.72727272727273 5.62609034427848 R1
851 0.0335578027607011 0 6 5.85714285714286 4.2570469787861 R1
35 0.0335578027607011 0.244897959183674 6 5.85714285714286 4.2570469787861 R2
234 0.0301699966019159 0 6 5.78947368421053 6.97800263511152 R1
107 0.0301699966019159 0.244897959183674 6 5.78947368421053 6.97800263511152 R2
183 0.0301699966019159 0 6 5.78947368421053 6.97800263511152 R1
476 0.0285423186009854 0.197530864197531 8 7.84615384615385 5.39010708964765 R2
465 0.0210865374857792 0 7 6.9 4.74236228055175 R1
809 3.14018491736755e-16 0.32 4 4 2.82842712474619 R2
675 0 0 2 2 0.707106781186548 R1
730 0 0.489795918367347 3 3 1 R2
732 0 0 3 3 1 R1
674 0 0 2 2 0.707106781186548 R1
731 0 0 3 3 1 R1
753 0 0 8 8 3.43996124009171 R1
223 0 0 8 8 3.43996124009171 R1
793 0 0 5 5 1.82574185835055 R1
348 -0.0248990522356144 0 6 6.16666666666667 6.69369520934107 R1
453 -0.0248990522356144 0.54 6 6.16666666666667 6.69369520934107 R2
481 -0.0287479787288033 0 9 9.14285714285714 4.96929346597888 R1
143 -0.0310985206785555 0.152777777777778 11 11.1111111111111 3.57287448684746 R2
254 -0.0336634034617682 0 11 11.3636363636364 10.8021271244706 R1
438 -0.0593390829096927 0 5 5.2 3.37045990927054 R1
126 -0.0593390829096927 0 5 5.2 3.37045990927054 R1
128 -0.0593390829096927 0 5 5.2 3.37045990927054 R1
99 -0.0712470499879093 0 7 7.44444444444444 6.23807504338587 R1
5 -0.0712470499879093 0.42 7 7.44444444444444 6.23807504338587 R2
401 -0.0743294146247163 0.244897959183674 6 6.5 6.72681202353686 R2
354 -0.0819231920519041 0.375 3 3.2 2.44131112314674 R2
68 -0.101755150149272 0 6 6.58823529411765 5.78088964789221 R1
258 -0.101755150149272 0 6 6.58823529411765 5.78088964789221 R1
862 -0.102597835208515 0 4 4.25 2.43669858620224 R1
578 -0.106023616209996 0 5 5.38461538461539 3.62763880693895 R1
579 -0.106023616209996 0 5 5.38461538461539 3.62763880693895 R1
39 -0.106023616209996 0.66 5 5.38461538461539 3.62763880693895 R3
577 -0.106023616209996 0 5 5.38461538461539 3.62763880693895 R1
493 -0.113137487257184 0 5 5.78947368421053 6.97800263511152 R1
302 -0.115297628493352 0 5 5.46666666666667 4.04749579644281 R1
285 -0.122747563257745 0 5 5.52941176470588 4.31301241878197 R1
284 -0.122747563257745 0 5 5.52941176470588 4.31301241878197 R1
282 -0.122747563257745 0 5 5.52941176470588 4.31301241878197 R1
283 -0.122747563257745 0.46875 5 5.52941176470588 4.31301241878197 R2
431 -0.126237762981631 0 10 11.3636363636364 10.8021271244706 R1
644 -0.126237762981631 0 10 11.3636363636364 10.8021271244706 R1
432 -0.126237762981631 0 10 11.3636363636364 10.8021271244706 R1
609 -0.126237762981631 0 10 11.3636363636364 10.8021271244706 R1
358 -0.130055499187907 0.42 7 7.68 5.22853708029311 R2
766 -0.136730225338713 0 6 6.7 5.11957029446808 R1
687 -0.136730225338713 0.375 6 6.7 5.11957029446808 R2
44 -0.136730225338713 0.674556213017751 6 6.7 5.11957029446808 R3
357 -0.136730225338713 0.444444444444444 6 6.7 5.11957029446808 R2
270 -0.142054117143113 0.32 4 4.6 4.22374241638858 R2
163 -0.151426339537521 0 9 10.5 9.90580637807948 R1
162 -0.151426339537521 0 9 10.5 9.90580637807948 R1
916 -0.174293365649302 0.448979591836735 5 6.16666666666667 6.69369520934107 R2
658 -0.174293365649302 0 5 6.16666666666667 6.69369520934107 R1
202 -0.174293365649302 0.448979591836735 5 6.16666666666667 6.69369520934107 R2
413 -0.190900887080303 0 5 5.55555555555556 2.91017796749084 R1
412 -0.190900887080303 0 5 5.55555555555556 2.91017796749084 R1
549 -0.194257172471453 0.444444444444444 4 4.66666666666667 3.43187671366233 R2
291 -0.194257172471453 0.32 4 4.66666666666667 3.43187671366233 R2
647 -0.194257172471453 0 4 4.66666666666667 3.43187671366233 R1
927 -0.201346816564207 0 5 5.85714285714286 4.2570469787861 R1
230 -0.215665546406877 0 4 4.4 1.85472369909914 R1
433 -0.218812122501494 0 9 11.3636363636364 10.8021271244706 R1
167 -0.22298824387415 0.277777777777778 5 6.5 6.72681202353686 R2
420 -0.22298824387415 0 5 6.5 6.72681202353686 R1
816 -0.240553911729705 0.32 4 4.61538461538461 2.55819833051014 R2
173 -0.240553911729705 0 4 4.61538461538461 2.55819833051014 R1
861 -0.242535625036333 0 2 2.33333333333333 1.37436854187255 R1
175 -0.242535625036333 0.444444444444444 2 2.33333333333333 1.37436854187255 R2
294 -0.252377232562534 0 8 10.5 9.90580637807948 R1
706 -0.256444971116284 0 4 5.78947368421053 6.97800263511152 R1
661 -0.256444971116284 0 4 5.78947368421053 6.97800263511152 R1
829 -0.256444971116284 0 4 5.78947368421053 6.97800263511152 R1
584 -0.267261241912424 0 2 2.33333333333333 1.24721912892465 R1
585 -0.267261241912424 0 2 2.33333333333333 1.24721912892465 R1
598 -0.267261241912424 0 2 2.33333333333333 1.24721912892465 R1
599 -0.267261241912424 0 2 2.33333333333333 1.24721912892465 R1
527 -0.267261241912425 0 2 2.33333333333333 1.24721912892465 R1
43 -0.267261241912425 0.444444444444444 2 2.33333333333333 1.24721912892465 R2
46 -0.267261241912425 0.444444444444444 2 2.33333333333333 1.24721912892465 R2
528 -0.267261241912425 0 2 2.33333333333333 1.24721912892465 R1
484 -0.273292511204566 0 3 3.85714285714286 3.13635691430002 R1
676 -0.273292511204566 0 3 3.85714285714286 3.13635691430002 R1
316 -0.274738905403036 0.493827160493827 5 6.58823529411765 5.78088964789221 R2
41 -0.274738905403036 0 5 6.58823529411765 5.78088964789221 R1
315 -0.274738905403036 0 5 6.58823529411765 5.78088964789221 R1
318 -0.274738905403036 0 5 6.58823529411765 5.78088964789221 R1
773 -0.277350098112614 0 2 2.28571428571429 1.03015750727543 R1
853 -0.277350098112614 0.444444444444444 2 2.28571428571429 1.03015750727543 R2
26 -0.283552482003334 0 5 5.8 2.82134719593318 R1
656 -0.294883912309795 0.64 2 2.4 1.35646599662505 R3
740 -0.298142396999971 0 2 2.57142857142857 1.91662969499982 R1
755 -0.298142396999971 0 2 2.57142857142857 1.91662969499982 R1
741 -0.298142396999971 0 2 2.57142857142857 1.91662969499982 R1
261 -0.301511344577764 0 4 4.5 1.6583123951777 R1
603 -0.306186217847897 0 3 3.42857142857143 1.39970842444753 R1
541 -0.307011196332689 0 5 6.72727272727273 5.62609034427848 R1
515 -0.307011196332689 0.493827160493827 5 6.72727272727273 5.62609034427848 R2
251 -0.31098520678556 0.165289256198347 10 11.1111111111111 3.57287448684746 R2
253 -0.31098520678556 0.165289256198347 10 11.1111111111111 3.57287448684746 R2
252 -0.31098520678556 0.165289256198347 10 11.1111111111111 3.57287448684746 R2
359 -0.321313586228946 0.56 6 7.68 5.22853708029311 R2
865 -0.322591135418204 0 9 10.1428571428571 3.54274193361065 R1
867 -0.322591135418204 0 9 10.1428571428571 3.54274193361065 R1
866 -0.322591135418204 0 9 10.1428571428571 3.54274193361065 R1
863 -0.322591135418204 0 9 10.1428571428571 3.54274193361065 R1
864 -0.322591135418204 0 9 10.1428571428571 3.54274193361065 R1
507 -0.32547227745206 0 3 3.55555555555556 1.70692127730413 R1
646 -0.332059118679731 0.408163265306122 5 6.7 5.11957029446808 R2
264 -0.332059118679731 0.775510204081633 5 6.7 5.11957029446808 R3
870 -0.332059118679731 0.46875 5 6.7 5.11957029446808 R2
293 -0.353328125587548 0 7 10.5 9.90580637807948 R1
18 -0.353328125587548 0 7 10.5 9.90580637807948 R1
165 -0.353328125587548 0 7 10.5 9.90580637807948 R1
810 -0.353553390593273 0.375 3 4 2.82842712474619 R2
811 -0.353553390593273 0.56 3 4 2.82842712474619 R2
876 -0.362363975264821 0 4 5.46666666666667 4.04749579644281 R1
875 -0.362363975264821 0 4 5.46666666666667 4.04749579644281 R1
877 -0.362363975264821 0 4 5.46666666666667 4.04749579644281 R1
437 -0.371390676354104 0 6 7.33333333333333 3.590109871423 R1
400 -0.371647073123583 0 4 6.5 6.72681202353686 R1
169 -0.371647073123583 0.32 4 6.5 6.72681202353686 R2
366 -0.378810979048303 0 3 4.6 4.22374241638858 R1
101 -0.379473319220206 0 4 4.92307692307692 2.4325212770526 R1
232 -0.379473319220206 0.32 4 4.92307692307692 2.4325212770526 R2
105 -0.379473319220206 0.59375 4 4.92307692307692 2.4325212770526 R2
725 -0.397359707119513 0 5 6 2.51661147842358 R1
490 -0.399752454975384 0 3 5.78947368421053 6.97800263511152 R1
184 -0.399752454975384 0 3 5.78947368421053 6.97800263511152 R1
179 -0.399752454975384 0.48 3 5.78947368421053 6.97800263511152 R2
491 -0.399752454975384 0 3 5.78947368421053 6.97800263511152 R1
387 -0.400644212229806 0 5 6.9 4.74236228055175 R1
582 -0.403960841541219 0 7 11.3636363636364 10.8021271244706 R1
664 -0.404519917477945 0 3 3.75 1.85404962177392 R1
663 -0.404519917477945 0 3 3.75 1.85404962177392 R1
475 -0.422577127364258 0.32 4 5.66666666666667 3.94405318873308 R2
227 -0.422577127364258 0.32 4 5.66666666666667 3.94405318873308 R2
298 -0.431219680932051 0.48 7 9.14285714285714 4.96929346597888 R2
847 -0.436251435889116 0.32 4 5.85714285714286 4.2570469787861 R2
367 -0.437594974493684 0 4 4.75 1.71391365010026 R1
370 -0.437594974493684 0 4 4.75 1.71391365010026 R1
369 -0.437594974493684 0 4 4.75 1.71391365010026 R1
368 -0.437594974493684 0 4 4.75 1.71391365010026 R1
709 -0.447722660656799 0.32 4 6.58823529411765 5.78088964789221 R2
292 -0.447722660656799 0.59375 4 6.58823529411765 5.78088964789221 R2
280 -0.457598898316134 0 6 8.53333333333333 5.53614386454045 R1
611 -0.473081992476678 0.375 3 6.16666666666667 6.69369520934107 R2
657 -0.473081992476678 0 3 6.16666666666667 6.69369520934107 R1
203 -0.473081992476678 0.375 3 6.16666666666667 6.69369520934107 R2
749 -0.473081992476678 0 3 6.16666666666667 6.69369520934107 R1
720 -0.484754520525299 0 4 6.72727272727273 5.62609034427848 R1
719 -0.484754520525299 0 4 6.72727272727273 5.62609034427848 R1
615 -0.485642931178632 0 3 4.66666666666667 3.43187671366233 R1
200 -0.485947094150437 0 4 5.55555555555556 3.20108006464176 R1
201 -0.485947094150437 0 4 5.55555555555556 3.20108006464176 R1
800 -0.491539152311424 0.444444444444444 2 3.2 2.44131112314674 R2
161 -0.491539152311424 0 2 3.2 2.44131112314674 R1
142 -0.491539152311424 0 2 3.2 2.44131112314674 R1
602 -0.491539152311424 0.625 2 3.2 2.44131112314674 R3
313 -0.491539152311424 0.444444444444444 2 3.2 2.44131112314674 R2
601 -0.491539152311424 0 2 3.2 2.44131112314674 R1
360 -0.498058245091752 0.444444444444444 4 5.14285714285714 2.29462548631557 R2
361 -0.498058245091752 0.444444444444444 4 5.14285714285714 2.29462548631557 R2
295 -0.5 0.5 2 2.4 0.8 R2
841 -0.5 0 2 2.4 0.8 R1
297 -0.5 0 2 2.4 0.8 R1
840 -0.5 0 2 2.4 0.8 R1
34 -0.512571673269986 0.567901234567901 5 7.68 5.22853708029311 R2
340 -0.520305902373016 0 3 6.5 6.72681202353686 R1
342 -0.520305902373016 0 3 6.5 6.72681202353686 R1
341 -0.520305902373016 0 3 6.5 6.72681202353686 R1
737 -0.521286035142687 0 4 5.53846153846154 2.95128093742321 R1
734 -0.521286035142687 0 4 5.53846153846154 2.95128093742321 R1
736 -0.521286035142687 0 4 5.53846153846154 2.95128093742321 R1
735 -0.521286035142687 0 4 5.53846153846154 2.95128093742321 R1
681 -0.522232967867093 0 4 5 1.91485421551268 R1
680 -0.522232967867093 0 4 5 1.91485421551268 R1
874 -0.527388012020749 0 4 6.7 5.11957029446808 R1
750 -0.527388012020749 0.59375 4 6.7 5.11957029446808 R2
873 -0.527388012020749 0 4 6.7 5.11957029446808 R1
889 -0.528032894118232 0.277777777777778 5 7.84615384615385 5.39010708964765 R2
844 -0.528032894118232 0.277777777777778 5 7.84615384615385 5.39010708964765 R2
559 -0.532290647422376 0 5 6 1.87867287325545 R1
882 -0.532290647422376 0 5 6 1.87867287325545 R1
560 -0.532290647422376 0 5 6 1.87867287325545 R1
558 -0.532290647422376 0 5 6 1.87867287325545 R1
881 -0.532290647422376 0 5 6 1.87867287325545 R1
557 -0.532290647422376 0 5 6 1.87867287325545 R1
556 -0.532290647422376 0 5 6 1.87867287325545 R1
192 -0.532290647422376 0.46875 5 6 1.87867287325545 R2
884 -0.532290647422376 0 5 6 1.87867287325545 R1
883 -0.532290647422376 0 5 6 1.87867287325545 R1
110 -0.537373290623879 0.40625 6 9 5.58271140814807 R2
803 -0.543059938834484 0 2 5.78947368421053 6.97800263511152 R1
492 -0.543059938834484 0 2 5.78947368421053 6.97800263511152 R1
399 -0.555229911637576 0 5 10.5 9.90580637807948 R1
375 -0.56876859047618 0 9 13.4545454545455 7.83191183397813 R1
833 -0.577350269189626 0 1 1.5 0.866025403784439 R1
700 -0.577350269189626 0 1 1.5 0.866025403784439 R1
751 -0.577350269189626 0 1 1.5 0.866025403784439 R1
845 -0.577350269189626 0 1 1.5 0.866025403784439 R1
561 -0.577350269189626 0 1 1.5 0.866025403784439 R1
852 -0.577350269189626 0 1 1.5 0.866025403784439 R1
919 -0.586460580009229 0 3 5.52941176470588 4.31301241878197 R1
931 -0.586460580009229 0.375 3 5.52941176470588 4.31301241878197 R2
16 -0.586460580009229 0.375 3 5.52941176470588 4.31301241878197 R2
277 -0.586460580009229 0.611111111111111 3 5.52941176470588 4.31301241878197 R2
788 -0.589109560580944 0.277777777777778 5 11.3636363636364 10.8021271244706 R2
872 -0.589109560580944 0 5 11.3636363636364 10.8021271244706 R1
871 -0.589109560580944 0 5 11.3636363636364 10.8021271244706 R1
707 -0.590871892892565 0 9 11.1111111111111 3.57287448684746 R1
486 -0.59213377427656 0 2 3.85714285714286 3.13635691430002 R1
136 -0.59213377427656 0.64 2 3.85714285714286 3.13635691430002 R3
534 -0.603022689155527 0.625 2 2.8 1.32664991614216 R3
149 -0.603022689155527 0.625 2 2.8 1.32664991614216 R3
715 -0.604858378909133 0 8 10.1428571428571 3.54274193361065 R1
716 -0.604858378909133 0 8 10.1428571428571 3.54274193361065 R1
717 -0.604858378909133 0 8 10.1428571428571 3.54274193361065 R1
522 -0.609430322036289 0 3 5.46666666666667 4.04749579644281 R1
848 -0.609430322036289 0 3 5.46666666666667 4.04749579644281 R1
389 -0.611509587087598 0 4 6.9 4.74236228055175 R1
388 -0.611509587087598 0 4 6.9 4.74236228055175 R1
568 -0.611509587087598 0.32 4 6.9 4.74236228055175 R2
386 -0.611509587087598 0 4 6.9 4.74236228055175 R1
801 -0.615567840953492 0 2 4.6 4.22374241638858 R1
195 -0.615567840953492 0.72 2 4.6 4.22374241638858 R3
474 -0.620706415910563 0.48 3 6.58823529411765 5.78088964789221 R2
772 -0.622476305890365 0 2 6.16666666666667 6.69369520934107 R1
509 -0.622476305890365 0 2 6.16666666666667 6.69369520934107 R1
508 -0.622476305890365 0 2 6.16666666666667 6.69369520934107 R1
756 -0.622476305890365 0.444444444444444 2 6.16666666666667 6.69369520934107 R2
424 -0.622476305890365 0 2 6.16666666666667 6.69369520934107 R1
423 -0.622476305890365 0 2 6.16666666666667 6.69369520934107 R1
771 -0.622476305890365 0 2 6.16666666666667 6.69369520934107 R1
837 -0.622476305890365 0.444444444444444 2 6.16666666666667 6.69369520934107 R2
187 -0.632455532033676 0 3 4 1.58113883008419 R1
511 -0.637993084507501 0.32 4 5.8 2.82134719593318 R2
469 -0.656180804662589 0 4 10.5 9.90580637807948 R1
185 -0.656180804662589 0 4 10.5 9.90580637807948 R1
91 -0.668964731622449 0 2 6.5 6.72681202353686 R1
83 -0.668964731622449 0 2 6.5 6.72681202353686 R1
92 -0.668964731622449 0 2 6.5 6.72681202353686 R1
482 -0.668964731622449 0.444444444444444 2 6.5 6.72681202353686 R2
532 -0.671156055214025 0.375 3 5.85714285714286 4.2570469787861 R2
89 -0.671156055214025 0 3 5.85714285714286 4.2570469787861 R1
531 -0.671156055214025 0.611111111111111 3 5.85714285714286 4.2570469787861 R2
123 -0.671156055214025 0.653061224489796 3 5.85714285714286 4.2570469787861 R3
88 -0.671156055214025 0 3 5.85714285714286 4.2570469787861 R1
267 -0.676123403782813 0.375 3 5.66666666666667 3.94405318873308 R2
832 -0.681683920100807 0 4 11.3636363636364 10.8021271244706 R1
831 -0.681683920100807 0 4 11.3636363636364 10.8021271244706 R1
649 -0.686367422693583 0 1 5.78947368421053 6.97800263511152 R1
900 -0.686367422693583 0 1 5.78947368421053 6.97800263511152 R1
156 -0.686802819743446 0.612244897959184 4 5.66666666666667 2.42670329642684 R2
72 -0.696451335276955 0 8 13.4545454545455 7.83191183397813 R1
798 -0.703829760311025 0 4 7.68 5.22853708029311 R1
483 -0.703829760311025 0.32 4 7.68 5.22853708029311 R2
797 -0.703829760311025 0 4 7.68 5.22853708029311 R1
158 -0.703829760311025 0 4 7.68 5.22853708029311 R1
157 -0.703829760311025 0 4 7.68 5.22853708029311 R1
799 -0.703829760311025 0 4 7.68 5.22853708029311 R1
596 -0.707106781186547 0.444444444444444 2 4 2.82842712474619 R2
597 -0.707106781186547 0.444444444444444 2 4 2.82842712474619 R2
894 -0.707106781186548 0 1 1.33333333333333 0.471404520791032 R1
688 -0.707106781186548 0 1 1.33333333333333 0.471404520791032 R1
544 -0.707106781186548 0 1 1.33333333333333 0.471404520791032 R1
733 -0.707106781186548 0 1 1.33333333333333 0.471404520791032 R1
662 -0.712470499879096 0 3 7.44444444444444 6.23807504338587 R1
138 -0.712470499879096 0 3 7.44444444444444 6.23807504338587 R1
3 -0.712470499879096 0.611111111111111 3 7.44444444444444 6.23807504338587 R2
744 -0.713557965024638 0 4 7.84615384615385 5.39010708964765 R1
176 -0.713557965024638 0.641975308641975 4 7.84615384615385 5.39010708964765 R3
769 -0.722716905361767 0.375 3 6.7 5.11957029446808 R2
887 -0.722716905361767 0 3 6.7 5.11957029446808 R1
886 -0.722716905361767 0 3 6.7 5.11957029446808 R1
770 -0.722716905361767 0.375 3 6.7 5.11957029446808 R2
572 -0.735955349572767 0 3 6.58823529411765 4.87561547884755 R1
669 -0.735955349572767 0 3 6.58823529411765 4.87561547884755 R1
879 -0.735955349572767 0 3 6.58823529411765 4.87561547884755 R1
194 -0.754829412424069 0.444444444444444 2 3.4 1.85472369909914 R2
451 -0.754829412424069 0 2 3.4 1.85472369909914 R1
193 -0.754829412424069 0.444444444444444 2 3.4 1.85472369909914 R2
452 -0.754829412424069 0 2 3.4 1.85472369909914 R1
567 -0.754829412424069 0 3 4.4 1.85472369909914 R1
897 -0.771870619304053 0 1 6.16666666666667 6.69369520934107 R1
93 -0.789753974479512 0 3 4.57142857142857 1.98976975388345 R1
642 -0.790569415042096 0 3 4.92307692307692 2.4325212770526 R1
104 -0.790569415042096 0 3 4.92307692307692 2.4325212770526 R1
643 -0.790569415042096 0 3 4.92307692307692 2.4325212770526 R1
510 -0.816496580927729 0.444444444444444 4 4.4 0.489897948556634 R2
575 -0.816496580927729 0 4 4.4 0.489897948556634 R1
576 -0.816496580927729 0 4 4.4 0.489897948556634 R1
856 -0.817623560871882 0 1 6.5 6.72681202353686 R1
808 -0.817623560871882 0.5 1 6.5 6.72681202353686 R2
145 -0.818317088384971 0 2 5.52941176470588 4.31301241878197 R1
278 -0.818317088384971 0.444444444444444 2 5.52941176470588 4.31301241878197 R2
106 -0.81886118646045 0.65625 4 8.53333333333333 5.53614386454045 R3
742 -0.819891591749922 0.75 1 2.57142857142857 1.91662969499982 R3
729 -0.819891591749922 0 1 2.57142857142857 1.91662969499982 R1
463 -0.822374961945391 0 3 6.9 4.74236228055175 R1
12 -0.822374961945391 0 3 6.9 4.74236228055175 R1
211 -0.82413408007773 0 7 13.4545454545455 7.83191183397813 R1
761 -0.840241168910518 0.444444444444444 2 6.72727272727273 5.62609034427848 R2
804 -0.840241168910518 0 2 6.72727272727273 5.62609034427848 R1
855 -0.852324702858681 0.5 1 4.6 4.22374241638858 R2
365 -0.852324702858681 0 1 4.6 4.22374241638858 R1
523 -0.856496668807758 0 2 5.46666666666667 4.04749579644281 R1
638 -0.856496668807758 0 2 5.46666666666667 4.04749579644281 R1
639 -0.856496668807758 0 2 5.46666666666667 4.04749579644281 R1
470 -0.858082590712617 0 2 10.5 9.90580637807948 R1
610 -0.866832639140532 0 2 11.3636363636364 10.8021271244706 R1
692 -0.866832639140532 0 2 11.3636363636364 10.8021271244706 R1
608 -0.866832639140532 0 2 11.3636363636364 10.8021271244706 R1
708 -0.87075857899957 0 8 11.1111111111111 3.57287448684746 R1
86 -0.87075857899957 0 8 11.1111111111111 3.57287448684746 R1
364 -0.872102849600717 0.46875 5 8 3.43996124009171 R2
363 -0.872102849600717 0.46875 5 8 3.43996124009171 R2
376 -0.872102849600717 0 5 8 3.43996124009171 R1
762 -0.872776362351892 0 2 7.44444444444444 6.23807504338587 R1
660 -0.872776362351892 0.444444444444444 2 7.44444444444444 6.23807504338587 R2
566 -0.872776362351892 0.625 2 7.44444444444444 6.23807504338587 R3
250 -0.872776362351892 0.444444444444444 2 7.44444444444444 6.23807504338587 R2
299 -0.872776362351892 0 2 7.44444444444444 6.23807504338587 R1
529 -0.872776362351892 0 2 7.44444444444444 6.23807504338587 R1
81 -0.878144080569394 0.375 3 5.55555555555556 2.91017796749084 R2
80 -0.878144080569394 0.375 3 5.55555555555556 2.91017796749084 R2
686 -0.895087847352064 0.375 3 7.68 5.22853708029311 R2
760 -0.895087847352064 0.56 3 7.68 5.22853708029311 R2
743 -0.899083035931044 0 3 7.84615384615385 5.39010708964765 R1
458 -0.899438026795034 0 2 3.71428571428571 1.90595200916091 R1
70 -0.899438026795034 0.5 2 3.71428571428571 1.90595200916091 R2
353 -0.901155112570945 0 1 3.2 2.44131112314674 R1
124 -0.906060674538933 0 2 5.85714285714286 4.2570469787861 R1
659 -0.910975037348554 0 1 3.85714285714286 3.13635691430002 R1
503 -0.910975037348554 0 1 3.85714285714286 3.13635691430002 R1
641 -0.910975037348554 0 1 3.85714285714286 3.13635691430002 R1
384 -0.910975037348554 0 1 3.85714285714286 3.13635691430002 R1
288 -0.911322376865767 0 2 3.55555555555556 1.70692127730413 R1
796 -0.911322376865767 0 2 3.55555555555556 1.70692127730413 R1
898 -0.914676808149379 0.5 1 2.85714285714286 2.0303814862217 R2
426 -0.914676808149379 0.5 1 2.85714285714286 2.0303814862217 R2
830 -0.914676808149379 0 1 2.85714285714286 2.0303814862217 R1
524 -0.918045798702785 0.444444444444444 2 6.7 5.11957029446808 R2
580 -0.923380516876639 0 2 4.25 2.43669858620224 R1
306 -0.923380516876639 0 2 4.25 2.43669858620224 R1
204 -0.928476690885259 0.66 4 7.33333333333333 3.590109871423 R3
498 -0.933007822647968 0 2 5.38461538461539 3.62763880693895 R1
499 -0.933007822647968 0 2 5.38461538461539 3.62763880693895 R1
901 -0.933859209547035 0 3 5.14285714285714 2.29462548631557 R1
513 -0.933859209547035 0.375 3 5.14285714285714 2.29462548631557 R2
60 -0.94105766010944 0 2 6.58823529411765 4.87561547884755 R1
885 -0.94105766010944 0 2 6.58823529411765 4.87561547884755 R1
47 -0.943879807448539 0 2 3.75 1.85404962177392 R1
928 -0.943879807448539 0.444444444444444 2 3.75 1.85404962177392 R2
929 -0.943879807448539 0.444444444444444 2 3.75 1.85404962177392 R2
868 -0.949425326555083 0 2 5.2 3.37045990927054 R1
1 -0.959033483737631 0 1 10.5 9.90580637807948 R1
920 -0.959406998660395 0 1 11.3636363636364 10.8021271244706 R1
42 -0.966673926418089 0 1 6.58823529411765 5.78088964789221 R1
69 -0.966673926418089 0 1 6.58823529411765 5.78088964789221 R1
263 -0.966673926418089 0 1 6.58823529411765 5.78088964789221 R1
637 -0.970142500145332 0 1 2.33333333333333 1.37436854187255 R1
174 -0.970142500145332 0 1 2.33333333333333 1.37436854187255 R1
850 -0.992433687011669 0 3 5.8 2.82134719593318 R1
849 -0.992433687011669 0 3 5.8 2.82134719593318 R1
802 -0.999492330532609 0 3 8.53333333333333 5.53614386454045 R1
335 -1 0 2 3 1 R1
822 -1 0 3 3.5 0.5 R1
823 -1 0 3 3.5 0.5 R1
336 -1 0 2 3 1 R1
768 -1.01798449310313 0 1 6.72727272727273 5.62609034427848 R1
869 -1.02062072615966 0 2 3.42857142857143 1.39970842444753 R1
921 -1.02062072615966 0.444444444444444 2 3.42857142857143 1.39970842444753 R2
922 -1.02062072615966 0.444444444444444 2 3.42857142857143 1.39970842444753 R2
666 -1.02105494048526 0 3 4.75 1.71391365010026 R1
76 -1.02235412485125 0 2 4.61538461538461 2.55819833051014 R1
815 -1.02235412485125 0 2 4.61538461538461 2.55819833051014 R1
817 -1.02235412485125 0 2 4.61538461538461 2.55819833051014 R1
699 -1.03209369308428 0 1 2.4 1.35646599662505 R1
117 -1.03209369308428 0 1 2.4 1.35646599662505 R1
569 -1.03324033680318 0.444444444444444 2 6.9 4.74236228055175 R2
672 -1.03324033680318 0 2 6.9 4.74236228055175 R1
745 -1.03324033680318 0 2 6.9 4.74236228055175 R1
464 -1.03492723423692 0 4 9.14285714285714 4.96929346597888 R1
517 -1.04257207028537 0 3 5.5 2.39791576165636 R1
818 -1.04257207028537 0 3 5.5 2.39791576165636 R1
819 -1.04257207028537 0 3 5.5 2.39791576165636 R1
518 -1.04257207028537 0 3 5.5 2.39791576165636 R1
516 -1.04257207028537 0 3 5.5 2.39791576165636 R1
55 -1.05017359676071 0 1 5.52941176470588 4.31301241878197 R1
347 -1.05017359676071 0 1 5.52941176470588 4.31301241878197 R1
812 -1.06066017177982 0 1 4 2.82842712474619 R1
795 -1.06066017177982 0 1 4 2.82842712474619 R1
825 -1.06458129484475 0 4 6 1.87867287325545 R1
216 -1.06458129484475 0 4 6 1.87867287325545 R1
926 -1.06841444859299 0.5 1 4.66666666666667 3.43187671366233 R2
290 -1.06841444859299 0 1 4.66666666666667 3.43187671366233 R1
738 -1.0690449676497 0 1 2.33333333333333 1.24721912892465 R1
533 -1.0690449676497 0 1 2.33333333333333 1.24721912892465 R1
899 -1.08460810683745 0 2 7.84615384615385 5.39010708964765 R1
824 -1.0863459343931 0.444444444444444 2 7.68 5.22853708029311 R2
545 -1.0863459343931 0 2 7.68 5.22853708029311 R1
546 -1.0863459343931 0 2 7.68 5.22853708029311 R1
67 -1.09888451158951 0 3 5.66666666666667 2.42670329642684 R1
65 -1.09888451158951 0 3 5.66666666666667 2.42670329642684 R1
842 -1.10356301557923 0 1 5.46666666666667 4.04749579644281 R1
61 -1.14615997064611 0 1 6.58823529411765 4.87561547884755 R1
878 -1.14615997064611 0 1 6.58823529411765 4.87561547884755 R1
807 -1.14615997064611 0 1 6.58823529411765 4.87561547884755 R1
752 -1.16280379946762 0 4 8 3.43996124009171 R1
754 -1.16280379946762 0 4 8 3.43996124009171 R1
571 -1.16666666666667 0 1 2.4 1.2 R1
51 -1.16666666666667 0.666666666666667 1 2.4 1.2 R3
614 -1.18012347460477 0.444444444444444 2 8.53333333333333 5.53614386454045 R2
893 -1.18012347460477 0 2 8.53333333333333 5.53614386454045 R1
892 -1.18012347460477 0 2 8.53333333333333 5.53614386454045 R1
915 -1.18321595661992 0 1 5.66666666666667 3.94405318873308 R1
349 -1.19895788082818 0 2 5.53846153846154 2.95128093742321 R1
406 -1.19895788082818 0 2 5.53846153846154 2.95128093742321 R1
443 -1.20166551086399 0 2 4.92307692307692 2.4325212770526 R1
408 -1.20166551086399 0.5 2 4.92307692307692 2.4325212770526 R2
74 -1.20718231448006 0 4 13.4545454545455 7.83191183397813 R1
488 -1.20866922479396 0 1 5.38461538461539 3.62763880693895 R1
393 -1.20866922479396 0.666666666666667 1 5.38461538461539 3.62763880693895 R3
188 -1.23616308533855 0.56 3 9.14285714285714 4.96929346597888 R2
462 -1.24410571166098 0 1 6.9 4.74236228055175 R1
428 -1.24612074110355 0 1 5.2 3.37045990927054 R1
854 -1.24612074110355 0 1 5.2 3.37045990927054 R1
880 -1.24807544150676 0 1 2.28571428571429 1.03015750727543 R1
403 -1.24807544150676 0.666666666666667 1 2.28571428571429 1.03015750727543 R3
405 -1.25387101145572 0 2 9 5.58271140814807 R1
623 -1.25387101145572 0 2 9 5.58271140814807 R1
537 -1.25387101145572 0 2 9 5.58271140814807 R1
624 -1.25387101145572 0 2 9 5.58271140814807 R1
134 -1.26491106406735 0 2 4 1.58113883008419 R1
495 -1.27013317774386 0.5 1 7.84615384615385 5.39010708964765 R2
94 -1.29232468551193 0 2 4.57142857142857 1.98976975388345 R1
327 -1.29232468551193 0 2 4.57142857142857 1.98976975388345 R1
904 -1.29399327844126 0 2 4.4 1.85472369909914 R1
289 -1.29399327844126 0 1 3.4 1.85472369909914 R1
895 -1.3337718577107 0 1 4.25 2.43669858620224 R1
813 -1.34164078649987 0.444444444444444 2 3.71428571428571 1.27775312999988 R2
814 -1.34164078649987 0.444444444444444 2 3.71428571428571 1.27775312999988 R2
607 -1.35680105059994 0 1 2.8 1.32664991614216 R1
600 -1.35680105059994 0.5 1 2.8 1.32664991614216 R2
279 -1.36075461867692 0 1 8.53333333333333 5.53614386454045 R1
385 -1.37281294596729 0.5 1 3.33333333333333 1.6996731711976 R2
414 -1.41325423141202 0 1 4.61538461538461 2.55819833051014 R1
379 -1.41421356237309 0.444444444444444 2 2.66666666666667 0.471404520791032 R2
721 -1.41421356237309 0 2 2.66666666666667 0.471404520791032 R1
746 -1.41421356237309 0 1 2 0.707106781186548 R1
888 -1.42313077572628 0 1 5.55555555555556 3.20108006464176 R1
500 -1.42313077572628 0 1 5.55555555555556 3.20108006464176 R1
21 -1.42411020909214 0 1 3.71428571428571 1.90595200916091 R1
337 -1.46254780408161 0 2 13.4545454545455 7.83191183397813 R1
273 -1.48556270541641 0 2 7.33333333333333 3.590109871423 R1
328 -1.49717247627948 0 1 3.55555555555556 1.70692127730413 R1
427 -1.50755672288882 0 2 4.5 1.6583123951777 R1
640 -1.56538727405849 0 1 5.55555555555556 2.91017796749084 R1
266 -1.56669890360128 0.5 2 5 1.91485421551268 R2
147 -1.70131489202 0 1 5.8 2.82134719593318 R1
724 -1.83711730708738 0 1 2.8 0.979795897113272 R1
116 -1.98679853559757 0 1 6 2.51661147842358 R1
678 -2 0 4 6.4 1.2 R1
120 -2.01619459636378 0 3 10.1428571428571 3.54274193361065 R1
930 -2.19089023002066 0.5 1 5 1.82574185835055 R2
896 -2.38365647311398 0 1 4.57142857142857 1.49829835452879 R1
763 -2.38365647311398 0 1 4.57142857142857 1.49829835452879 R1
925 -2.97671655082379 0 2 8.72727272727273 2.25996416266473 R1
