coauthor;frequency
6;1
7;2
8;3
9;4
10;6
11;5
12;10
13;9
14;6
15;20
16;14
17;13
18;11
19;10
20;15
21;6
22;15
23;13
24;16
25;12
26;10
27;12
28;7
29;6
30;10
31;10
32;10
33;12
34;13
35;2
36;13
37;6
38;6
39;13
40;11
41;5
42;3
43;3
44;6
45;10
46;4
47;6
48;7
49;6
50;8
51;2
52;10
53;3
54;3
55;3
56;5
57;5
58;2
59;3
60;2
61;2
62;5
63;6
65;1
66;3
67;2
68;1
69;1
70;2
71;4
72;4
73;1
74;1
75;2
76;1
77;3
78;5
79;4
80;1
82;2
83;2
84;2
86;4
87;2
88;2
89;3
90;2
94;3
97;2
98;1
100;1
101;2
102;1
103;1
104;2
105;1
106;1
107;1
110;1
111;1
117;1
118;1
122;1
127;1
133;1
144;2
145;1
152;1
160;1
245;1
