*Vertices 7734
0.00640527
0.006024
0.00558936
0.00486114
0.0048192
0.00432356
0.00368303
0.00361822
0.00358009
0.00348477
0.00337421
0.00335133
0.00334752
0.0033437
0.00309588
0.0030425
0.00302725
0.00301581
0.00301581
0.00284806
0.00281756
0.0027718
0.0027413
0.00272987
0.00267268
0.0026498
0.00256592
0.00255067
0.00253542
0.00253161
0.00250873
0.00249729
0.00246679
0.00245535
0.00238291
0.0023791
0.00236004
0.00233716
0.00232954
0.00230666
0.00229522
0.00227997
0.00226853
0.00224184
0.00223422
0.00223041
0.00222278
0.00221897
0.00221134
0.00220372
0.00217322
0.00215797
0.00211984
0.00211984
0.00211603
0.00210459
0.00206646
0.00205884
0.00205884
0.00200546
0.00199021
0.00197877
0.00195971
0.00194064
0.00193683
0.00193302
0.00189871
0.00189489
0.00188727
0.00187583
0.0018682
0.00186439
0.00184914
0.00180339
0.00179195
0.00178814
0.00175764
0.00173857
0.00173476
0.00172332
0.00171188
0.00171188
0.00170807
0.00170426
0.00170426
0.00169282
0.00168138
0.00164326
0.00164326
0.00163563
0.00162419
0.00162419
0.00161657
0.00161276
0.00160894
0.00160894
0.0015975
0.00158607
0.00158607
0.00157463
0.00156319
0.0015365
0.00152125
0.001506
0.00148694
0.00145644
0.00144881
0.00143737
0.00143737
0.00142594
0.0014145
0.0014145
0.00139925
0.00138781
0.001384
0.001384
0.001384
0.00138018
0.00138018
0.00134968
0.00134206
0.00133824
0.00133062
0.00132299
0.00131918
0.00131918
0.00131156
0.00130774
0.00130393
0.00130012
0.00128868
0.00128487
0.00128487
0.00128487
0.00128105
0.00128105
0.00126199
0.00125818
0.00125055
0.00122005
0.00121624
0.00121624
0.00121243
0.00120861
0.00120861
0.0012048
0.00119718
0.00119336
0.00119336
0.00118955
0.00118574
0.00118574
0.00118574
0.00115142
0.0011438
0.00112855
0.00112855
0.00112092
0.00112092
0.00111711
0.00111711
0.0011133
0.00109805
0.00109423
0.00109042
0.00107898
0.00107136
0.00106755
0.00105992
0.00105992
0.00105992
0.00105611
0.00104848
0.00103323
0.00102561
0.00102561
0.00102179
0.00101417
0.00101417
0.00101417
0.00100654
0.00100273
0.000995105
0.000995105
0.000991292
0.000983667
0.000983667
0.000983667
0.000979854
0.000979854
0.000964603
0.000964603
0.000964603
0.000964603
0.000960791
0.000960791
0.000953165
0.000953165
0.000953165
0.000949353
0.000949353
0.000949353
0.00094554
0.00094554
0.00094554
0.00094554
0.000941727
0.000937915
0.000934102
0.000934102
0.000934102
0.000930289
0.000922664
0.000922664
0.000922664
0.000918851
0.000915039
0.000911226
0.000907413
0.000907413
0.000903601
0.000903601
0.000903601
0.000899788
0.000899788
0.000899788
0.000895975
0.000895975
0.000892163
0.000892163
0.00088835
0.000884537
0.000876912
0.000876912
0.000873099
0.000873099
0.000869287
0.000861661
0.000861661
0.000854036
0.000850223
0.000850223
0.000850223
0.000842598
0.000842598
0.000842598
0.000838785
0.000838785
0.000834973
0.000834973
0.00083116
0.00083116
0.00083116
0.000827347
0.000827347
0.000827347
0.000823535
0.000823535
0.000815909
0.000815909
0.000815909
0.000815909
0.000812097
0.000812097
0.000812097
0.000808284
0.000808284
0.000808284
0.000804471
0.000800659
0.000796846
0.000793034
0.000793034
0.000789221
0.000785408
0.000785408
0.000785408
0.000781596
0.000781596
0.000781596
0.000777783
0.000777783
0.000777783
0.000770158
0.000770158
0.000766345
0.000762532
0.000762532
0.000762532
0.000762532
0.000762532
0.000754907
0.000754907
0.000754907
0.000754907
0.000751094
0.000747282
0.000747282
0.000747282
0.000739656
0.000739656
0.000739656
0.000735844
0.000735844
0.000735844
0.000732031
0.000732031
0.000728218
0.000724406
0.000720593
0.000720593
0.000720593
0.000720593
0.000720593
0.000712968
0.000709155
0.000709155
0.000705342
0.00070153
0.00070153
0.00070153
0.000697717
0.000697717
0.000693904
0.000693904
0.000690092
0.000690092
0.000690092
0.000686279
0.000686279
0.000686279
0.000682466
0.000682466
0.000678654
0.000678654
0.000678654
0.000678654
0.000674841
0.000674841
0.000674841
0.000671028
0.000667216
0.000663403
0.000663403
0.000663403
0.00065959
0.00065959
0.00065959
0.00065959
0.00065959
0.000655778
0.000655778
0.000655778
0.000655778
0.000655778
0.000651965
0.000651965
0.000651965
0.000648152
0.000648152
0.000648152
0.000648152
0.00064434
0.000640527
0.000640527
0.000632902
0.000632902
0.000632902
0.000632902
0.000632902
0.000629089
0.000629089
0.000625276
0.000625276
0.000625276
0.000625276
0.000625276
0.000625276
0.000621464
0.000621464
0.000617651
0.000617651
0.000617651
0.000617651
0.000613838
0.000610026
0.000610026
0.000610026
0.000610026
0.000610026
0.000610026
0.000606213
0.000598588
0.000598588
0.000598588
0.000598588
0.000594775
0.000590962
0.000590962
0.00058715
0.00058715
0.00058715
0.00058715
0.00058715
0.000579524
0.000579524
0.000579524
0.000579524
0.000579524
0.000579524
0.000575712
0.000575712
0.000575712
0.000575712
0.000575712
0.000571899
0.000568087
0.000568087
0.000568087
0.000568087
0.000568087
0.000568087
0.000568087
0.000568087
0.000564274
0.000564274
0.000564274
0.000560461
0.000560461
0.000556649
0.000556649
0.000552836
0.000552836
0.000552836
0.000552836
0.000552836
0.000549023
0.000549023
0.000549023
0.000545211
0.000541398
0.000541398
0.000541398
0.000541398
0.000541398
0.000537585
0.000537585
0.000533773
0.000533773
0.000533773
0.000533773
0.000533773
0.000533773
0.000533773
0.000533773
0.000533773
0.00052996
0.000526147
0.000526147
0.000526147
0.000526147
0.000522335
0.000522335
0.000522335
0.000522335
0.000518522
0.000518522
0.000518522
0.000518522
0.000518522
0.000518522
0.000518522
0.000518522
0.000514709
0.000510897
0.000510897
0.000510897
0.000510897
0.000510897
0.000510897
0.000510897
0.000507084
0.000503271
0.000503271
0.000503271
0.000503271
0.000503271
0.000503271
0.000503271
0.000503271
0.000499459
0.000499459
0.000499459
0.000499459
0.000499459
0.000499459
0.000499459
0.000495646
0.000495646
0.000495646
0.000495646
0.000495646
0.000495646
0.000491833
0.000491833
0.000491833
0.000488021
0.000488021
0.000488021
0.000488021
0.000488021
0.000484208
0.000484208
0.000484208
0.000480395
0.000480395
0.000480395
0.000476583
0.000476583
0.000476583
0.000476583
0.000476583
0.00047277
0.00047277
0.00047277
0.00047277
0.00047277
0.00047277
0.00047277
0.00047277
0.000468957
0.000468957
0.000468957
0.000465145
0.000465145
0.000465145
0.000465145
0.000465145
0.000465145
0.000465145
0.000461332
0.000461332
0.000457519
0.000457519
0.000457519
0.000457519
0.000457519
0.000457519
0.000453707
0.000453707
0.000453707
0.000449894
0.000449894
0.000449894
0.000449894
0.000449894
0.000449894
0.000446081
0.000442269
0.000442269
0.000442269
0.000442269
0.000442269
0.000442269
0.000442269
0.000442269
0.000438456
0.000438456
0.000434643
0.000434643
0.000434643
0.000434643
0.000434643
0.000434643
0.000434643
0.000434643
0.000434643
0.000430831
0.000430831
0.000430831
0.000427018
0.000427018
0.000423205
0.000423205
0.000423205
0.000423205
0.000423205
0.000419393
0.000419393
0.000419393
0.000419393
0.000419393
0.000419393
0.00041558
0.00041558
0.00041558
0.00041558
0.00041558
0.00041558
0.000411767
0.000411767
0.000411767
0.000411767
0.000407955
0.000407955
0.000404142
0.000404142
0.000404142
0.000400329
0.000400329
0.000400329
0.000396517
0.000396517
0.000396517
0.000396517
0.000396517
0.000396517
0.000396517
0.000396517
0.000396517
0.000396517
0.000396517
0.000392704
0.000392704
0.000392704
0.000392704
0.000392704
0.000392704
0.000388891
0.000388891
0.000388891
0.000388891
0.000388891
0.000388891
0.000385079
0.000385079
0.000385079
0.000385079
0.000385079
0.000381266
0.000381266
0.000381266
0.000381266
0.000381266
0.000381266
0.000381266
0.000381266
0.000381266
0.000381266
0.000381266
0.000381266
0.000377453
0.000377453
0.000377453
0.000377453
0.000377453
0.000373641
0.000373641
0.000373641
0.000373641
0.000373641
0.000369828
0.000369828
0.000369828
0.000369828
0.000369828
0.000369828
0.000366015
0.000366015
0.000366015
0.000366015
0.000366015
0.000366015
0.000366015
0.000366015
0.000366015
0.000366015
0.000366015
0.000366015
0.000366015
0.000362203
0.000362203
0.000362203
0.00035839
0.00035839
0.00035839
0.00035839
0.00035839
0.00035839
0.00035839
0.00035839
0.000354577
0.000354577
0.000354577
0.000354577
0.000354577
0.000354577
0.000350765
0.000350765
0.000350765
0.000350765
0.000350765
0.000350765
0.000350765
0.000350765
0.000350765
0.000350765
0.000350765
0.000350765
0.000346952
0.000346952
0.000346952
0.000343139
0.000343139
0.000343139
0.000343139
0.000343139
0.000343139
0.000343139
0.000343139
0.000343139
0.000343139
0.000343139
0.000343139
0.000343139
0.000339327
0.000339327
0.000335514
0.000335514
0.000335514
0.000335514
0.000335514
0.000335514
0.000335514
0.000335514
0.000335514
0.000335514
0.000331702
0.000331702
0.000331702
0.000331702
0.000331702
0.000327889
0.000327889
0.000327889
0.000327889
0.000327889
0.000327889
0.000327889
0.000327889
0.000327889
0.000327889
0.000327889
0.000327889
0.000324076
0.000324076
0.000324076
0.000324076
0.000324076
0.000320264
0.000320264
0.000320264
0.000320264
0.000320264
0.000320264
0.000320264
0.000316451
0.000316451
0.000316451
0.000316451
0.000316451
0.000312638
0.000312638
0.000312638
0.000312638
0.000312638
0.000312638
0.000312638
0.000312638
0.000312638
0.000312638
0.000312638
0.000308826
0.000308826
0.000308826
0.000308826
0.000308826
0.000308826
0.000308826
0.000305013
0.000305013
0.000305013
0.000305013
0.000305013
0.000305013
0.000305013
0.000305013
0.000305013
0.000305013
0.000305013
0.000305013
0.000305013
0.0003012
0.0003012
0.0003012
0.000297388
0.000297388
0.000297388
0.000297388
0.000297388
0.000297388
0.000297388
0.000297388
0.000297388
0.000297388
0.000297388
0.000297388
0.000297388
0.000297388
0.000293575
0.000293575
0.000293575
0.000293575
0.000289762
0.000289762
0.000289762
0.000289762
0.000289762
0.000289762
0.000289762
0.000289762
0.000289762
0.000289762
0.000289762
0.000289762
0.000289762
0.00028595
0.00028595
0.00028595
0.00028595
0.00028595
0.00028595
0.00028595
0.00028595
0.000282137
0.000282137
0.000282137
0.000282137
0.000282137
0.000282137
0.000282137
0.000282137
0.000282137
0.000282137
0.000282137
0.000282137
0.000278324
0.000278324
0.000278324
0.000278324
0.000278324
0.000278324
0.000274512
0.000274512
0.000274512
0.000274512
0.000274512
0.000274512
0.000274512
0.000274512
0.000274512
0.000274512
0.000274512
0.000274512
0.000274512
0.000274512
0.000274512
0.000274512
0.000274512
0.000274512
0.000270699
0.000270699
0.000270699
0.000270699
0.000266886
0.000266886
0.000266886
0.000266886
0.000266886
0.000266886
0.000266886
0.000266886
0.000266886
0.000266886
0.000263074
0.000263074
0.000263074
0.000263074
0.000259261
0.000259261
0.000259261
0.000259261
0.000259261
0.000259261
0.000259261
0.000259261
0.000259261
0.000255448
0.000255448
0.000255448
0.000255448
0.000251636
0.000251636
0.000251636
0.000251636
0.000251636
0.000251636
0.000251636
0.000251636
0.000251636
0.000251636
0.000251636
0.000247823
0.000247823
0.000247823
0.000247823
0.000247823
0.000247823
0.000247823
0.00024401
0.00024401
0.00024401
0.00024401
0.00024401
0.00024401
0.00024401
0.00024401
0.00024401
0.00024401
0.00024401
0.00024401
0.00024401
0.00024401
0.00024401
0.00024401
0.00024401
0.000240198
0.000240198
0.000240198
0.000240198
0.000240198
0.000240198
0.000236385
0.000236385
0.000236385
0.000236385
0.000236385
0.000236385
0.000236385
0.000236385
0.000236385
0.000236385
0.000236385
0.000236385
0.000236385
0.000236385
0.000236385
0.000236385
0.000236385
0.000236385
0.000236385
0.000236385
0.000236385
0.000232572
0.000232572
0.000232572
0.000232572
0.00022876
0.00022876
0.00022876
0.00022876
0.00022876
0.00022876
0.00022876
0.00022876
0.00022876
0.00022876
0.00022876
0.00022876
0.00022876
0.00022876
0.00022876
0.00022876
0.00022876
0.00022876
0.00022876
0.00022876
0.00022876
0.00022876
0.00022876
0.00022876
0.00022876
0.00022876
0.00022876
0.00022876
0.00022876
0.00022876
0.00022876
0.00022876
0.00022876
0.00022876
0.00022876
0.00022876
0.000224947
0.000224947
0.000224947
0.000224947
0.000224947
0.000224947
0.000221134
0.000221134
0.000221134
0.000221134
0.000221134
0.000221134
0.000221134
0.000221134
0.000221134
0.000221134
0.000221134
0.000221134
0.000221134
0.000221134
0.000221134
0.000221134
0.000221134
0.000217322
0.000217322
0.000217322
0.000217322
0.000217322
0.000217322
0.000213509
0.000213509
0.000213509
0.000213509
0.000213509
0.000213509
0.000213509
0.000213509
0.000213509
0.000213509
0.000213509
0.000213509
0.000213509
0.000213509
0.000213509
0.000213509
0.000213509
0.000213509
0.000213509
0.000209696
0.000209696
0.000209696
0.000209696
0.000209696
0.000209696
0.000205884
0.000205884
0.000205884
0.000205884
0.000205884
0.000205884
0.000205884
0.000205884
0.000205884
0.000205884
0.000205884
0.000205884
0.000205884
0.000205884
0.000205884
0.000205884
0.000202071
0.000202071
0.000202071
0.000202071
0.000202071
0.000198258
0.000198258
0.000198258
0.000198258
0.000198258
0.000198258
0.000198258
0.000198258
0.000198258
0.000198258
0.000198258
0.000198258
0.000198258
0.000198258
0.000198258
0.000198258
0.000198258
0.000198258
0.000198258
0.000198258
0.000198258
0.000194446
0.000194446
0.000194446
0.000194446
0.000194446
0.000194446
0.000194446
0.000190633
0.000190633
0.000190633
0.000190633
0.000190633
0.000190633
0.000190633
0.000190633
0.000190633
0.000190633
0.000190633
0.000190633
0.000190633
0.000190633
0.000190633
0.000190633
0.000190633
0.000190633
0.000190633
0.000190633
0.000190633
0.000190633
0.000190633
0.000190633
0.000190633
0.000190633
0.000190633
0.000190633
0.000190633
0.000190633
0.000190633
0.000190633
0.000190633
0.000190633
0.00018682
0.00018682
0.00018682
0.00018682
0.000183008
0.000183008
0.000183008
0.000183008
0.000183008
0.000183008
0.000183008
0.000183008
0.000183008
0.000183008
0.000183008
0.000183008
0.000183008
0.000183008
0.000183008
0.000183008
0.000183008
0.000183008
0.000179195
0.000179195
0.000179195
0.000175382
0.000175382
0.000175382
0.000175382
0.000175382
0.000175382
0.000175382
0.000175382
0.000175382
0.000175382
0.000175382
0.000175382
0.000175382
0.000175382
0.000175382
0.000175382
0.000175382
0.000175382
0.000175382
0.000175382
0.000175382
0.000175382
0.00017157
0.00017157
0.00017157
0.00017157
0.000167757
0.000167757
0.000167757
0.000167757
0.000167757
0.000167757
0.000167757
0.000167757
0.000167757
0.000167757
0.000167757
0.000167757
0.000167757
0.000167757
0.000167757
0.000167757
0.000167757
0.000167757
0.000167757
0.000167757
0.000167757
0.000167757
0.000167757
0.000167757
0.000167757
0.000167757
0.000167757
0.000167757
0.000167757
0.000167757
0.000167757
0.000167757
0.000163944
0.000163944
0.000163944
0.000163944
0.000163944
0.000160132
0.000160132
0.000160132
0.000160132
0.000160132
0.000160132
0.000160132
0.000160132
0.000160132
0.000160132
0.000160132
0.000160132
0.000160132
0.000160132
0.000160132
0.000160132
0.000160132
0.000160132
0.000160132
0.000160132
0.000160132
0.000160132
0.000160132
0.000160132
0.000160132
0.000160132
0.000160132
0.000160132
0.000160132
0.000160132
0.000160132
0.000160132
0.000160132
0.000160132
0.000160132
0.000160132
0.000160132
0.000160132
0.000160132
0.000160132
0.000160132
0.000160132
0.000160132
0.000160132
0.000160132
0.000160132
0.000160132
0.000160132
0.000160132
0.000160132
0.000160132
0.000160132
0.000156319
0.000156319
0.000156319
0.000156319
0.000156319
0.000156319
0.000152506
0.000152506
0.000152506
0.000152506
0.000152506
0.000152506
0.000152506
0.000152506
0.000152506
0.000152506
0.000152506
0.000152506
0.000152506
0.000152506
0.000152506
0.000152506
0.000152506
0.000152506
0.000152506
0.000152506
0.000152506
0.000152506
0.000152506
0.000152506
0.000152506
0.000152506
0.000152506
0.000152506
0.000152506
0.000152506
0.000152506
0.000152506
0.000152506
0.000152506
0.000152506
0.000152506
0.000152506
0.000152506
0.000152506
0.000152506
0.000152506
0.000152506
0.000152506
0.000152506
0.000152506
0.000152506
0.000152506
0.000152506
0.000148694
0.000148694
0.000148694
0.000148694
0.000148694
0.000148694
0.000148694
0.000148694
0.000144881
0.000144881
0.000144881
0.000144881
0.000144881
0.000144881
0.000144881
0.000144881
0.000144881
0.000144881
0.000144881
0.000144881
0.000144881
0.000144881
0.000144881
0.000144881
0.000144881
0.000144881
0.000144881
0.000144881
0.000144881
0.000144881
0.000144881
0.000144881
0.000144881
0.000144881
0.000144881
0.000144881
0.000144881
0.000144881
0.000144881
0.000144881
0.000144881
0.000141068
0.000141068
0.000141068
0.000141068
0.000141068
0.000141068
0.000137256
0.000137256
0.000137256
0.000137256
0.000137256
0.000137256
0.000137256
0.000137256
0.000137256
0.000137256
0.000137256
0.000137256
0.000137256
0.000137256
0.000137256
0.000137256
0.000137256
0.000137256
0.000137256
0.000137256
0.000137256
0.000137256
0.000137256
0.000137256
0.000137256
0.000137256
0.000137256
0.000137256
0.000137256
0.000137256
0.000137256
0.000137256
0.000137256
0.000137256
0.000137256
0.000137256
0.000137256
0.000137256
0.000137256
0.000137256
0.000137256
0.000137256
0.000137256
0.000137256
0.000133443
0.000133443
0.000133443
0.000133443
0.000133443
0.000133443
0.00012963
0.00012963
0.00012963
0.00012963
0.00012963
0.00012963
0.00012963
0.00012963
0.00012963
0.00012963
0.00012963
0.00012963
0.00012963
0.00012963
0.00012963
0.00012963
0.00012963
0.00012963
0.00012963
0.00012963
0.00012963
0.00012963
0.00012963
0.00012963
0.00012963
0.00012963
0.00012963
0.000125818
0.000125818
0.000125818
0.000125818
0.000125818
0.000125818
0.000122005
0.000122005
0.000122005
0.000122005
0.000122005
0.000122005
0.000122005
0.000122005
0.000122005
0.000122005
0.000122005
0.000122005
0.000122005
0.000122005
0.000122005
0.000122005
0.000122005
0.000122005
0.000122005
0.000122005
0.000122005
0.000122005
0.000122005
0.000122005
0.000122005
0.000122005
0.000122005
0.000122005
0.000122005
0.000122005
0.000122005
0.000122005
0.000122005
0.000122005
0.000122005
0.000122005
0.000122005
0.000122005
0.000122005
0.000122005
0.000122005
0.000122005
0.000122005
0.000122005
0.000122005
0.000122005
0.000122005
0.000122005
0.000122005
0.000122005
0.000122005
0.000122005
0.000122005
0.000122005
0.000122005
0.000122005
0.000122005
0.000122005
0.000122005
0.000122005
0.000122005
0.000122005
0.000122005
0.000122005
0.000122005
0.000122005
0.000122005
0.000122005
0.000122005
0.000122005
0.000122005
0.000122005
0.000122005
0.000122005
0.000122005
0.000118192
0.000118192
0.000118192
0.000118192
0.000118192
0.000118192
0.000118192
0.00011438
0.00011438
0.00011438
0.00011438
0.00011438
0.00011438
0.00011438
0.00011438
0.00011438
0.00011438
0.00011438
0.00011438
0.00011438
0.00011438
0.00011438
0.00011438
0.00011438
0.00011438
0.00011438
0.00011438
0.00011438
0.00011438
0.00011438
0.00011438
0.00011438
0.00011438
0.00011438
0.00011438
0.00011438
0.00011438
0.00011438
0.00011438
0.00011438
0.00011438
0.00011438
0.00011438
0.00011438
0.00011438
0.00011438
0.00011438
0.00011438
0.00011438
0.00011438
0.00011438
0.00011438
0.00011438
0.00011438
0.00011438
0.00011438
0.00011438
0.00011438
0.00011438
0.00011438
0.00011438
0.00011438
0.00011438
0.00011438
0.00011438
0.00011438
0.00011438
0.00011438
0.00011438
0.00011438
0.00011438
0.00011438
0.00011438
0.00011438
0.00011438
0.00011438
0.00011438
0.00011438
0.00011438
0.00011438
0.00011438
0.00011438
0.00011438
0.00011438
0.00011438
0.00011438
0.00011438
0.00011438
0.00011438
0.00011438
0.000110567
0.000110567
0.000110567
0.000110567
0.000110567
0.000110567
0.000110567
0.000106755
0.000106755
0.000106755
0.000106755
0.000106755
0.000106755
0.000106755
0.000106755
0.000106755
0.000106755
0.000106755
0.000106755
0.000106755
0.000106755
0.000106755
0.000106755
0.000106755
0.000106755
0.000106755
0.000106755
0.000106755
0.000102942
0.000102942
0.000102942
9.91292e-05
9.91292e-05
9.91292e-05
9.91292e-05
9.91292e-05
9.91292e-05
9.91292e-05
9.91292e-05
9.91292e-05
9.91292e-05
9.91292e-05
9.91292e-05
9.91292e-05
9.91292e-05
9.91292e-05
9.91292e-05
9.91292e-05
9.91292e-05
9.91292e-05
9.91292e-05
9.91292e-05
9.91292e-05
9.91292e-05
9.91292e-05
9.91292e-05
9.91292e-05
9.91292e-05
9.91292e-05
9.91292e-05
9.91292e-05
9.91292e-05
9.91292e-05
9.91292e-05
9.91292e-05
9.91292e-05
9.91292e-05
9.91292e-05
9.91292e-05
9.91292e-05
9.91292e-05
9.91292e-05
9.91292e-05
9.91292e-05
9.91292e-05
9.91292e-05
9.91292e-05
9.91292e-05
9.91292e-05
9.91292e-05
9.91292e-05
9.91292e-05
9.91292e-05
9.91292e-05
9.91292e-05
9.91292e-05
9.91292e-05
9.91292e-05
9.91292e-05
9.91292e-05
9.91292e-05
9.91292e-05
9.91292e-05
9.91292e-05
9.91292e-05
9.91292e-05
9.91292e-05
9.91292e-05
9.91292e-05
9.91292e-05
9.91292e-05
9.91292e-05
9.91292e-05
9.91292e-05
9.91292e-05
9.91292e-05
9.91292e-05
9.91292e-05
9.53165e-05
9.53165e-05
9.53165e-05
9.53165e-05
9.53165e-05
9.53165e-05
9.53165e-05
9.53165e-05
9.53165e-05
9.53165e-05
9.53165e-05
9.15039e-05
9.15039e-05
9.15039e-05
9.15039e-05
9.15039e-05
9.15039e-05
9.15039e-05
9.15039e-05
9.15039e-05
9.15039e-05
9.15039e-05
9.15039e-05
9.15039e-05
9.15039e-05
9.15039e-05
9.15039e-05
9.15039e-05
9.15039e-05
9.15039e-05
9.15039e-05
9.15039e-05
9.15039e-05
9.15039e-05
9.15039e-05
9.15039e-05
9.15039e-05
9.15039e-05
9.15039e-05
9.15039e-05
9.15039e-05
9.15039e-05
9.15039e-05
9.15039e-05
9.15039e-05
9.15039e-05
9.15039e-05
9.15039e-05
9.15039e-05
9.15039e-05
9.15039e-05
9.15039e-05
9.15039e-05
9.15039e-05
9.15039e-05
9.15039e-05
9.15039e-05
9.15039e-05
9.15039e-05
9.15039e-05
9.15039e-05
9.15039e-05
9.15039e-05
9.15039e-05
9.15039e-05
9.15039e-05
9.15039e-05
9.15039e-05
9.15039e-05
9.15039e-05
9.15039e-05
9.15039e-05
9.15039e-05
9.15039e-05
9.15039e-05
9.15039e-05
9.15039e-05
9.15039e-05
9.15039e-05
9.15039e-05
9.15039e-05
9.15039e-05
9.15039e-05
9.15039e-05
9.15039e-05
9.15039e-05
9.15039e-05
9.15039e-05
9.15039e-05
9.15039e-05
9.15039e-05
9.15039e-05
9.15039e-05
9.15039e-05
9.15039e-05
9.15039e-05
9.15039e-05
9.15039e-05
9.15039e-05
9.15039e-05
9.15039e-05
9.15039e-05
9.15039e-05
9.15039e-05
9.15039e-05
9.15039e-05
9.15039e-05
9.15039e-05
9.15039e-05
9.15039e-05
9.15039e-05
9.15039e-05
9.15039e-05
9.15039e-05
9.15039e-05
9.15039e-05
9.15039e-05
9.15039e-05
9.15039e-05
9.15039e-05
9.15039e-05
9.15039e-05
9.15039e-05
9.15039e-05
9.15039e-05
9.15039e-05
9.15039e-05
9.15039e-05
9.15039e-05
9.15039e-05
9.15039e-05
9.15039e-05
9.15039e-05
9.15039e-05
9.15039e-05
9.15039e-05
9.15039e-05
9.15039e-05
9.15039e-05
9.15039e-05
9.15039e-05
9.15039e-05
9.15039e-05
9.15039e-05
9.15039e-05
9.15039e-05
9.15039e-05
8.76912e-05
8.76912e-05
8.76912e-05
8.76912e-05
8.76912e-05
8.76912e-05
8.76912e-05
8.76912e-05
8.76912e-05
8.38785e-05
8.38785e-05
8.38785e-05
8.38785e-05
8.38785e-05
8.38785e-05
8.38785e-05
8.38785e-05
8.38785e-05
8.38785e-05
8.38785e-05
8.38785e-05
8.38785e-05
8.38785e-05
8.38785e-05
8.38785e-05
8.38785e-05
8.38785e-05
8.38785e-05
8.38785e-05
8.38785e-05
8.38785e-05
8.38785e-05
8.38785e-05
8.38785e-05
8.38785e-05
8.38785e-05
8.38785e-05
8.38785e-05
8.38785e-05
8.38785e-05
8.38785e-05
8.38785e-05
8.38785e-05
8.38785e-05
8.38785e-05
8.38785e-05
8.38785e-05
8.38785e-05
8.38785e-05
8.38785e-05
8.38785e-05
8.38785e-05
8.38785e-05
8.38785e-05
8.38785e-05
8.38785e-05
8.38785e-05
8.38785e-05
8.38785e-05
8.38785e-05
8.38785e-05
8.38785e-05
8.38785e-05
8.38785e-05
8.38785e-05
8.38785e-05
8.38785e-05
8.38785e-05
8.38785e-05
8.38785e-05
8.38785e-05
8.00659e-05
8.00659e-05
8.00659e-05
8.00659e-05
8.00659e-05
8.00659e-05
8.00659e-05
8.00659e-05
8.00659e-05
8.00659e-05
8.00659e-05
8.00659e-05
7.62532e-05
7.62532e-05
7.62532e-05
7.62532e-05
7.62532e-05
7.62532e-05
7.62532e-05
7.62532e-05
7.62532e-05
7.62532e-05
7.62532e-05
7.62532e-05
7.62532e-05
7.62532e-05
7.62532e-05
7.62532e-05
7.62532e-05
7.62532e-05
7.62532e-05
7.62532e-05
7.62532e-05
7.62532e-05
7.62532e-05
7.62532e-05
7.62532e-05
7.62532e-05
7.62532e-05
7.62532e-05
7.62532e-05
7.62532e-05
7.62532e-05
7.62532e-05
7.62532e-05
7.62532e-05
7.62532e-05
7.62532e-05
7.62532e-05
7.62532e-05
7.62532e-05
7.62532e-05
7.62532e-05
7.62532e-05
7.62532e-05
7.62532e-05
7.62532e-05
7.62532e-05
7.62532e-05
7.62532e-05
7.62532e-05
7.62532e-05
7.62532e-05
7.62532e-05
7.62532e-05
7.62532e-05
7.62532e-05
7.62532e-05
7.62532e-05
7.62532e-05
7.62532e-05
7.62532e-05
7.62532e-05
7.62532e-05
7.62532e-05
7.62532e-05
7.62532e-05
7.62532e-05
7.62532e-05
7.62532e-05
7.62532e-05
7.62532e-05
7.62532e-05
7.62532e-05
7.62532e-05
7.62532e-05
7.62532e-05
7.62532e-05
7.62532e-05
7.62532e-05
7.62532e-05
7.62532e-05
7.62532e-05
7.62532e-05
7.62532e-05
7.62532e-05
7.62532e-05
7.62532e-05
7.62532e-05
7.62532e-05
7.62532e-05
7.62532e-05
7.62532e-05
7.62532e-05
7.62532e-05
7.62532e-05
7.62532e-05
7.62532e-05
7.62532e-05
7.62532e-05
7.62532e-05
7.62532e-05
7.62532e-05
7.62532e-05
7.62532e-05
7.62532e-05
7.62532e-05
7.62532e-05
7.62532e-05
7.62532e-05
7.62532e-05
7.62532e-05
7.62532e-05
7.62532e-05
7.62532e-05
7.62532e-05
7.62532e-05
7.62532e-05
7.62532e-05
7.62532e-05
7.62532e-05
7.62532e-05
7.62532e-05
7.62532e-05
7.62532e-05
7.62532e-05
7.62532e-05
7.62532e-05
7.62532e-05
7.62532e-05
7.62532e-05
7.62532e-05
7.62532e-05
7.62532e-05
7.62532e-05
7.62532e-05
7.62532e-05
7.62532e-05
7.62532e-05
7.62532e-05
7.62532e-05
7.62532e-05
7.62532e-05
7.62532e-05
7.62532e-05
7.62532e-05
7.62532e-05
7.62532e-05
7.62532e-05
7.62532e-05
7.62532e-05
7.62532e-05
7.62532e-05
7.62532e-05
7.62532e-05
7.62532e-05
7.62532e-05
7.62532e-05
7.62532e-05
7.62532e-05
7.62532e-05
7.62532e-05
7.62532e-05
7.62532e-05
7.62532e-05
7.62532e-05
7.62532e-05
7.62532e-05
7.62532e-05
7.62532e-05
7.62532e-05
7.62532e-05
7.62532e-05
7.62532e-05
7.62532e-05
7.62532e-05
7.62532e-05
7.62532e-05
7.62532e-05
7.62532e-05
7.62532e-05
7.62532e-05
7.62532e-05
7.62532e-05
7.62532e-05
7.62532e-05
7.62532e-05
7.24406e-05
7.24406e-05
7.24406e-05
7.24406e-05
7.24406e-05
6.86279e-05
6.86279e-05
6.86279e-05
6.86279e-05
6.86279e-05
6.86279e-05
6.86279e-05
6.86279e-05
6.86279e-05
6.86279e-05
6.86279e-05
6.86279e-05
6.86279e-05
6.86279e-05
6.86279e-05
6.86279e-05
6.86279e-05
6.86279e-05
6.86279e-05
6.86279e-05
6.86279e-05
6.86279e-05
6.86279e-05
6.86279e-05
6.86279e-05
6.86279e-05
6.86279e-05
6.86279e-05
6.86279e-05
6.86279e-05
6.86279e-05
6.86279e-05
6.86279e-05
6.86279e-05
6.86279e-05
6.86279e-05
6.86279e-05
6.86279e-05
6.86279e-05
6.86279e-05
6.86279e-05
6.86279e-05
6.86279e-05
6.86279e-05
6.86279e-05
6.86279e-05
6.86279e-05
6.86279e-05
6.86279e-05
6.86279e-05
6.86279e-05
6.86279e-05
6.86279e-05
6.86279e-05
6.86279e-05
6.86279e-05
6.86279e-05
6.86279e-05
6.86279e-05
6.86279e-05
6.86279e-05
6.86279e-05
6.86279e-05
6.86279e-05
6.86279e-05
6.86279e-05
6.86279e-05
6.86279e-05
6.86279e-05
6.86279e-05
6.86279e-05
6.86279e-05
6.86279e-05
6.86279e-05
6.86279e-05
6.86279e-05
6.86279e-05
6.86279e-05
6.86279e-05
6.86279e-05
6.86279e-05
6.86279e-05
6.86279e-05
6.86279e-05
6.86279e-05
6.86279e-05
6.86279e-05
6.86279e-05
6.86279e-05
6.86279e-05
6.86279e-05
6.86279e-05
6.86279e-05
6.86279e-05
6.86279e-05
6.86279e-05
6.86279e-05
6.86279e-05
6.86279e-05
6.86279e-05
6.86279e-05
6.86279e-05
6.86279e-05
6.86279e-05
6.86279e-05
6.86279e-05
6.86279e-05
6.86279e-05
6.86279e-05
6.86279e-05
6.86279e-05
6.86279e-05
6.86279e-05
6.86279e-05
6.86279e-05
6.86279e-05
6.86279e-05
6.86279e-05
6.86279e-05
6.86279e-05
6.86279e-05
6.86279e-05
6.86279e-05
6.86279e-05
6.86279e-05
6.86279e-05
6.86279e-05
6.86279e-05
6.86279e-05
6.86279e-05
6.86279e-05
6.86279e-05
6.86279e-05
6.86279e-05
6.86279e-05
6.86279e-05
6.86279e-05
6.86279e-05
6.86279e-05
6.86279e-05
6.86279e-05
6.86279e-05
6.86279e-05
6.86279e-05
6.86279e-05
6.86279e-05
6.86279e-05
6.86279e-05
6.86279e-05
6.86279e-05
6.86279e-05
6.86279e-05
6.48152e-05
6.10026e-05
6.10026e-05
6.10026e-05
6.10026e-05
6.10026e-05
6.10026e-05
6.10026e-05
6.10026e-05
6.10026e-05
6.10026e-05
6.10026e-05
6.10026e-05
6.10026e-05
6.10026e-05
6.10026e-05
6.10026e-05
6.10026e-05
6.10026e-05
6.10026e-05
6.10026e-05
6.10026e-05
6.10026e-05
6.10026e-05
6.10026e-05
6.10026e-05
6.10026e-05
6.10026e-05
6.10026e-05
6.10026e-05
6.10026e-05
6.10026e-05
6.10026e-05
6.10026e-05
6.10026e-05
6.10026e-05
5.71899e-05
5.71899e-05
5.71899e-05
5.71899e-05
5.71899e-05
5.33773e-05
5.33773e-05
5.33773e-05
5.33773e-05
5.33773e-05
5.33773e-05
5.33773e-05
5.33773e-05
5.33773e-05
5.33773e-05
5.33773e-05
5.33773e-05
5.33773e-05
5.33773e-05
5.33773e-05
5.33773e-05
5.33773e-05
5.33773e-05
5.33773e-05
5.33773e-05
5.33773e-05
5.33773e-05
5.33773e-05
5.33773e-05
5.33773e-05
5.33773e-05
5.33773e-05
5.33773e-05
5.33773e-05
5.33773e-05
5.33773e-05
5.33773e-05
5.33773e-05
5.33773e-05
5.33773e-05
5.33773e-05
5.33773e-05
5.33773e-05
5.33773e-05
5.33773e-05
5.33773e-05
5.33773e-05
5.33773e-05
5.33773e-05
5.33773e-05
5.33773e-05
5.33773e-05
5.33773e-05
5.33773e-05
5.33773e-05
5.33773e-05
5.33773e-05
5.33773e-05
5.33773e-05
5.33773e-05
5.33773e-05
5.33773e-05
5.33773e-05
5.33773e-05
5.33773e-05
5.33773e-05
5.33773e-05
5.33773e-05
5.33773e-05
5.33773e-05
5.33773e-05
5.33773e-05
5.33773e-05
5.33773e-05
5.33773e-05
5.33773e-05
5.33773e-05
5.33773e-05
5.33773e-05
5.33773e-05
5.33773e-05
5.33773e-05
5.33773e-05
5.33773e-05
5.33773e-05
5.33773e-05
5.33773e-05
5.33773e-05
5.33773e-05
5.33773e-05
5.33773e-05
5.33773e-05
5.33773e-05
5.33773e-05
5.33773e-05
5.33773e-05
5.33773e-05
5.33773e-05
5.33773e-05
5.33773e-05
5.33773e-05
5.33773e-05
5.33773e-05
5.33773e-05
5.33773e-05
5.33773e-05
5.33773e-05
5.33773e-05
5.33773e-05
5.33773e-05
5.33773e-05
5.33773e-05
5.33773e-05
5.33773e-05
5.33773e-05
5.33773e-05
5.33773e-05
5.33773e-05
5.33773e-05
4.95646e-05
4.95646e-05
4.95646e-05
4.57519e-05
4.57519e-05
4.57519e-05
4.57519e-05
4.57519e-05
4.57519e-05
4.57519e-05
4.57519e-05
4.57519e-05
4.57519e-05
4.57519e-05
4.57519e-05
4.57519e-05
4.57519e-05
4.57519e-05
4.57519e-05
4.57519e-05
4.57519e-05
4.57519e-05
4.57519e-05
4.57519e-05
4.57519e-05
4.57519e-05
4.57519e-05
4.57519e-05
4.57519e-05
4.57519e-05
4.57519e-05
4.57519e-05
4.57519e-05
4.57519e-05
4.57519e-05
4.57519e-05
4.57519e-05
4.57519e-05
4.57519e-05
4.57519e-05
4.57519e-05
4.57519e-05
4.57519e-05
4.57519e-05
4.57519e-05
4.57519e-05
4.57519e-05
4.57519e-05
4.57519e-05
4.57519e-05
4.57519e-05
4.57519e-05
4.57519e-05
4.57519e-05
4.57519e-05
4.57519e-05
4.57519e-05
4.57519e-05
4.57519e-05
4.57519e-05
4.57519e-05
4.57519e-05
4.57519e-05
4.57519e-05
4.57519e-05
4.57519e-05
4.57519e-05
4.57519e-05
4.57519e-05
4.57519e-05
4.57519e-05
4.57519e-05
4.57519e-05
4.57519e-05
4.57519e-05
4.57519e-05
4.57519e-05
4.57519e-05
4.57519e-05
4.57519e-05
4.57519e-05
4.57519e-05
4.57519e-05
4.57519e-05
4.57519e-05
4.57519e-05
4.57519e-05
4.57519e-05
4.57519e-05
4.57519e-05
4.57519e-05
4.57519e-05
4.57519e-05
4.57519e-05
4.57519e-05
4.57519e-05
4.57519e-05
4.57519e-05
4.57519e-05
4.57519e-05
4.57519e-05
4.57519e-05
4.57519e-05
4.57519e-05
4.57519e-05
4.57519e-05
4.57519e-05
4.57519e-05
4.57519e-05
4.57519e-05
4.57519e-05
4.57519e-05
4.57519e-05
4.57519e-05
4.57519e-05
4.57519e-05
4.57519e-05
4.57519e-05
4.57519e-05
4.57519e-05
4.57519e-05
4.57519e-05
4.57519e-05
4.57519e-05
4.57519e-05
4.57519e-05
4.57519e-05
4.57519e-05
4.57519e-05
4.57519e-05
4.57519e-05
4.57519e-05
4.57519e-05
4.57519e-05
4.57519e-05
4.57519e-05
4.57519e-05
4.57519e-05
4.57519e-05
4.57519e-05
4.57519e-05
4.57519e-05
4.57519e-05
4.57519e-05
4.57519e-05
4.57519e-05
4.57519e-05
4.57519e-05
4.57519e-05
4.57519e-05
4.57519e-05
4.57519e-05
4.57519e-05
4.57519e-05
4.57519e-05
4.57519e-05
4.57519e-05
4.57519e-05
4.57519e-05
4.57519e-05
4.57519e-05
4.57519e-05
4.57519e-05
4.57519e-05
4.57519e-05
4.57519e-05
4.57519e-05
4.57519e-05
4.57519e-05
4.57519e-05
4.57519e-05
4.57519e-05
4.57519e-05
4.57519e-05
4.57519e-05
4.57519e-05
4.57519e-05
4.57519e-05
4.57519e-05
4.57519e-05
4.57519e-05
4.57519e-05
4.57519e-05
4.57519e-05
4.57519e-05
4.57519e-05
4.57519e-05
4.57519e-05
4.57519e-05
4.57519e-05
4.57519e-05
4.57519e-05
4.57519e-05
4.57519e-05
4.57519e-05
4.57519e-05
4.57519e-05
4.57519e-05
4.57519e-05
4.57519e-05
4.57519e-05
4.57519e-05
4.57519e-05
4.57519e-05
4.57519e-05
4.57519e-05
4.57519e-05
4.57519e-05
4.57519e-05
4.57519e-05
4.57519e-05
4.57519e-05
4.57519e-05
4.57519e-05
4.57519e-05
4.57519e-05
4.57519e-05
4.57519e-05
4.57519e-05
4.57519e-05
4.57519e-05
4.57519e-05
4.57519e-05
4.57519e-05
4.57519e-05
4.57519e-05
4.57519e-05
4.57519e-05
4.57519e-05
4.57519e-05
4.57519e-05
4.57519e-05
4.57519e-05
4.57519e-05
4.57519e-05
4.57519e-05
4.57519e-05
4.57519e-05
4.57519e-05
4.57519e-05
4.57519e-05
4.57519e-05
4.57519e-05
4.57519e-05
4.57519e-05
4.57519e-05
4.57519e-05
4.57519e-05
4.57519e-05
4.57519e-05
4.57519e-05
4.57519e-05
4.57519e-05
4.57519e-05
4.57519e-05
4.57519e-05
4.57519e-05
4.57519e-05
4.57519e-05
4.57519e-05
4.57519e-05
4.57519e-05
4.57519e-05
4.57519e-05
4.57519e-05
4.57519e-05
4.57519e-05
4.57519e-05
4.57519e-05
4.57519e-05
4.57519e-05
4.57519e-05
4.57519e-05
4.57519e-05
4.57519e-05
4.57519e-05
4.57519e-05
4.57519e-05
4.57519e-05
4.57519e-05
4.57519e-05
4.57519e-05
4.57519e-05
4.57519e-05
4.57519e-05
4.57519e-05
4.57519e-05
4.57519e-05
4.57519e-05
4.57519e-05
4.57519e-05
4.57519e-05
4.57519e-05
4.57519e-05
4.57519e-05
4.57519e-05
4.57519e-05
4.57519e-05
4.57519e-05
4.57519e-05
4.57519e-05
4.57519e-05
4.57519e-05
4.57519e-05
4.57519e-05
4.57519e-05
4.57519e-05
4.57519e-05
4.57519e-05
4.57519e-05
4.57519e-05
4.57519e-05
4.57519e-05
4.57519e-05
4.57519e-05
4.57519e-05
4.57519e-05
4.57519e-05
4.57519e-05
4.57519e-05
4.57519e-05
4.57519e-05
4.57519e-05
4.57519e-05
4.57519e-05
4.57519e-05
4.57519e-05
4.57519e-05
4.57519e-05
4.57519e-05
4.57519e-05
4.57519e-05
4.57519e-05
4.57519e-05
4.57519e-05
4.57519e-05
4.57519e-05
4.57519e-05
4.57519e-05
4.57519e-05
4.57519e-05
4.57519e-05
4.57519e-05
4.57519e-05
4.57519e-05
4.57519e-05
4.57519e-05
4.57519e-05
4.57519e-05
4.57519e-05
4.57519e-05
4.57519e-05
4.57519e-05
4.57519e-05
4.57519e-05
4.57519e-05
4.57519e-05
4.57519e-05
4.57519e-05
4.57519e-05
4.57519e-05
4.57519e-05
4.57519e-05
4.57519e-05
4.57519e-05
4.57519e-05
4.57519e-05
4.57519e-05
4.57519e-05
4.57519e-05
4.57519e-05
4.57519e-05
4.57519e-05
4.57519e-05
4.57519e-05
4.57519e-05
4.57519e-05
4.57519e-05
4.57519e-05
4.57519e-05
4.57519e-05
4.57519e-05
4.57519e-05
4.57519e-05
4.57519e-05
4.57519e-05
4.57519e-05
4.57519e-05
4.57519e-05
4.57519e-05
4.57519e-05
4.57519e-05
4.57519e-05
4.57519e-05
4.57519e-05
4.57519e-05
4.57519e-05
4.57519e-05
4.57519e-05
4.57519e-05
4.57519e-05
4.57519e-05
4.57519e-05
4.57519e-05
4.57519e-05
4.57519e-05
4.57519e-05
4.57519e-05
4.57519e-05
4.57519e-05
4.57519e-05
4.57519e-05
4.57519e-05
4.57519e-05
4.57519e-05
4.57519e-05
4.57519e-05
4.57519e-05
4.57519e-05
4.57519e-05
4.57519e-05
4.57519e-05
4.57519e-05
4.57519e-05
4.57519e-05
4.57519e-05
4.57519e-05
4.57519e-05
4.57519e-05
4.57519e-05
4.57519e-05
4.57519e-05
4.57519e-05
4.57519e-05
4.57519e-05
4.57519e-05
4.57519e-05
4.57519e-05
4.57519e-05
4.57519e-05
4.57519e-05
4.57519e-05
4.57519e-05
4.57519e-05
4.57519e-05
4.57519e-05
4.57519e-05
4.57519e-05
4.57519e-05
4.57519e-05
4.57519e-05
4.57519e-05
4.57519e-05
4.57519e-05
4.57519e-05
4.57519e-05
4.57519e-05
4.57519e-05
4.57519e-05
4.57519e-05
4.57519e-05
4.57519e-05
4.57519e-05
4.57519e-05
4.57519e-05
4.57519e-05
4.57519e-05
4.57519e-05
4.57519e-05
4.57519e-05
4.57519e-05
4.57519e-05
4.57519e-05
4.57519e-05
4.57519e-05
4.57519e-05
4.57519e-05
4.57519e-05
4.57519e-05
4.57519e-05
4.57519e-05
4.57519e-05
4.57519e-05
4.57519e-05
4.57519e-05
4.57519e-05
4.57519e-05
4.57519e-05
4.57519e-05
4.57519e-05
4.57519e-05
4.57519e-05
4.57519e-05
4.57519e-05
4.57519e-05
4.57519e-05
4.57519e-05
4.57519e-05
4.57519e-05
4.57519e-05
4.57519e-05
4.57519e-05
4.57519e-05
4.57519e-05
4.57519e-05
4.57519e-05
4.57519e-05
4.57519e-05
4.57519e-05
4.57519e-05
4.57519e-05
4.57519e-05
4.57519e-05
4.57519e-05
4.57519e-05
4.57519e-05
4.57519e-05
4.57519e-05
4.57519e-05
4.57519e-05
4.57519e-05
4.57519e-05
4.57519e-05
4.57519e-05
4.57519e-05
4.57519e-05
4.57519e-05
4.57519e-05
4.57519e-05
4.57519e-05
4.57519e-05
4.57519e-05
4.57519e-05
4.57519e-05
4.57519e-05
4.57519e-05
4.57519e-05
4.57519e-05
4.57519e-05
4.57519e-05
4.57519e-05
4.57519e-05
4.57519e-05
4.57519e-05
4.57519e-05
4.57519e-05
4.57519e-05
4.57519e-05
4.57519e-05
4.57519e-05
4.57519e-05
4.57519e-05
4.57519e-05
4.57519e-05
4.57519e-05
4.57519e-05
4.57519e-05
4.57519e-05
4.57519e-05
4.57519e-05
4.57519e-05
4.57519e-05
4.57519e-05
4.57519e-05
4.57519e-05
4.57519e-05
4.57519e-05
4.57519e-05
4.57519e-05
4.57519e-05
4.57519e-05
4.57519e-05
4.57519e-05
4.57519e-05
4.57519e-05
4.57519e-05
4.57519e-05
4.57519e-05
4.57519e-05
4.57519e-05
4.57519e-05
4.57519e-05
4.57519e-05
4.57519e-05
4.57519e-05
4.57519e-05
4.57519e-05
4.57519e-05
4.57519e-05
4.57519e-05
4.57519e-05
4.57519e-05
4.57519e-05
4.57519e-05
4.57519e-05
4.57519e-05
4.57519e-05
4.57519e-05
4.57519e-05
4.57519e-05
4.57519e-05
4.57519e-05
4.57519e-05
4.57519e-05
4.57519e-05
4.57519e-05
4.57519e-05
4.57519e-05
4.57519e-05
4.57519e-05
4.57519e-05
4.57519e-05
4.57519e-05
4.57519e-05
4.57519e-05
4.57519e-05
4.57519e-05
4.57519e-05
4.57519e-05
4.57519e-05
4.57519e-05
4.57519e-05
4.57519e-05
4.57519e-05
4.57519e-05
4.57519e-05
4.57519e-05
4.57519e-05
4.57519e-05
4.57519e-05
4.57519e-05
4.57519e-05
4.57519e-05
4.57519e-05
4.57519e-05
4.57519e-05
4.57519e-05
4.57519e-05
4.57519e-05
4.57519e-05
4.57519e-05
4.57519e-05
4.57519e-05
4.57519e-05
4.57519e-05
4.57519e-05
4.57519e-05
4.57519e-05
4.57519e-05
4.57519e-05
4.57519e-05
4.57519e-05
4.57519e-05
4.57519e-05
4.57519e-05
4.57519e-05
4.57519e-05
4.57519e-05
4.57519e-05
4.57519e-05
4.57519e-05
4.57519e-05
4.57519e-05
4.57519e-05
4.57519e-05
4.57519e-05
4.57519e-05
4.57519e-05
4.57519e-05
4.57519e-05
4.57519e-05
4.57519e-05
4.57519e-05
4.57519e-05
4.57519e-05
4.57519e-05
4.57519e-05
4.57519e-05
4.57519e-05
4.57519e-05
4.57519e-05
4.57519e-05
4.57519e-05
4.57519e-05
4.57519e-05
4.57519e-05
4.57519e-05
4.57519e-05
4.57519e-05
4.57519e-05
4.57519e-05
4.57519e-05
4.57519e-05
4.57519e-05
4.57519e-05
4.57519e-05
4.57519e-05
4.57519e-05
4.57519e-05
4.57519e-05
4.57519e-05
4.57519e-05
4.57519e-05
4.57519e-05
4.57519e-05
4.57519e-05
4.57519e-05
4.57519e-05
4.57519e-05
4.57519e-05
4.57519e-05
4.57519e-05
4.57519e-05
4.57519e-05
4.57519e-05
4.57519e-05
4.57519e-05
4.57519e-05
4.57519e-05
4.57519e-05
4.57519e-05
4.57519e-05
4.57519e-05
4.57519e-05
4.57519e-05
4.57519e-05
4.57519e-05
4.57519e-05
4.57519e-05
4.57519e-05
4.57519e-05
4.57519e-05
4.57519e-05
4.57519e-05
4.57519e-05
4.57519e-05
4.57519e-05
4.57519e-05
4.57519e-05
4.57519e-05
4.57519e-05
4.57519e-05
4.57519e-05
4.57519e-05
4.57519e-05
4.57519e-05
4.57519e-05
4.57519e-05
4.57519e-05
4.57519e-05
4.57519e-05
4.57519e-05
4.57519e-05
4.57519e-05
4.57519e-05
4.57519e-05
4.57519e-05
4.57519e-05
4.57519e-05
4.57519e-05
4.57519e-05
4.57519e-05
4.57519e-05
4.57519e-05
4.57519e-05
4.57519e-05
4.57519e-05
4.57519e-05
4.57519e-05
4.57519e-05
4.57519e-05
4.57519e-05
4.57519e-05
4.57519e-05
4.57519e-05
4.57519e-05
4.57519e-05
4.57519e-05
4.57519e-05
4.57519e-05
4.57519e-05
4.57519e-05
4.57519e-05
4.57519e-05
4.57519e-05
4.57519e-05
4.57519e-05
4.57519e-05
4.57519e-05
4.57519e-05
4.57519e-05
4.57519e-05
4.57519e-05
4.57519e-05
4.57519e-05
4.57519e-05
4.57519e-05
4.57519e-05
4.57519e-05
4.57519e-05
4.57519e-05
4.57519e-05
4.57519e-05
4.57519e-05
4.57519e-05
4.57519e-05
4.57519e-05
4.57519e-05
4.57519e-05
4.57519e-05
4.57519e-05
4.57519e-05
4.57519e-05
4.57519e-05
4.57519e-05
4.57519e-05
4.57519e-05
4.57519e-05
4.57519e-05
4.57519e-05
4.57519e-05
4.57519e-05
4.57519e-05
4.57519e-05
4.57519e-05
4.57519e-05
4.57519e-05
4.57519e-05
4.57519e-05
4.57519e-05
4.57519e-05
4.57519e-05
4.57519e-05
4.57519e-05
4.57519e-05
4.57519e-05
4.57519e-05
4.19393e-05
4.19393e-05
3.81266e-05
3.81266e-05
3.81266e-05
3.81266e-05
3.81266e-05
3.81266e-05
3.81266e-05
3.81266e-05
3.81266e-05
3.81266e-05
3.81266e-05
3.81266e-05
3.81266e-05
3.81266e-05
3.81266e-05
3.81266e-05
3.81266e-05
3.81266e-05
3.81266e-05
3.81266e-05
3.81266e-05
3.81266e-05
3.81266e-05
3.81266e-05
3.81266e-05
3.81266e-05
3.81266e-05
3.81266e-05
3.81266e-05
3.81266e-05
3.81266e-05
3.81266e-05
3.81266e-05
3.81266e-05
3.81266e-05
3.81266e-05
3.81266e-05
3.81266e-05
3.81266e-05
3.81266e-05
3.81266e-05
3.81266e-05
3.81266e-05
3.81266e-05
3.81266e-05
3.81266e-05
3.81266e-05
3.81266e-05
3.81266e-05
3.81266e-05
3.81266e-05
3.81266e-05
3.81266e-05
3.81266e-05
3.81266e-05
3.81266e-05
3.81266e-05
3.81266e-05
3.81266e-05
3.43139e-05
3.05013e-05
3.05013e-05
3.05013e-05
3.05013e-05
3.05013e-05
3.05013e-05
3.05013e-05
3.05013e-05
3.05013e-05
3.05013e-05
3.05013e-05
3.05013e-05
3.05013e-05
3.05013e-05
3.05013e-05
3.05013e-05
3.05013e-05
3.05013e-05
3.05013e-05
3.05013e-05
3.05013e-05
3.05013e-05
3.05013e-05
3.05013e-05
3.05013e-05
3.05013e-05
3.05013e-05
3.05013e-05
3.05013e-05
3.05013e-05
3.05013e-05
3.05013e-05
3.05013e-05
3.05013e-05
3.05013e-05
3.05013e-05
3.05013e-05
3.05013e-05
3.05013e-05
3.05013e-05
3.05013e-05
3.05013e-05
3.05013e-05
3.05013e-05
3.05013e-05
3.05013e-05
3.05013e-05
3.05013e-05
3.05013e-05
3.05013e-05
3.05013e-05
3.05013e-05
3.05013e-05
3.05013e-05
3.05013e-05
3.05013e-05
3.05013e-05
3.05013e-05
3.05013e-05
3.05013e-05
3.05013e-05
3.05013e-05
3.05013e-05
3.05013e-05
3.05013e-05
3.05013e-05
3.05013e-05
3.05013e-05
3.05013e-05
3.05013e-05
3.05013e-05
3.05013e-05
3.05013e-05
3.05013e-05
3.05013e-05
3.05013e-05
3.05013e-05
3.05013e-05
3.05013e-05
3.05013e-05
3.05013e-05
3.05013e-05
3.05013e-05
3.05013e-05
3.05013e-05
3.05013e-05
3.05013e-05
3.05013e-05
3.05013e-05
3.05013e-05
3.05013e-05
3.05013e-05
3.05013e-05
3.05013e-05
3.05013e-05
3.05013e-05
3.05013e-05
3.05013e-05
3.05013e-05
3.05013e-05
3.05013e-05
3.05013e-05
3.05013e-05
3.05013e-05
3.05013e-05
3.05013e-05
3.05013e-05
3.05013e-05
3.05013e-05
3.05013e-05
3.05013e-05
3.05013e-05
3.05013e-05
3.05013e-05
3.05013e-05
3.05013e-05
3.05013e-05
3.05013e-05
3.05013e-05
3.05013e-05
3.05013e-05
3.05013e-05
3.05013e-05
3.05013e-05
3.05013e-05
3.05013e-05
3.05013e-05
3.05013e-05
3.05013e-05
3.05013e-05
3.05013e-05
3.05013e-05
3.05013e-05
3.05013e-05
3.05013e-05
3.05013e-05
3.05013e-05
3.05013e-05
3.05013e-05
3.05013e-05
3.05013e-05
3.05013e-05
3.05013e-05
3.05013e-05
3.05013e-05
3.05013e-05
3.05013e-05
3.05013e-05
3.05013e-05
3.05013e-05
3.05013e-05
3.05013e-05
3.05013e-05
3.05013e-05
3.05013e-05
3.05013e-05
3.05013e-05
3.05013e-05
3.05013e-05
3.05013e-05
3.05013e-05
3.05013e-05
3.05013e-05
3.05013e-05
3.05013e-05
3.05013e-05
3.05013e-05
3.05013e-05
3.05013e-05
3.05013e-05
2.66886e-05
2.66886e-05
2.66886e-05
2.66886e-05
2.66886e-05
2.66886e-05
2.66886e-05
2.66886e-05
2.2876e-05
2.2876e-05
2.2876e-05
2.2876e-05
2.2876e-05
2.2876e-05
2.2876e-05
2.2876e-05
2.2876e-05
2.2876e-05
2.2876e-05
2.2876e-05
2.2876e-05
2.2876e-05
2.2876e-05
2.2876e-05
2.2876e-05
2.2876e-05
2.2876e-05
2.2876e-05
2.2876e-05
2.2876e-05
2.2876e-05
2.2876e-05
2.2876e-05
2.2876e-05
2.2876e-05
2.2876e-05
2.2876e-05
2.2876e-05
2.2876e-05
2.2876e-05
2.2876e-05
2.2876e-05
2.2876e-05
2.2876e-05
2.2876e-05
2.2876e-05
2.2876e-05
2.2876e-05
2.2876e-05
2.2876e-05
2.2876e-05
2.2876e-05
2.2876e-05
2.2876e-05
2.2876e-05
2.2876e-05
2.2876e-05
2.2876e-05
2.2876e-05
2.2876e-05
2.2876e-05
2.2876e-05
2.2876e-05
2.2876e-05
2.2876e-05
2.2876e-05
2.2876e-05
2.2876e-05
2.2876e-05
2.2876e-05
2.2876e-05
2.2876e-05
2.2876e-05
2.2876e-05
2.2876e-05
2.2876e-05
2.2876e-05
2.2876e-05
2.2876e-05
2.2876e-05
2.2876e-05
2.2876e-05
2.2876e-05
2.2876e-05
2.2876e-05
2.2876e-05
2.2876e-05
2.2876e-05
2.2876e-05
2.2876e-05
2.2876e-05
2.2876e-05
2.2876e-05
2.2876e-05
2.2876e-05
2.2876e-05
2.2876e-05
2.2876e-05
2.2876e-05
2.2876e-05
2.2876e-05
2.2876e-05
2.2876e-05
2.2876e-05
2.2876e-05
2.2876e-05
2.2876e-05
2.2876e-05
2.2876e-05
2.2876e-05
2.2876e-05
2.2876e-05
2.2876e-05
2.2876e-05
2.2876e-05
2.2876e-05
2.2876e-05
2.2876e-05
2.2876e-05
2.2876e-05
2.2876e-05
2.2876e-05
2.2876e-05
2.2876e-05
2.2876e-05
2.2876e-05
2.2876e-05
2.2876e-05
2.2876e-05
2.2876e-05
2.2876e-05
2.2876e-05
2.2876e-05
2.2876e-05
2.2876e-05
2.2876e-05
2.2876e-05
2.2876e-05
2.2876e-05
2.2876e-05
2.2876e-05
2.2876e-05
2.2876e-05
2.2876e-05
2.2876e-05
2.2876e-05
2.2876e-05
2.2876e-05
2.2876e-05
2.2876e-05
2.2876e-05
2.2876e-05
2.2876e-05
2.2876e-05
2.2876e-05
2.2876e-05
2.2876e-05
2.2876e-05
2.2876e-05
2.2876e-05
2.2876e-05
2.2876e-05
2.2876e-05
2.2876e-05
2.2876e-05
2.2876e-05
2.2876e-05
2.2876e-05
2.2876e-05
2.2876e-05
2.2876e-05
2.2876e-05
2.2876e-05
2.2876e-05
2.2876e-05
2.2876e-05
2.2876e-05
2.2876e-05
2.2876e-05
2.2876e-05
2.2876e-05
2.2876e-05
2.2876e-05
2.2876e-05
2.2876e-05
2.2876e-05
2.2876e-05
2.2876e-05
2.2876e-05
2.2876e-05
2.2876e-05
2.2876e-05
2.2876e-05
2.2876e-05
2.2876e-05
2.2876e-05
2.2876e-05
2.2876e-05
2.2876e-05
2.2876e-05
2.2876e-05
2.2876e-05
2.2876e-05
2.2876e-05
2.2876e-05
2.2876e-05
2.2876e-05
2.2876e-05
2.2876e-05
2.2876e-05
2.2876e-05
2.2876e-05
2.2876e-05
2.2876e-05
2.2876e-05
2.2876e-05
2.2876e-05
2.2876e-05
2.2876e-05
2.2876e-05
2.2876e-05
2.2876e-05
2.2876e-05
2.2876e-05
2.2876e-05
2.2876e-05
2.2876e-05
2.2876e-05
2.2876e-05
2.2876e-05
2.2876e-05
2.2876e-05
2.2876e-05
2.2876e-05
2.2876e-05
2.2876e-05
2.2876e-05
2.2876e-05
2.2876e-05
2.2876e-05
2.2876e-05
2.2876e-05
2.2876e-05
2.2876e-05
2.2876e-05
2.2876e-05
2.2876e-05
2.2876e-05
2.2876e-05
2.2876e-05
2.2876e-05
2.2876e-05
2.2876e-05
2.2876e-05
2.2876e-05
2.2876e-05
2.2876e-05
2.2876e-05
2.2876e-05
2.2876e-05
2.2876e-05
2.2876e-05
2.2876e-05
2.2876e-05
2.2876e-05
2.2876e-05
2.2876e-05
2.2876e-05
2.2876e-05
2.2876e-05
2.2876e-05
2.2876e-05
2.2876e-05
2.2876e-05
2.2876e-05
2.2876e-05
2.2876e-05
2.2876e-05
2.2876e-05
2.2876e-05
2.2876e-05
2.2876e-05
2.2876e-05
2.2876e-05
2.2876e-05
2.2876e-05
2.2876e-05
2.2876e-05
2.2876e-05
2.2876e-05
2.2876e-05
2.2876e-05
2.2876e-05
2.2876e-05
2.2876e-05
2.2876e-05
2.2876e-05
2.2876e-05
2.2876e-05
2.2876e-05
2.2876e-05
2.2876e-05
2.2876e-05
2.2876e-05
2.2876e-05
2.2876e-05
2.2876e-05
2.2876e-05
2.2876e-05
2.2876e-05
2.2876e-05
2.2876e-05
2.2876e-05
2.2876e-05
2.2876e-05
2.2876e-05
2.2876e-05
2.2876e-05
2.2876e-05
2.2876e-05
2.2876e-05
2.2876e-05
2.2876e-05
2.2876e-05
2.2876e-05
2.2876e-05
2.2876e-05
2.2876e-05
2.2876e-05
2.2876e-05
2.2876e-05
2.2876e-05
2.2876e-05
2.2876e-05
2.2876e-05
2.2876e-05
2.2876e-05
2.2876e-05
2.2876e-05
2.2876e-05
2.2876e-05
2.2876e-05
2.2876e-05
2.2876e-05
2.2876e-05
2.2876e-05
2.2876e-05
2.2876e-05
2.2876e-05
2.2876e-05
2.2876e-05
2.2876e-05
2.2876e-05
2.2876e-05
2.2876e-05
2.2876e-05
2.2876e-05
2.2876e-05
2.2876e-05
2.2876e-05
2.2876e-05
2.2876e-05
2.2876e-05
2.2876e-05
2.2876e-05
2.2876e-05
2.2876e-05
2.2876e-05
2.2876e-05
2.2876e-05
2.2876e-05
2.2876e-05
2.2876e-05
2.2876e-05
2.2876e-05
2.2876e-05
2.2876e-05
2.2876e-05
2.2876e-05
2.2876e-05
2.2876e-05
2.2876e-05
2.2876e-05
2.2876e-05
2.2876e-05
2.2876e-05
2.2876e-05
2.2876e-05
2.2876e-05
2.2876e-05
2.2876e-05
2.2876e-05
2.2876e-05
2.2876e-05
2.2876e-05
2.2876e-05
2.2876e-05
2.2876e-05
2.2876e-05
2.2876e-05
2.2876e-05
2.2876e-05
2.2876e-05
2.2876e-05
2.2876e-05
2.2876e-05
2.2876e-05
2.2876e-05
2.2876e-05
2.2876e-05
2.2876e-05
2.2876e-05
2.2876e-05
2.2876e-05
2.2876e-05
2.2876e-05
2.2876e-05
2.2876e-05
2.2876e-05
2.2876e-05
2.2876e-05
2.2876e-05
2.2876e-05
2.2876e-05
2.2876e-05
2.2876e-05
2.2876e-05
2.2876e-05
2.2876e-05
2.2876e-05
2.2876e-05
2.2876e-05
2.2876e-05
2.2876e-05
2.2876e-05
2.2876e-05
2.2876e-05
2.2876e-05
2.2876e-05
2.2876e-05
2.2876e-05
2.2876e-05
2.2876e-05
2.2876e-05
2.2876e-05
2.2876e-05
2.2876e-05
2.2876e-05
2.2876e-05
2.2876e-05
2.2876e-05
2.2876e-05
2.2876e-05
2.2876e-05
2.2876e-05
2.2876e-05
2.2876e-05
2.2876e-05
2.2876e-05
2.2876e-05
2.2876e-05
2.2876e-05
2.2876e-05
2.2876e-05
2.2876e-05
2.2876e-05
2.2876e-05
2.2876e-05
2.2876e-05
2.2876e-05
2.2876e-05
2.2876e-05
2.2876e-05
2.2876e-05
2.2876e-05
2.2876e-05
2.2876e-05
2.2876e-05
2.2876e-05
2.2876e-05
2.2876e-05
2.2876e-05
2.2876e-05
2.2876e-05
2.2876e-05
2.2876e-05
2.2876e-05
2.2876e-05
2.2876e-05
2.2876e-05
2.2876e-05
2.2876e-05
2.2876e-05
2.2876e-05
2.2876e-05
2.2876e-05
2.2876e-05
2.2876e-05
2.2876e-05
2.2876e-05
2.2876e-05
2.2876e-05
2.2876e-05
2.2876e-05
2.2876e-05
2.2876e-05
2.2876e-05
2.2876e-05
2.2876e-05
2.2876e-05
2.2876e-05
2.2876e-05
2.2876e-05
2.2876e-05
2.2876e-05
2.2876e-05
2.2876e-05
2.2876e-05
2.2876e-05
2.2876e-05
2.2876e-05
2.2876e-05
2.2876e-05
2.2876e-05
2.2876e-05
2.2876e-05
2.2876e-05
2.2876e-05
2.2876e-05
2.2876e-05
2.2876e-05
2.2876e-05
2.2876e-05
2.2876e-05
2.2876e-05
2.2876e-05
2.2876e-05
2.2876e-05
2.2876e-05
2.2876e-05
2.2876e-05
2.2876e-05
2.2876e-05
2.2876e-05
2.2876e-05
2.2876e-05
2.2876e-05
2.2876e-05
2.2876e-05
2.2876e-05
2.2876e-05
2.2876e-05
2.2876e-05
2.2876e-05
2.2876e-05
2.2876e-05
2.2876e-05
2.2876e-05
2.2876e-05
2.2876e-05
2.2876e-05
2.2876e-05
2.2876e-05
2.2876e-05
2.2876e-05
2.2876e-05
2.2876e-05
2.2876e-05
2.2876e-05
2.2876e-05
2.2876e-05
2.2876e-05
2.2876e-05
2.2876e-05
2.2876e-05
2.2876e-05
2.2876e-05
2.2876e-05
2.2876e-05
2.2876e-05
2.2876e-05
2.2876e-05
2.2876e-05
2.2876e-05
2.2876e-05
2.2876e-05
2.2876e-05
2.2876e-05
2.2876e-05
2.2876e-05
2.2876e-05
2.2876e-05
2.2876e-05
2.2876e-05
2.2876e-05
2.2876e-05
2.2876e-05
2.2876e-05
2.2876e-05
2.2876e-05
2.2876e-05
2.2876e-05
2.2876e-05
2.2876e-05
2.2876e-05
2.2876e-05
2.2876e-05
2.2876e-05
2.2876e-05
2.2876e-05
2.2876e-05
2.2876e-05
2.2876e-05
2.2876e-05
2.2876e-05
2.2876e-05
2.2876e-05
2.2876e-05
2.2876e-05
2.2876e-05
2.2876e-05
2.2876e-05
2.2876e-05
2.2876e-05
2.2876e-05
2.2876e-05
2.2876e-05
2.2876e-05
2.2876e-05
2.2876e-05
2.2876e-05
2.2876e-05
2.2876e-05
2.2876e-05
2.2876e-05
2.2876e-05
2.2876e-05
2.2876e-05
2.2876e-05
2.2876e-05
2.2876e-05
2.2876e-05
2.2876e-05
2.2876e-05
2.2876e-05
2.2876e-05
2.2876e-05
2.2876e-05
2.2876e-05
2.2876e-05
2.2876e-05
2.2876e-05
2.2876e-05
2.2876e-05
2.2876e-05
2.2876e-05
2.2876e-05
2.2876e-05
2.2876e-05
2.2876e-05
2.2876e-05
2.2876e-05
2.2876e-05
2.2876e-05
2.2876e-05
2.2876e-05
2.2876e-05
2.2876e-05
2.2876e-05
2.2876e-05
2.2876e-05
2.2876e-05
2.2876e-05
2.2876e-05
2.2876e-05
2.2876e-05
2.2876e-05
2.2876e-05
2.2876e-05
2.2876e-05
2.2876e-05
2.2876e-05
2.2876e-05
2.2876e-05
2.2876e-05
2.2876e-05
2.2876e-05
2.2876e-05
2.2876e-05
2.2876e-05
2.2876e-05
2.2876e-05
2.2876e-05
2.2876e-05
2.2876e-05
2.2876e-05
2.2876e-05
2.2876e-05
2.2876e-05
2.2876e-05
2.2876e-05
2.2876e-05
2.2876e-05
2.2876e-05
2.2876e-05
2.2876e-05
2.2876e-05
2.2876e-05
2.2876e-05
2.2876e-05
2.2876e-05
2.2876e-05
2.2876e-05
2.2876e-05
2.2876e-05
2.2876e-05
2.2876e-05
2.2876e-05
2.2876e-05
2.2876e-05
2.2876e-05
2.2876e-05
2.2876e-05
2.2876e-05
2.2876e-05
2.2876e-05
2.2876e-05
2.2876e-05
2.2876e-05
2.2876e-05
2.2876e-05
2.2876e-05
2.2876e-05
2.2876e-05
2.2876e-05
2.2876e-05
2.2876e-05
2.2876e-05
2.2876e-05
2.2876e-05
2.2876e-05
2.2876e-05
2.2876e-05
2.2876e-05
2.2876e-05
2.2876e-05
2.2876e-05
2.2876e-05
2.2876e-05
2.2876e-05
2.2876e-05
2.2876e-05
2.2876e-05
2.2876e-05
2.2876e-05
2.2876e-05
2.2876e-05
2.2876e-05
2.2876e-05
2.2876e-05
2.2876e-05
2.2876e-05
2.2876e-05
2.2876e-05
2.2876e-05
2.2876e-05
2.2876e-05
2.2876e-05
2.2876e-05
2.2876e-05
2.2876e-05
2.2876e-05
2.2876e-05
2.2876e-05
2.2876e-05
2.2876e-05
2.2876e-05
2.2876e-05
2.2876e-05
2.2876e-05
2.2876e-05
2.2876e-05
2.2876e-05
2.2876e-05
2.2876e-05
2.2876e-05
2.2876e-05
2.2876e-05
2.2876e-05
2.2876e-05
2.2876e-05
2.2876e-05
2.2876e-05
2.2876e-05
2.2876e-05
2.2876e-05
2.2876e-05
2.2876e-05
2.2876e-05
2.2876e-05
2.2876e-05
2.2876e-05
2.2876e-05
2.2876e-05
2.2876e-05
2.2876e-05
2.2876e-05
2.2876e-05
2.2876e-05
2.2876e-05
2.2876e-05
2.2876e-05
2.2876e-05
2.2876e-05
2.2876e-05
2.2876e-05
2.2876e-05
2.2876e-05
2.2876e-05
2.2876e-05
2.2876e-05
2.2876e-05
2.2876e-05
2.2876e-05
2.2876e-05
2.2876e-05
2.2876e-05
2.2876e-05
2.2876e-05
2.2876e-05
2.2876e-05
2.2876e-05
2.2876e-05
2.2876e-05
2.2876e-05
2.2876e-05
2.2876e-05
2.2876e-05
2.2876e-05
2.2876e-05
2.2876e-05
2.2876e-05
2.2876e-05
2.2876e-05
2.2876e-05
2.2876e-05
2.2876e-05
2.2876e-05
2.2876e-05
2.2876e-05
2.2876e-05
2.2876e-05
2.2876e-05
2.2876e-05
2.2876e-05
2.2876e-05
2.2876e-05
2.2876e-05
2.2876e-05
2.2876e-05
2.2876e-05
2.2876e-05
2.2876e-05
2.2876e-05
2.2876e-05
2.2876e-05
2.2876e-05
2.2876e-05
2.2876e-05
2.2876e-05
2.2876e-05
2.2876e-05
2.2876e-05
2.2876e-05
2.2876e-05
2.2876e-05
2.2876e-05
2.2876e-05
2.2876e-05
2.2876e-05
2.2876e-05
2.2876e-05
2.2876e-05
2.2876e-05
2.2876e-05
2.2876e-05
2.2876e-05
2.2876e-05
2.2876e-05
2.2876e-05
2.2876e-05
2.2876e-05
2.2876e-05
2.2876e-05
2.2876e-05
2.2876e-05
2.2876e-05
2.2876e-05
2.2876e-05
2.2876e-05
2.2876e-05
2.2876e-05
2.2876e-05
2.2876e-05
2.2876e-05
2.2876e-05
2.2876e-05
2.2876e-05
2.2876e-05
2.2876e-05
2.2876e-05
2.2876e-05
2.2876e-05
2.2876e-05
2.2876e-05
2.2876e-05
2.2876e-05
2.2876e-05
2.2876e-05
2.2876e-05
2.2876e-05
2.2876e-05
2.2876e-05
2.2876e-05
2.2876e-05
2.2876e-05
2.2876e-05
2.2876e-05
2.2876e-05
2.2876e-05
2.2876e-05
2.2876e-05
2.2876e-05
2.2876e-05
2.2876e-05
2.2876e-05
2.2876e-05
2.2876e-05
2.2876e-05
2.2876e-05
2.2876e-05
2.2876e-05
2.2876e-05
2.2876e-05
2.2876e-05
2.2876e-05
2.2876e-05
2.2876e-05
2.2876e-05
2.2876e-05
2.2876e-05
2.2876e-05
2.2876e-05
2.2876e-05
2.2876e-05
2.2876e-05
2.2876e-05
2.2876e-05
2.2876e-05
2.2876e-05
2.2876e-05
2.2876e-05
2.2876e-05
2.2876e-05
2.2876e-05
2.2876e-05
2.2876e-05
2.2876e-05
2.2876e-05
2.2876e-05
2.2876e-05
2.2876e-05
2.2876e-05
2.2876e-05
2.2876e-05
2.2876e-05
2.2876e-05
2.2876e-05
2.2876e-05
2.2876e-05
2.2876e-05
2.2876e-05
2.2876e-05
2.2876e-05
2.2876e-05
2.2876e-05
2.2876e-05
2.2876e-05
2.2876e-05
2.2876e-05
2.2876e-05
2.2876e-05
2.2876e-05
2.2876e-05
2.2876e-05
2.2876e-05
2.2876e-05
2.2876e-05
2.2876e-05
2.2876e-05
2.2876e-05
2.2876e-05
2.2876e-05
2.2876e-05
2.2876e-05
2.2876e-05
2.2876e-05
2.2876e-05
2.2876e-05
2.2876e-05
2.2876e-05
2.2876e-05
2.2876e-05
2.2876e-05
2.2876e-05
2.2876e-05
2.2876e-05
2.2876e-05
2.2876e-05
2.2876e-05
2.2876e-05
2.2876e-05
2.2876e-05
2.2876e-05
2.2876e-05
2.2876e-05
2.2876e-05
2.2876e-05
2.2876e-05
2.2876e-05
2.2876e-05
2.2876e-05
2.2876e-05
2.2876e-05
2.2876e-05
2.2876e-05
2.2876e-05
2.2876e-05
2.2876e-05
2.2876e-05
2.2876e-05
2.2876e-05
2.2876e-05
2.2876e-05
2.2876e-05
2.2876e-05
2.2876e-05
2.2876e-05
2.2876e-05
2.2876e-05
2.2876e-05
2.2876e-05
2.2876e-05
2.2876e-05
2.2876e-05
2.2876e-05
2.2876e-05
2.2876e-05
2.2876e-05
2.2876e-05
2.2876e-05
2.2876e-05
2.2876e-05
2.2876e-05
2.2876e-05
2.2876e-05
2.2876e-05
2.2876e-05
2.2876e-05
2.2876e-05
2.2876e-05
2.2876e-05
2.2876e-05
2.2876e-05
2.2876e-05
2.2876e-05
2.2876e-05
2.2876e-05
2.2876e-05
2.2876e-05
2.2876e-05
2.2876e-05
2.2876e-05
2.2876e-05
2.2876e-05
2.2876e-05
2.2876e-05
2.2876e-05
2.2876e-05
2.2876e-05
2.2876e-05
2.2876e-05
2.2876e-05
2.2876e-05
2.2876e-05
2.2876e-05
2.2876e-05
2.2876e-05
2.2876e-05
2.2876e-05
2.2876e-05
2.2876e-05
2.2876e-05
2.2876e-05
2.2876e-05
2.2876e-05
2.2876e-05
2.2876e-05
2.2876e-05
2.2876e-05
2.2876e-05
2.2876e-05
2.2876e-05
2.2876e-05
2.2876e-05
2.2876e-05
2.2876e-05
2.2876e-05
2.2876e-05
2.2876e-05
2.2876e-05
2.2876e-05
2.2876e-05
2.2876e-05
2.2876e-05
2.2876e-05
2.2876e-05
2.2876e-05
2.2876e-05
2.2876e-05
2.2876e-05
2.2876e-05
2.2876e-05
2.2876e-05
2.2876e-05
2.2876e-05
2.2876e-05
2.2876e-05
2.2876e-05
2.2876e-05
2.2876e-05
2.2876e-05
2.2876e-05
2.2876e-05
2.2876e-05
2.2876e-05
2.2876e-05
2.2876e-05
2.2876e-05
2.2876e-05
2.2876e-05
2.2876e-05
2.2876e-05
2.2876e-05
2.2876e-05
2.2876e-05
2.2876e-05
2.2876e-05
2.2876e-05
2.2876e-05
2.2876e-05
2.2876e-05
2.2876e-05
2.2876e-05
2.2876e-05
2.2876e-05
2.2876e-05
2.2876e-05
2.2876e-05
2.2876e-05
2.2876e-05
2.2876e-05
2.2876e-05
2.2876e-05
2.2876e-05
2.2876e-05
2.2876e-05
2.2876e-05
2.2876e-05
2.2876e-05
2.2876e-05
2.2876e-05
2.2876e-05
2.2876e-05
2.2876e-05
2.2876e-05
2.2876e-05
2.2876e-05
2.2876e-05
2.2876e-05
2.2876e-05
2.2876e-05
2.2876e-05
2.2876e-05
2.2876e-05
2.2876e-05
2.2876e-05
2.2876e-05
2.2876e-05
2.2876e-05
2.2876e-05
2.2876e-05
2.2876e-05
2.2876e-05
2.2876e-05
2.2876e-05
2.2876e-05
2.2876e-05
2.2876e-05
2.2876e-05
2.2876e-05
2.2876e-05
2.2876e-05
2.2876e-05
2.2876e-05
2.2876e-05
2.2876e-05
2.2876e-05
2.2876e-05
2.2876e-05
2.2876e-05
2.2876e-05
2.2876e-05
2.2876e-05
2.2876e-05
2.2876e-05
2.2876e-05
2.2876e-05
2.2876e-05
2.2876e-05
2.2876e-05
2.2876e-05
2.2876e-05
2.2876e-05
2.2876e-05
2.2876e-05
2.2876e-05
2.2876e-05
2.2876e-05
2.2876e-05
2.2876e-05
2.2876e-05
2.2876e-05
2.2876e-05
2.2876e-05
2.2876e-05
2.2876e-05
2.2876e-05
2.2876e-05
2.2876e-05
2.2876e-05
2.2876e-05
2.2876e-05
2.2876e-05
2.2876e-05
2.2876e-05
2.2876e-05
2.2876e-05
2.2876e-05
2.2876e-05
2.2876e-05
2.2876e-05
2.2876e-05
2.2876e-05
2.2876e-05
2.2876e-05
2.2876e-05
2.2876e-05
2.2876e-05
2.2876e-05
2.2876e-05
2.2876e-05
2.2876e-05
2.2876e-05
2.2876e-05
2.2876e-05
2.2876e-05
2.2876e-05
2.2876e-05
2.2876e-05
2.2876e-05
2.2876e-05
2.2876e-05
2.2876e-05
2.2876e-05
2.2876e-05
2.2876e-05
2.2876e-05
2.2876e-05
2.2876e-05
2.2876e-05
2.2876e-05
2.2876e-05
2.2876e-05
2.2876e-05
2.2876e-05
2.2876e-05
2.2876e-05
2.2876e-05
2.2876e-05
2.2876e-05
2.2876e-05
2.2876e-05
2.2876e-05
2.2876e-05
2.2876e-05
2.2876e-05
2.2876e-05
2.2876e-05
2.2876e-05
2.2876e-05
2.2876e-05
2.2876e-05
2.2876e-05
2.2876e-05
2.2876e-05
2.2876e-05
2.2876e-05
2.2876e-05
2.2876e-05
2.2876e-05
2.2876e-05
2.2876e-05
2.2876e-05
2.2876e-05
2.2876e-05
2.2876e-05
2.2876e-05
2.2876e-05
2.2876e-05
2.2876e-05
2.2876e-05
2.2876e-05
2.2876e-05
2.2876e-05
2.2876e-05
2.2876e-05
2.2876e-05
2.2876e-05
2.2876e-05
2.2876e-05
2.2876e-05
2.2876e-05
2.2876e-05
2.2876e-05
2.2876e-05
2.2876e-05
2.2876e-05
2.2876e-05
2.2876e-05
2.2876e-05
2.2876e-05
2.2876e-05
2.2876e-05
2.2876e-05
2.2876e-05
2.2876e-05
2.2876e-05
2.2876e-05
2.2876e-05
2.2876e-05
2.2876e-05
2.2876e-05
2.2876e-05
2.2876e-05
2.2876e-05
2.2876e-05
2.2876e-05
2.2876e-05
2.2876e-05
2.2876e-05
2.2876e-05
2.2876e-05
2.2876e-05
2.2876e-05
2.2876e-05
2.2876e-05
2.2876e-05
2.2876e-05
2.2876e-05
2.2876e-05
2.2876e-05
2.2876e-05
2.2876e-05
2.2876e-05
2.2876e-05
2.2876e-05
2.2876e-05
2.2876e-05
2.2876e-05
2.2876e-05
2.2876e-05
2.2876e-05
2.2876e-05
2.2876e-05
2.2876e-05
2.2876e-05
2.2876e-05
2.2876e-05
2.2876e-05
2.2876e-05
2.2876e-05
2.2876e-05
2.2876e-05
2.2876e-05
2.2876e-05
2.2876e-05
2.2876e-05
2.2876e-05
2.2876e-05
2.2876e-05
2.2876e-05
2.2876e-05
2.2876e-05
2.2876e-05
2.2876e-05
2.2876e-05
2.2876e-05
2.2876e-05
2.2876e-05
2.2876e-05
2.2876e-05
2.2876e-05
2.2876e-05
2.2876e-05
2.2876e-05
2.2876e-05
2.2876e-05
2.2876e-05
2.2876e-05
2.2876e-05
2.2876e-05
2.2876e-05
1.52506e-05
1.52506e-05
1.52506e-05
1.52506e-05
1.52506e-05
1.52506e-05
1.52506e-05
1.52506e-05
1.52506e-05
1.52506e-05
1.52506e-05
1.52506e-05
1.52506e-05
1.52506e-05
1.52506e-05
1.52506e-05
1.52506e-05
1.52506e-05
1.52506e-05
1.52506e-05
1.52506e-05
1.52506e-05
1.52506e-05
1.52506e-05
1.52506e-05
1.52506e-05
1.52506e-05
1.52506e-05
1.52506e-05
1.52506e-05
1.52506e-05
1.52506e-05
1.52506e-05
1.52506e-05
1.52506e-05
1.52506e-05
1.52506e-05
1.52506e-05
1.52506e-05
1.52506e-05
1.52506e-05
1.52506e-05
1.52506e-05
1.52506e-05
1.52506e-05
1.52506e-05
1.52506e-05
1.52506e-05
1.52506e-05
1.52506e-05
1.52506e-05
1.52506e-05
1.52506e-05
1.52506e-05
1.52506e-05
1.52506e-05
1.52506e-05
1.52506e-05
1.52506e-05
1.52506e-05
1.52506e-05
1.52506e-05
1.52506e-05
1.52506e-05
1.52506e-05
1.52506e-05
1.52506e-05
1.52506e-05
1.52506e-05
1.52506e-05
1.52506e-05
1.52506e-05
1.52506e-05
1.52506e-05
1.52506e-05
1.52506e-05
1.52506e-05
1.52506e-05
1.52506e-05
1.52506e-05
1.52506e-05
1.52506e-05
1.52506e-05
1.52506e-05
1.52506e-05
1.52506e-05
1.52506e-05
1.52506e-05
1.52506e-05
1.52506e-05
1.52506e-05
1.52506e-05
1.52506e-05
1.52506e-05
1.52506e-05
1.52506e-05
1.52506e-05
1.52506e-05
1.52506e-05
1.52506e-05
1.52506e-05
1.52506e-05
1.52506e-05
1.52506e-05
1.52506e-05
1.52506e-05
1.52506e-05
1.52506e-05
1.52506e-05
1.52506e-05
1.52506e-05
1.52506e-05
1.52506e-05
1.52506e-05
1.52506e-05
1.52506e-05
1.52506e-05
1.52506e-05
1.52506e-05
1.52506e-05
1.52506e-05
1.52506e-05
1.52506e-05
1.52506e-05
1.52506e-05
1.52506e-05
1.52506e-05
1.52506e-05
1.52506e-05
1.52506e-05
1.52506e-05
1.52506e-05
1.52506e-05
1.52506e-05
1.52506e-05
1.52506e-05
1.52506e-05
1.52506e-05
1.52506e-05
1.52506e-05
1.52506e-05
1.52506e-05
1.52506e-05
1.52506e-05
1.52506e-05
1.52506e-05
1.52506e-05
1.52506e-05
1.52506e-05
1.52506e-05
1.52506e-05
1.52506e-05
1.52506e-05
1.52506e-05
1.52506e-05
1.52506e-05
1.52506e-05
1.52506e-05
1.52506e-05
1.52506e-05
1.52506e-05
1.52506e-05
1.52506e-05
1.52506e-05
1.52506e-05
1.52506e-05
1.52506e-05
1.52506e-05
1.52506e-05
1.52506e-05
1.52506e-05
1.52506e-05
1.52506e-05
1.52506e-05
1.52506e-05
1.52506e-05
1.52506e-05
1.52506e-05
1.52506e-05
1.52506e-05
1.52506e-05
1.52506e-05
1.52506e-05
1.52506e-05
1.52506e-05
1.52506e-05
1.52506e-05
1.52506e-05
1.52506e-05
1.52506e-05
1.52506e-05
1.52506e-05
1.52506e-05
1.52506e-05
1.52506e-05
1.52506e-05
1.52506e-05
1.52506e-05
1.52506e-05
1.52506e-05
1.52506e-05
1.52506e-05
1.52506e-05
1.52506e-05
1.52506e-05
1.52506e-05
1.52506e-05
1.52506e-05
1.52506e-05
1.52506e-05
1.52506e-05
1.52506e-05
1.52506e-05
1.52506e-05
1.52506e-05
1.52506e-05
1.52506e-05
1.52506e-05
1.52506e-05
1.52506e-05
1.52506e-05
1.52506e-05
1.52506e-05
1.52506e-05
1.52506e-05
1.52506e-05
1.52506e-05
1.52506e-05
1.52506e-05
1.52506e-05
1.52506e-05
1.52506e-05
1.52506e-05
1.52506e-05
1.52506e-05
1.52506e-05
1.52506e-05
1.52506e-05
1.52506e-05
1.52506e-05
1.52506e-05
1.52506e-05
1.52506e-05
1.52506e-05
1.52506e-05
1.52506e-05
1.52506e-05
1.52506e-05
1.52506e-05
1.52506e-05
1.52506e-05
1.52506e-05
1.52506e-05
1.52506e-05
1.52506e-05
1.52506e-05
1.52506e-05
1.52506e-05
1.52506e-05
1.52506e-05
1.52506e-05
1.52506e-05
1.52506e-05
1.52506e-05
1.52506e-05
1.52506e-05
1.52506e-05
1.52506e-05
1.52506e-05
1.52506e-05
1.52506e-05
1.52506e-05
1.52506e-05
1.52506e-05
1.52506e-05
1.52506e-05
1.52506e-05
1.52506e-05
1.52506e-05
1.52506e-05
1.52506e-05
1.52506e-05
1.52506e-05
1.52506e-05
1.52506e-05
1.52506e-05
1.52506e-05
1.52506e-05
1.52506e-05
1.52506e-05
1.52506e-05
1.52506e-05
1.52506e-05
1.52506e-05
1.52506e-05
1.52506e-05
1.52506e-05
1.52506e-05
1.52506e-05
1.52506e-05
7.62532e-06
7.62532e-06
7.62532e-06
7.62532e-06
7.62532e-06
7.62532e-06
7.62532e-06
7.62532e-06
7.62532e-06
7.62532e-06
7.62532e-06
7.62532e-06
7.62532e-06
7.62532e-06
7.62532e-06
7.62532e-06
7.62532e-06
7.62532e-06
7.62532e-06
7.62532e-06
7.62532e-06
7.62532e-06
7.62532e-06
7.62532e-06
7.62532e-06
7.62532e-06
7.62532e-06
7.62532e-06
7.62532e-06
7.62532e-06
7.62532e-06
7.62532e-06
7.62532e-06
7.62532e-06
7.62532e-06
7.62532e-06
7.62532e-06
7.62532e-06
7.62532e-06
7.62532e-06
7.62532e-06
7.62532e-06
7.62532e-06
7.62532e-06
7.62532e-06
7.62532e-06
7.62532e-06
7.62532e-06
7.62532e-06
7.62532e-06
7.62532e-06
7.62532e-06
7.62532e-06
7.62532e-06
7.62532e-06
7.62532e-06
7.62532e-06
7.62532e-06
7.62532e-06
7.62532e-06
7.62532e-06
7.62532e-06
7.62532e-06
7.62532e-06
7.62532e-06
7.62532e-06
7.62532e-06
7.62532e-06
7.62532e-06
7.62532e-06
7.62532e-06
7.62532e-06
7.62532e-06
7.62532e-06
7.62532e-06
7.62532e-06
7.62532e-06
7.62532e-06
7.62532e-06
7.62532e-06
7.62532e-06
7.62532e-06
7.62532e-06
7.62532e-06
7.62532e-06
7.62532e-06
7.62532e-06
7.62532e-06
7.62532e-06
7.62532e-06
7.62532e-06
7.62532e-06
7.62532e-06
7.62532e-06
7.62532e-06
7.62532e-06
7.62532e-06
7.62532e-06
7.62532e-06
7.62532e-06
7.62532e-06
7.62532e-06
7.62532e-06
7.62532e-06
7.62532e-06
7.62532e-06
7.62532e-06
7.62532e-06
7.62532e-06
7.62532e-06
7.62532e-06
7.62532e-06
7.62532e-06
7.62532e-06
7.62532e-06
7.62532e-06
7.62532e-06
7.62532e-06
7.62532e-06
7.62532e-06
7.62532e-06
7.62532e-06
7.62532e-06
7.62532e-06
7.62532e-06
7.62532e-06
7.62532e-06
7.62532e-06
7.62532e-06
7.62532e-06
7.62532e-06
7.62532e-06
7.62532e-06
7.62532e-06
7.62532e-06
7.62532e-06
7.62532e-06
7.62532e-06
7.62532e-06
7.62532e-06
7.62532e-06
7.62532e-06
7.62532e-06
7.62532e-06
7.62532e-06
7.62532e-06
7.62532e-06
7.62532e-06
7.62532e-06
7.62532e-06
7.62532e-06
7.62532e-06
7.62532e-06
7.62532e-06
7.62532e-06
7.62532e-06
7.62532e-06
7.62532e-06
7.62532e-06
7.62532e-06
7.62532e-06
7.62532e-06
7.62532e-06
7.62532e-06
7.62532e-06
7.62532e-06
7.62532e-06
7.62532e-06
7.62532e-06
7.62532e-06
7.62532e-06
7.62532e-06
7.62532e-06
7.62532e-06
7.62532e-06
7.62532e-06
7.62532e-06
7.62532e-06
7.62532e-06
7.62532e-06
7.62532e-06
7.62532e-06
7.62532e-06
7.62532e-06
7.62532e-06
7.62532e-06
7.62532e-06
7.62532e-06
7.62532e-06
7.62532e-06
7.62532e-06
7.62532e-06
7.62532e-06
7.62532e-06
7.62532e-06
7.62532e-06
7.62532e-06
7.62532e-06
7.62532e-06
7.62532e-06
7.62532e-06
7.62532e-06
7.62532e-06
7.62532e-06
7.62532e-06
7.62532e-06
7.62532e-06
7.62532e-06
7.62532e-06
7.62532e-06
7.62532e-06
7.62532e-06
7.62532e-06
7.62532e-06
7.62532e-06
7.62532e-06
7.62532e-06
7.62532e-06
7.62532e-06
7.62532e-06
7.62532e-06
7.62532e-06
7.62532e-06
7.62532e-06
7.62532e-06
7.62532e-06
7.62532e-06
7.62532e-06
7.62532e-06
7.62532e-06
7.62532e-06
7.62532e-06
7.62532e-06
7.62532e-06
7.62532e-06
7.62532e-06
7.62532e-06
7.62532e-06
7.62532e-06
7.62532e-06
7.62532e-06
7.62532e-06
7.62532e-06
7.62532e-06
7.62532e-06
7.62532e-06
7.62532e-06
7.62532e-06
7.62532e-06
7.62532e-06
7.62532e-06
7.62532e-06
7.62532e-06
7.62532e-06
7.62532e-06
7.62532e-06
7.62532e-06
7.62532e-06
7.62532e-06
7.62532e-06
7.62532e-06
7.62532e-06
7.62532e-06
7.62532e-06
7.62532e-06
7.62532e-06
7.62532e-06
7.62532e-06
7.62532e-06
7.62532e-06
7.62532e-06
7.62532e-06
7.62532e-06
7.62532e-06
7.62532e-06
7.62532e-06
7.62532e-06
7.62532e-06
7.62532e-06
7.62532e-06
7.62532e-06
7.62532e-06
7.62532e-06
7.62532e-06
7.62532e-06
7.62532e-06
7.62532e-06
7.62532e-06
7.62532e-06
7.62532e-06
7.62532e-06
7.62532e-06
7.62532e-06
7.62532e-06
7.62532e-06
7.62532e-06
7.62532e-06
7.62532e-06
7.62532e-06
7.62532e-06
7.62532e-06
7.62532e-06
7.62532e-06
7.62532e-06
7.62532e-06
7.62532e-06
7.62532e-06
7.62532e-06
7.62532e-06
7.62532e-06
7.62532e-06
7.62532e-06
7.62532e-06
7.62532e-06
7.62532e-06
7.62532e-06
7.62532e-06
7.62532e-06
7.62532e-06
7.62532e-06
7.62532e-06
7.62532e-06
7.62532e-06
7.62532e-06
7.62532e-06
7.62532e-06
7.62532e-06
7.62532e-06
7.62532e-06
7.62532e-06
7.62532e-06
7.62532e-06
7.62532e-06
7.62532e-06
7.62532e-06
7.62532e-06
7.62532e-06
7.62532e-06
7.62532e-06
7.62532e-06
7.62532e-06
7.62532e-06
7.62532e-06
7.62532e-06
7.62532e-06
7.62532e-06
7.62532e-06
7.62532e-06
7.62532e-06
7.62532e-06
7.62532e-06
7.62532e-06
7.62532e-06
7.62532e-06
7.62532e-06
7.62532e-06
7.62532e-06
7.62532e-06
7.62532e-06
7.62532e-06
7.62532e-06
7.62532e-06
7.62532e-06
7.62532e-06
7.62532e-06
7.62532e-06
7.62532e-06
7.62532e-06
7.62532e-06
7.62532e-06
7.62532e-06
7.62532e-06
7.62532e-06
7.62532e-06
7.62532e-06
7.62532e-06
7.62532e-06
7.62532e-06
7.62532e-06
7.62532e-06
7.62532e-06
7.62532e-06
7.62532e-06
7.62532e-06
7.62532e-06
7.62532e-06
7.62532e-06
7.62532e-06
7.62532e-06
7.62532e-06
7.62532e-06
7.62532e-06
7.62532e-06
7.62532e-06
7.62532e-06
7.62532e-06
7.62532e-06
7.62532e-06
7.62532e-06
7.62532e-06
7.62532e-06
7.62532e-06
7.62532e-06
7.62532e-06
7.62532e-06
7.62532e-06
7.62532e-06
7.62532e-06
7.62532e-06
7.62532e-06
7.62532e-06
7.62532e-06
7.62532e-06
7.62532e-06
7.62532e-06
7.62532e-06
7.62532e-06
7.62532e-06
7.62532e-06
7.62532e-06
7.62532e-06
7.62532e-06
7.62532e-06
7.62532e-06
7.62532e-06
7.62532e-06
7.62532e-06
7.62532e-06
7.62532e-06
7.62532e-06
7.62532e-06
7.62532e-06
7.62532e-06
7.62532e-06
7.62532e-06
7.62532e-06
7.62532e-06
7.62532e-06
7.62532e-06
7.62532e-06
7.62532e-06
7.62532e-06
7.62532e-06
7.62532e-06
7.62532e-06
7.62532e-06
7.62532e-06
7.62532e-06
7.62532e-06
7.62532e-06
7.62532e-06
7.62532e-06
7.62532e-06
7.62532e-06
7.62532e-06
7.62532e-06
7.62532e-06
7.62532e-06
7.62532e-06
7.62532e-06
7.62532e-06
7.62532e-06
7.62532e-06
7.62532e-06
7.62532e-06
7.62532e-06
7.62532e-06
7.62532e-06
7.62532e-06
7.62532e-06
7.62532e-06
7.62532e-06
7.62532e-06
7.62532e-06
7.62532e-06
7.62532e-06
7.62532e-06
7.62532e-06
7.62532e-06
7.62532e-06
7.62532e-06
7.62532e-06
7.62532e-06
7.62532e-06
7.62532e-06
7.62532e-06
7.62532e-06
7.62532e-06
7.62532e-06
7.62532e-06
7.62532e-06
7.62532e-06
7.62532e-06
7.62532e-06
7.62532e-06
7.62532e-06
7.62532e-06
7.62532e-06
7.62532e-06
7.62532e-06
7.62532e-06
7.62532e-06
7.62532e-06
7.62532e-06
7.62532e-06
7.62532e-06
7.62532e-06
7.62532e-06
7.62532e-06
7.62532e-06
7.62532e-06
7.62532e-06
7.62532e-06
7.62532e-06
7.62532e-06
7.62532e-06
7.62532e-06
7.62532e-06
7.62532e-06
7.62532e-06
7.62532e-06
7.62532e-06
7.62532e-06
7.62532e-06
7.62532e-06
7.62532e-06
7.62532e-06
7.62532e-06
7.62532e-06
7.62532e-06
7.62532e-06
7.62532e-06
7.62532e-06
7.62532e-06
7.62532e-06
7.62532e-06
7.62532e-06
7.62532e-06
7.62532e-06
7.62532e-06
7.62532e-06
7.62532e-06
7.62532e-06
7.62532e-06
7.62532e-06
7.62532e-06
7.62532e-06
7.62532e-06
7.62532e-06
7.62532e-06
7.62532e-06
7.62532e-06
7.62532e-06
7.62532e-06
7.62532e-06
7.62532e-06
7.62532e-06
7.62532e-06
7.62532e-06
7.62532e-06
7.62532e-06
7.62532e-06
7.62532e-06
7.62532e-06
7.62532e-06
7.62532e-06
7.62532e-06
7.62532e-06
7.62532e-06
7.62532e-06
7.62532e-06
7.62532e-06
7.62532e-06
7.62532e-06
7.62532e-06
7.62532e-06
7.62532e-06
7.62532e-06
7.62532e-06
7.62532e-06
7.62532e-06
7.62532e-06
7.62532e-06
7.62532e-06
7.62532e-06
7.62532e-06
7.62532e-06
7.62532e-06
7.62532e-06
7.62532e-06
7.62532e-06
7.62532e-06
7.62532e-06
7.62532e-06
7.62532e-06
7.62532e-06
7.62532e-06
7.62532e-06
7.62532e-06
7.62532e-06
7.62532e-06
7.62532e-06
7.62532e-06
7.62532e-06
7.62532e-06
7.62532e-06
7.62532e-06
7.62532e-06
7.62532e-06
7.62532e-06
7.62532e-06
7.62532e-06
7.62532e-06
7.62532e-06
7.62532e-06
7.62532e-06
7.62532e-06
7.62532e-06
7.62532e-06
7.62532e-06
7.62532e-06
7.62532e-06
7.62532e-06
7.62532e-06
7.62532e-06
7.62532e-06
7.62532e-06
7.62532e-06
7.62532e-06
7.62532e-06
7.62532e-06
7.62532e-06
7.62532e-06
7.62532e-06
7.62532e-06
7.62532e-06
7.62532e-06
7.62532e-06
7.62532e-06
7.62532e-06
7.62532e-06
7.62532e-06
7.62532e-06
7.62532e-06
7.62532e-06
7.62532e-06
7.62532e-06
7.62532e-06
7.62532e-06
7.62532e-06
7.62532e-06
7.62532e-06
7.62532e-06
7.62532e-06
7.62532e-06
7.62532e-06
7.62532e-06
7.62532e-06
7.62532e-06
7.62532e-06
7.62532e-06
7.62532e-06
7.62532e-06
7.62532e-06
7.62532e-06
7.62532e-06
7.62532e-06
7.62532e-06
7.62532e-06
7.62532e-06
7.62532e-06
7.62532e-06
7.62532e-06
7.62532e-06
7.62532e-06
7.62532e-06
7.62532e-06
7.62532e-06
7.62532e-06
7.62532e-06
7.62532e-06
7.62532e-06
7.62532e-06
7.62532e-06
7.62532e-06
7.62532e-06
7.62532e-06
7.62532e-06
7.62532e-06
7.62532e-06
7.62532e-06
7.62532e-06
7.62532e-06
7.62532e-06
7.62532e-06
7.62532e-06
7.62532e-06
7.62532e-06
7.62532e-06
7.62532e-06
7.62532e-06
7.62532e-06
7.62532e-06
7.62532e-06
7.62532e-06
7.62532e-06
7.62532e-06
7.62532e-06
7.62532e-06
7.62532e-06
7.62532e-06
7.62532e-06
7.62532e-06
7.62532e-06
7.62532e-06
7.62532e-06
7.62532e-06
7.62532e-06
7.62532e-06
7.62532e-06
7.62532e-06
7.62532e-06
7.62532e-06
7.62532e-06
7.62532e-06
7.62532e-06
7.62532e-06
7.62532e-06
7.62532e-06
7.62532e-06
7.62532e-06
7.62532e-06
7.62532e-06
7.62532e-06
7.62532e-06
7.62532e-06
7.62532e-06
7.62532e-06
7.62532e-06
7.62532e-06
7.62532e-06
7.62532e-06
7.62532e-06
7.62532e-06
7.62532e-06
7.62532e-06
7.62532e-06
7.62532e-06
7.62532e-06
7.62532e-06
7.62532e-06
7.62532e-06
7.62532e-06
7.62532e-06
7.62532e-06
7.62532e-06
7.62532e-06
7.62532e-06
7.62532e-06
7.62532e-06
7.62532e-06
7.62532e-06
7.62532e-06
7.62532e-06
7.62532e-06
7.62532e-06
7.62532e-06
7.62532e-06
7.62532e-06
7.62532e-06
7.62532e-06
7.62532e-06
7.62532e-06
7.62532e-06
7.62532e-06
7.62532e-06
7.62532e-06
7.62532e-06
7.62532e-06
7.62532e-06
7.62532e-06
7.62532e-06
7.62532e-06
7.62532e-06
7.62532e-06
7.62532e-06
7.62532e-06
7.62532e-06
7.62532e-06
7.62532e-06
7.62532e-06
7.62532e-06
7.62532e-06
7.62532e-06
7.62532e-06
7.62532e-06
7.62532e-06
7.62532e-06
7.62532e-06
7.62532e-06
7.62532e-06
7.62532e-06
7.62532e-06
7.62532e-06
7.62532e-06
7.62532e-06
7.62532e-06
7.62532e-06
7.62532e-06
7.62532e-06
7.62532e-06
7.62532e-06
7.62532e-06
7.62532e-06
7.62532e-06
7.62532e-06
7.62532e-06
7.62532e-06
7.62532e-06
7.62532e-06
7.62532e-06
7.62532e-06
7.62532e-06
7.62532e-06
7.62532e-06
7.62532e-06
7.62532e-06
7.62532e-06
7.62532e-06
7.62532e-06
7.62532e-06
7.62532e-06
7.62532e-06
7.62532e-06
7.62532e-06
7.62532e-06
7.62532e-06
7.62532e-06
7.62532e-06
7.62532e-06
7.62532e-06
7.62532e-06
7.62532e-06
7.62532e-06
7.62532e-06
7.62532e-06
7.62532e-06
7.62532e-06
7.62532e-06
7.62532e-06
7.62532e-06
7.62532e-06
7.62532e-06
7.62532e-06
7.62532e-06
7.62532e-06
7.62532e-06
7.62532e-06
7.62532e-06
7.62532e-06
7.62532e-06
7.62532e-06
7.62532e-06
7.62532e-06
7.62532e-06
7.62532e-06
7.62532e-06
7.62532e-06
7.62532e-06
7.62532e-06
7.62532e-06
7.62532e-06
7.62532e-06
7.62532e-06
7.62532e-06
7.62532e-06
7.62532e-06
7.62532e-06
7.62532e-06
7.62532e-06
7.62532e-06
7.62532e-06
7.62532e-06
7.62532e-06
7.62532e-06
7.62532e-06
7.62532e-06
7.62532e-06
7.62532e-06
7.62532e-06
7.62532e-06
7.62532e-06
7.62532e-06
7.62532e-06
7.62532e-06
7.62532e-06
7.62532e-06
7.62532e-06
7.62532e-06
7.62532e-06
7.62532e-06
7.62532e-06
7.62532e-06
7.62532e-06
7.62532e-06
7.62532e-06
7.62532e-06
7.62532e-06
7.62532e-06
7.62532e-06
7.62532e-06
7.62532e-06
7.62532e-06
7.62532e-06
7.62532e-06
7.62532e-06
7.62532e-06
7.62532e-06
7.62532e-06
7.62532e-06
7.62532e-06
7.62532e-06
7.62532e-06
7.62532e-06
7.62532e-06
7.62532e-06
7.62532e-06
7.62532e-06
7.62532e-06
7.62532e-06
7.62532e-06
7.62532e-06
7.62532e-06
7.62532e-06
7.62532e-06
7.62532e-06
7.62532e-06
7.62532e-06
7.62532e-06
7.62532e-06
7.62532e-06
7.62532e-06
7.62532e-06
7.62532e-06
7.62532e-06
7.62532e-06
7.62532e-06
7.62532e-06
7.62532e-06
7.62532e-06
7.62532e-06
7.62532e-06
7.62532e-06
7.62532e-06
7.62532e-06
7.62532e-06
7.62532e-06
7.62532e-06
7.62532e-06
7.62532e-06
7.62532e-06
7.62532e-06
7.62532e-06
7.62532e-06
7.62532e-06
7.62532e-06
7.62532e-06
7.62532e-06
7.62532e-06
7.62532e-06
7.62532e-06
7.62532e-06
7.62532e-06
7.62532e-06
7.62532e-06
7.62532e-06
7.62532e-06
7.62532e-06
7.62532e-06
7.62532e-06
7.62532e-06
7.62532e-06
7.62532e-06
7.62532e-06
7.62532e-06
7.62532e-06
7.62532e-06
7.62532e-06
7.62532e-06
7.62532e-06
7.62532e-06
7.62532e-06
7.62532e-06
7.62532e-06
7.62532e-06
7.62532e-06
7.62532e-06
7.62532e-06
7.62532e-06
7.62532e-06
7.62532e-06
7.62532e-06
7.62532e-06
7.62532e-06
7.62532e-06
7.62532e-06
7.62532e-06
7.62532e-06
7.62532e-06
7.62532e-06
7.62532e-06
7.62532e-06
7.62532e-06
7.62532e-06
7.62532e-06
7.62532e-06
7.62532e-06
7.62532e-06
7.62532e-06
7.62532e-06
7.62532e-06
7.62532e-06
7.62532e-06
7.62532e-06
7.62532e-06
7.62532e-06
7.62532e-06
7.62532e-06
7.62532e-06
7.62532e-06
7.62532e-06
7.62532e-06
7.62532e-06
7.62532e-06
7.62532e-06
7.62532e-06
7.62532e-06
7.62532e-06
7.62532e-06
7.62532e-06
7.62532e-06
7.62532e-06
7.62532e-06
7.62532e-06
7.62532e-06
7.62532e-06
7.62532e-06
7.62532e-06
7.62532e-06
7.62532e-06
7.62532e-06
7.62532e-06
7.62532e-06
7.62532e-06
7.62532e-06
7.62532e-06
7.62532e-06
7.62532e-06
7.62532e-06
7.62532e-06
7.62532e-06
7.62532e-06
7.62532e-06
7.62532e-06
7.62532e-06
7.62532e-06
7.62532e-06
7.62532e-06
7.62532e-06
7.62532e-06
7.62532e-06
7.62532e-06
7.62532e-06
7.62532e-06
7.62532e-06
7.62532e-06
7.62532e-06
7.62532e-06
7.62532e-06
7.62532e-06
7.62532e-06
7.62532e-06
7.62532e-06
7.62532e-06
7.62532e-06
7.62532e-06
7.62532e-06
7.62532e-06
7.62532e-06
7.62532e-06
7.62532e-06
7.62532e-06
7.62532e-06
7.62532e-06
7.62532e-06
7.62532e-06
7.62532e-06
7.62532e-06
7.62532e-06
7.62532e-06
7.62532e-06
7.62532e-06
7.62532e-06
7.62532e-06
7.62532e-06
7.62532e-06
7.62532e-06
7.62532e-06
7.62532e-06
7.62532e-06
7.62532e-06
7.62532e-06
7.62532e-06
7.62532e-06
7.62532e-06
7.62532e-06
7.62532e-06
7.62532e-06
7.62532e-06
7.62532e-06
7.62532e-06
7.62532e-06
7.62532e-06
7.62532e-06
7.62532e-06
7.62532e-06
7.62532e-06
7.62532e-06
7.62532e-06
7.62532e-06
7.62532e-06
7.62532e-06
7.62532e-06
7.62532e-06
7.62532e-06
7.62532e-06
7.62532e-06
7.62532e-06
7.62532e-06
7.62532e-06
7.62532e-06
7.62532e-06
7.62532e-06
7.62532e-06
7.62532e-06
7.62532e-06
7.62532e-06
7.62532e-06
7.62532e-06
7.62532e-06
7.62532e-06
7.62532e-06
7.62532e-06
7.62532e-06
7.62532e-06
7.62532e-06
7.62532e-06
7.62532e-06
7.62532e-06
7.62532e-06
7.62532e-06
7.62532e-06
7.62532e-06
7.62532e-06
7.62532e-06
7.62532e-06
7.62532e-06
7.62532e-06
7.62532e-06
7.62532e-06
7.62532e-06
7.62532e-06
7.62532e-06
7.62532e-06
7.62532e-06
7.62532e-06
7.62532e-06
7.62532e-06
7.62532e-06
7.62532e-06
7.62532e-06
7.62532e-06
7.62532e-06
7.62532e-06
7.62532e-06
7.62532e-06
7.62532e-06
7.62532e-06
7.62532e-06
7.62532e-06
7.62532e-06
7.62532e-06
7.62532e-06
7.62532e-06
7.62532e-06
7.62532e-06
7.62532e-06
7.62532e-06
7.62532e-06
7.62532e-06
7.62532e-06
7.62532e-06
7.62532e-06
7.62532e-06
7.62532e-06
7.62532e-06
7.62532e-06
7.62532e-06
7.62532e-06
7.62532e-06
7.62532e-06
7.62532e-06
7.62532e-06
7.62532e-06
7.62532e-06
7.62532e-06
7.62532e-06
7.62532e-06
7.62532e-06
7.62532e-06
7.62532e-06
7.62532e-06
7.62532e-06
7.62532e-06
7.62532e-06
7.62532e-06
7.62532e-06
7.62532e-06
7.62532e-06
7.62532e-06
7.62532e-06
7.62532e-06
7.62532e-06
7.62532e-06
7.62532e-06
7.62532e-06
7.62532e-06
7.62532e-06
7.62532e-06
7.62532e-06
7.62532e-06
7.62532e-06
7.62532e-06
7.62532e-06
7.62532e-06
7.62532e-06
7.62532e-06
7.62532e-06
7.62532e-06
7.62532e-06
7.62532e-06
7.62532e-06
7.62532e-06
7.62532e-06
7.62532e-06
7.62532e-06
7.62532e-06
7.62532e-06
7.62532e-06
7.62532e-06
7.62532e-06
7.62532e-06
7.62532e-06
7.62532e-06
7.62532e-06
7.62532e-06
7.62532e-06
7.62532e-06
7.62532e-06
7.62532e-06
7.62532e-06
7.62532e-06
7.62532e-06
7.62532e-06
7.62532e-06
7.62532e-06
7.62532e-06
7.62532e-06
7.62532e-06
7.62532e-06
7.62532e-06
7.62532e-06
7.62532e-06
7.62532e-06
7.62532e-06
7.62532e-06
7.62532e-06
7.62532e-06
7.62532e-06
7.62532e-06
7.62532e-06
7.62532e-06
7.62532e-06
7.62532e-06
7.62532e-06
7.62532e-06
7.62532e-06
7.62532e-06
7.62532e-06
7.62532e-06
7.62532e-06
7.62532e-06
7.62532e-06
7.62532e-06
7.62532e-06
7.62532e-06
7.62532e-06
7.62532e-06
7.62532e-06
7.62532e-06
7.62532e-06
7.62532e-06
7.62532e-06
7.62532e-06
7.62532e-06
7.62532e-06
7.62532e-06
7.62532e-06
7.62532e-06
7.62532e-06
7.62532e-06
7.62532e-06
7.62532e-06
7.62532e-06
7.62532e-06
7.62532e-06
7.62532e-06
7.62532e-06
7.62532e-06
7.62532e-06
7.62532e-06
7.62532e-06
7.62532e-06
7.62532e-06
7.62532e-06
7.62532e-06
7.62532e-06
7.62532e-06
7.62532e-06
7.62532e-06
7.62532e-06
7.62532e-06
7.62532e-06
7.62532e-06
7.62532e-06
7.62532e-06
7.62532e-06
7.62532e-06
7.62532e-06
7.62532e-06
7.62532e-06
7.62532e-06
7.62532e-06
7.62532e-06
7.62532e-06
7.62532e-06
7.62532e-06
7.62532e-06
7.62532e-06
7.62532e-06
7.62532e-06
7.62532e-06
7.62532e-06
7.62532e-06
7.62532e-06
7.62532e-06
7.62532e-06
7.62532e-06
7.62532e-06
7.62532e-06
7.62532e-06
7.62532e-06
7.62532e-06
7.62532e-06
7.62532e-06
7.62532e-06
7.62532e-06
7.62532e-06
7.62532e-06
7.62532e-06
7.62532e-06
7.62532e-06
7.62532e-06
7.62532e-06
7.62532e-06
7.62532e-06
7.62532e-06
7.62532e-06
7.62532e-06
7.62532e-06
7.62532e-06
7.62532e-06
7.62532e-06
7.62532e-06
7.62532e-06
7.62532e-06
7.62532e-06
7.62532e-06
7.62532e-06
7.62532e-06
7.62532e-06
7.62532e-06
7.62532e-06
7.62532e-06
7.62532e-06
7.62532e-06
7.62532e-06
7.62532e-06
7.62532e-06
7.62532e-06
7.62532e-06
7.62532e-06
7.62532e-06
7.62532e-06
7.62532e-06
7.62532e-06
7.62532e-06
7.62532e-06
7.62532e-06
7.62532e-06
7.62532e-06
7.62532e-06
7.62532e-06
7.62532e-06
7.62532e-06
7.62532e-06
7.62532e-06
7.62532e-06
7.62532e-06
7.62532e-06
7.62532e-06
7.62532e-06
7.62532e-06
7.62532e-06
7.62532e-06
7.62532e-06
7.62532e-06
7.62532e-06
7.62532e-06
7.62532e-06
7.62532e-06
7.62532e-06
7.62532e-06
7.62532e-06
7.62532e-06
7.62532e-06
7.62532e-06
7.62532e-06
7.62532e-06
7.62532e-06
7.62532e-06
7.62532e-06
7.62532e-06
7.62532e-06
7.62532e-06
7.62532e-06
7.62532e-06
7.62532e-06
7.62532e-06
7.62532e-06
7.62532e-06
7.62532e-06
7.62532e-06
7.62532e-06
7.62532e-06
7.62532e-06
7.62532e-06
7.62532e-06
7.62532e-06
7.62532e-06
7.62532e-06
7.62532e-06
7.62532e-06
7.62532e-06
7.62532e-06
7.62532e-06
7.62532e-06
7.62532e-06
7.62532e-06
7.62532e-06
7.62532e-06
7.62532e-06
7.62532e-06
7.62532e-06
7.62532e-06
7.62532e-06
7.62532e-06
7.62532e-06
7.62532e-06
7.62532e-06
7.62532e-06
7.62532e-06
7.62532e-06
7.62532e-06
7.62532e-06
7.62532e-06
7.62532e-06
7.62532e-06
7.62532e-06
7.62532e-06
7.62532e-06
7.62532e-06
7.62532e-06
7.62532e-06
7.62532e-06
7.62532e-06
7.62532e-06
7.62532e-06
7.62532e-06
7.62532e-06
7.62532e-06
7.62532e-06
7.62532e-06
7.62532e-06
7.62532e-06
7.62532e-06
7.62532e-06
7.62532e-06
7.62532e-06
7.62532e-06
7.62532e-06
7.62532e-06
7.62532e-06
7.62532e-06
7.62532e-06
7.62532e-06
7.62532e-06
7.62532e-06
7.62532e-06
7.62532e-06
7.62532e-06
7.62532e-06
7.62532e-06
7.62532e-06
7.62532e-06
7.62532e-06
7.62532e-06
7.62532e-06
7.62532e-06
7.62532e-06
7.62532e-06
7.62532e-06
7.62532e-06
7.62532e-06
7.62532e-06
7.62532e-06
7.62532e-06
7.62532e-06
7.62532e-06
7.62532e-06
7.62532e-06
7.62532e-06
7.62532e-06
7.62532e-06
7.62532e-06
7.62532e-06
7.62532e-06
7.62532e-06
7.62532e-06
7.62532e-06
7.62532e-06
7.62532e-06
7.62532e-06
7.62532e-06
7.62532e-06
7.62532e-06
7.62532e-06
7.62532e-06
7.62532e-06
7.62532e-06
7.62532e-06
7.62532e-06
7.62532e-06
7.62532e-06
7.62532e-06
7.62532e-06
7.62532e-06
7.62532e-06
7.62532e-06
7.62532e-06
7.62532e-06
7.62532e-06
7.62532e-06
7.62532e-06
7.62532e-06
7.62532e-06
7.62532e-06
7.62532e-06
7.62532e-06
7.62532e-06
7.62532e-06
7.62532e-06
7.62532e-06
7.62532e-06
7.62532e-06
7.62532e-06
7.62532e-06
7.62532e-06
7.62532e-06
7.62532e-06
7.62532e-06
7.62532e-06
7.62532e-06
7.62532e-06
7.62532e-06
7.62532e-06
7.62532e-06
7.62532e-06
7.62532e-06
7.62532e-06
7.62532e-06
7.62532e-06
7.62532e-06
7.62532e-06
7.62532e-06
7.62532e-06
7.62532e-06
7.62532e-06
7.62532e-06
7.62532e-06
7.62532e-06
7.62532e-06
7.62532e-06
7.62532e-06
7.62532e-06
7.62532e-06
7.62532e-06
7.62532e-06
7.62532e-06
7.62532e-06
7.62532e-06
7.62532e-06
7.62532e-06
7.62532e-06
7.62532e-06
7.62532e-06
7.62532e-06
7.62532e-06
7.62532e-06
7.62532e-06
7.62532e-06
7.62532e-06
7.62532e-06
7.62532e-06
7.62532e-06
7.62532e-06
7.62532e-06
7.62532e-06
7.62532e-06
7.62532e-06
7.62532e-06
7.62532e-06
7.62532e-06
7.62532e-06
7.62532e-06
7.62532e-06
7.62532e-06
7.62532e-06
7.62532e-06
7.62532e-06
7.62532e-06
7.62532e-06
7.62532e-06
7.62532e-06
7.62532e-06
7.62532e-06
7.62532e-06
7.62532e-06
7.62532e-06
7.62532e-06
7.62532e-06
7.62532e-06
7.62532e-06
7.62532e-06
7.62532e-06
7.62532e-06
7.62532e-06
7.62532e-06
7.62532e-06
7.62532e-06
7.62532e-06
7.62532e-06
7.62532e-06
7.62532e-06
7.62532e-06
7.62532e-06
7.62532e-06
7.62532e-06
7.62532e-06
7.62532e-06
7.62532e-06
7.62532e-06
7.62532e-06
7.62532e-06
7.62532e-06
7.62532e-06
7.62532e-06
7.62532e-06
7.62532e-06
7.62532e-06
7.62532e-06
7.62532e-06
7.62532e-06
7.62532e-06
7.62532e-06
7.62532e-06
7.62532e-06
7.62532e-06
7.62532e-06
7.62532e-06
7.62532e-06
7.62532e-06
7.62532e-06
7.62532e-06
7.62532e-06
7.62532e-06
7.62532e-06
7.62532e-06
7.62532e-06
7.62532e-06
7.62532e-06
7.62532e-06
7.62532e-06
7.62532e-06
7.62532e-06
7.62532e-06
7.62532e-06
7.62532e-06
7.62532e-06
7.62532e-06
7.62532e-06
7.62532e-06
7.62532e-06
7.62532e-06
7.62532e-06
7.62532e-06
7.62532e-06
7.62532e-06
7.62532e-06
7.62532e-06
7.62532e-06
7.62532e-06
7.62532e-06
7.62532e-06
7.62532e-06
7.62532e-06
7.62532e-06
7.62532e-06
7.62532e-06
7.62532e-06
7.62532e-06
7.62532e-06
7.62532e-06
7.62532e-06
7.62532e-06
7.62532e-06
7.62532e-06
7.62532e-06
7.62532e-06
7.62532e-06
7.62532e-06
7.62532e-06
7.62532e-06
7.62532e-06
7.62532e-06
7.62532e-06
7.62532e-06
7.62532e-06
7.62532e-06
7.62532e-06
7.62532e-06
7.62532e-06
7.62532e-06
7.62532e-06
7.62532e-06
7.62532e-06
7.62532e-06
7.62532e-06
7.62532e-06
7.62532e-06
7.62532e-06
7.62532e-06
7.62532e-06
7.62532e-06
7.62532e-06
7.62532e-06
7.62532e-06
7.62532e-06
7.62532e-06
7.62532e-06
7.62532e-06
7.62532e-06
7.62532e-06
7.62532e-06
7.62532e-06
7.62532e-06
7.62532e-06
7.62532e-06
7.62532e-06
7.62532e-06
7.62532e-06
7.62532e-06
7.62532e-06
7.62532e-06
7.62532e-06
7.62532e-06
7.62532e-06
7.62532e-06
7.62532e-06
7.62532e-06
7.62532e-06
7.62532e-06
7.62532e-06
7.62532e-06
7.62532e-06
7.62532e-06
7.62532e-06
7.62532e-06
7.62532e-06
7.62532e-06
7.62532e-06
7.62532e-06
7.62532e-06
7.62532e-06
7.62532e-06
7.62532e-06
7.62532e-06
7.62532e-06
7.62532e-06
7.62532e-06
7.62532e-06
7.62532e-06
7.62532e-06
7.62532e-06
7.62532e-06
7.62532e-06
7.62532e-06
7.62532e-06
7.62532e-06
7.62532e-06
7.62532e-06
7.62532e-06
7.62532e-06
7.62532e-06
7.62532e-06
7.62532e-06
7.62532e-06
7.62532e-06
7.62532e-06
7.62532e-06
7.62532e-06
7.62532e-06
7.62532e-06
7.62532e-06
7.62532e-06
7.62532e-06
7.62532e-06
7.62532e-06
7.62532e-06
7.62532e-06
7.62532e-06
7.62532e-06
7.62532e-06
7.62532e-06
7.62532e-06
7.62532e-06
7.62532e-06
7.62532e-06
7.62532e-06
7.62532e-06
7.62532e-06
7.62532e-06
7.62532e-06
7.62532e-06
7.62532e-06
7.62532e-06
7.62532e-06
7.62532e-06
7.62532e-06
7.62532e-06
7.62532e-06
7.62532e-06
7.62532e-06
7.62532e-06
7.62532e-06
7.62532e-06
7.62532e-06
7.62532e-06
7.62532e-06
7.62532e-06
7.62532e-06
7.62532e-06
7.62532e-06
7.62532e-06
7.62532e-06
7.62532e-06
7.62532e-06
7.62532e-06
7.62532e-06
7.62532e-06
7.62532e-06
7.62532e-06
7.62532e-06
7.62532e-06
7.62532e-06
7.62532e-06
7.62532e-06
7.62532e-06
7.62532e-06
7.62532e-06
7.62532e-06
7.62532e-06
7.62532e-06
7.62532e-06
7.62532e-06
7.62532e-06
7.62532e-06
7.62532e-06
7.62532e-06
7.62532e-06
7.62532e-06
7.62532e-06
7.62532e-06
7.62532e-06
7.62532e-06
7.62532e-06
7.62532e-06
7.62532e-06
7.62532e-06
7.62532e-06
7.62532e-06
7.62532e-06
7.62532e-06
7.62532e-06
7.62532e-06
7.62532e-06
7.62532e-06
7.62532e-06
7.62532e-06
7.62532e-06
7.62532e-06
7.62532e-06
7.62532e-06
7.62532e-06
7.62532e-06
7.62532e-06
7.62532e-06
7.62532e-06
7.62532e-06
7.62532e-06
7.62532e-06
7.62532e-06
7.62532e-06
7.62532e-06
7.62532e-06
7.62532e-06
7.62532e-06
7.62532e-06
7.62532e-06
7.62532e-06
7.62532e-06
7.62532e-06
7.62532e-06
7.62532e-06
7.62532e-06
7.62532e-06
7.62532e-06
7.62532e-06
7.62532e-06
7.62532e-06
7.62532e-06
7.62532e-06
7.62532e-06
7.62532e-06
7.62532e-06
7.62532e-06
7.62532e-06
7.62532e-06
7.62532e-06
7.62532e-06
7.62532e-06
7.62532e-06
7.62532e-06
7.62532e-06
7.62532e-06
7.62532e-06
7.62532e-06
7.62532e-06
7.62532e-06
7.62532e-06
7.62532e-06
7.62532e-06
7.62532e-06
7.62532e-06
7.62532e-06
7.62532e-06
7.62532e-06
7.62532e-06
7.62532e-06
7.62532e-06
7.62532e-06
7.62532e-06
7.62532e-06
7.62532e-06
7.62532e-06
7.62532e-06
7.62532e-06
7.62532e-06
7.62532e-06
7.62532e-06
7.62532e-06
7.62532e-06
7.62532e-06
7.62532e-06
7.62532e-06
7.62532e-06
7.62532e-06
7.62532e-06
7.62532e-06
7.62532e-06
7.62532e-06
7.62532e-06
7.62532e-06
7.62532e-06
7.62532e-06
7.62532e-06
7.62532e-06
7.62532e-06
7.62532e-06
7.62532e-06
7.62532e-06
7.62532e-06
7.62532e-06
7.62532e-06
7.62532e-06
7.62532e-06
7.62532e-06
7.62532e-06
7.62532e-06
7.62532e-06
7.62532e-06
7.62532e-06
7.62532e-06
7.62532e-06
7.62532e-06
7.62532e-06
7.62532e-06
7.62532e-06
7.62532e-06
7.62532e-06
7.62532e-06
7.62532e-06
7.62532e-06
7.62532e-06
7.62532e-06
7.62532e-06
7.62532e-06
7.62532e-06
7.62532e-06
7.62532e-06
7.62532e-06
7.62532e-06
7.62532e-06
7.62532e-06
7.62532e-06
7.62532e-06
7.62532e-06
7.62532e-06
7.62532e-06
7.62532e-06
7.62532e-06
7.62532e-06
7.62532e-06
7.62532e-06
7.62532e-06
7.62532e-06
7.62532e-06
7.62532e-06
7.62532e-06
7.62532e-06
7.62532e-06
7.62532e-06
7.62532e-06
7.62532e-06
7.62532e-06
7.62532e-06
7.62532e-06
7.62532e-06
7.62532e-06
7.62532e-06
7.62532e-06
7.62532e-06
7.62532e-06
7.62532e-06
7.62532e-06
7.62532e-06
7.62532e-06
7.62532e-06
7.62532e-06
7.62532e-06
7.62532e-06
7.62532e-06
7.62532e-06
7.62532e-06
7.62532e-06
7.62532e-06
7.62532e-06
7.62532e-06
7.62532e-06
7.62532e-06
7.62532e-06
7.62532e-06
7.62532e-06
7.62532e-06
7.62532e-06
7.62532e-06
7.62532e-06
7.62532e-06
7.62532e-06
7.62532e-06
7.62532e-06
7.62532e-06
7.62532e-06
7.62532e-06
7.62532e-06
7.62532e-06
7.62532e-06
7.62532e-06
7.62532e-06
7.62532e-06
7.62532e-06
7.62532e-06
7.62532e-06
7.62532e-06
7.62532e-06
7.62532e-06
7.62532e-06
7.62532e-06
7.62532e-06
7.62532e-06
7.62532e-06
7.62532e-06
7.62532e-06
7.62532e-06
7.62532e-06
7.62532e-06
7.62532e-06
7.62532e-06
7.62532e-06
7.62532e-06
7.62532e-06
7.62532e-06
7.62532e-06
7.62532e-06
7.62532e-06
7.62532e-06
7.62532e-06
7.62532e-06
7.62532e-06
7.62532e-06
7.62532e-06
7.62532e-06
7.62532e-06
7.62532e-06
7.62532e-06
7.62532e-06
7.62532e-06
7.62532e-06
7.62532e-06
7.62532e-06
7.62532e-06
7.62532e-06
7.62532e-06
7.62532e-06
7.62532e-06
7.62532e-06
7.62532e-06
7.62532e-06
7.62532e-06
7.62532e-06
7.62532e-06
7.62532e-06
7.62532e-06
7.62532e-06
7.62532e-06
7.62532e-06
7.62532e-06
7.62532e-06
7.62532e-06
7.62532e-06
7.62532e-06
7.62532e-06
7.62532e-06
7.62532e-06
7.62532e-06
7.62532e-06
7.62532e-06
7.62532e-06
7.62532e-06
7.62532e-06
7.62532e-06
7.62532e-06
7.62532e-06
7.62532e-06
7.62532e-06
7.62532e-06
7.62532e-06
7.62532e-06
7.62532e-06
7.62532e-06
7.62532e-06
7.62532e-06
7.62532e-06
7.62532e-06
7.62532e-06
7.62532e-06
7.62532e-06
7.62532e-06
7.62532e-06
7.62532e-06
7.62532e-06
7.62532e-06
7.62532e-06
7.62532e-06
7.62532e-06
7.62532e-06
7.62532e-06
7.62532e-06
7.62532e-06
7.62532e-06
7.62532e-06
7.62532e-06
7.62532e-06
7.62532e-06
7.62532e-06
7.62532e-06
7.62532e-06
7.62532e-06
7.62532e-06
7.62532e-06
7.62532e-06
7.62532e-06
7.62532e-06
7.62532e-06
7.62532e-06
7.62532e-06
7.62532e-06
7.62532e-06
7.62532e-06
7.62532e-06
7.62532e-06
7.62532e-06
7.62532e-06
7.62532e-06
7.62532e-06
7.62532e-06
7.62532e-06
7.62532e-06
7.62532e-06
7.62532e-06
7.62532e-06
7.62532e-06
7.62532e-06
7.62532e-06
7.62532e-06
7.62532e-06
7.62532e-06
7.62532e-06
7.62532e-06
7.62532e-06
7.62532e-06
7.62532e-06
7.62532e-06
7.62532e-06
7.62532e-06
7.62532e-06
7.62532e-06
7.62532e-06
7.62532e-06
7.62532e-06
7.62532e-06
7.62532e-06
7.62532e-06
7.62532e-06
7.62532e-06
7.62532e-06
7.62532e-06
7.62532e-06
7.62532e-06
7.62532e-06
7.62532e-06
7.62532e-06
7.62532e-06
7.62532e-06
7.62532e-06
7.62532e-06
7.62532e-06
7.62532e-06
7.62532e-06
7.62532e-06
7.62532e-06
7.62532e-06
7.62532e-06
7.62532e-06
7.62532e-06
7.62532e-06
7.62532e-06
7.62532e-06
7.62532e-06
7.62532e-06
7.62532e-06
7.62532e-06
7.62532e-06
7.62532e-06
7.62532e-06
7.62532e-06
7.62532e-06
7.62532e-06
7.62532e-06
7.62532e-06
7.62532e-06
7.62532e-06
7.62532e-06
7.62532e-06
7.62532e-06
7.62532e-06
7.62532e-06
7.62532e-06
7.62532e-06
7.62532e-06
7.62532e-06
7.62532e-06
7.62532e-06
7.62532e-06
7.62532e-06
7.62532e-06
7.62532e-06
7.62532e-06
7.62532e-06
7.62532e-06
7.62532e-06
7.62532e-06
7.62532e-06
7.62532e-06
7.62532e-06
7.62532e-06
7.62532e-06
7.62532e-06
7.62532e-06
7.62532e-06
7.62532e-06
7.62532e-06
7.62532e-06
7.62532e-06
7.62532e-06
7.62532e-06
7.62532e-06
7.62532e-06
7.62532e-06
7.62532e-06
7.62532e-06
7.62532e-06
7.62532e-06
7.62532e-06
7.62532e-06
7.62532e-06
7.62532e-06
7.62532e-06
7.62532e-06
7.62532e-06
7.62532e-06
7.62532e-06
7.62532e-06
7.62532e-06
7.62532e-06
7.62532e-06
7.62532e-06
7.62532e-06
7.62532e-06
7.62532e-06
7.62532e-06
7.62532e-06
7.62532e-06
7.62532e-06
7.62532e-06
7.62532e-06
7.62532e-06
7.62532e-06
7.62532e-06
7.62532e-06
7.62532e-06
7.62532e-06
7.62532e-06
7.62532e-06
7.62532e-06
7.62532e-06
7.62532e-06
7.62532e-06
7.62532e-06
7.62532e-06
7.62532e-06
7.62532e-06
7.62532e-06
7.62532e-06
7.62532e-06
7.62532e-06
7.62532e-06
7.62532e-06
7.62532e-06
7.62532e-06
7.62532e-06
7.62532e-06
7.62532e-06
7.62532e-06
7.62532e-06
7.62532e-06
7.62532e-06
7.62532e-06
7.62532e-06
7.62532e-06
7.62532e-06
7.62532e-06
7.62532e-06
7.62532e-06
7.62532e-06
7.62532e-06
7.62532e-06
7.62532e-06
7.62532e-06
7.62532e-06
7.62532e-06
7.62532e-06
7.62532e-06
7.62532e-06
7.62532e-06
7.62532e-06
7.62532e-06
7.62532e-06
7.62532e-06
7.62532e-06
7.62532e-06
7.62532e-06
7.62532e-06
7.62532e-06
7.62532e-06
7.62532e-06
7.62532e-06
7.62532e-06
7.62532e-06
7.62532e-06
7.62532e-06
7.62532e-06
7.62532e-06
0
0
0
0
0
